3.64655225291375e+007 1.01276069599963e+007 -5.66643311579772e+005 -3.71357424621126e+004 -5.90309342704120e+002 -1.72386774638119e+000 1.49200283298876e+000 1.14301732571382e-001 6.00157810878600e-003 2.16693784817745e-004 2.71680033222438e-006 -3.57357623464755e-007 -3.98047798766798e-008 -2.54386789600965e-009 
-4.31702566730509e+007 9.85570090818828e+006 6.58669107792828e+005 -1.14790265756846e+004 -9.85018126515711e+002 -4.73277626670993e+001 -1.82715243578492e+000 -3.23616728132191e-002 1.46360921628036e-003 2.14809013402923e-004 1.45121380874558e-005 6.90242301606217e-007 2.02009829470272e-008 -1.79932035511799e-010 
-2.69273666740259e+007 4.21410200469041e+006 4.10611232168446e+005 -2.27865351528484e+003 -4.64895984191653e+002 -2.51008993813491e+001 -1.13075199402444e+000 -2.91443597786509e-002 1.59120719407713e-004 9.22568812531246e-005 7.46967952463953e-006 4.05762747895136e-007 1.49198741090468e-008 1.67822437411145e-010 
5.06737453680311e+007 3.66870015235424e+006 -1.05967035734509e+006 -4.33448935029051e+004 1.32769279661422e+002 1.00396820430687e+002 8.24815084510211e+000 3.61076244781559e-001 1.91416967790042e-003 -1.24175850594094e-003 -1.24201535046173e-004 -6.56096952036456e-006 -9.05036563850951e-008 2.03476474015684e-008 
-1.88724274136811e+007 1.42180499400853e+007 3.87096151682378e+005 -3.72632591564129e+004 -2.36587313812893e+003 -8.39481688200046e+001 2.70158998748174e-001 3.15476293333242e-001 2.71066235718754e-002 1.25861968041499e-003 6.89412865520889e-006 -4.67695770948537e-006 -4.81604094517068e-007 -2.61334810721971e-008 
-1.54219929143828e+007 7.21431768164376e+006 3.16703500915067e+005 -1.54069076400644e+004 -1.27748701480859e+003 -5.52562637555378e+001 -7.11429724386323e-001 1.31048051838571e-001 1.42801956956132e-002 8.01112258241759e-004 1.65681633434513e-005 -1.81746928974455e-006 -2.47855388863396e-007 -1.60700288117974e-008 
4.80656605770922e+007 -6.61619621067013e+006 -1.45828723950470e+006 -1.18001865750656e+004 4.63776493470049e+003 3.40329753544887e+002 3.48875291945945e+000 -1.52494139136694e+000 -1.41342935607769e-001 -2.43001153444342e-003 6.82395576532098e-004 7.36624476583159e-005 1.76870428223289e-006 -3.47772456061444e-007 
1.07217722157666e+007 1.47809660232764e+007 -3.28056120091774e+005 -8.30180329515331e+004 -2.63375046681430e+003 1.50558478326441e+002 2.34819263464671e+001 1.02534931553944e+000 -5.11242021762370e-002 -1.03261230002509e-002 -5.42476107036975e-004 2.09012681255810e-005 5.41319829412731e-006 3.29700483673022e-007 
6.57060980770836e+005 8.58203697972284e+006 -2.39335198532551e+004 -4.31191725501625e+004 -1.88795794411355e+003 4.51109270239793e+001 1.21807318880915e+001 7.05892537458578e-001 -1.26434735473738e-002 -5.26350667619897e-003 -3.60556805158071e-004 3.52188018843150e-006 2.70791654595849e-006 2.12187757666538e-007 
2.39053922082771e+007 -1.71448536346082e+007 -9.73575639747549e+005 9.95696747194846e+004 6.93776881861218e+003 -3.72951200963709e+002 -5.38168045441643e+001 1.00262791989747e+000 4.35759011917748e-001 5.67708720040682e-003 -3.44447136434404e-003 -1.60905412301779e-004 2.51879176563762e-005 2.31448529596905e-006 
3.42865316470355e+007 7.90085463654538e+006 -1.37061992853342e+006 -6.88799169007816e+004 5.80592655148710e+003 5.20363802767472e+002 -2.14780716837804e+001 -4.25840128207268e+000 3.11454344700533e-002 3.48719600386799e-002 8.57468245088063e-004 -2.72408853553280e-004 -1.65155220834130e-005 1.92445008450369e-006 
1.57515430421235e+007 5.99941202880829e+006 -6.31098795958296e+005 -4.71218626636521e+004 2.38140672852978e+003 3.16641315681157e+002 -5.88893035877708e+000 -2.37861236736323e+000 -2.85732443503489e-002 1.80375916390382e-002 8.15368497634904e-004 -1.28811336989547e-004 -1.14348430272635e-005 7.87805429840604e-007 
-9.36710548692123e+007 -1.15822658123918e+007 1.19755599943620e+006 2.43893233973237e+004 -1.30810984299058e+003 -1.56515090124800e+001 6.45571565052399e-001 5.08216709523875e-003 -2.40814991010782e-004 -1.11110797591414e-006 
4.43086683518322e+007 -1.96529318825360e+007 -5.66053490514906e+005 4.20272881840967e+004 5.97651958748010e+002 -2.87140614081498e+001 -2.59597454311429e-001 1.15741388200107e-002 6.55196579563148e-005 -4.36673269008021e-006 
2.58241464474973e+007 -8.10735250452526e+006 -3.30441864548039e+005 1.73619787841309e+004 3.51654599815216e+002 -1.19261832502950e+001 -1.57643303612216e-001 4.88491491411043e-003 4.47189773407047e-005 -1.89394008320581e-006 
-1.06591631262172e+008 -1.20508146276180e+006 1.35714020483223e+006 1.82965047461698e+003 -1.45923779865285e+003 6.68382235962372e-001 6.79202430874307e-001 -2.53739220714322e-003 -2.14548041522082e-004 2.34158529757973e-006 
2.15634610567692e+006 -2.20467754449225e+007 -2.40919995966920e+004 4.67695431010641e+004 -1.20732333454566e+001 -3.09630515605483e+001 7.04814359484420e-002 1.12229080547665e-002 -8.10942293909277e-005 -3.32419121077185e-006 
7.68053429417798e+006 -9.84108590190484e+006 -9.67441690954855e+004 2.09232868444962e+004 8.69383754345835e+001 -1.39709072344686e+001 -1.12858546675066e-002 5.20924342810818e-003 -2.29018715982364e-005 -1.64333145334508e-006 
-1.44029203329711e+008 5.18851977362773e+006 6.80534152667392e+005 -4.87079624441460e+003 -2.59767557155723e+002 1.87537586572828e+000 3.48387105340347e-002 -8.08558154085397e-004 -6.26496654263611e-005 7.43920219392580e-006 2.56217449475778e-006 3.03721449547618e-008 -5.03456668147958e-008 
-3.64416747318092e+007 -1.82302303874424e+007 1.74157092924107e+005 1.41774124085414e+004 -9.29852269070484e+001 -3.10530377806273e+000 2.89094663865139e-002 6.64320101597852e-007 4.74015817084355e-006 8.30182223373019e-006 4.76000322727665e-007 -1.66543807027545e-007 -2.53799908988990e-008 
-1.57986697932687e+007 -7.90432816288736e+006 7.55138076642212e+004 6.14708609965545e+003 -4.03163758347258e+001 -1.34638259488479e+000 1.23967548260394e-002 -5.19782365444582e-006 9.92607033917278e-006 4.31003807936856e-006 -2.03195267081388e-008 -1.12128307478415e-007 -8.78953469740763e-009 
-1.28440813247220e+008 1.03314477916760e+007 5.98512557408209e+005 -8.68828434024133e+003 -2.15360694617173e+002 2.52100196771007e+000 2.01482361826936e-002 -8.09721247192187e-004 3.69894413879179e-005 1.10160908681934e-005 -3.39662768882309e-006 2.24144324860195e-007 1.62385258279403e-007 
-7.09909431964574e+007 -1.61862177709588e+007 3.33436232771264e+005 1.22321205495365e+004 -1.47750118033725e+002 -2.35657018165788e+000 3.11743735340858e-002 -7.51780561344164e-005 4.84325410534143e-005 -2.62547362886760e-006 -1.49270420966494e-006 5.23726391997263e-007 -2.62835823773832e-008 
-3.07786476578387e+007 -7.01806111270699e+006 1.44574491581690e+005 5.30363297256195e+003 -6.40618094478370e+001 -1.02211459106107e+000 1.34474909700026e-002 -4.39639710173610e-008 2.28896379291420e-005 -2.82535993790348e-006 -4.71661036173435e-007 2.67647579845951e-007 -3.17128335041794e-008 
-3.00486070375823e+007 3.43674848158141e+007 1.74549373705726e+005 -3.28660748689967e+004 -4.32119023265351e+002 7.82888712080340e+000 3.78351050075319e-001 4.48707835994818e-003 -1.33233350665588e-004 -6.19453309401735e-006 -3.62187788623694e-008 
-1.97158547300856e+008 -1.14226318720555e+006 1.17732511922994e+006 9.11773663657920e+003 -5.63087428421978e+002 -1.27630831390990e+001 2.34088794778681e-003 7.55961406008157e-003 1.80619371475948e-004 -3.49274470476347e-007 -1.21895770951040e-007 
-8.96356220255401e+007 -1.45359476018603e+006 5.35269502073002e+005 5.07144754017947e+003 -2.46572116571895e+002 -6.06580688065168e+000 -9.16001774956174e-003 3.34594729072312e-003 8.64401542294457e-005 -6.68747191881402e-009 -5.98394618997033e-008 
5.60678415167514e+008 -1.20907625733522e+007 -8.63571998720362e+004 3.31872986196085e+002 1.13092267904254e+000 -4.21324597936634e-003 -6.93706229260239e-006 -9.85318984200038e-008 
4.54092525353165e+008 1.31883342994383e+007 -6.98297347182131e+004 -3.21013958401304e+002 1.13605397945091e+000 2.83986508523751e-003 -1.42947489788798e-005 -2.94743896757918e-007 
1.80973468723369e+008 5.94779835068660e+006 -2.78279460527099e+004 -1.45688095706920e+002 4.59413395195726e-001 1.32010477060433e-003 -6.10334620030490e-006 -1.41055929362937e-007 
-6.98790002081288e+007 1.26188079517875e+007 1.30070180486389e+003 -3.93622679132890e+001 -4.46366777860936e-004 2.03271371180838e-005 1.86265133551693e-008 
-1.38784998543240e+009 -4.11921701890735e+005 2.59669356577049e+004 7.59563116373153e-001 -3.40846874557163e-002 1.73951996678004e-006 -1.43654785640882e-007 
-5.70174591601375e+008 -7.12826151884719e+005 1.06681287787835e+004 2.00640820503222e+000 -1.40539341189683e-002 -1.67734133116195e-007 -5.46515993451744e-008 
-7.99932867239434e+007 9.33975551658583e+006 2.11830693655898e+002 -4.13693587661586e+000 4.40382517642757e-004 4.91483531220675e-007 
-2.63937962060470e+009 -5.92607874906529e+005 7.00133432975827e+003 -2.68205313725711e-001 -1.53197245583346e-003 2.58234204507002e-007 
-1.15484074943886e+009 -3.91736410910009e+005 3.06367266924187e+003 -5.92152523289320e-002 -6.78856764871640e-004 1.05661972194683e-007 
6.68094612615018e+008 7.38286240429083e+006 -4.59434891906484e+002 -8.47628760511581e-001 2.36091173217769e-005 3.94338921942436e-008 
-4.13268923336230e+009 1.13380714553482e+006 2.83904867994520e+003 -1.11689613559248e-001 -1.60703272481040e-004 -1.61573959368877e-008 
-1.70817149650908e+009 2.80313990739479e+005 1.17344085381112e+003 -2.46694630031426e-002 -6.63595062385671e-005 -7.64126734695598e-009 
-3.20821583264938e+009 5.43202008437677e+006 2.32970993548489e+003 -6.28686720585879e-001 -2.60933601826737e-004 4.64659603947892e-008 
-3.06699180325719e+009 -5.53391824070155e+006 2.22682808037459e+003 6.96494840340863e-001 -2.25479352830359e-004 -9.58242062603379e-008 
9.49889464528736e+006 -3.36354614644259e+006 -7.09630460508697e+000 4.07034788084601e-001 8.94981447982395e-006 -4.16107861834202e-008 
-3.42215763328890e+005 -7.48863921526047e+004 1.58649974993208e+004 6.01117674712098e+002 -4.95345899854926e+001 -1.32299616291814e+000 -3.13496230274338e-002 3.14216458265059e-003 3.04007424270144e-004 -9.10394059363789e-006 -5.29603128281556e-007 -2.43199732246128e-008 2.01951223846696e-009 
1.60128823208480e+005 -1.27660537602875e+005 -7.58571970850618e+003 9.67054481990829e+002 2.82879429735985e+001 -1.01069645681220e+000 -4.99055699091463e-002 -4.36120114949982e-003 1.68024994193928e-004 1.16841302189593e-005 -1.16673792680009e-007 -2.49146056960532e-008 -2.66369247461865e-009 
8.34000825861263e+004 -7.07558579474272e+004 -3.94649163260997e+003 5.36966625496650e+002 1.48186732989069e+001 -5.72268740613740e-001 -2.76627802490599e-002 -2.34218831676054e-003 9.59081605717029e-005 6.27537143492229e-006 -7.11076902283152e-008 -1.39331536831011e-008 -1.43039409584964e-009 
-3.53101940593667e+005 6.53478829119896e+004 1.74352556166485e+004 -3.99714036288363e+002 -7.25554756971148e+001 -3.72445900442229e-001 1.15490729499641e-001 4.17998101073459e-003 -2.42638671645449e-004 -6.31811809677960e-006 1.42183151911202e-006 4.39284473710828e-008 -5.80350985731735e-009 
-1.15068302979781e+005 -1.36339445133628e+005 5.77869724356507e+003 1.16635528221009e+003 -9.36465487655276e+000 -2.78536740840456e+000 -5.76228542411087e-002 3.83877569222817e-003 1.56538755451435e-004 -1.61980821331674e-005 -3.59836734693970e-007 8.47938127276288e-008 3.79973012175757e-009 
-6.72025069499030e+004 -7.37044739817770e+004 3.38408422741247e+003 6.32527841596855e+002 -6.10393349005454e+000 -1.52860098677805e+000 -2.98854725836624e-002 2.15761637712846e-003 8.24525703240112e-005 -8.94597616123460e-006 -1.78440480651255e-007 4.69345176291717e-008 2.00098314567488e-009 
-1.11717079547498e+005 1.66457009930801e+005 5.98810866032935e+003 -1.44441259210920e+003 -4.68238224004027e+001 3.09130823860198e+000 1.60145735029249e-001 1.50458492579190e-003 1.11569713393761e-004 -7.00675600988056e-006 -3.07225907498009e-006 -1.37099825413971e-007 7.12020308143551e-009 
-3.01970519597602e+005 -4.11936707383397e+004 1.69045907090426e+004 5.36177491493934e+002 -6.92682343451108e+001 -2.75018848175991e+000 5.87327886317318e-002 4.46913163225487e-003 1.98264191917587e-004 2.91055383833459e-005 6.80282774393827e-007 -1.63983000921139e-007 -1.08432441654706e-008 
-1.66297877656435e+005 -2.03959292184846e+004 9.31473262991672e+003 2.73804156775104e+002 -3.85013656687992e+001 -1.46025674744981e+000 3.43895373440414e-002 2.46138055668710e-003 1.09323182184327e-004 1.57935029628582e-005 3.31257658401456e-007 -9.13869913010757e-008 -5.82638047536722e-009 
2.09214275541567e+005 1.38410975685973e+005 -1.30920253402273e+004 -1.48090416167391e+003 5.45012795180492e+001 6.68001456504668e+000 3.57945716473094e-002 -2.16220797427082e-002 -1.67201647462452e-003 8.89387294558853e-006 1.20297106871659e-005 6.84635902768971e-007 -3.78158345415378e-008 
-2.44305652434222e+005 9.75580209162239e+004 1.52929642564471e+004 -8.69632294542062e+002 -9.30946748960278e+001 1.54323477992744e+000 3.50475646357057e-001 1.22268519096845e-002 -7.99421918781055e-004 -1.35724123943817e-004 -3.78273015597038e-006 6.83070448490975e-007 6.60177051646015e-008 
-1.30739114624749e+005 5.50296321488144e+004 8.17950677259531e+003 -4.94912809318426e+002 -5.01174770701632e+001 9.35180087566896e-001 1.91879266454277e-001 6.37765791503373e-003 -4.58887925666085e-004 -7.39619439291551e-005 -1.90404138181366e-006 3.82043758979899e-007 3.55326389570208e-008 
3.41560960813605e+005 -1.34652951385556e+004 -2.18129012738212e+004 2.32110197563286e+002 1.30953032752278e+002 -1.93060616897753e+000 -6.05121570658869e-001 1.11881424783209e-002 3.70178021818853e-003 -5.71524669560137e-005 -2.70511301251551e-005 3.08684372867422e-007 2.11397389295506e-007 
2.57668227856104e+004 1.58331252499802e+005 -1.50434360355976e+003 -1.64272054107724e+003 1.83235589068332e+001 7.67174386737147e+000 -1.28877713039026e-001 -4.02043696644012e-002 6.79099822242610e-004 2.74615448782156e-004 -3.50618447594700e-006 -2.09022783364898e-006 1.87792119008744e-008 
1.83403459482759e+004 8.62042523628904e+004 -1.11142518362556e+003 -8.93883926133221e+002 1.17957982024538e+001 4.16470203225027e+000 -7.85846738759995e-002 -2.18033607374171e-002 4.20479632530477e-004 1.49155756932907e-004 -2.27612174371247e-006 -1.13695216687008e-006 1.30769574224562e-008 
1.69684537897587e+005 -1.48015037178936e+005 -9.57732661048883e+003 1.50031581906472e+003 1.53161576235577e+001 -5.80631950493855e+000 2.66523300222682e-001 1.25546115637338e-002 -2.34139987706119e-003 5.37621885229023e-005 1.14097484805684e-005 -1.02559683089233e-006 -1.61417225442912e-008 
2.77615468856365e+005 8.15819784015051e+004 -1.56919208853827e+004 -5.46730526565038e+002 8.76329867508606e+001 -1.19502095275309e+000 -2.65937490234389e-001 2.41578276121750e-002 1.40645705969183e-004 -1.53306942635056e-004 7.84227251401873e-006 5.33014181428496e-007 -8.53293320641253e-008 
1.53441670023479e+005 4.25224263256848e+004 -8.69053229965774e+003 -2.77766289210757e+002 4.80955891390735e+001 -7.31606024358803e-001 -1.41777185252268e-001 1.33581336476860e-002 4.55567438937339e-005 -8.29847592636224e-005 4.43388245583359e-006 2.77316623202743e-007 -4.67985972966896e-008 
-1.47337464233981e+005 -1.54914803575197e+005 7.23291236914579e+003 1.16936913259324e+003 -3.92811528382638e+001 -5.96067674523140e-001 6.75599938704215e-002 -1.11717163105409e-002 3.60121476283633e-004 1.59291740116202e-005 -2.33771334167042e-006 1.79128653533379e-007 -2.45734843060592e-009 
3.09304626057388e+005 -4.94055513192017e+004 -1.51966852831148e+004 5.14598688058049e+002 4.42742819835638e+001 -1.73239943302474e+000 9.20031576988446e-002 -5.22486573481783e-004 -5.52086486857075e-004 3.18833953942343e-005 -9.07041816974795e-007 -7.28914454473083e-008 1.24079178967284e-008 
1.66495329453539e+005 -2.90051554822153e+004 -8.18451994368058e+003 2.97571328746730e+002 2.36300677293346e+001 -9.58412773716589e-001 5.10300794502804e-002 -4.32281734829665e-004 -2.96480777731115e-004 1.76336274038260e-005 -5.25776062957873e-007 -3.74158356829958e-008 6.73975245763593e-009 
-3.62905125011405e+005 -5.23614883291012e+004 1.71589937508715e+004 4.53653100160932e+002 -5.26875067141558e+001 -1.23693466120095e+000 -5.81226392211509e-002 2.49822981146245e-003 4.61442338020484e-004 2.45999572427663e-006 -3.23391759233890e-007 -7.45252668220378e-008 -2.88340228674078e-009 
1.15651333115457e+005 -1.36221374250304e+005 -5.60193345108998e+003 1.03571132327673e+003 2.36932977531931e+001 -9.08179614075669e-001 -4.97587355397438e-002 -6.62426940983748e-003 6.63761458342455e-005 1.61078402920164e-005 6.41615181716690e-007 1.92325479445331e-008 -4.45091755937952e-009 
5.81189204296707e+004 -7.48724469623086e+004 -2.80661636768212e+003 5.71404325392002e+002 1.21071964894305e+001 -5.17664391565299e-001 -2.78316066152774e-002 -3.56699484807004e-003 4.30532402891598e-005 8.81984316584877e-006 3.43238325361423e-007 9.37686138504052e-009 -2.46603475175074e-009 
-5.49173084820460e+005 3.49677848021573e+003 1.62663858079115e+001 -2.67032508798052e-002 5.00140185738815e-003 -1.48608049282922e-004 -4.55474725653574e-005 -5.13817794053948e-006 -3.65762667276728e-007 -5.01933010254276e-009 5.11785788182033e-009 
2.97668176299451e+005 -6.21202769508864e+003 1.48722575676589e+001 -7.75574133896958e-002 3.02814319502152e-003 4.49128979492750e-004 1.83038867701129e-005 -1.28770796026589e-006 -4.22391797141415e-007 -6.49989088150581e-008 -5.11926039905676e-009 
1.31378063249073e+005 -2.71711155578272e+003 6.01663528619875e+000 -3.35058191115247e-002 1.40641452652186e-003 2.49405000494865e-004 1.43830263448721e-005 -1.52590842186924e-007 -1.87631964285833e-007 -3.41890674398350e-008 -3.25885060515260e-009 
-5.42049992265674e+005 3.62613571298251e+003 1.60107088392488e+001 -6.90174985967478e-002 -1.46061706059322e-002 -7.33843492362474e-004 3.22503513646382e-004 5.30241933667084e-005 -2.33378358070898e-006 -1.68460208877562e-006 -1.28857351503281e-007 
2.85361119569711e+005 -6.09538170156163e+003 1.44464543253837e+001 1.19070522063589e-003 -1.74393297272012e-003 -2.22895673793827e-003 -1.96670332512039e-004 3.34794989960305e-005 8.85868400600334e-006 7.88794455319559e-008 -2.34556032087858e-007 
1.25991226048888e+005 -2.66982277597657e+003 5.90273449421870e+000 1.67930581288482e-002 7.50166072900937e-004 -1.12241333027176e-003 -1.38558681300312e-004 1.23843175605491e-005 4.97392706043552e-006 2.16946280368216e-007 -1.11911692440700e-007 
9.06182847775845e-006 -2.18413650920709e-006 -4.70893096575350e-008 2.08907149624559e-007 1.27740805167888e-008 -6.17066120520106e-009 -7.94516434599442e-010 6.65614554346102e-011 2.91760336863424e-011 -3.27073179986024e-012 
4.65449782515837e-005 -1.15209407080083e-007 -3.20398039252346e-007 -1.71137557876166e-008 1.80790987646339e-008 1.48190959846997e-009 -1.81131205078031e-010 -5.81989916678018e-011 -1.33610435860438e-011 1.59634150605905e-012 
8.14925420491063e-006 1.19174860215116e-006 -2.08106895529252e-007 -3.03505621272541e-007 7.88802654662964e-009 1.66408165608875e-008 9.64665278480000e-010 -3.52194274526830e-010 -6.09594197304788e-011 -3.73953091142139e-012 
4.57527793507816e-005 5.18819166159266e-009 3.64036868195432e-007 -3.43619354867611e-008 -3.60664688885240e-008 -5.27211186211293e-010 1.27077758866075e-009 1.52938281409186e-010 -8.87809118223462e-012 -7.29661206439542e-012 
7.56096535879082e-006 -6.64350289015862e-007 8.00229599857702e-007 8.44164959666685e-008 -9.12814386460883e-008 6.11442994001224e-010 5.02251461005290e-009 -4.41745819863493e-010 -2.02272626683549e-010 3.09524400384286e-011 
4.53805060414094e-005 -9.54341915997375e-007 -1.54945072131299e-007 1.43804253642916e-007 6.25662541465025e-009 -1.01401317952876e-008 4.39815758036012e-010 4.47158533632556e-010 -4.68259742145443e-011 -1.51161511992041e-011 
7.99026927740724e-006 -3.71618426466552e-007 -6.72030848657872e-007 3.23641409989750e-008 3.63386311906996e-008 -1.35571828081915e-009 -1.41857865643362e-010 3.59714516868487e-011 -1.24844633378598e-011 -3.86864298693237e-012 
4.46122576524601e-005 2.59510284526137e-007 -2.85440230354392e-008 -8.72904615133495e-008 2.59395205567883e-009 2.08822625400763e-009 -2.88597857553187e-011 -1.26914864397223e-012 -5.03375832386282e-012 2.07510880085915e-012 
9.61005743458781e-003 -3.03883661232719e-004 -7.77259411554873e-005 -9.91021459022402e-007 1.19778405771640e-006 7.96299028906662e-007 2.02663981721471e-008 -1.52562993056229e-008 -1.16293960678427e-009 1.07186285044163e-010 
3.82164322996009e-001 -1.10592531181140e-004 3.05534951741132e-005 4.62835715380219e-006 1.18751316323572e-006 -1.18976604105246e-008 -4.71699600991056e-008 -2.23731817988249e-009 5.34602638910787e-010 6.65124928014263e-011 
1.57705056496360e+003 9.20223367197030e-001 6.65281714229799e-005 -8.58444358837750e-007 -1.03985593864747e-006 -7.24237501693000e-007 -1.88350400503441e-008 1.40230700038508e-008 1.07663801750425e-009 -9.66853796924105e-011 
9.02179771666440e-003 -9.74967151183621e-006 2.37040052000672e-004 3.40436802537395e-005 -6.71343523127403e-006 -1.58332501922137e-006 7.82363731826192e-008 3.86755463052834e-008 1.21543380049515e-009 -4.22200955568746e-010 
3.82373765470678e-001 3.40934232959388e-004 4.41702965991171e-005 -1.62444684639370e-005 -2.99657708537757e-006 3.08290682477133e-007 9.89305038928778e-008 -6.44087486094916e-010 -1.71860628389417e-009 -1.35497076513177e-010 
1.57889090703495e+003 9.19857788610509e-001 -2.32557095588028e-004 -3.05952731091717e-005 6.45689390846309e-006 1.46966523972251e-006 -7.37450834165675e-008 -3.61623221853459e-008 -1.16813894029734e-009 3.93824608652379e-010 
1.04884002156340e-002 1.15750754967002e-003 -1.03389006199284e-004 -3.98873339979749e-005 8.45134050784703e-006 5.58839226804537e-007 -3.31656585542134e-007 8.92581083067252e-009 8.89706015462980e-009 -9.12601324856375e-010 
3.82771634506995e-001 -6.14803141191283e-005 -8.36406381424246e-005 1.20727047374701e-005 2.00436924152286e-006 -6.57847938156873e-007 -8.37991832655241e-009 2.08176596399960e-008 -1.32005516739189e-009 -4.99901457692530e-010 
1.58072921112457e+003 9.18762437758184e-001 1.06486812881297e-004 3.83984280708777e-005 -8.13547614942709e-006 -5.34483151774822e-007 3.13851249854563e-007 -8.28542254620452e-009 -8.41450881871981e-009 8.55173526489526e-010 
1.16478135742455e-002 2.46062427722491e-005 -1.04974293170380e-004 4.42836352616649e-006 -2.45195330620776e-006 1.21832980666978e-007 9.36032553326411e-008 -2.48718835286240e-009 -1.62456132455190e-010 -4.20480979286433e-011 
3.82402479560197e-001 -2.23030868159517e-004 1.56716091357808e-005 1.07184279738091e-006 7.85886409992986e-008 2.39634664346950e-007 -8.82328777613398e-009 -3.02779926923510e-009 1.57968371358292e-011 -2.95796540551878e-011 
1.58256789409173e+003 9.19893259644422e-001 1.01112063609176e-004 -5.89252833291473e-006 2.22774617982847e-006 -1.00288409808345e-007 -8.67419495598747e-008 2.45715206717811e-009 1.40311692211372e-010 3.63998652453085e-011 
