-8.57609638510679e+006 -1.94634287073367e+007 3.67755764660112e+005 1.19409470757746e+005 -4.60366344247682e+003 -5.03042298814583e+002 4.55295667560852e+001 1.81383760492730e+000 -4.04927510683549e-001 1.17514029606741e-003 3.27343241282020e-003 -1.39074460799385e-004 -2.29905015048910e-005 2.18617440694266e-006 
3.92848428402256e+007 -3.23209528748572e+006 -1.51791561400375e+006 4.39436717564858e+004 6.71756521434022e+003 -4.37242557583934e+002 -2.62647633428796e+001 3.94125139619056e+000 4.84331666256041e-002 -3.27379745755503e-002 8.73056867914792e-004 2.43270567782646e-004 -1.72742704183667e-005 -1.47624421494719e-006 
2.18417530913484e+007 2.92603777157606e+005 -8.48927869740510e+005 1.10812249320492e+004 4.06576738557241e+003 -1.81347258484065e+002 -1.87532279494450e+001 1.91693690299781e+000 6.78869839044638e-002 -1.76083470093024e-002 1.26660265629053e-004 1.44369736244051e-004 -6.84113873346417e-006 -1.01535812363137e-006 
-4.11683546170081e+007 -1.24224271401897e+007 1.21542471556448e+006 2.15649819268873e+004 -5.10290387370702e+003 2.54304049257135e+002 3.63756914103353e+000 -1.58406905291565e+000 1.10059448015694e-001 -1.17696253267212e-004 -6.54446356916755e-004 5.78606501043026e-005 -8.99338169237866e-007 -2.99293574537250e-007 
2.31593219739611e+007 -1.21619659948708e+007 -6.56626706302949e+005 7.84098942278430e+004 -1.43253403704671e+003 -1.92969088491771e+002 2.11844840652782e+001 -7.05591856330827e-001 -5.76766313607759e-002 8.92685123218653e-003 -4.18676258340561e-004 -1.92362077706865e-005 4.39070036383867e-006 -2.67240391568643e-007 
1.66092233545006e+007 -5.20773706902626e+006 -4.76843895341931e+005 3.96435717813097e+004 -2.35660417759937e+002 -1.29458859891691e+002 1.09378654967337e+001 -2.12508652182469e-001 -4.22272590077015e-002 4.78033232925228e-003 -1.55719949118021e-004 -1.62785851884616e-005 2.43853468130754e-006 -1.11685557874063e-007 
-5.62061761850849e+007 -2.68370716667166e+006 1.14139174616886e+006 -2.36029677783952e+004 -1.03970087082204e+003 1.17315663414291e+002 -6.97722076971848e+000 2.06114369005617e-001 6.19544472945342e-003 -1.34743336186852e-003 1.01549464833882e-004 -4.16247349755473e-006 -2.51818163746605e-008 2.02037839494825e-008 
-3.81716083664061e+006 -1.41937598675119e+007 8.74483979787625e+004 4.44121468413552e+004 -2.05116693059297e+003 5.21683495346999e+001 1.79504986813989e+000 -3.28150556556357e-001 2.28228777323679e-002 -8.60571700102931e-004 -9.32073326172128e-006 4.38331828442761e-006 -3.82915900747786e-007 1.85000136110068e-008 
3.75931097043261e+006 -7.30352048868601e+006 -7.17272944480866e+004 2.61711239444881e+004 -9.87710094051811e+002 1.56915526165555e+001 1.68278473398583e+000 -1.96663251773076e-001 1.15475667842543e-002 -3.19842868303184e-004 -1.55157746104349e-005 2.77319055887518e-006 -2.01914765352424e-007 7.78501131011894e-009 
-5.34525422171616e+007 5.16093975922161e+006 8.11811229763000e+005 -2.85648764641344e+004 1.00921156005092e+002 1.66966160129578e+001 -1.96722510279582e+000 1.07304871921310e-001 -4.48314833915879e-003 1.07996004095315e-004 2.20409918159586e-006 -4.79654524617570e-007 3.64293034246791e-008 -1.90312744673093e-009 
-3.01559875611902e+007 -1.18365058646448e+007 4.59769482283974e+005 2.02946545212730e+004 -1.00812865714889e+003 4.14350535948274e+001 -1.23566478011250e+000 3.49087105884190e-003 2.36473599299141e-003 -2.14668505680240e-004 1.21143761370602e-005 -4.90878691196698e-007 9.99868075958536e-009 4.75728771302797e-010 
-1.05961358496260e+007 -6.85843315879438e+006 1.61340334713580e+005 1.38040636256327e+004 -5.48946191826168e+002 2.03992776339632e+001 -4.55879569927049e-001 -9.26989190880221e-003 1.72827531632619e-003 -1.25867579913967e-004 6.24197166099662e-006 -2.12422867481750e-007 1.56053544416436e-009 4.51579939945846e-010 
5.73605056869730e+007 -2.05071778517997e+007 -7.14917254863750e+005 4.26207153677694e+004 8.01870273143831e+002 -2.59761965038026e+001 -4.27186509733825e-001 6.71295999877495e-003 1.79658743403958e-004 -3.59881910498155e-007 
8.48067233932015e+007 1.10311865046812e+007 -1.06437669248868e+006 -2.39665128531621e+004 1.09906771341550e+003 1.72887672889769e+001 -4.34648879739840e-001 -7.88024714512888e-003 6.93182324168809e-005 3.13257653093143e-006 
3.45245849378078e+007 6.25983463303872e+006 -4.33529706510182e+005 -1.34787505068385e+004 4.43630185693656e+002 9.42130257214984e+000 -1.68480250743004e-001 -3.96863979089790e-003 1.96853319940086e-005 1.43302765670824e-006 
1.23722716621219e+007 -2.40053520826674e+007 -1.45235773898711e+005 5.08126679787486e+004 1.98289224719868e+002 -3.33532294518225e+001 -1.64288579190596e-001 1.17379101262607e-002 1.16987550117508e-004 -3.22194174326358e-006 
9.76691670773821e+007 1.68697402527611e+006 -1.23708081641146e+006 -4.25113140904851e+003 1.32441074651662e+003 4.56867072265768e+000 -6.06590660177619e-001 -3.79630137499280e-003 1.82462227406657e-004 2.61078112995391e-006 
4.31574322125417e+007 2.27799725199885e+006 -5.47278555160494e+005 -5.12881062339573e+003 5.83203250848551e+002 4.16642996282835e+000 -2.62460621847858e-001 -2.45072345728903e-003 7.46709783983367e-005 1.37845627217451e-006 
8.32851370957307e+007 1.68974461733379e+007 -3.72941205109994e+005 -1.28920783933103e+004 1.26438004432870e+002 2.62654985481544e+000 -6.99566722066963e-003 -1.49972797324243e-004 -6.69272994253474e-005 9.25314983170929e-006 1.16224585450840e-006 -7.94826450473018e-007 1.18355910157229e-007 
-1.15496170660351e+008 1.01882921962125e+007 5.27831075615695e+005 -7.47307578350561e+003 -1.93938555624166e+002 1.27246400157895e+000 2.13142690261955e-002 -2.64960481486194e-004 6.13589835673427e-005 6.99899118132215e-006 -4.16230689493795e-006 5.63785691058650e-007 1.40053001149023e-007 
-5.01206150103081e+007 4.41781102587742e+006 2.28866643426223e+005 -3.24037371678570e+003 -8.40906408988372e+001 5.51384097045448e-001 9.18106950382574e-003 -7.91248823204670e-005 2.78859901423401e-005 1.05559477611677e-006 -1.55640332941891e-006 2.93528439793201e-007 3.32503778826628e-008 
1.13633463202012e+008 1.33334075580450e+007 -5.13811503245898e+005 -1.04606106683302e+004 1.76682930943661e+002 2.38022860957452e+000 -1.12116736686918e-002 -1.05740141468930e-004 -8.24325706216597e-005 -1.18446136515232e-005 1.78332915107231e-006 7.08975393330603e-007 7.26438907808450e-008 
-9.12167617204984e+007 1.40015972567395e+007 4.20466607819699e+005 -1.03442632064022e+004 -1.63211719215819e+002 1.81452338501219e+000 2.28989011959685e-002 -2.78241376447941e-004 6.86619502234629e-006 1.51006938672308e-005 1.32005493322499e-006 -3.15572388022919e-007 -1.11050223039806e-007 
-3.95927372800538e+007 6.07125060706907e+006 1.82312877372105e+005 -4.48530911566151e+003 -7.07678724683899e+001 7.86352375940020e-001 9.92915867207092e-003 -8.16761177774644e-005 5.03516628163391e-006 4.68030063857976e-006 3.03775482994252e-007 -1.02223952828299e-007 -3.25966976142792e-008 
-6.86031800767264e+007 3.29840518313291e+007 3.93607781911275e+005 -2.84009947985749e+004 -4.95522689734230e+002 3.02978667485799e+000 2.88830680079736e-001 5.87607604242606e-003 -1.97106544052335e-005 -4.22980366516760e-006 -1.14340294862503e-007 
-1.91917425771706e+008 -6.53681574485321e+006 1.09468688140329e+006 1.37673293654468e+004 -4.14042507082025e+002 -1.20315026203276e+001 -9.52165924116232e-002 4.18674107633583e-003 1.64419400648846e-004 1.53032016290647e-006 -3.82193788396759e-008 
-8.62056275402181e+007 -3.89178403428525e+006 4.91435081380422e+005 7.08349267068264e+003 -1.76489068617073e+002 -5.60036924348625e+000 -5.14955241234828e-002 1.76164881265299e-003 7.59414089046430e-005 8.26119198672784e-007 -1.07522881758126e-008 
-5.89512233851167e+008 1.21407474199214e+007 7.01513635901438e+004 -2.23103476521573e+002 -6.93421285709634e-001 4.08944057954048e-004 7.63434185677341e-007 8.72197680391114e-008 
-5.14970094158558e+008 -1.12129877765854e+007 6.13174271190350e+004 2.37707650230603e+002 -4.43954753081292e-001 -1.18911172273936e-003 -1.21829351448393e-006 1.19891089883426e-007 
-2.06386111067512e+008 -5.10236642554334e+006 2.45753844036337e+004 1.07323944804128e+002 -1.73404032838708e-001 -5.19419573615974e-004 -4.89170540958991e-007 5.47286996335812e-008 
-1.33406908622613e+009 4.49004432002712e+006 2.78137977755034e+004 -2.22651711088890e+001 -3.79499832752439e-002 4.83209726464412e-005 -6.72985872094032e-008 
-5.42370370203847e+008 -1.13215470181952e+007 1.12781917870211e+004 3.66152147121954e+001 -3.05250736535018e-002 -2.12074228877214e-005 6.23799945708895e-008 
-1.66628613039099e+008 -4.86869998762428e+006 3.45942809691820e+003 1.60940196046919e+001 -1.09891474181478e-002 -1.12979990516822e-005 3.85634449977417e-008 
-1.24993869183198e+009 8.37179914279292e+006 3.51789009170798e+003 -4.18472902855132e+000 -3.72390429847702e-004 5.52597319576992e-007 
-2.32695191389191e+009 -4.17561921330597e+006 6.55385265652988e+003 1.47632218654193e+000 -1.83472014476053e-003 -1.94465283353419e-007 
-1.00143832192512e+009 -1.94741588911230e+006 2.82072827966666e+003 7.06283200067732e-001 -7.98939915322019e-004 -9.71657447625813e-008 
-2.99726731836679e+008 7.44911863179483e+006 2.04515969175940e+002 -8.48850132298591e-001 -1.14276029714402e-005 3.58300816963160e-008 
-4.18350195452032e+009 -3.54066013715115e+005 2.86174384913139e+003 5.56592548878468e-002 -1.56755060832050e-004 -3.69445693910593e-008 
-1.70488116127811e+009 -3.30318434365912e+005 1.16622455198969e+003 4.38676816171431e-002 -6.39242813009300e-005 -1.53889819299868e-008 
-3.83073352766507e+009 4.11246323525069e+006 2.70651500281348e+003 -3.28559542774982e-001 -3.14583301702528e-004 2.48119648271001e-008 
-2.27889436924807e+009 -6.53703356755589e+006 1.61000923600039e+003 8.60478924678297e-001 -9.21851703057563e-005 -6.76572707976085e-008 
4.42988968681195e+008 -3.27892462126942e+006 -3.13329324562891e+002 3.67835546181633e-001 6.87482491211900e-005 -4.01529140194767e-008 
-9.30523350031179e+004 -1.75708834014660e+005 6.19791874328243e+003 1.92202953026211e+003 -4.27483750836355e+001 -1.05098340607311e+001 2.30166491467328e-001 6.86815528754649e-002 -1.38370942680101e-003 -5.59652030049741e-004 8.83787992374974e-006 4.98872997504640e-006 -5.42998606935862e-008 
2.95634144267596e+005 -5.27925042304595e+004 -1.99119089511741e+004 5.94622506641885e+002 1.31800254174707e+002 -3.26919641838325e+000 -7.51210444940487e-001 1.87206846453136e-002 5.62629665213408e-003 -1.21469925404419e-004 -4.84466910238888e-005 8.20228721539553e-007 4.43858982574671e-007 
1.29642183889402e+005 -4.49870539187953e+003 -8.73231064210414e+003 5.59301470843960e+001 5.79887614489789e+001 -3.12031831066739e-001 -3.29151752692524e-001 9.64872704308130e-004 2.43183556041953e-003 4.80094342382039e-006 -2.06401753881355e-005 -1.49937978795523e-007 1.86506655606774e-007 
-3.37943926924706e+005 -5.72272296499804e+004 2.04047574674510e+004 2.63688698307973e+002 -1.15592055573307e+002 3.32438957555053e+000 3.20611725915915e-001 -4.19282775309405e-002 6.49526987560456e-004 2.53214869996599e-004 -2.11942629753560e-005 -4.88883132781625e-007 1.98766757701118e-007 
7.25271048560987e+004 -1.57119149742392e+005 -4.38003498977835e+003 1.60725540786168e+003 -1.32759831355705e+001 -6.06938692686269e+000 4.10295096626616e-001 6.89832145186436e-003 -3.23886224014816e-003 1.59508145576145e-004 1.30819281298351e-005 -2.07764784462287e-006 3.88853197564537e-008 
6.23108145349516e+004 -5.86054254348647e+004 -3.76957216289553e+003 6.30988879635679e+002 5.84001126069724e+000 -2.80206583092169e+000 1.36267270858336e-001 6.89259920380236e-003 -1.38546168426906e-003 4.05117121280048e-005 7.40119093937825e-006 -8.00760940263398e-007 -3.44128933451257e-009 
-2.97273519500368e+005 9.33972953604739e+004 1.51601867692131e+004 -9.37074623414835e+002 -3.83249441878392e+001 2.67797778282580e+000 -1.38178795786967e-001 4.53156487047128e-003 5.28372435053145e-004 -5.91569520740657e-005 2.82186415809446e-006 8.02355074687683e-009 -1.73004787656750e-008 
-2.22270147281094e+005 -1.24632384686849e+005 1.12005671657669e+004 8.90533071538539e+002 -5.59108113990154e+001 1.79269759146113e-001 5.12341406185023e-002 -1.09226104187193e-002 7.10078056335491e-004 -3.99341192323236e-006 -2.52660845307538e-006 2.73043782471589e-007 -1.35798563928329e-008 
-6.20054202594514e+004 -5.99417236656846e+004 3.10779389603264e+003 4.55227054747692e+002 -1.91137799404632e+001 -1.89682992700743e-001 3.43023780225120e-002 -4.89773226303464e-003 2.38637201717466e-004 4.12368698083845e-006 -1.30575614014845e-006 1.10684112969976e-007 -3.86336535769108e-009 
-3.00439464197456e+004 1.62462076526423e+005 1.57935734683519e+003 -1.24289090393525e+003 -3.65860945554419e+000 1.48564794043562e+000 3.07890466626798e-002 3.70552318578015e-003 -2.71373986293189e-004 -4.56633169400778e-006 3.77447346599724e-007 4.74153644139632e-009 2.33098930084080e-009 
-3.58585309286273e+005 -7.12967520368294e+003 1.66701169063769e+004 2.83845424430702e+001 -5.33442219882928e+001 -1.39420099941511e-001 -1.25916377864667e-002 3.32873871681710e-003 1.70457823622273e-004 -1.34971174345101e-005 2.14535773607135e-008 -1.29888194422521e-008 1.54099221498414e-009 
-1.43508755410012e+005 -1.85942852539699e+004 6.66469224529384e+003 1.32322781686693e+002 -2.14909782594693e+001 -2.03845979801494e-001 -8.06223677224815e-003 1.00525388490639e-003 9.60717226191617e-005 -5.07478463910689e-006 -2.84502698982387e-008 -5.75142463189160e-009 4.04916113909298e-010 
2.61297962146567e+005 1.17062438740245e+005 -1.25238827161611e+004 -1.00666929985222e+003 3.65961002834095e+001 2.46702141976007e+000 1.51107659238649e-002 -3.70427988401152e-003 -6.23945500204908e-005 1.44286202751369e-005 -8.89647137588074e-008 -6.84539664218421e-008 -1.78009796314666e-009 
-2.48742997478008e+005 1.12947968998468e+005 1.18452844838417e+004 -8.26776881483853e+002 -5.03021196767929e+001 8.53549004051224e-001 8.69083681036727e-002 1.72747891619655e-003 -1.89906767329382e-004 1.26322737361957e-006 9.69522456579893e-007 6.05232886700270e-009 -3.76088688643936e-009 
-1.26685571316678e+005 3.49161072478727e+004 6.05710231296234e+003 -2.41105851295479e+002 -2.41801002156615e+001 1.10038994646865e-001 3.42517024331773e-002 1.06907579268047e-003 -7.16618306149488e-005 -8.82917022477186e-007 4.05400144885906e-007 9.09707921406142e-009 -1.36875766058579e-009 
3.66451006555734e+005 -1.77909643119440e+004 -1.94940767987140e+004 -4.13055299542566e+001 8.14658456392637e+001 1.66878202550157e+000 -7.66815004966836e-002 -3.56062956204168e-003 -2.18415216079551e-004 -2.82481760176000e-005 -5.05921225036325e-007 1.33190734864151e-007 8.55721526028698e-009 
3.21838814718315e+004 1.56417046556604e+005 -1.95350933083760e+003 -1.37478788481707e+003 -1.09992136528024e+001 3.09064837225385e+000 9.62011484521419e-002 9.16365720773748e-004 1.02134270924676e-004 -8.40857163882844e-006 -2.28094687671085e-006 -8.99837762596165e-008 3.78030445920691e-009 
-2.18874044596859e+004 6.57139402663038e+004 1.07780872423132e+003 -5.59499760017912e+002 -1.24050660448278e+001 1.10747275730028e+000 4.70180568802605e-002 7.19646248319519e-004 6.25123232085769e-005 -7.42743445602259e-007 -8.86367733141077e-007 -4.97246221717067e-008 7.27193969700896e-010 
1.90092316754461e+005 -1.51944131576816e+005 -1.15415094065976e+004 1.37079351888453e+003 8.10882309677068e+001 -2.82166871468287e+000 -3.54522119719709e-001 -1.27029136778762e-002 7.01440149985189e-004 1.40480061686096e-004 5.98621678276391e-006 -4.83355198881330e-007 -7.19367700338731e-008 
2.78669177080613e+005 7.73566405126559e+004 -1.70427521770124e+004 -9.26001234473323e+002 7.41279785161408e+001 5.09744432348775e+000 -1.34972887057830e-002 -1.82392810059670e-002 -1.46094441483072e-003 -7.21791033359878e-006 9.20402053362112e-006 6.98969085172015e-007 -8.49327133857883e-009 
9.59054100830129e+004 4.62281909674211e+004 -5.87578204137607e+003 -5.11896897435316e+002 2.25925525974111e+001 2.36575750790059e+000 2.85855427713402e-002 -6.27136400664603e-003 -6.66873010916291e-004 -1.64346870975737e-005 3.20178952866092e-006 3.33161626169710e-007 3.41857622416565e-009 
-1.43316800876265e+005 -1.63912635717309e+005 9.24728859607226e+003 1.74007495123241e+003 -5.65863258472495e+001 -8.75034435725601e+000 2.07986013542767e-001 5.09737231205231e-002 -4.04572892026876e-004 -3.69309638897348e-004 -4.17740831544973e-006 2.82964334980522e-006 8.78719706836482e-008 
2.80415434243956e+005 -7.67976488574963e+004 -1.83765689736984e+004 8.18339230232404e+002 1.15041758139868e+002 -3.63698057802021e+000 -5.89360067791416e-001 1.18042905546049e-002 3.96161705086739e-003 -5.60603637316397e-006 -3.00895428882523e-005 -5.37251808548663e-007 2.33018267392946e-007 
1.28487074137498e+005 -1.58234257419906e+004 -8.42431488160599e+003 1.68340570030893e+002 5.26686891590521e+001 -6.49153099869136e-001 -2.61889951269698e-001 -5.61321523736188e-005 1.66436441866017e-003 3.31534673283849e-005 -1.19439338086184e-005 -4.91982730433196e-007 8.71645434814137e-008 
1.02076618965152e+006 -6.73824649315865e+003 -1.66687887214698e+001 -1.30761614787763e-001 1.42575591355354e-002 1.01207415187980e-004 -3.48198543057568e-004 4.04054318204076e-005 3.83127363742688e-006 -1.52266795900994e-006 8.54242328644440e-008 
9.57014681578728e+005 7.07984648005423e+003 -1.37182228910676e+001 -4.44630823109251e-002 -7.66179186194791e-003 2.19415087414534e-003 -1.36025150995796e-004 -3.58747925051367e-005 7.82708555005483e-006 -2.48634924199776e-009 -2.11087174651634e-007 
3.73155015148084e+005 3.18030698351371e+003 -5.29702256950792e+000 -1.21232526531475e-002 -5.52287245567495e-003 1.16715261586740e-003 -3.65632610993987e-005 -2.33570154252882e-005 3.78318406011269e-006 1.56787449328891e-007 -1.21607249176790e-007 
1.00715340071166e+006 -6.87509632293708e+003 -1.73665444391730e+001 -2.70879399755744e-002 -1.85543755356890e-004 -2.20416054225295e-004 4.43375421551365e-005 -3.92777231796026e-006 1.73153738787563e-007 1.43159477003855e-008 -5.56418304154030e-009 
9.71062727975446e+005 6.96773501793690e+003 -1.42641135997188e+001 -2.93047704656635e-002 1.28922017632446e-003 -2.97805679024600e-004 7.67725713930059e-006 2.04048126400736e-006 -4.14398204170944e-007 4.32693670193974e-008 -3.38906903799400e-009 
3.79472484334719e+005 3.13695863460004e+003 -5.53127463739819e+000 -1.31623229254132e-002 8.56341535080971e-004 -1.32163512316521e-004 -5.98595119475055e-007 1.49529832252742e-006 -2.39258559064588e-007 2.17863913561929e-008 -1.22364712910338e-009 
-7.62202966650810e-005 9.20725804104901e-007 -8.94795815141883e-007 -4.13553325334003e-008 9.79445510470843e-008 -4.14116146578962e-009 -5.73112398928450e-009 6.92942381255779e-010 2.49536556048362e-010 -4.81957625479549e-011 
-1.07172867036516e-005 1.05605981279235e-006 7.17263791851154e-008 -1.37031489618457e-007 -5.18618878004424e-010 1.05036507248073e-008 -6.07455099117671e-010 -5.22056605522567e-010 5.29100847650132e-011 1.96863942756871e-011 
-7.63406186228723e-005 3.34252999332279e-007 4.88456848692957e-007 -7.13237287881148e-008 -2.83196108194644e-008 3.50654557161554e-009 9.45891876438938e-011 -6.32433701729242e-011 9.40042342143254e-012 5.49175131807673e-012 
-9.72838916256819e-006 8.15172863111992e-009 9.12955877201979e-008 6.63801268896118e-008 -7.47126973713319e-009 -1.43311615632116e-009 5.00357903694611e-011 8.07884101119026e-012 1.45057289551520e-011 -3.23659981230587e-012 
-7.60400257694776e-005 -9.88993470029975e-007 -5.03275812761034e-007 1.00551514780352e-007 4.04731034227982e-008 -1.38372438829861e-009 -1.05571097881650e-009 -5.98629185355955e-011 1.82988864802363e-012 2.51354125557845e-012 
-8.56964441965791e-006 9.36861934642558e-007 -1.41464525222307e-007 -7.35135698950645e-008 6.19594317733887e-009 3.26334854961716e-009 6.41370215115537e-011 -7.06596466372169e-011 -4.46892759666880e-012 2.33420076144470e-012 
-7.66582225821089e-005 1.24789798612947e-006 2.73372355501747e-007 -2.94527703985024e-007 -4.18483109253571e-008 1.72735625215008e-008 3.28510879902797e-009 -4.72955836404110e-010 -1.80823816608351e-010 2.47541497163779e-013 
-7.72227286388663e-006 3.62819586111284e-007 3.24886449829383e-007 5.16898904638248e-008 -3.25800024983925e-008 -5.15823585540116e-009 1.34089191267310e-009 3.18309143236387e-010 -2.86104033145479e-011 -1.37391515015855e-011 
-6.41727657608001e-002 -2.83501701428184e-004 -2.41916452877790e-004 3.28533116207937e-005 4.94638633083784e-006 -1.88800965539786e-006 8.29452801406622e-009 6.69621636544716e-008 -5.27489354891737e-009 -1.88529093791032e-009 
4.15752456632620e-001 -5.05513140512030e-004 4.11884536798652e-005 1.66765725955692e-005 -3.52579361762686e-006 -1.78340358925850e-007 1.51611623145679e-007 -6.30939934941019e-009 -4.69704276619674e-009 5.54610851568889e-010 
1.09877827623347e+003 9.20053089428084e-001 2.31494453521372e-004 -2.74937379115480e-005 -4.86999636918123e-006 1.68612540350867e-006 3.44600771977248e-009 -6.08899064413845e-008 4.44199650400497e-009 1.73800325197775e-009 
-6.55451176875950e-002 -8.53455650555208e-004 3.95930267908177e-005 1.08368495978643e-005 1.21091933761409e-006 4.56716137919731e-007 -5.90346649485004e-008 -6.13944283334866e-009 3.72222060211725e-010 -4.93445085558542e-011 
4.15247482199193e-001 7.29303808505656e-006 6.00031601989618e-005 -4.97961037414366e-007 4.50239704539134e-007 -1.36598687214123e-007 -2.88674102791940e-008 2.73835656999716e-009 4.74804912290963e-011 1.82509802193653e-011 
1.10061923060002e+003 9.20684919720821e-001 -2.64998063955841e-005 -1.16488208920020e-005 -1.19384307148983e-006 -4.05646102411315e-007 5.35714175189688e-008 5.81025487142167e-009 -3.56759800895053e-010 4.26173309187020e-011 
-6.62520573734367e-002 3.41148766688845e-004 2.54554331350793e-004 1.50448833298113e-006 -7.18147061164874e-006 -7.20621719465824e-007 9.39276898466709e-008 1.72281484916678e-008 -4.03569960896093e-010 -1.72512259314607e-010 
4.15615816796102e-001 2.93667218784034e-004 -2.56535092693017e-005 -1.94842182519861e-005 -1.10087286789491e-006 3.65325455846281e-007 5.17390799195134e-008 -2.96631767618521e-009 -7.75794493699637e-010 3.44616000144932e-012 
1.10245969325666e+003 9.19581829383285e-001 -2.44100887863027e-004 -2.52395482839951e-006 6.71715863232155e-006 6.66206439491352e-007 -8.64873487268877e-008 -1.56497244438843e-008 3.89863967454257e-010 1.56018379787225e-010 
-6.47787246486332e-002 6.71935193584290e-004 -2.56356993610837e-004 -3.47844613251059e-005 1.08051366820956e-005 9.44089147775508e-007 -3.10065577773723e-007 -3.53747466820306e-008 6.07667051896484e-009 1.35850955717108e-009 
4.15503352986687e-001 -4.58654850730051e-004 -7.82960312699896e-005 2.30633209408594e-005 2.32429010862828e-006 -7.74182848464923e-007 -7.26748924170083e-008 1.86751741663409e-008 2.86222970791738e-009 -2.70040453080085e-010 
1.10429803519897e+003 9.19185168190227e-001 2.28359552208274e-004 3.41129640974456e-005 -9.66424119675443e-006 -8.89362989940448e-007 2.76842172362806e-007 3.22007759316969e-008 -5.37680734961484e-009 -1.22139436723840e-009 
