2.98344561053461e+007 -1.61000896998995e+007 -1.11330983610290e+006 8.48568659074666e+004 7.67449168654001e+003 -2.08638676819219e+002 -5.44349291365742e+001 -6.48967946559145e-001 3.75729108331951e-001 2.01879012661459e-002 -2.23192539204340e-003 -2.63471297944510e-004 8.23839107758316e-006 2.70473151943788e-006 
3.19539516135472e+007 9.23298657178312e+006 -1.25905338193779e+006 -7.92416485152528e+004 4.43924161076701e+003 5.63152548035382e+002 -6.65064702450794e+000 -4.09128777546932e+000 -1.11794560567886e-001 2.73794526630354e-002 2.03555367737779e-003 -1.45845807700177e-004 -2.37669674905067e-005 2.72332860276869e-007 
1.40533169962669e+007 6.60189992081916e+006 -5.56968131316480e+005 -5.11307362408443e+004 1.57474229957960e+003 3.22445779566723e+002 2.09640154375385e+000 -2.11792709130909e+000 -9.87018732800859e-002 1.25292327889089e-002 1.31885191496010e-003 -5.05599550595032e-005 -1.35494920670742e-005 -1.35208603536824e-007 
-7.03050097968587e+006 -1.95512822056313e+007 3.18029918071702e+005 1.21822282643565e+005 -4.24477113327727e+003 -5.39603065001582e+002 4.35579630979998e+001 2.25709241464772e+000 -4.03343767695909e-001 -3.44380038208191e-003 3.45083191296757e-003 -9.80432748690908e-005 -2.65923918022368e-005 1.90175466688810e-006 
3.86091388558660e+007 -2.81235807788498e+006 -1.53508340953406e+006 4.01673952539426e+004 7.00839739531054e+003 -4.13945969978350e+002 -3.00070960565728e+001 3.86398210893005e+000 8.94439243936971e-002 -3.36546703673997e-002 4.85297699818709e-004 2.69239216675347e-004 -1.42725014266550e-005 -1.88329237848607e-006 
2.14327059792036e+007 5.26271335444070e+005 -8.52933149526423e+005 8.81305660302772e+003 4.18385824111515e+003 -1.65105563027425e+002 -2.05476191063318e+001 1.82964220856821e+000 8.96293417782026e-002 -1.76185308710621e-002 -9.88808153026853e-005 1.53982055519378e-004 -4.86385454698553e-006 -1.20326321036261e-006 
-4.00724369394965e+007 -1.27500197731043e+007 1.20570089404888e+006 2.44342114403363e+004 -5.27600152627607e+003 2.50504744828216e+002 5.23024392973077e+000 -1.70473544815295e+000 1.09522938459229e-001 8.50128626539624e-004 -7.42763998562078e-004 5.88178997882538e-005 -2.99229650568979e-007 -3.65017426410052e-007 
2.31038673291912e+007 -1.19739611814331e+007 -6.89189576315456e+005 7.91467198551968e+004 -1.29222269266893e+003 -2.10757828274471e+002 2.18229920922538e+001 -6.34890909868388e-001 -6.91061100831956e-002 9.47505145402394e-003 -3.83163640134602e-004 -2.69004722104298e-005 4.84964430127908e-006 -2.51498519818744e-007 
1.65788551365879e+007 -5.07296519229443e+006 -4.93231136035125e+005 3.97389306468486e+004 -1.42722495471601e+002 -1.38566397089512e+002 1.11135240843893e+001 -1.62212963627949e-001 -4.82766511959584e-002 4.97267019800834e-003 -1.27581938112208e-004 -2.04718038284461e-005 2.62138053152262e-006 -9.64545901477868e-008 
-5.57658221083035e+007 -2.99575150841766e+006 1.15098242813906e+006 -2.29983463026097e+004 -1.12310141089353e+003 1.23181938735084e+002 -7.17133956263945e+000 1.98136385508118e-001 7.96967042871888e-003 -1.49222311245630e-003 1.07792580979006e-004 -4.08502460636475e-006 -6.52883887273931e-008 2.40437587599874e-008 
-3.71584024887422e+006 -1.42131675900877e+007 6.87443760836503e+004 4.55558977609941e+004 -2.08637048168453e+003 5.05153665423770e+001 2.12647092038848e+000 -3.53985868887588e-001 2.38766792245790e-002 -8.42096078877358e-004 -1.65271055907862e-005 5.04678823505911e-006 -4.16055678952127e-007 1.86100588903736e-008 
3.88138604995014e+006 -7.28118985244847e+006 -8.27193932394243e+004 2.67192099744504e+004 -9.97844012965436e+002 1.41991041537964e+001 1.87997469882058e+000 -2.09634208908476e-001 1.19261860329619e-002 -2.94939362638314e-004 -2.00131875502744e-005 3.11953131042989e-006 -2.15451926554140e-007 7.44513542518396e-009 
-8.29424168929378e+007 1.46174747229479e+007 1.06367957865730e+006 -3.14104325877692e+004 -1.07869891236203e+003 2.17464288592344e+001 3.93380996965116e-001 -8.86656982354563e-003 -3.06051587688427e-005 3.08140406340062e-006 
-6.17026869520245e+007 -1.70652784802079e+007 7.80271105053358e+005 3.51763569809971e+004 -8.56894963009648e+002 -2.06344571314430e+001 4.26080701237283e-001 4.35906653042592e-003 -1.52091446477337e-004 7.22255810598135e-007 
-2.24673016104476e+007 -8.60177987767319e+006 2.83642961369075e+005 1.78114639141067e+004 -3.17157555958247e+002 -1.06582209217597e+001 1.66766606179764e-001 2.52188603666792e-003 -6.65465093488887e-005 1.23188172236903e-007 
-4.65751062532681e+007 2.13617688725787e+007 5.98980803416251e+005 -4.47624100715250e+004 -5.69644669605156e+002 2.81891297199578e+001 1.45786294148004e-001 -8.40983242984761e-003 4.62764636730793e-005 9.76417010637889e-007 
-8.84371969973301e+007 -9.39530732801362e+006 1.10839694263276e+006 1.87521462216512e+004 -1.16014195990850e+003 -9.46002670960879e+000 4.85766676044714e-001 1.50175631959694e-004 -1.06105870683986e-004 1.63250852358246e-006 
-3.67955035643253e+007 -5.57863847096560e+006 4.60658795335776e+005 1.12688740543451e+004 -4.85785826440422e+002 -6.03994359557922e+000 2.09215669545095e-001 5.95893173102816e-004 -5.03974200934327e-005 7.31744834678980e-007 
-8.18371485777016e+007 1.68012191735444e+007 3.81409308072316e+005 -1.31418026796497e+004 -1.24443165032801e+002 2.96389893340448e+000 5.65293913236958e-003 -4.18485127824606e-004 -6.22883224412697e-005 1.72737792770426e-005 1.39183534788769e-006 -1.27550112121981e-006 1.02066798184390e-007 
-1.15185785224604e+008 -1.04587708386084e+007 5.29056904096720e+005 7.55915594126235e+003 -2.04378511489756e+002 -1.14410451496334e+000 2.86594561424899e-002 -5.10299481001601e-004 1.86321087540040e-005 1.90329867567750e-005 -3.54328746638345e-006 -5.93421179088218e-007 3.25505436816071e-007 
-4.99861354236501e+007 -4.53504055077567e+006 2.29405746443990e+005 3.27763372750187e+003 -8.86230372657188e+001 -4.95947434709196e-001 1.24734348596942e-002 -2.58813042704504e-004 6.13288158160157e-006 1.07375444091647e-005 -1.71044533720648e-006 -3.79502005180299e-007 1.70968803499326e-007 
-4.57037296218007e+007 1.91923716221705e+007 2.13730450103114e+005 -1.46550419525498e+004 -6.46216606187831e+001 2.99946906716400e+000 6.06647988271416e-005 -1.95396388385741e-004 -5.47757444458278e-005 -1.18311347081399e-006 1.99896240034293e-006 1.86421231686091e-007 -4.29357520712033e-008 
-1.31623865654144e+008 -5.92057581763231e+006 5.99505909011279e+005 4.14129902125442e+003 -2.20799829105436e+002 -5.03325348419379e-001 2.49781132441630e-002 -4.73417110698967e-004 -2.03808116725871e-005 1.52952943572052e-005 2.04440094462924e-006 -3.61188167831177e-007 -8.53313277440424e-008 
-5.71138703660733e+007 -2.56722804112365e+006 2.59951683576360e+005 1.79554071784537e+003 -9.57478599113086e+001 -2.17846998636263e-001 1.08742971786286e-002 -2.37245230066842e-004 -9.75679768995268e-006 8.39906816671766e-006 1.03645681617128e-006 -2.12487661055282e-007 -4.57342161809697e-008 
-2.31815650737142e+008 1.04114251925872e+007 1.02774947069069e+006 -3.40920056024948e+003 -3.25904132900075e+002 -3.21489361215561e+000 -3.96279679820444e-002 5.90614832338182e-004 2.98901892121289e-005 4.34278534850607e-007 2.15730705201102e-008 
-6.24490196613213e+007 -2.65103464208656e+007 2.76384536947362e+005 2.06118397005515e+004 4.52227815115153e+001 -1.89723863442771e+000 -6.31090875105547e-002 -1.38989559663124e-003 -1.06367995974167e-005 2.53771508873487e-007 -7.40096365339371e-009 
-2.23746205507774e+007 -1.24418312491730e+007 9.89352217182336e+004 9.54624030656980e+003 2.95672117639183e+001 -7.83075195557673e-001 -2.79012119313847e-002 -6.51283671626502e-004 -5.17596601215608e-006 7.11933120780546e-008 -7.53256374227969e-009 
-7.70595256398267e+008 -5.64302185434803e+006 9.22301152385814e+004 8.60921048303348e+001 -8.49164125214756e-001 2.69702762469347e-004 -8.99580373154020e-008 3.58400216439075e-007 
2.16645345266498e+008 -1.51116988696567e+007 -2.59004334256021e+004 3.08827908976902e+002 9.63077372532459e-002 -1.30800452928499e-003 3.13783969150012e-006 -9.39275145009031e-008 
1.11644264209127e+008 -6.34045280015719e+006 -1.33494229595897e+004 1.30294900868699e+002 6.19685328366077e-002 -5.68016714859320e-004 1.37132317393971e-006 -2.40479028271402e-008 
-1.41053343058647e+009 -1.56204052189827e+006 3.16848083815705e+004 -1.96593030899950e+000 -6.04475389111112e-002 2.74702926926084e-005 -1.93937127302223e-007 
6.03680877187123e+007 -1.23676772887906e+007 -1.31489599365489e+003 4.64989913480996e+001 -1.66260104663446e-002 -5.49814675585264e-005 1.36540753876546e-007 
8.55650238656435e+007 -5.03986858634208e+006 -1.90706013144502e+003 1.92662811249613e+001 -4.28826310259799e-003 -2.31228504232265e-005 7.38918401281931e-008 
-1.64886819476169e+009 7.54451527441080e+006 4.74373830120768e+003 -3.95926130209706e+000 -7.87623541885781e-004 8.69364036008442e-007 
-2.08623059764187e+009 -5.43488644432400e+006 6.00329741545222e+003 2.18787665758584e+000 -1.74511039271470e-003 -6.09080993006706e-009 
-8.90356474766799e+008 -2.48723973637778e+006 2.56212155067440e+003 1.01455387841711e+000 -7.52299829109910e-004 -1.35623959442597e-008 
-6.70736324966457e+008 7.38281799477573e+006 4.58036253144813e+002 -8.39803416892939e-001 -3.29264207242765e-005 2.38521474404029e-008 
-4.15152546940752e+009 -9.24131382485491e+005 2.83587485446861e+003 1.16555037267698e-001 -1.52446881781083e-004 -1.18035300434541e-009 
-1.68255919205130e+009 -5.61997494881403e+005 1.14933312626406e+003 6.86042346251400e-002 -6.16361338323142e-005 -1.09516126924832e-009 
-4.02267551506869e+009 3.56255861648277e+006 2.78633114593051e+003 -2.04788316065500e-001 -2.98210453405053e-004 -3.42023370143167e-008 
-1.94442726421682e+009 -6.83288962493535e+006 1.34712016423112e+003 8.88808199449990e-001 -4.23947708942133e-005 -1.24926588868004e-007 
6.05188155175071e+008 -3.20551124931476e+006 -4.19328976818412e+002 3.38404861077223e-001 7.64450678844305e-005 -1.98555997997724e-008 
3.40817146524661e+005 -1.21267331664220e+004 -2.21369044828733e+004 1.83794113568329e+001 1.33063243624814e+002 1.96248109864088e+000 -5.38357694922384e-001 -2.96824412388928e-002 1.96376850225270e-003 2.91948212051179e-004 -1.66817307960667e-006 -2.28792400162496e-006 -8.54461466695148e-008 
1.95543139242595e+004 1.69999324003010e+005 -1.18778344113110e+003 -1.78897435423316e+003 -7.73974992208808e+000 8.10807100335463e+000 2.39950889704411e-001 -3.21792234628513e-002 -2.84575114417848e-003 9.41616108341222e-005 2.50108172217979e-005 3.61519551696408e-007 -1.78164732645331e-007 
-1.10445434046661e+004 6.01355500220825e+004 7.65929556765485e+002 -6.25391266153778e+002 -9.88177018717969e+000 2.72331234016460e+000 1.12915144914274e-001 -9.64355389883498e-003 -1.10032590519722e-003 1.72276567791801e-005 8.83188183186874e-006 2.49177112939149e-007 -5.76905505611988e-008 
1.64447935835908e+005 -1.54293006641279e+005 -1.03929384704368e+004 1.68821035364240e+003 3.76961712150001e+001 -8.83471573978903e+000 7.37862240209760e-002 4.84920361165479e-002 -1.92213864386484e-003 -2.90347439146888e-004 2.23692778775489e-005 1.61814273582250e-006 -2.25922128825898e-007 
2.88795714381846e+005 8.49188644026751e+004 -1.81161340880387e+004 -6.99832065698130e+002 1.18226962641422e+002 7.06212331756386e-001 -6.03610511446063e-001 1.52932140224660e-002 3.51128873009511e-003 -2.06102049405500e-004 -2.04663774827715e-005 2.18297902351929e-006 1.00879880118459e-007 
9.26258830180446e+004 3.79985080023958e+004 -5.77662484980269e+003 -3.35463220612493e+002 3.92128993996484e+001 7.21617884277840e-001 -2.14657714742591e-001 2.74003046995286e-003 1.33000629242024e-003 -5.64437567258616e-005 -8.35282291891490e-006 6.76161878955417e-007 4.73771406358116e-008 
-1.63387735888493e+005 -1.57392360455608e+005 8.79072143375522e+003 1.25341138039800e+003 -6.38655341990410e+001 -8.47718820515643e-001 2.46315706065691e-001 -1.95631913857697e-002 4.89968804333327e-005 1.02130320757803e-004 -8.01557054079571e-006 4.41702156649806e-008 4.70645096950776e-008 
3.08071815005016e+005 -6.42073835630763e+004 -1.65343318986638e+004 7.84729364378817e+002 5.26309816104380e+001 -4.06430762660286e+000 1.38690093735600e-001 8.91159269048799e-003 -1.54132735348021e-003 6.04877412048050e-005 3.79292369062984e-006 -6.68468617999095e-007 3.05096202689905e-008 
1.16987798269475e+005 -1.40100284332851e+004 -6.26321979951330e+003 2.05784167266266e+002 2.18037678887872e+001 -1.36966253613061e+000 3.53628256479804e-002 4.15880729576770e-003 -5.41203828609167e-004 1.56606453568697e-005 1.75453906384760e-006 -2.35996254819646e-007 8.14151467048719e-009 
-3.72515103877597e+005 -4.42938477887388e+004 1.77378494679310e+004 2.59320648275110e+002 -5.73520007197815e+001 3.16551041793254e-001 -5.55386708975302e-002 -9.80405495146486e-004 4.77529120849975e-004 -1.39962581512452e-005 4.71295294696039e-007 9.86003894115202e-009 -6.24391450381632e-009 
8.40469139424824e+004 -1.49389701694678e+005 -4.10945883213304e+003 1.17011496272191e+003 5.28363507606548e+000 -1.17563173486815e+000 3.29385341735563e-002 -7.56741390392985e-003 1.04167683386825e-004 1.27445352562622e-005 -7.58823331592061e-007 8.61602471951094e-008 -2.91353747059515e-009 
4.97363044638595e+004 -5.00068628207495e+004 -2.41334646072625e+003 3.94479610434247e+002 5.02738427004951e+000 -4.21657003480648e-001 1.44466856149272e-002 -2.60064155839248e-003 1.03713140159320e-005 5.18838465262294e-006 -2.89747867005385e-007 2.96596428005645e-008 -6.81435225933758e-010 
-3.20300017983061e+005 9.45295254300283e+004 1.53565597818420e+004 -6.63330165892297e+002 -5.92800725957638e+001 1.55541793415943e-003 6.96531717158701e-002 7.63947719789955e-003 2.52281110682248e-006 -2.30121948807577e-005 -7.08071909074712e-007 3.50002845811594e-008 5.88382618684838e-009 
-2.03324082728983e+005 -1.26485100691064e+005 9.63162373352458e+003 1.04869461967486e+003 -2.40766277221186e+001 -2.20994500551586e+000 -7.74582020062238e-002 1.50406761835283e-003 4.43317846611243e-004 4.31289426539910e-006 -9.26739289621677e-007 -6.79824638095528e-008 8.33731820934116e-010 
-5.40436887242753e+004 -4.96434705617516e+004 2.52374339874987e+003 4.04028335499875e+002 -5.04513003162161e+000 -7.71840291699788e-001 -3.12845225489683e-002 9.70903272130753e-005 1.55122474876656e-004 2.80987045223743e-006 -2.84325143616794e-007 -2.58325159790695e-008 -3.81009702554608e-011 
-4.44046083373571e+004 1.70335267260546e+005 2.17690395775211e+003 -1.45843110658289e+003 -2.86452271852802e+001 3.44051577131962e+000 1.58289887579686e-001 -4.30071127716487e-003 -4.80449019680657e-004 1.82397320515525e-005 1.75102978370035e-006 -1.05538393617928e-007 -1.09576395825175e-008 
-3.46530339925624e+005 -9.47444324387369e+003 1.82247423391713e+004 2.50534813069662e+002 -7.58100220235111e+001 -2.16368967169036e+000 1.17103226837776e-001 8.56403275806746e-003 -2.24153671909195e-004 -2.45899093764365e-005 1.43135440554403e-006 1.27662790605504e-007 -6.31489759529725e-009 
-1.19668915753747e+005 -1.28243176519374e+004 6.27338457875821e+003 1.70106766184055e+002 -2.48984740109163e+001 -9.54594556749786e-001 3.19024567003349e-002 3.24434697441991e-003 -5.13147767624990e-005 -9.63249308745094e-006 4.03455950419586e-007 5.07103585669102e-008 -1.59624241484479e-009 
2.56873693879024e+005 1.16229352599114e+005 -1.53001803139903e+004 -1.22207140835268e+003 6.27207292687296e+001 4.82245446110083e+000 -5.87630299370848e-002 -8.81121445279048e-003 -1.29508507267879e-004 -2.50274581232633e-005 -1.01425608725426e-006 2.38755447296430e-007 1.50793464345361e-008 
-2.26060551972206e+005 1.25756605653551e+005 1.31949173460042e+004 -1.09441975215115e+003 -7.73505819774740e+001 2.40592904528716e+000 2.23266047301994e-001 4.56009004433737e-004 -7.92806794287120e-005 -1.75794598872482e-006 -2.93108274977176e-006 -1.43351483205614e-007 1.33282764317434e-008 
-9.41532641155725e+004 3.77052628541551e+004 5.49980972687474e+003 -3.14322353519482e+002 -3.06808037092044e+001 5.65187832114412e-001 8.15326917179842e-002 6.73479707555601e-004 -1.96354866765763e-005 7.96652268593199e-007 -9.73276692018459e-007 -6.39438705053751e-008 3.81683332246433e-009 
3.36760256819489e+005 -4.14215778786611e+004 -2.12781088456571e+004 3.75703286939059e+002 1.20147853052971e+002 -4.95864105891054e-001 -4.07358339367510e-001 -1.03085476374271e-002 1.09708225318340e-003 1.20851236878084e-004 4.59422312934484e-008 -8.23366958201019e-007 -3.69129331999987e-008 
7.81588872413955e+004 1.63264734730528e+005 -4.85214365399942e+003 -1.66593327015539e+003 2.05869599447893e+001 6.75864724207261e+000 3.99256190564883e-002 -2.10718447429885e-002 -1.14546358074224e-003 4.11362366208040e-005 9.90605821330365e-006 2.18387467161058e-007 -5.58657248913655e-008 
8.43368091868891e+003 5.98392120414584e+004 -4.91073999524301e+002 -6.06085341502842e+002 3.25940114456849e-001 2.39732753885089e+000 3.75233013438507e-002 -6.79722677167799e-003 -4.65804656915975e-004 7.48492868801502e-006 3.47835018656525e-006 1.24062941177446e-007 -1.75040331036586e-008 
1.24357387313688e+006 2.57751518801516e+003 -2.78394289895258e+001 -5.20903894819280e-002 -3.20968264465195e-003 3.29520004006956e-003 1.64884067049040e-004 -8.93889159166272e-005 -5.23598224977077e-006 2.63907203266685e-006 1.74232914606817e-007 
7.22363657289046e+004 9.17664588573780e+003 3.85915730402056e+000 -1.17847600150996e-001 -1.75475841792604e-002 -6.75137720492120e-004 4.82901142158554e-004 2.17852844299580e-005 -1.39373903332153e-005 -7.11164379198773e-007 4.27357575591625e-007 
-9.12317154529284e+003 3.83861031011859e+003 2.47911556286301e+000 -3.74013230899155e-002 -9.12750755635935e-003 -7.10255546977871e-004 2.40876657403257e-004 2.09135278467401e-005 -6.90101541255184e-006 -6.52346301537459e-007 2.10166761091580e-007 
1.24850598068585e+006 2.35494218027878e+003 -2.74016449091575e+001 1.50612651454338e-001 9.46437998998187e-003 -1.19712748624994e-003 6.51809320235264e-005 7.78474965324936e-006 -2.50117491107650e-006 3.04385839077534e-007 -3.04074886398380e-009 
9.06137652053329e+004 9.19878926401321e+003 1.56861384436402e+000 -1.81789506769702e-001 9.18011045314845e-003 2.02052385138386e-004 -1.14227185925327e-004 1.59109677943461e-005 -7.26066747941679e-007 -1.79489859157261e-007 4.54174927630091e-008 
-1.42896912028338e+003 3.85469718542414e+003 1.43866746602549e+000 -9.51392951503608e-002 3.69634294230480e-003 2.26296184185285e-004 -6.76821874965162e-005 7.69124485792381e-006 -1.28286423048392e-007 -1.26153865800987e-007 2.45600199854991e-008 
-5.46614179594628e-005 -4.57698466545096e-007 6.19833043373251e-007 1.35855542398862e-007 -7.08307732905077e-008 -1.02525300068106e-008 4.30826004511405e-009 5.49980378009530e-010 -2.03242296783047e-010 -2.69458570281296e-011 
-3.72719448037322e-005 -6.48526468352352e-007 -1.68976699355754e-007 9.62276048522332e-008 1.85574660749063e-008 -7.21671819569994e-009 -1.01378824864281e-009 3.42840461297268e-010 4.27845698400084e-011 -1.24501297935655e-011 
-5.38862560768612e-005 -2.05073503210479e-008 -5.68596174507735e-007 4.19003163543747e-008 3.28074898607730e-008 -3.83767946942158e-009 -2.05020945852303e-010 6.70019298261801e-011 -5.33059714143607e-012 5.68971891209029e-012 
-3.78114372933995e-005 2.27080305485327e-007 -1.52749265109552e-008 -6.71893881434060e-008 5.93013944144503e-009 1.42779518853561e-009 -3.47842902021223e-010 7.74472158734823e-011 1.04404867644506e-012 -4.80701252337419e-012 
-5.44164522101356e-005 5.65361944796480e-007 5.81197678431560e-007 -3.25798571066639e-008 -3.86006573489401e-008 -1.16398472731751e-009 9.69637430580203e-010 1.09587141639504e-010 -1.41695070486840e-011 -2.76395075214044e-013 
-3.82651175401415e-005 -5.97292702895914e-007 7.68013674526120e-008 7.03162581245933e-008 -9.21169499922233e-010 -2.75680975796810e-009 -2.05507740252740e-010 3.70028530925856e-011 9.41206057549055e-012 3.40396234115357e-013 
-5.31365974158765e-005 -3.16806594248128e-007 -3.93957513310391e-007 1.82039368033159e-007 4.77713264948418e-008 -9.30123616521789e-009 -2.34498778605239e-009 1.70605575048702e-010 5.99376189226320e-011 1.51136639015638e-012 
-3.83614357177132e-005 2.34834108365321e-007 -2.07792736063182e-007 -7.10408013022219e-008 1.91881130693765e-008 4.88855262964208e-009 -5.93539953776224e-010 -1.85841930428721e-010 5.08230478640147e-012 4.53303017855078e-012 
-3.72960772385900e-002 -6.52438915017727e-004 1.67129244024426e-004 1.15753101831754e-005 -9.57960193470536e-006 2.02083658735317e-007 3.55265145877867e-007 -1.46522896185921e-008 -1.09956377034376e-008 4.70904812615701e-010 
4.31264179303761e-001 1.43770573567715e-004 3.88037378175450e-005 -1.77391523707365e-005 -1.00455127539497e-007 7.91629204257631e-007 -2.89747679577892e-008 -2.62490149216227e-008 1.15709418069204e-009 7.98018371758905e-010 
9.14777297939065e+002 9.20392073732752e-001 -1.49110855783632e-004 -7.55930964403261e-006 8.64131400258389e-006 -2.53192051903614e-007 -3.22727745372498e-007 1.51996719146723e-008 1.00164634251843e-008 -4.85543153287561e-010 
-3.76720724488146e-002 1.39212642983566e-004 3.18531311504833e-005 2.07298183809501e-006 2.04159109786714e-006 -6.54803267257599e-007 -3.62547945940049e-008 1.31625327626180e-008 -1.02506378738502e-009 3.90408447828845e-011 
4.31505417376425e-001 5.47053543008493e-005 -1.85673732230235e-005 1.59781833314793e-006 -1.09908962047953e-006 -1.58475361544493e-007 4.61691059180757e-008 -4.50815939825602e-010 -3.82031367314424e-010 8.60174243400705e-011 
9.16617320941265e+002 9.19762304174377e-001 -1.80583962505398e-005 -3.40978697853941e-006 -1.97984329328278e-006 6.19831573728023e-007 3.09776210666238e-008 -1.19530936326350e-008 9.76556011411813e-010 -4.33056471979173e-011 
-3.72409584854729e-002 1.97524956865752e-004 -8.89628468504867e-005 -3.12726782432690e-005 -5.40276516796414e-007 9.52033655182308e-007 8.52035955693763e-008 -1.18516075349886e-008 -2.13092447106483e-009 -1.35425210654032e-011 
4.31362205407885e-001 -2.34598980697979e-004 -5.40341813676265e-005 3.15708355085343e-006 2.52580920102178e-006 1.53445235627813e-007 -5.08059711443238e-008 -6.15113716450935e-009 3.15357757851972e-010 1.15023808371377e-010 
9.18456729168062e+002 9.19714963578546e-001 7.21010209680418e-005 2.72511609663274e-005 6.11364065466283e-007 -8.58095966380188e-007 -7.77823667545962e-008 1.07463999841486e-008 1.94202188684182e-009 1.38179091095899e-011 
-3.79778928210020e-002 -8.74168486277522e-004 -1.20598873994503e-005 4.86331656402518e-005 -4.70573357404664e-007 -1.74769595065873e-006 -6.46030398243800e-009 4.15366202182814e-008 1.57823089932433e-009 -5.94822776938172e-010 
4.30901347096460e-001 -9.59593854828980e-005 8.57070599897398e-005 -2.80978771000047e-007 -4.02774007327966e-006 2.87185182167559e-008 1.18282778440697e-007 2.19999308037705e-009 -2.22938255442266e-009 -1.41565785542034e-010 
9.20297102126590e+002 9.20603954171303e-001 3.27513239534666e-006 -4.26458658655713e-005 6.21620442879781e-007 1.58210700132064e-006 2.89712403572713e-009 -3.81546416210301e-008 -1.42008806289350e-009 5.52412858755336e-010 
