-5.80193429453241e+007 8.30829928386465e+005 1.01468931975650e+006 -2.78881874968662e+004 -3.26900560063743e+002 6.12142809211957e+001 -4.53987196778119e+000 2.02429556073886e-001 -4.32796261362659e-003 -2.56189011386336e-004 3.75601433799395e-005 -2.60691674283601e-006 1.12802236529100e-007 -1.35695821068993e-009 
-1.53720186627116e+007 -1.36049012193546e+007 2.74845156587949e+005 3.25274868777699e+004 -1.59766449763897e+003 5.64197924387591e+001 -5.69525930161413e-001 -1.10457338141543e-001 1.11749250753454e-002 -6.54914888263123e-004 2.27623393931304e-005 1.21344348257082e-007 -9.14990528497062e-008 8.22771158732195e-009 
-2.27750768208208e+006 -7.35384723912686e+006 4.16005654688482e+004 2.02670774094144e+004 -8.19531637147017e+002 2.37904720298685e+001 1.66523620993295e-001 -7.99936539916192e-002 6.41811367022197e-003 -3.23272366883357e-004 8.26427275191066e-006 3.35138904696779e-007 -6.05729365237047e-008 4.53565010411688e-009 
-4.93205163047031e+007 7.58364003034414e+006 6.74363915201695e+005 -2.76398216842313e+004 1.74207788227712e+002 2.42409877709242e+000 -1.03590755268415e+000 5.95829961557535e-002 -2.88355108457244e-003 1.00835898633003e-004 -1.94498489502221e-006 -6.53335185587229e-008 1.01995388846397e-008 -7.02532656759310e-010 
-3.94021618727098e+007 -1.02015099680056e+007 5.45016489096211e+005 1.47038369393082e+004 -7.18788195722327e+002 3.00078268544090e+001 -1.08543417172201e+000 1.91748576953671e-002 3.48898191333817e-004 -7.82771673233411e-005 5.31107109175980e-006 -2.71719813034157e-007 1.02160309640817e-008 -2.24369242196133e-010 
-1.60164052754345e+007 -6.23605329511871e+006 2.21207746100833e+005 1.07204177416386e+004 -4.02020994242475e+002 1.57779939609826e+001 -4.72394106212450e-001 4.06440319677062e-003 4.85373613049373e-004 -5.22694524535345e-005 3.03871020013164e-006 -1.38370744125500e-007 4.39950198207552e-009 -4.70036316667768e-011 
-2.97769481634953e+007 1.16963190303095e+007 3.57814859799871e+005 -2.53985217838269e+004 6.74580371041199e+001 -1.00637076222393e+001 -2.27157076215768e-001 9.74332738120026e-003 -6.54438826613986e-004 3.15549176685729e-005 -9.43379906491921e-007 3.83456076200808e-008 -3.99170758213647e-010 7.18031412046755e-014 
-5.49994762690871e+007 -5.29377180538311e+006 6.68181807228072e+005 6.77168436857243e+003 -3.36307027587518e+002 1.00788101212543e+001 -6.24063444417846e-001 9.76701070131571e-003 -5.21732164963173e-004 -1.86560291196130e-006 2.01203352514220e-007 -3.06452558078924e-008 1.55061737101460e-009 -6.67894287556088e-011 
-2.63752135183935e+007 -4.04091774804542e+006 3.19822907272131e+005 6.25087187394172e+003 -1.86641098361393e+002 6.42733965685386e+000 -3.09803442895674e-001 4.20695914982807e-003 -2.10835765765533e-004 -4.26859269826275e-006 2.05296445123789e-007 -2.03460913204236e-008 8.69687292440379e-010 -3.56845462547342e-011 
-4.48507745256585e+006 1.33411643054541e+007 5.20833022139743e+004 -2.61639205893215e+004 -1.74712595445651e+002 -1.37424308891499e+001 -1.10909796033508e-001 2.73651272778469e-003 1.73446832958151e-004 2.43554716316520e-005 6.00580340798696e-007 4.18583428896176e-008 8.04273379359638e-010 3.37821722238203e-011 
-6.00418452607523e+007 2.95602296219310e+005 7.21343484849653e+005 2.24800341155250e+003 -2.72320916445643e+002 -3.55682451209977e+000 -5.93800427453027e-001 -8.14012876099351e-003 -6.31738859463588e-004 -6.70836750285812e-006 -1.93775421710813e-007 7.38346572991641e-009 8.57156546272538e-010 3.52240753433215e-011 
-3.16918956970186e+007 -1.22577636689789e+006 3.79922305523227e+005 3.91380524283258e+003 -1.27350613530435e+002 -4.75000848138063e-001 -3.05692591919746e-001 -4.63206841559003e-003 -3.55447343740462e-004 -6.10906344960524e-006 -1.65784464621825e-007 -3.95578641358102e-010 3.74552625765640e-010 1.53181950248978e-011 
-7.42475807570132e+005 2.38886691852108e+007 9.02286622202336e+003 -4.92503950956191e+004 2.79069977052459e+001 2.90121690790338e+001 -7.05480638876729e-002 -6.48968261440599e-003 6.16495194811578e-005 -3.25117851913158e-007 
-9.72832338579947e+007 3.19334765739628e+005 1.21753094240921e+006 -1.26879762703401e+003 -1.23321605699053e+003 2.24419049347505e+000 4.51204054028365e-001 -2.24882886335339e-003 -4.52482494742684e-005 1.26560845369279e-006 
-4.37454353937316e+007 -1.36835139777141e+006 5.47210257968012e+005 2.54573993137248e+003 -5.56604323608252e+002 -8.26230291965154e-001 2.07467005661354e-001 -6.01097133905483e-004 -2.42605653598967e-005 5.90020779825676e-007 
4.52694046815489e+007 2.16476335636499e+007 -5.60612343758977e+005 -4.43118993462111e+004 5.77584909352693e+002 2.53448212663467e+001 -2.27504478136517e-001 -4.84862799129846e-003 3.81881523626955e-005 -7.81461726927514e-007 
-8.71847232067888e+007 9.67036245248788e+006 1.08723914370806e+006 -2.00766927609532e+004 -1.08583503250632e+003 1.21891775169873e+001 3.73445082449440e-001 -3.16295432904235e-003 -1.82751773635152e-005 2.05085349318853e-007 
-4.21143275451868e+007 2.98059757249602e+006 5.24637212766848e+005 -6.22866416572745e+003 -5.25079858810515e+002 3.88022703509905e+000 1.82415486692119e-001 -1.11603309321604e-003 -1.06095059689455e-005 1.44679055647324e-007 
-1.33132337093872e+008 -9.14223148704028e+006 6.52599100193769e+005 6.85373354534206e+003 -2.83851990629533e+002 -1.22354467972998e+000 6.19219873139500e-002 -4.51622851643846e-004 -3.45079665274884e-006 1.16903095472843e-005 -1.88630457392571e-006 -9.33819301891053e-008 1.23521879742131e-007 
5.85711494213287e+007 -1.70985069449430e+007 -2.83914930573582e+005 1.42025898656431e+004 9.99712757304015e+001 -4.03235320215755e+000 -7.43786438547182e-003 8.60684793371419e-004 3.06474097505807e-005 -7.32209268647109e-006 -2.05833157936271e-008 3.40993838279819e-007 -5.82016446563886e-008 
2.53821474665930e+007 -7.41256692104105e+006 -1.23087324955377e+005 6.15724804938925e+003 4.33425200466428e+001 -1.74800047526274e+000 -3.35848507731181e-003 3.65526194345858e-004 2.08652531290030e-005 -3.41957374823872e-006 -2.36726560113307e-007 1.97768441695020e-007 -2.37947950723358e-008 
-1.45990969711122e+008 -3.67101723311161e+006 7.07040303157771e+005 2.19443290747486e+003 -2.94018100310875e+002 1.90874443935090e-001 5.45853176191319e-002 -9.47203787408609e-004 4.60008328477065e-006 3.46540443329881e-005 -1.08672502270214e-006 -1.86403216774828e-006 1.40113363265311e-007 
2.26576541610688e+007 -1.86670606922518e+007 -1.06556756414740e+005 1.51554127853843e+004 1.94234958212353e+001 -3.94956216521361e+000 1.14530520978343e-002 6.47833960692462e-004 6.19199925695939e-005 -4.89880116922861e-006 -3.61131226699759e-006 3.89216952762129e-007 1.82166451791476e-007 
9.81285415660467e+006 -8.09259526076902e+006 -4.61971576372547e+004 6.57033890317119e+003 8.42235855338865e+000 -1.71244629482022e+000 4.81136793625231e-003 2.99413773237968e-004 3.89032938040712e-005 -3.41297241482615e-006 -2.26549600844688e-006 2.58297687184168e-007 1.14834186956701e-007 
-1.39485258873868e+008 -2.62056427730091e+007 5.98877912411097e+005 1.67509010350387e+004 -2.49381614814293e+002 8.25211919311568e-001 3.24394021906750e-003 -1.12095906485883e-003 2.02726663473066e-005 -2.87580458301603e-007 -8.84289219642290e-009 
1.81761951658294e+008 -1.50039020483978e+007 -7.78400289893630e+005 1.33069793220912e+004 1.49982082151910e+002 -2.51607922118315e+000 5.83749694843367e-002 -6.86099931682940e-004 -2.66953758553544e-006 1.09661605617351e-007 6.67228731197257e-009 
8.71081362783460e+007 -6.17402968947520e+006 -3.73205904542488e+005 5.65102527206956e+003 7.55285802330974e+001 -1.17631851045630e+000 2.66881911092409e-002 -2.84575706582426e-004 -1.78105175999987e-006 6.53737615439162e-008 1.73652505454217e-009 
9.10985578972003e+007 1.77146144063010e+007 -1.21038619796528e+004 -3.99082714124714e+002 -2.02287506308530e-001 2.43083773113306e-003 6.56279394263209e-006 1.08862377167721e-007 
-7.11968442494792e+008 2.88112084588277e+006 9.46185395914292e+004 -1.07555016300534e+001 -1.05062350935034e+000 -1.34363686326554e-003 4.75260218225065e-006 3.51007769094009e-008 
-3.07397138569972e+008 8.03568237231673e+005 4.08511045682146e+004 5.10606377279074e+000 -4.45400621525701e-001 -6.34381800891552e-004 1.85397891528199e-006 4.62082193774758e-009 
-1.26116493654518e+009 -6.29495566037700e+006 2.98736063086733e+004 1.79305689404948e+001 -7.04784185597740e-002 9.88823728632065e-006 1.28261677788815e-007 
5.16708448161187e+008 -1.13410968911510e+007 -1.22294172489094e+004 4.76031397100054e+001 9.69525895483381e-003 -7.78518675322136e-005 6.45632523944549e-008 
2.67711550185307e+008 -4.41333083332463e+006 -6.33725847174698e+003 1.88892686769851e+001 7.03644598949339e-003 -3.25836398278373e-005 1.72727159780410e-008 
2.94538781266366e+009 1.81078792488253e+006 -6.88113335374918e+003 -6.85598558341375e-001 1.11958532116517e-003 4.15355964160240e-008 
-5.34517945994259e+008 8.05720730236349e+006 1.24807210535115e+003 -3.14436805239460e+000 -1.89186347738453e-004 2.97352214048908e-007 
-2.75763980601029e+008 3.50324736399960e+006 6.43945754305817e+002 -1.36748064909412e+000 -9.89720899214135e-005 1.29099639863792e-007 
3.52835263737406e+009 4.60318073683666e+006 -2.46862873031918e+003 -5.55933308272212e-001 1.40288154419521e-004 7.39096122406348e-008 
-2.54338122049786e+009 5.54434832990199e+006 1.77967528980130e+003 -6.32948842779004e-001 -1.04985404839076e-004 1.25240096344247e-009 
-1.12886241500083e+009 2.15473006020362e+006 7.89886997832204e+002 -2.45242070286869e-001 -4.63828074891296e-005 -1.27616361636523e-010 
-7.68321759627823e+007 7.64951024687638e+006 4.71290756767871e+001 -7.84305818959672e-001 1.39491449816817e-004 6.55482456802363e-009 
-4.49293766033826e+009 -5.93528519326359e+005 2.74673943121657e+003 -2.83061643944630e-001 -1.92329757090244e-004 1.04648105533798e-007 
-1.37895789334325e+009 -2.48999834383352e+006 8.42972224520028e+002 1.48363452209949e-001 -1.02254737872319e-004 1.57754595182508e-008 
-1.14957582583380e+005 -1.68194384893357e+005 6.61591204970567e+003 1.58575506313204e+003 -4.75567180732952e+001 -5.33668764038263e+000 1.88049122477725e-001 1.61415449485705e-002 -3.49014376246985e-004 -8.19955359917632e-005 -9.28871404690837e-007 5.16663816093753e-007 1.31347423683243e-008 
2.97584839631239e+005 -4.31631404039895e+004 -1.77579013480504e+004 5.26512239668713e+002 8.86095196151982e+001 -2.72941444470880e+000 -2.52516836314610e-001 7.95124320758353e-003 9.65947560115754e-004 -1.51240588720107e-006 -5.74533142879083e-006 -1.28119062137900e-007 3.48320930788787e-008 
1.51161179994801e+005 -3.22518024473452e+004 -9.03339940235330e+003 3.67576260957752e+002 4.42764599490798e+001 -1.74520384701204e+000 -1.23265145430775e-001 5.11836983151253e-003 4.92088018290863e-004 -5.39927967207571e-006 -3.09464656412284e-006 -3.89221165885357e-008 1.91830614757743e-008 
-3.51287086824743e+005 -5.80401965181410e+004 1.86512282498381e+004 3.17898420976151e+002 -8.83147181730485e+001 1.33628266307602e+000 2.06972386421266e-001 -1.49636330665949e-002 -3.88010949687088e-004 7.98138847846103e-005 -3.89681910989022e-007 -4.00850164973613e-007 1.56383996128161e-008 
1.02487481730013e+005 -1.41555780522952e+005 -5.47364086143461e+003 1.30200936340148e+003 4.18161199764012e+000 -4.01358979532268e+000 1.48897763915173e-001 8.54670224348007e-003 -9.80904752607174e-004 -1.18596137790935e-005 5.03020953005750e-006 -9.73861560775545e-008 -2.46367046250261e-008 
3.46599683527392e+004 -7.81879507426249e+004 -1.85405782198845e+003 7.07288570010476e+002 -2.74287006713134e+000 -2.05191249645169e+000 9.04810209189170e-002 3.69107948210813e-003 -5.41289789746157e-004 -1.81097016534650e-006 2.64243953229463e-006 -7.40273899653091e-008 -1.21737590820469e-008 
-3.21023188367192e+005 8.54836718740800e+004 1.53571325532291e+004 -7.50792473485902e+002 -4.40281643161267e+001 1.89402268162971e+000 -8.78919989433498e-002 -1.29428590300804e-003 5.75957384580939e-004 -1.59255998390950e-005 -2.92562781304988e-007 1.14816577811119e-007 -6.63664933028531e-009 
-1.77260114087994e+005 -1.26389886072640e+005 8.61109183046835e+003 9.43839160135338e+002 -3.72398716359021e+001 -5.39349420008902e-001 6.16812475988612e-002 -8.33286036462312e-003 6.32137711483810e-005 2.08245616019454e-005 -1.38192400583228e-006 4.35345152964845e-008 5.60040619598070e-009 
-1.11741957796272e+005 -6.21235862044731e+004 5.41836515108345e+003 4.57448576854211e+002 -2.22093379916453e+001 -1.79190970872903e-001 2.78330362575200e-002 -4.48384808172615e-003 6.57473074761661e-005 1.01375386625831e-005 -7.48570997849278e-007 2.94677835464936e-008 2.59390707097098e-009 
-6.27133818402614e+004 1.62529875933518e+005 3.04223267291659e+003 -1.24801477999116e+003 -2.14800277043449e+001 9.59660644357804e-001 6.05377843338132e-002 9.88180430646670e-003 1.55713234424425e-004 -1.75827786099075e-005 -1.62158337573803e-006 -1.25269824233990e-007 1.27987578738853e-010 
-3.32863738427271e+005 -2.29782461887716e+004 1.60736568554127e+004 2.73114127927010e+002 -4.89525001259265e+001 -1.18132989275684e+000 -7.40809415005509e-002 6.90343704178169e-004 5.11476843822883e-004 1.95161126638334e-005 5.26071585454167e-007 -6.16283288816638e-008 -9.10003592077695e-009 
-1.79667080083993e+005 -3.08066603293336e+003 8.67514012285554e+003 7.42370323080935e+001 -2.71169037260022e+001 -5.68857718125032e-001 -3.57236257222283e-002 9.17360451632766e-004 2.79193847051693e-004 9.32292725384212e-006 1.87103857318459e-007 -3.95915663757977e-008 -4.80442072240555e-009 
2.36703686878897e+005 1.23555980529237e+005 -1.28538938782723e+004 -1.26851254206255e+003 3.28247751637126e+001 5.08494189936793e+000 1.86907444231959e-001 -1.21796912460227e-002 -1.79731727229343e-003 -3.09519258950920e-005 8.30980384116709e-006 6.89194514604925e-007 -1.05428068002385e-008 
-2.50713981869731e+005 1.03177653442407e+005 1.36742142587232e+004 -7.48243984786721e+002 -7.68325518613038e+001 -3.71102624827391e-001 2.37283210208682e-001 1.90029054471341e-002 -1.93710199212359e-004 -1.15207269125948e-004 -5.50884261463514e-006 3.57218197016666e-007 5.67050468711807e-008 
-1.19495889070968e+005 6.14700035878490e+004 6.51148015265249e+003 -4.67054939252269e+002 -3.87668083838083e+001 9.12679874428437e-002 1.35904828747654e-001 9.35900155036480e-003 -2.03352678900117e-004 -6.26401195843393e-005 -2.44563401151491e-006 2.27516890026194e-007 2.93855036529060e-008 
3.44567581309151e+005 -2.29287391855210e+004 -2.13467025360424e+004 9.76195835293668e+001 1.24840819494800e+002 9.73061240644626e-001 -5.35003656482819e-001 -9.58546160364098e-003 2.97949476545234e-003 6.17597397806503e-005 -2.01670281371544e-005 -4.60283011538898e-007 1.46915573508824e-007 
2.31524182478510e+004 1.57863997636124e+005 -1.57584290854774e+003 -1.61211156901064e+003 -5.01120770217302e+000 7.12609185533106e+000 1.09255610853359e-001 -3.38878092366725e-002 -7.45862445877389e-004 2.12503448071218e-004 5.07796997130441e-006 -1.50522255794779e-006 -4.00961147142174e-008 
3.13428369891939e+004 8.21813518699227e+004 -2.02876012771908e+003 -8.46667836914420e+002 4.39265018767919e+000 3.82200865566212e+000 2.76000654559194e-002 -1.84558451333589e-002 -2.26917260182099e-004 1.15819205740596e-004 1.55279644080455e-006 -8.21612029905481e-007 -1.29545764328716e-008 
1.53892708641572e+005 -1.57841244748818e+005 -9.63344765601083e+003 1.63336663881481e+003 4.10540797104806e+001 -6.83264425396657e+000 2.80072926034289e-002 2.09857003376369e-002 -1.39040387527742e-003 -2.13785782114250e-005 1.09873790404867e-005 -4.72393860307720e-007 -4.72744358507880e-008 
2.70851614916109e+005 7.67628269827551e+004 -1.70548310080631e+004 -6.99574637482185e+002 9.88696160152046e+001 1.39287747094695e+000 -3.48816172941980e-001 9.34604056265092e-003 8.70703897342415e-004 -1.17697328595024e-004 1.79686874703308e-006 7.07457225626252e-007 -4.86396910042729e-008 
1.51643215462640e+005 3.17676548275809e+004 -9.55026797071123e+003 -2.77653609140226e+002 5.45767407536738e+001 3.49829354840954e-001 -1.82919477316053e-001 6.12541490276312e-003 3.82549844024191e-004 -6.34325176949846e-005 1.56592922186559e-006 3.47507497863788e-007 -2.83675459422353e-008 
-1.75199354465452e+005 -1.54832180407128e+005 9.86643122158318e+003 1.35358441792957e+003 -6.32780758697458e+001 -3.06510041705854e+000 1.92239206458975e-001 1.37422986390232e-004 3.40821567243100e-005 -2.27993523425742e-007 -3.13320298536332e-006 1.56108516752630e-007 1.09291689835936e-008 
2.80196636351755e+005 -6.66683160464312e+004 -1.62190181776164e+004 7.57561835597185e+002 6.83218312510996e+001 -3.34908057722312e+000 -7.73118749484446e-002 5.83459206999114e-003 -9.09155392022533e-005 2.65793419794449e-005 -9.12951372073430e-007 -1.96367863257067e-007 1.20394188074314e-008 
1.38273233087073e+005 -4.38161780016894e+004 -8.00961644414454e+003 4.76516083608708e+002 3.25084338339954e+001 -1.94491443707168e+000 -2.99428493878740e-002 3.09788601569829e-003 -4.65494874685879e-005 1.40216283454308e-005 -6.57505475484260e-007 -9.49664350948322e-008 6.97775035250711e-009 
-2.86217217957176e+004 -7.74617185950883e+003 -2.03186598786543e+000 1.83555994570697e-001 7.50684108746572e-004 -1.94982276499257e-004 2.52822148827965e-005 -2.60943810135010e-006 1.98094534405664e-007 -3.59657325080102e-010 -1.11710888099059e-009 
6.86551066231948e+005 7.13275546773047e+001 -2.40767304487816e+001 -7.13846999248493e-002 5.72169622434442e-003 -2.27089953545354e-004 1.11695476222618e-005 2.66242516966383e-007 -1.53030887053067e-007 3.35261478445350e-009 -2.41315198858272e-009 
2.87064417433777e+005 1.81553251792385e+002 -1.03331455092078e+001 -4.65322513460524e-002 2.83666718788697e-003 -1.04359706326982e-004 3.42356764012231e-006 4.12778973027446e-007 -1.02308315291350e-007 4.40241594641279e-009 -1.16094494250161e-009 
-4.41233123883723e+004 -7.75357654432556e+003 1.76932790202107e-001 1.82099001914483e-001 -3.76667916484821e-004 1.77896539288749e-006 1.98679439009785e-006 -6.45456282784073e-008 9.00609188957764e-009 3.69712424449897e-009 1.32637235881671e-010 
6.86499321533457e+005 -1.23413712823232e+002 -2.44907868885223e+001 -3.27339373099455e-003 3.40484293718789e-003 -3.46796362522799e-005 5.00077703529708e-006 -1.34280486169045e-008 2.33866485562853e-008 -2.06505958602101e-008 -5.48750899552947e-011 
2.87343552045851e+005 9.73014816580518e+001 -1.06711976647457e+001 -1.26844696932190e-002 1.67029531522243e-003 -1.99870518459824e-005 2.55155556321561e-006 -8.49407004255475e-010 1.15368036113804e-008 -8.79649779085752e-009 -3.19796527229006e-011 
5.03267041368142e-005 -2.12607428594650e-007 -9.12346894634897e-007 5.54886662968905e-008 7.19983712893086e-008 -7.30910787760302e-009 -2.51838684106298e-009 4.10043228782430e-010 5.70703581734384e-011 -1.44972575284286e-011 
3.89660360981588e-005 9.10033616473843e-007 -5.77100032859858e-008 -1.24413713835530e-007 1.14291935434439e-008 6.19338293011046e-009 -8.94697804718132e-010 -1.63028552237683e-010 3.90023448348850e-011 3.53568405538876e-012 
4.86900525369379e-005 -9.91938289183733e-009 5.75819457556101e-007 -7.70251066211990e-008 -3.09451958853630e-008 2.00818434681799e-009 -4.72502679022787e-012 1.71917183671425e-011 1.90724016711278e-011 -1.71335018153475e-012 
3.93014022375893e-005 -3.54634580266797e-007 1.35559040793866e-007 7.45287981032941e-008 -8.35004849642022e-009 -1.67785148041479e-009 1.46363079279551e-010 -1.80120582403082e-011 -6.38184941630572e-012 -5.28837878137986e-013 
4.81875902025645e-005 -1.60409178571460e-006 -5.03240293902169e-007 2.09779005368934e-007 6.71197517539499e-008 -8.27064396414903e-009 -4.18880136261884e-009 1.48710700461500e-011 1.81630797164329e-010 1.07239050448027e-011 
3.98106552662602e-005 4.59586845438204e-007 -3.14878141581812e-007 -9.59115791402471e-008 2.27693742489061e-008 7.79603463843216e-009 -4.96155060540050e-010 -3.89270045586730e-010 -5.05336027551372e-012 1.42230391342814e-011 
4.73009247163243e-005 1.10885170887819e-006 -1.69288084846668e-007 -3.14428572894385e-007 2.52099432122774e-008 1.60854945482193e-008 -1.82115065836173e-009 -3.26239467103217e-010 6.02255194687023e-011 -1.40202999601720e-012 
3.95662136669207e-005 4.96593215651478e-008 3.79581930265265e-007 -3.05958212332619e-008 -3.54875351988883e-008 3.42641601436306e-009 1.16174640010508e-009 -1.75541258500630e-010 -9.23654645694695e-012 4.65231656957990e-012 
3.95581367103432e-002 1.83425920772011e-003 -2.62868973301823e-004 -7.24229617752309e-005 -3.21772749497050e-007 1.54539705407825e-006 1.42598024609793e-007 -3.42675693059353e-008 -2.56091481670190e-009 7.59636372126932e-010 
3.87150068591116e-001 -4.28575494723396e-004 -1.54603101739988e-004 9.73632353154498e-006 4.08707088379406e-006 2.44087757316060e-007 -8.62582303833027e-008 -8.09651852095266e-009 1.96616547457477e-009 1.04281848036894e-010 
3.24753083601060e+003 9.18196138446537e-001 2.54510564617867e-004 6.72748045496118e-005 6.98206302242918e-008 -1.42766132955028e-006 -1.29386480166940e-007 3.15737367235438e-008 2.32231237993480e-009 -6.99903166383944e-010 
3.97278336158666e-002 -1.72459277335755e-003 -3.14788357369224e-004 8.89783744505473e-005 8.36884880175087e-006 -1.52687794449762e-006 -1.08892666901681e-007 1.25764525659984e-008 2.54607363266555e-010 3.31708248390636e-011 
3.86018120276153e-001 -4.01643067973369e-004 1.86994763906148e-004 2.16232536006121e-005 -4.71128947303106e-006 -3.86578719689808e-007 5.82135189710478e-008 2.93462520629777e-009 -2.04256786157092e-010 2.57916374722785e-011 
3.24937053151691e+003 9.21544319136575e-001 2.90267396320372e-004 -8.40929805852902e-005 -7.76803871542952e-006 1.42246446054216e-006 1.01467472347765e-007 -1.14752042276366e-008 -2.41140341830247e-010 -3.20679884222250e-011 
3.70813936388561e-002 -2.07027309953499e-004 4.97548835447925e-004 -1.01290459401562e-005 -1.08089805014247e-005 1.35051505115104e-006 2.07883951697532e-007 -3.66838802170544e-008 -6.61253551356594e-009 4.87930065454812e-010 
3.86597142090271e-001 8.29116968267608e-004 2.01780466237802e-005 -3.04832733438753e-005 1.97163379388736e-006 5.24247839887494e-007 -9.03996656665408e-008 -1.36499749047069e-008 1.70107694425982e-009 4.52139019067150e-010 
3.25121281345738e+003 9.20065163737605e-001 -4.73810459658097e-004 1.00944176690316e-005 1.03407508908673e-005 -1.25047543025980e-006 -1.98478446293496e-007 3.35700613391435e-008 6.23421983404788e-009 -4.34568983257354e-010 
3.94369532505448e-002 2.19141422375588e-003 6.12698111151068e-005 -5.00133354028037e-005 -4.97770485391278e-006 -4.73885918834623e-007 1.99345649198404e-007 2.02512744103255e-008 -4.75685644289053e-009 -3.65360935796122e-011 
3.87685729094539e-001 1.17011264345646e-004 -1.58548486878209e-004 -7.67678924914863e-006 8.44586736288843e-007 4.05442562830432e-007 5.10690827503321e-008 -1.24225615396962e-008 -7.27368669402707e-010 2.23985323683026e-010 
3.25305034043314e+003 9.17825397218729e-001 -4.73264201159493e-005 4.76500253689683e-005 4.36900645688765e-006 4.34140427201689e-007 -1.81506452569661e-007 -1.90353967989656e-008 4.40450362714989e-009 3.87766916818978e-011 
