5.05239714739797e+007 3.76458918967216e+006 -1.05367602318278e+006 -4.33668965931841e+004 1.09841660918837e+002 9.81202443644935e+001 8.13092878627485e+000 3.60255247913564e-001 2.42004624639525e-003 -1.18488098820618e-003 -1.20860135474940e-004 -6.50643021988612e-006 -1.02372827097285e-007 1.88036383360569e-008 
-1.89642848161004e+007 1.41816815734048e+007 3.92225092594894e+005 -3.68279725359681e+004 -2.34641084560430e+003 -8.40061693565070e+001 1.69534932465761e-001 3.05513876839994e-001 2.65809787712185e-002 1.25480583816631e-003 9.21167068205898e-006 -4.41299004306178e-006 -4.65924019967668e-007 -2.58652459670497e-008 
-1.54864433535686e+007 7.18487630365871e+006 3.18821674525830e+005 -1.51720709719604e+004 -1.26471025573918e+003 -5.50510014169699e+001 -7.53019992939493e-001 1.25811476989504e-001 1.39469153935956e-002 7.93173142549206e-004 1.74594382756688e-005 -1.68212466813740e-006 -2.38248111168497e-007 -1.57665428300675e-008 
4.81475935306745e+007 -6.48389528222833e+006 -1.45662937918858e+006 -1.26493947286198e+004 4.55936230962054e+003 3.39302828963927e+002 3.97425126024258e+000 -1.47285738151532e+000 -1.40271457875773e-001 -2.73747418356222e-003 6.45161799054403e-004 7.26201746505613e-005 1.97062788725450e-006 -3.20154994532110e-007 
1.06175393554855e+007 1.48102958617064e+007 -3.16620073137678e+005 -8.25304133841865e+004 -2.66784347737023e+003 1.44094027130523e+002 2.31476101221424e+001 1.04352520844856e+000 -4.68763258644417e-002 -1.00730345752301e-002 -5.52395268566994e-004 1.79473517380572e-005 5.21489777193937e-006 3.34748083909988e-007 
5.61833020160462e+005 8.58391707226593e+006 -1.79957319749210e+004 -4.27705257933125e+004 -1.89803334911925e+003 4.17642464238804e+001 1.19517642702391e+001 7.10196884961113e-001 -1.04855709532304e-002 -5.09641140847197e-003 -3.61991762202867e-004 2.05215923137194e-006 2.58104062054130e-006 2.12018398609424e-007 
2.42206769748053e+007 -1.70568032471737e+007 -9.87197759855220e+005 9.82871263376335e+004 7.02163738303522e+003 -3.58057289466860e+002 -5.41115902074039e+001 8.42746837744066e-001 4.33055274077757e-001 7.24154580583709e-003 -3.35928708358090e-003 -1.74428666135940e-004 2.37855951108454e-005 2.40893060445705e-006 
3.43374402567327e+007 8.02525933149739e+006 -1.36107477504246e+006 -6.99352726023366e+004 5.68563118122467e+003 5.26084527819376e+002 -2.01051505936464e+001 -4.26699020492406e+000 1.67957841192037e-002 3.44435042216210e-002 9.92843201404497e-004 -2.62922038565177e-004 -1.76167264050308e-005 1.78068563111465e-006 
1.57148658948561e+007 6.05668072789699e+006 -6.24584918617300e+005 -4.75524837959690e+004 2.30844175957754e+003 3.18151341250357e+002 -5.12497166600204e+000 -2.36660848724261e+000 -3.59576453346208e-002 1.76463888729886e-002 8.78840499181389e-004 -1.22340682834120e-004 -1.18775453554376e-005 7.01213412755141e-007 
-1.32726315798494e+007 -1.91926756853968e+007 4.79488689270414e+005 1.13080910692279e+005 -5.33826751780974e+003 -4.12945767902263e+002 4.84731647282619e+001 7.97717833663168e-001 -3.87818403354179e-001 1.06997715145442e-002 2.65583005771860e-003 -2.09133633664674e-004 -1.32845502170871e-005 2.46608324920719e-006 
3.82599376747472e+007 -4.19573905270454e+006 -1.47215522541916e+006 5.20890679716312e+004 5.98652843899502e+003 -4.79360265321527e+002 -1.74239088593088e+001 3.95255344695637e+000 -4.03673795724395e-002 -2.87597928806580e-002 1.60055880402927e-003 1.68126194328684e-004 -2.13706874538268e-005 -4.87596119787555e-007 
2.17007960199445e+007 -2.49459526410348e+005 -8.36084728253551e+005 1.60908777097027e+004 3.75148936808955e+003 -2.13203234898681e+002 -1.43358449306578e+001 2.02845901368603e+000 1.86736926216767e-002 -1.64718936349147e-002 5.79384715593590e-004 1.11500720299554e-004 -1.00366755500080e-005 -5.16298775010881e-007 
-2.02655831412997e+007 -2.37176198281669e+007 2.52435829591520e+005 5.05743821948023e+004 -2.43486092091304e+002 -3.41284205589010e+001 6.51141188187022e-002 1.32143331864044e-002 2.42987160120326e-005 -4.58400077685114e-006 
9.52466530882071e+007 -4.73388118000213e+006 -1.21609970807397e+006 9.58790844743851e+003 1.32011947050738e+003 -5.21163443016099e+000 -6.36843948484098e-001 4.79252788116757e-004 2.23393852082911e-004 8.75371776963317e-007 
4.40834927277234e+007 -6.28004392173757e+005 -5.63035129208016e+005 1.11174206538009e+003 6.09262742076548e+002 -1.84103592305111e-001 -2.90602352304284e-001 -6.20754952723698e-004 9.89613744975157e-005 6.84004710651614e-007 
-6.38397276989269e+007 -1.93874906267007e+007 8.14047176282462e+005 4.14283297902609e+004 -8.80673095264895e+002 -2.81962197238900e+001 4.20143786212048e-001 1.12384655863244e-002 -1.44110537025951e-004 -3.51975450784280e-006 
7.66593255478391e+007 -1.36566214884121e+007 -9.80395236233627e+005 2.90647554094398e+004 1.06834495826040e+003 -1.95212518815546e+001 -5.23259134848360e-001 7.48280769383172e-003 1.95408039370748e-004 -2.38103467407563e-006 
3.84806905159889e+007 -4.91594664062098e+006 -4.92554225235941e+005 1.04522649172389e+004 5.36337268895622e+002 -6.99674843996717e+000 -2.61998455209352e-001 2.65106602973175e-003 9.68196304228673e-005 -7.59267641245175e-007 
7.67913586425229e+007 1.73160034852423e+007 -3.50615197798276e+005 -1.31693880729829e+004 1.18937136722297e+002 2.65197942461652e+000 -8.79450142716702e-003 -9.14864345893377e-005 3.44395060647985e-005 -4.25009877706494e-007 -4.28061305424548e-007 -3.28241185799396e-008 1.40821954169937e-009 
-1.18740277931795e+008 9.56514995300309e+006 5.40204283391841e+005 -7.02683852910682e+003 -1.97379625140944e+002 1.18938734085297e+000 2.22610596671744e-002 2.62390608797229e-004 -2.77657139010115e-005 -4.81251068691623e-006 4.84225996806723e-007 2.55039839674494e-008 1.12915698643092e-008 
-5.14819128271944e+007 4.14741374019362e+006 2.34222703452778e+005 -3.04678442474441e+003 -8.55796591925001e+001 5.15820549224314e-001 9.54375023554610e-003 1.06902009336863e-004 -6.71454790219302e-006 -1.93988881657113e-006 1.02926095687431e-007 8.32963813025098e-009 5.12272330061656e-009 
1.08143453801655e+008 1.39152590489633e+007 -4.95516564080960e+005 -1.08535388660881e+004 1.69827269061242e+002 2.41930511778967e+000 -1.34552546063656e-002 -5.19818100662784e-005 1.18620387704761e-004 -9.73812578090001e-006 -8.28121543884593e-006 7.09414300048747e-007 6.04345843989670e-007 
-9.55919479083785e+007 1.34978083683333e+007 4.37814274298317e+005 -9.96521218167707e+003 -1.68208789788465e+002 1.72644939563152e+000 2.42071477878334e-002 3.46472584447123e-004 -8.93384574979374e-005 -1.95935620328944e-005 6.24484821668711e-006 1.34663975319074e-006 -4.58533340334522e-007 
-4.14449438284675e+007 5.85253887325375e+006 1.89827336872480e+005 -4.32081229766161e+003 -7.29314193547910e+001 7.48370649027724e-001 1.03614105545039e-002 1.73670926895345e-004 -2.72939388313944e-005 -1.03217654638779e-005 1.90666324553357e-006 7.17389621018034e-007 -1.41024662853913e-007 
-1.93057413133570e+008 -1.97180290900987e+007 7.98800074481991e+005 1.23376273444963e+004 -2.32082465254774e+002 4.97092861542664e-001 -2.36305836842820e-002 -5.87828905957309e-004 1.29194556560434e-005 1.08171631510944e-006 3.07426006639441e-007 
1.39720095426044e+008 -2.12738746243991e+007 -5.77996777914874e+005 1.56214114526579e+004 1.08581619117549e+002 -1.20661691162475e+000 3.56395100578453e-002 -6.71461040800139e-004 3.92565949572731e-006 -9.31574799937598e-008 -1.75049856877807e-007 
6.92819210703024e+007 -9.22335327329395e+006 -2.86725521086102e+005 6.83105113959588e+003 5.60849833622643e+001 -5.66911694566595e-001 1.69616035930031e-002 -2.95983976408955e-004 1.21023192800669e-006 1.69711748473624e-008 -5.09272234403347e-008 
7.05126721101489e+008 -5.71303114499087e+006 -1.10040707862555e+005 1.50736121717311e+002 1.63256113383096e+000 -1.75781277357907e-003 -1.74556303170469e-005 1.79938231533453e-007 
2.13146250050918e+008 1.65396941360065e+007 -3.31571801599788e+004 -4.29496582306933e+002 5.06423674522812e-001 4.78667234278492e-003 -5.24360549511098e-006 2.78285269751678e-007 
7.41721568383268e+007 7.22893743487659e+006 -1.15312980265744e+004 -1.87775195128548e+002 1.77299181414113e-001 2.09444126829471e-003 -1.77835249917121e-006 1.60094882759680e-007 
-2.70467735529361e+008 1.24148032831580e+007 5.07034315650809e+003 -3.91049794637909e+001 -3.61045714951352e-003 2.03196925658409e-005 -1.57796852502984e-008 
-1.36799469415368e+009 -2.06698937306787e+006 2.56839376383797e+004 5.14241375393711e+000 -3.43989544923344e-002 3.13243740127322e-006 1.71716298404300e-008 
-5.53347687021870e+008 -1.38757872650230e+006 1.03891666119057e+004 3.80499760943835e+000 -1.40485397429369e-002 4.41700325762337e-007 1.16473102114486e-008 
-2.29252714118850e+008 9.31343414121113e+006 6.11543313436723e+002 -4.18894282871964e+000 3.70064907153007e-004 4.40917213766163e-007 
-2.62630961831040e+009 -1.04131483163259e+006 7.01758730097776e+003 -6.96935301394442e-002 -1.56730439713028e-003 2.54550209561748e-007 
-1.14700375406953e+009 -5.87903722096758e+005 3.06515157790053e+003 2.86970776919563e-002 -6.93545875879282e-004 1.07397956788155e-007 
5.49747523693488e+008 7.40965937921216e+006 -3.77927292326838e+002 -8.50331251465973e-001 1.81822210546428e-005 3.01982326720374e-008 
-4.14937480404772e+009 9.51785890485955e+005 2.84879103092617e+003 -9.13695856324464e-002 -1.56821862349602e-004 -1.66995412302624e-008 
-1.71205534819121e+009 2.05146650099294e+005 1.17540456929345e+003 -1.62806231086023e-002 -6.47142757201169e-005 -6.96272728530613e-009 
-3.29392515082413e+009 5.28102187144748e+006 2.38844126651805e+003 -5.94695379775774e-001 -2.69663473453193e-004 5.98797814486179e-008 
-2.97732053787884e+009 -5.67426648048349e+006 2.15860757049514e+003 7.24471831751782e-001 -2.11242121346919e-004 -9.48477489748377e-008 
6.33053167907329e+007 -3.36184298579815e+006 -4.61017919855791e+001 4.05429638049957e-001 1.60128413440040e-005 -4.70955624246133e-008 
3.25839755025163e+005 -6.67483984404534e+004 -1.79174048098835e+004 8.42831937565921e+002 5.76608071915487e+001 -4.12578812426122e+000 1.41282151490689e-001 3.31060011588759e-003 -1.28401599324819e-003 9.28970246271039e-005 -8.99715372882489e-007 -4.37242298761622e-007 4.72615159535612e-008 
1.47042383009221e+005 1.38081115817947e+005 -7.94078349892372e+003 -1.10234974410243e+003 5.76212538063678e+001 6.95471243020253e-001 -1.71952907388357e-001 1.58995462244875e-002 -5.47251765389020e-004 -4.61213266765867e-005 6.96271804065713e-006 -3.72832376862980e-007 -6.01146964213256e-009 
7.66793756956983e+004 7.55323881849072e+004 -4.13886250475944e+003 -6.08093098087637e+002 3.07244291435616e+001 4.26737426582157e-001 -9.48894063444077e-002 8.58675745381053e-003 -2.83388148702887e-004 -2.60161646183747e-005 3.78835842921075e-006 -1.97678766377714e-007 -3.76199901550755e-009 
8.86852918496650e+004 -1.59085978303396e+005 -4.43513253852893e+003 1.27087045594743e+003 3.32679613842729e+000 -1.83854179789827e+000 2.56744103596494e-002 -3.70519805017255e-003 2.59314853684412e-004 2.53558513641486e-006 -1.05864617680829e-006 4.50113288229594e-008 -2.34303950809118e-009 
3.28987908449689e+005 3.74955317539580e+004 -1.55926873281815e+004 -1.84193115910682e+002 5.42523485405524e+001 -3.89155362184480e-001 1.07896024984331e-003 -8.09046863738128e-004 -1.86304323614413e-004 1.95703361689580e-005 -4.66963805489162e-007 -1.15550427360760e-008 9.18002600235307e-010 
1.77539594587650e+005 2.17500062562440e+004 -8.43603879177583e+003 -1.12582285479085e+002 2.95505047867880e+001 -1.90157561872068e-001 5.81056039391287e-005 -4.04777489724075e-004 -1.03638169129694e-004 1.06057201704626e-005 -2.42448330526778e-007 -6.81053356897468e-009 5.21946306208877e-010 
-2.17809026192528e+005 -1.35347390939015e+005 9.97165292049624e+003 1.04382679038262e+003 -3.13015314092909e+001 -1.66267723219647e+000 1.07733422108186e-002 8.01249405577235e-004 -5.73955539759879e-005 -1.05408003254524e-005 4.50869555383089e-007 3.74619992554281e-008 -5.74977858193505e-010 
2.82232233135275e+005 -8.19758028796270e+004 -1.28819574195511e+004 6.10071207728499e+002 4.36379832094495e+001 -8.07287269859167e-001 -2.96102555745331e-002 8.36445875980112e-005 8.57546231498633e-005 -6.13955170415433e-006 -6.46041996475032e-007 1.68002059832879e-008 1.37798402148330e-009 
1.54736538491874e+005 -4.34261615187560e+004 -7.09384542336360e+003 3.23044840634869e+002 2.41206175560358e+001 -4.25758175304210e-001 -1.64593152614348e-002 3.91279324829318e-005 4.71067176817628e-005 -3.24883447472480e-006 -3.55777628226673e-007 8.82646808841447e-009 7.57996553306967e-010 
-3.76675597565842e+005 -1.64081229951517e+004 1.84463222290238e+004 2.92189401284044e+002 -6.20426803464688e+001 -1.50283359220279e+000 -9.85656276202164e-003 -1.18570674406686e-003 1.64480946772177e-004 2.72118624889088e-005 1.12343446196486e-006 -8.53364852105748e-009 -2.33548441243112e-009 
4.58273804493237e+004 -1.45343203533050e+005 -2.02262175366869e+003 1.14291335604454e+003 2.08289984574031e+001 -1.50910361265510e+000 -4.47605109487266e-002 -3.36716588352897e-003 -2.94082127989710e-004 -3.83323259474110e-006 1.07253015393403e-006 7.10683374613090e-008 3.01064353595673e-009 
2.75302323694662e+004 -7.88894492789828e+004 -1.24842171168370e+003 6.20694580234934e+002 1.18972529631344e+001 -8.15130303357114e-001 -2.45302050649197e-002 -1.82190967076404e-003 -1.61231538990452e-004 -2.28481653559370e-006 5.76812123029912e-007 3.88506779896895e-008 1.65582018481275e-009 
-2.64269053445953e+005 1.25979517302153e+005 1.49881761019178e+004 -9.40413591031550e+002 -8.94062862319026e+001 -4.32685516610645e-001 2.10472835699807e-001 2.20454914305598e-002 8.82406832174369e-004 -6.20264746300324e-005 -1.05465910071557e-005 -5.34418157907402e-007 1.82206653073856e-008 
-2.15500156165860e+005 -1.03901328161012e+005 1.23783713687879e+004 1.12796677957229e+003 -3.20623703892108e+001 -4.41147930232402e+000 -1.85435264527994e-001 1.48673539766852e-003 1.32290554326269e-003 1.06582643951692e-004 9.38077021528321e-007 -5.62829265726303e-007 -5.65962872590789e-008 
-1.15388786897383e+005 -5.74192573649094e+004 6.63040840814632e+003 6.22236341567046e+002 -1.68354697912341e+001 -2.40703144846175e+000 -1.02518888720613e-001 6.67633280448814e-004 7.15104000162259e-004 5.85198749038518e-005 5.83117486801491e-007 -3.03183312017198e-007 -3.09733727972481e-008 
5.60469907101280e+004 1.78637039037982e+005 -3.68672203813114e+003 -1.95646797332142e+003 -1.35105122284104e+000 1.00947801132300e+001 3.22676177017806e-001 -5.08678562483469e-002 -4.42029122061560e-003 2.22119968759925e-004 4.57438069317435e-005 -2.26299459512239e-008 -4.05242353046779e-007 
-2.92654100707295e+005 3.28161354581354e+004 1.94637518934046e+004 -1.99174314417164e+002 -1.26762566220353e+002 -1.68181906523266e+000 6.25804308083479e-001 3.49439781513167e-002 -3.11123893210413e-003 -4.03109993714526e-004 9.41659955212285e-006 3.85672436484159e-006 7.75041152598014e-008 
-1.59557631968544e+005 1.66751903320634e+004 1.06313939354866e+004 -9.45250952236722e+001 -6.91466007777188e+001 -9.88504992070052e-001 3.39116552345944e-001 1.94001189325332e-002 -1.66597141299511e-003 -2.21257021734533e-004 4.82072320174981e-006 2.10239811706394e-006 4.50105067915607e-008 
3.19251337487689e+005 6.99778916090314e+004 -2.08987606602740e+004 -5.34604697149885e+002 1.40583302170835e+002 -7.53256104737996e-001 -7.45385591474969e-001 3.45206360746718e-002 4.14204735532612e-003 -4.33533834075721e-004 -1.76885520343322e-005 4.44049524477782e-006 -1.97380937687878e-008 
-1.01264286845692e+005 1.47693547831979e+005 6.63779556664838e+003 -1.64413345871494e+003 -1.61846963949164e+001 8.91805337299557e+000 -2.18707324602704e-001 -4.90515679213848e-002 3.54117881815885e-003 2.53294998774760e-004 -3.92350627974126e-005 -6.39551067490899e-007 3.74141773826644e-007 
-5.70289369792705e+004 8.00238287021096e+004 3.75924145283011e+003 -8.92970593037536e+002 -9.84359449398684e+000 4.86882153840140e+000 -1.13933652322651e-001 -2.69796942234305e-002 1.90165518271157e-003 1.41047739748885e-004 -2.12644837767286e-005 -3.79024086870320e-007 2.04063964676561e-007 
2.95242381224922e+005 -8.99925597238229e+004 -1.63055602088164e+004 1.04527479624138e+003 4.60000544510608e+001 -4.67647697426592e+000 2.09750652826424e-001 3.79486999221466e-003 -1.70054653297308e-003 1.15657867422593e-004 1.64080779349547e-007 -7.32025434770760e-007 6.58535008632579e-008 
1.88606976768183e+005 1.27884624858642e+005 -1.03551035999537e+004 -9.80389722516755e+002 6.79092708993361e+001 -5.91796014385516e-002 -1.92847244704641e-001 2.06355040405826e-002 -6.32700660442645e-004 -7.01280983737118e-005 9.59681694865878e-006 -4.23565634895323e-007 -2.45287934725826e-008 
1.01093996480866e+005 7.02734593073928e+004 -5.54344609308738e+003 -5.42359829388724e+002 3.67203007760260e+001 4.21918494297710e-003 -1.06568413601941e-001 1.12167257452617e-002 -3.33098002450387e-004 -3.90233956222065e-005 5.22924500468987e-006 -2.25813081224170e-007 -1.38198867702454e-008 
-6.14929049541573e+005 4.64175521084342e+002 2.72354502811612e+001 -5.54794030088483e-002 -4.85561503557930e-003 -1.10806217574387e-003 -1.15198585919214e-004 1.01619047513250e-006 2.26640019518829e-006 3.74746934898602e-007 2.10187367687726e-008 
5.23700294196633e+005 -7.64511333612463e+003 6.99518184095389e+000 1.27042467248776e-001 5.00820422085284e-003 1.32465042336107e-004 -9.45064876441821e-005 -1.80619595982101e-005 -1.34767709815939e-006 1.17630584229605e-007 4.71139800417539e-008 
2.28919770805264e+005 -3.26525908532142e+003 2.40463572051048e+000 6.59077195428374e-002 3.37321829909267e-003 1.87563046225764e-004 -3.86559141559482e-005 -9.75412614208888e-006 -9.54979113464420e-007 2.38647992412388e-008 2.29828826206482e-008 
-6.13787023927843e+005 6.76344731687926e+002 2.54243417330651e+001 -2.48553613291130e-001 -9.28266880927913e-004 3.54546557734227e-003 2.17576890244315e-005 -9.37511579630439e-005 4.14205710278433e-007 2.76921872482120e-006 -4.47759291460108e-008 
5.08471060956040e+005 -7.58290403558326e+003 8.38708059256357e+000 2.16355394703041e-002 -2.28434780152706e-002 -2.96812425340331e-005 4.99501085730056e-004 -3.57555723739792e-006 -1.44022194457341e-005 2.61627524228311e-007 4.41548012797126e-007 
2.22411359788962e+005 -3.24240728626404e+003 3.26283869582300e+000 3.28668606384270e-002 -1.19066045445231e-002 -3.85144670493042e-004 2.64409140291977e-004 7.81721899790360e-006 -7.73583638504766e-006 -1.47649535441110e-007 2.40499257743611e-007 
-3.64453437130392e-006 8.18997502839903e-007 6.31662010529088e-007 -7.26093964566282e-008 -4.16033374792553e-008 5.87883928924328e-009 2.24560955396040e-010 -7.89164983360546e-011 8.43273354885960e-012 -4.81017111452427e-012 
4.23316398395185e-005 -3.31516155283217e-007 8.54929668482893e-008 9.47465700703894e-008 -1.15091720084603e-008 -2.20222054941739e-009 3.18532525472472e-010 -4.94709283361412e-011 2.39275828636422e-011 9.27967614512061e-013 
-2.02010294281973e-006 -3.73797107948245e-007 -6.16369827175280e-007 7.83327458093446e-008 3.86856155446412e-008 -8.75413851194438e-010 -6.18037997217736e-010 -1.15513508253915e-011 -6.73000990398664e-012 -1.10955449217108e-012 
4.31096465959838e-005 9.07561850511622e-007 -1.19397397425231e-007 -8.23138554811575e-008 4.51396731696650e-009 2.70969663088275e-009 1.04042927179010e-010 -5.21316036431611e-011 -1.24485732968397e-011 3.45442795630269e-012 
-1.81609340564416e-006 1.88889834155772e-006 6.52269356128751e-007 -2.43703723929350e-007 -8.32607030969847e-008 7.01494102006979e-009 5.09062070865705e-009 4.26887006505548e-010 -1.79811790544805e-010 -4.60299963324714e-011 
4.36001491016880e-005 -2.40822268698205e-008 3.23673473960793e-007 1.10961719509214e-007 -2.36268128084959e-008 -9.80960471261436e-009 6.11067497156062e-011 4.98674031355572e-010 5.86506058407954e-011 -1.68164773598880e-011 
-5.71849827106619e-007 -1.19574525522657e-006 1.17876037626183e-007 2.98665328174211e-007 -5.08798245745125e-008 -1.35577175130802e-008 4.84529454914481e-009 -7.43746095118478e-011 -2.51490380309051e-010 3.57373245051795e-011 
4.46426657765617e-005 2.51946085712827e-007 -3.94350628833687e-007 5.90156216527606e-008 3.39675013186380e-008 -7.92001369258052e-009 -8.35814348753476e-010 5.40427524525155e-010 -2.04691207787434e-011 -2.30212970070244e-011 
-7.23547428857704e-003 1.89678852026088e-004 -2.01923883113568e-004 4.91550323138287e-006 8.28810973928032e-006 -3.38029183655017e-007 -1.51844518208308e-007 1.12821602002748e-008 3.66349767434302e-010 -5.80944169601019e-011 
3.82283989012500e-001 -2.46627686330307e-004 6.42422337654679e-006 1.66110729376170e-005 -4.69092375536412e-007 -4.69299492463145e-007 2.61745754236558e-008 4.87687057340585e-009 -4.91251110869000e-010 4.17419544183668e-011 
1.51819291811857e+003 9.19714623149482e-001 2.01806033012200e-004 -5.90821564567493e-006 -7.80079702123444e-006 3.30613804331762e-007 1.38276151879700e-007 -1.02312830116307e-008 -3.22645976607132e-010 4.59217790488804e-011 
-7.47952756350166e-003 -1.39763076979172e-004 1.17243578720544e-004 6.27435195305852e-006 -6.19055079164640e-006 1.45490932666226e-007 1.36715210293043e-007 -1.90980972361189e-009 -1.28763643254980e-009 2.58844342402170e-011 
3.82130439527182e-001 1.07948541244536e-004 2.60322059772673e-005 -1.12450668386139e-005 1.03535923471212e-007 3.80763415393277e-007 -7.74211377110741e-009 -5.53078390682385e-009 4.58232383402743e-011 3.32012410774722e-011 
1.52003297827122e+003 9.20054979980007e-001 -1.15465540894097e-004 -7.69912346113088e-006 5.77341488038534e-006 -1.25516594551220e-007 -1.26030941369397e-007 1.83010046423636e-009 1.19926595130045e-009 -2.34921488106035e-011 
-7.13280707688068e-003 3.99455952589720e-004 4.19747995304375e-005 1.64682448073374e-005 4.33761914772036e-006 -1.01673031996647e-006 -2.80997007019228e-007 9.01677427115743e-009 8.77469846372380e-009 8.61655195157783e-010 
3.82357209509724e-001 1.06265571689016e-004 6.91113861276597e-006 2.81439981159759e-006 -1.90871906605240e-006 -4.82869347126487e-007 5.02262346022442e-008 1.98943142412140e-008 6.90045564853450e-010 -4.63947036511245e-010 
1.52187240373829e+003 9.19443410046258e-001 -5.41161538987744e-005 -1.36689158653620e-005 -3.57435232118845e-006 9.49924556356392e-007 2.52286043571041e-007 -9.74980923466151e-009 -8.10285679332980e-009 -7.51543627752470e-010 
-5.83165445382796e-003 7.94017668049624e-004 -9.29532009854714e-005 -4.50388880311790e-005 3.59562036224726e-006 1.70136079257401e-006 -1.95897622629496e-007 -2.96862732787897e-008 8.53095394478621e-009 -3.20653084886668e-010 
3.82402073828211e-001 -1.36136485362753e-004 -6.48241021141992e-005 6.22470317814615e-006 3.53291811767549e-006 -2.96129043919039e-007 -9.63986770853925e-008 1.60670580048861e-008 7.30487398275600e-010 -5.57876311694873e-010 
1.52371080937472e+003 9.19090847920433e-001 1.03125318470711e-004 4.26084749990793e-005 -3.77458129436701e-006 -1.54962905630112e-006 1.87841457948535e-007 2.58038167880866e-008 -7.86367832326843e-009 3.44418507802881e-010 
