-5.38637808051435e+007 5.33257674602607e+006 8.02665120939211e+005 -2.85257521116167e+004 1.09766360876662e+002 1.54581172615511e+001 -1.88874390130025e+000 1.03558257403204e-001 -4.38076442685141e-003 1.10166656953110e-004 1.66544011989225e-006 -4.34847205708291e-007 3.38791240000003e-008 -1.80424437237111e-009 
-3.04795039837299e+007 -1.17411507098422e+007 4.66283768445907e+005 1.98662285848561e+004 -9.86362984980915e+002 4.06568824953847e+001 -1.23299147051372e+000 5.44583811495178e-003 2.16474148681111e-003 -2.02118138575258e-004 1.15521912449806e-005 -4.78023089500363e-007 1.06080663451013e-008 3.74340158585392e-010 
-1.08141225085592e+007 -6.82506651494612e+006 1.65774322137090e+005 1.35710176994856e+004 -5.38237716047376e+002 2.01122325332318e+001 -4.62608445288297e-001 -7.83625945428354e-003 1.61081266744271e-003 -1.19388984585949e-004 5.99754133706324e-006 -2.10206647412559e-007 2.15122265639371e-009 3.87143469204323e-010 
-3.78324083388796e+007 1.04259133964531e+007 4.75228016527865e+005 -2.60115340189287e+004 1.33990831785176e+002 -7.34535483358367e+000 -3.84599385189197e-001 2.08080173542107e-002 -1.20735638070353e-003 5.09854161484548e-005 -1.62892823385932e-006 4.21006895950687e-008 2.31185067520079e-010 -7.92226030066951e-011 
-4.96314745875236e+007 -7.27363296230976e+006 6.31955821577076e+005 9.11268055968038e+003 -4.36021920739715e+002 1.63456260054609e+001 -7.60261381908910e-001 1.57717220289537e-002 -4.50954934158012e-004 -1.03872459562322e-005 1.03501444328247e-006 -7.49286423532265e-008 3.54613778088845e-009 -1.40982151768836e-010 
-2.27080721335155e+007 -4.96729296084956e+006 2.88239879697614e+005 7.56632311269114e+003 -2.46796621452361e+002 9.49285414916647e+000 -3.66173897971752e-001 6.26521157841178e-003 -1.15601860836885e-004 -1.08382563473954e-005 7.21879285520598e-007 -4.43922625829588e-008 1.87006838552729e-009 -6.70678946595137e-011 
-1.41504345669894e+007 1.30019344920991e+007 1.69872249360156e+005 -2.54068994842079e+004 -7.47459558583475e+001 -1.26155256519631e+001 -1.36108960875518e-001 2.46610833054015e-003 -1.20387370804836e-004 2.00425377659523e-005 -9.60527512480979e-009 3.30215831302545e-008 1.83627210534642e-010 2.83054390985315e-011 
-5.88478287538667e+007 -1.88015450767879e+006 7.07360423390397e+005 3.87846648092102e+003 -2.65042625973959e+002 1.59119540175877e+000 -5.46216526154471e-001 -9.34030156490385e-004 -5.62356917388997e-004 -3.41174781096835e-006 -2.11626069034703e-007 -4.39357824471018e-009 5.51276037648751e-010 -1.92601442387653e-012 
-3.00888902656124e+007 -2.35373832286449e+006 3.60199450625210e+005 4.70781423310813e+003 -1.33812964529461e+002 2.15887773647625e+000 -2.77629156862741e-001 -7.54809668632820e-004 -2.87881098480443e-004 -3.90186533837514e-006 -1.12047485385880e-007 -5.77266067936202e-009 2.75406468175263e-010 -3.96765546555044e-012 
1.22193023129527e+007 1.31008376810132e+007 -1.51022329141229e+005 -2.87740517765071e+004 -3.53315853338471e+002 -1.47482305509861e+001 5.16776592908817e-003 1.33139282448586e-002 1.01012523796715e-003 5.70684893142495e-005 2.20755228696304e-006 7.95576697463656e-008 1.47644979388782e-009 -1.90467271179117e-011 
-5.68542003692935e+007 3.89039515164419e+006 7.27084174561114e+005 -8.67406376083348e+002 -3.77635373275622e+002 -1.40369727391832e+001 -8.53981434963466e-001 -2.23497104982240e-002 -7.93634766475861e-004 -4.61278705443931e-006 6.19554645844461e-007 6.64925471238559e-008 3.84513468568308e-009 1.74596100780380e-010 
-3.17609557071723e+007 7.18246012976170e+005 4.04030239156375e+005 2.52225048510148e+003 -1.65048375156459e+002 -5.96734795408119e+000 -4.56675684042689e-001 -1.33191561775761e-002 -5.28715282166650e-004 -8.38521704245387e-006 1.01872746635260e-007 2.72610771422649e-008 1.90061530992375e-009 9.52340107099081e-011 
1.07244862262402e+008 -1.61763755125963e+006 -1.33233604399370e+006 2.53540321865141e+003 1.35956063213191e+003 4.26703636857014e-001 -5.13173862601099e-001 -2.37358516585522e-003 6.42766910804635e-005 1.73314703487916e-006 
9.85954009288602e+006 2.17616037649744e+007 -1.07071793745675e+005 -4.50201250327778e+004 6.92251011311543e+001 2.69275390493443e+001 3.92549585110343e-002 -6.46871255451570e-003 -6.37844608942339e-005 -2.29425679822221e-008 
-2.38127067604937e+006 9.89105977285219e+006 3.61728313983097e+004 -2.04119930015425e+004 -5.49202693630694e+001 1.20858674380878e+001 5.01419014514917e-002 -2.75958824326787e-003 -3.27608884775518e-005 -1.20028251073156e-007 
9.37059123234986e+007 -1.17886175692587e+007 -1.17332937775494e+006 2.36698360735982e+004 1.24101203091585e+003 -1.23925551602325e+001 -5.40641778216496e-001 7.83727642689280e-004 1.34089664233911e-004 1.89004543128797e-006 
5.08556943292961e+007 1.88038327310494e+007 -6.22907780469905e+005 -3.96185753367609e+004 6.01366364507664e+002 2.54746746660482e+001 -1.68553652802433e-001 -8.23291869631076e-003 -3.64810804028657e-005 1.63617965764852e-006 
1.69163239924075e+007 9.20438462451171e+006 -2.05931903673192e+005 -1.93200074035283e+004 1.91958169716559e+002 1.22437778933174e+001 -4.15983551470266e-002 -3.75303825836547e-003 -2.48979571506684e-005 6.16388092091075e-007 
-1.20660651721415e+008 1.17775671192266e+007 5.63707667515051e+005 -9.72771379197937e+003 -1.98996417505425e+002 2.64733477012886e+000 1.54499511569602e-002 -2.15506766599786e-004 3.55601349904464e-005 -3.97084227134108e-006 -1.05667688593443e-007 -1.69223248466861e-007 -1.05316040091446e-008 
-7.98705131722800e+007 -1.52843638038957e+007 3.78012856401056e+005 1.14504885591749e+004 -1.61739424715021e+002 -2.11716525557563e+000 3.21803690393149e-002 1.64486451342877e-004 -9.41561552864007e-006 -3.64322179113925e-006 -3.03148778065018e-007 -9.30413975917814e-008 3.19426997500658e-008 
-3.46584074329749e+007 -6.62694143675469e+006 1.63906572930646e+005 4.96484208277229e+003 -7.01308827052983e+001 -9.18281999630346e-001 1.40213331014086e-002 9.45710184055322e-005 -7.30428604593977e-006 -2.24392048349736e-006 -1.08896835201604e-007 -4.13528274533998e-008 1.88676064084963e-008 
-9.30009870515496e+007 1.57703168012175e+007 4.29678656900376e+005 -1.24700384616911e+004 -1.42914466224055e+002 2.91627502356386e+000 5.86698222861908e-003 7.62778604752036e-005 5.57578323615848e-005 -2.14911945881510e-005 -2.92062480541349e-006 1.09156022778135e-006 1.99819729680052e-007 
-1.07013022609605e+008 -1.17575756098703e+007 4.98630264337057e+005 8.56563796527723e+003 -1.96486137472700e+002 -1.37391734078564e+000 3.03871917456921e-002 2.52679225041292e-004 -4.89490726922096e-005 -2.23753091038436e-005 2.32312198768603e-006 1.28926481691497e-006 -7.82194394781632e-008 
-4.64266839755877e+007 -5.09772884348353e+006 2.16205204883686e+005 3.71397463013023e+003 -8.51969269564789e+001 -5.95813587796754e-001 1.33291370014799e-002 1.17859943064909e-004 -3.31997726203735e-005 -1.02315647692593e-005 1.70563528357654e-006 6.00880465090924e-007 -7.11728241045140e-008 
-1.56651909665190e+008 2.58382668527551e+007 7.89892813190424e+005 -1.66469638190831e+004 -4.76016744014701e+002 -3.14178810116211e+000 7.45728598151088e-002 3.94249117463056e-003 7.46479959374119e-005 1.25529845349377e-007 -1.08995575029385e-007 
-1.55249465927530e+008 -1.77076992227660e+007 7.89006711144030e+005 1.98542513090706e+004 -1.27695019090293e+002 -7.19358199360012e+000 -1.45558413791613e-001 -7.75842353516785e-004 4.57346625946519e-005 1.19290005022698e-006 -3.53423022366302e-008 
-6.70156731798051e+007 -8.82141976666802e+006 3.40504582231839e+005 9.55718697038235e+003 -4.56756978087444e+001 -3.21487013734369e+000 -6.88795828748205e-002 -4.61035081667240e-004 2.07596372007648e-005 5.45365045388725e-007 -5.12673047369077e-008 
5.01652847989004e+007 1.77848965483618e+007 -6.56868214110063e+003 -3.93477686367919e+002 -2.49009443174043e-001 2.24991203943252e-003 5.54987398619797e-006 5.17350662209177e-010 
-7.17617321349959e+008 1.98388070271884e+006 9.44750199901441e+004 7.74113625419089e+000 -1.01199446613803e+000 -1.39503427593434e-003 1.80750023418946e-006 1.06340405748464e-007 
-3.08839229017726e+008 4.17017590245364e+005 4.06568571107229e+004 1.29040310155879e+001 -4.27715159784054e-001 -6.52400938466565e-004 6.66370741293336e-007 3.85331486666161e-008 
-1.07187236499522e+009 8.44381720263375e+006 2.12278658951523e+004 -3.18092067910374e+001 -2.26503205110995e-002 3.16013434805230e-005 6.21877356226331e-008 
-9.50419508634561e+008 -8.88007785295816e+006 1.88107358100683e+004 2.59150292424062e+001 -3.51523742037796e-002 -3.20225365025679e-006 9.78813420999595e-008 
-3.46425396976961e+008 -4.03057255999574e+006 6.85568116256042e+003 1.20739798363469e+001 -1.35679879435803e-002 -2.57877422132002e-006 3.37765507238084e-008 
-9.04888129053345e+008 8.85364808566720e+006 2.50165761557821e+003 -4.27292681017121e+000 -1.52489032108212e-004 7.85810798579672e-007 
-2.47266401015454e+009 -3.10242701933448e+006 6.83770251280828e+003 8.94627505978908e-001 -1.73925496468739e-003 4.40377735163520e-007 
-1.07014419758544e+009 -1.48418206323148e+006 2.95950991734993e+003 4.52555891659568e-001 -7.59403072585163e-004 1.86684261937150e-007 
-1.32512541991685e+006 7.46552584108847e+006 4.84259142679388e-001 -8.51242325775436e-001 -7.58641158930906e-006 -5.79622261970341e-009 
-4.18849604699942e+009 1.04551344602384e+005 2.86885299165304e+003 2.75658812740067e-003 -1.70400693091655e-004 -6.85057842583446e-009 
-1.71435208559736e+009 -1.43014960027645e+005 1.17420454058392e+003 2.23020171051504e-002 -6.94014654463334e-005 -2.66655995932327e-009 
-3.65766470001540e+009 4.53855976074367e+006 2.61576435079399e+003 -4.26721755798962e-001 -2.97517336781334e-004 3.89826347046005e-008 
-2.53500530827282e+009 -6.26311511659055e+006 1.81258881217592e+003 8.25787507734072e-001 -1.28059125877731e-004 -1.02459004470139e-007 
3.10924876248462e+008 -3.32186343025001e+006 -2.22650020343879e+002 3.86707862939631e-001 4.83944242290823e-005 -4.74684612205065e-008 
-3.02945305550761e+004 1.69672945133044e+005 1.66716751401109e+003 -1.55398192771207e+003 2.86442334265918e+001 3.56683298218424e+000 -3.48509789750876e-001 1.14806614715556e-002 1.28590562098244e-003 -1.60709673681293e-004 4.34629854105543e-006 6.90544418015344e-007 -8.46841509100194e-008 
-3.27886301562377e+005 -1.82157322525452e+004 1.81906354571596e+004 -1.04557541567375e+002 -7.95924328904854e+001 3.53800297957059e+000 2.37518754404783e-002 -2.19573662697125e-002 1.56413581052313e-003 1.82080350991966e-005 -1.08204081084759e-005 7.40521900793271e-007 1.40182574502251e-008 
-1.53231348928995e+005 -2.43992398786831e+004 8.49035880681499e+003 9.55109520110314e+001 -4.04484818819215e+001 1.34476808490140e+000 4.36282932954419e-002 -1.14885898648755e-002 6.23107245498540e-004 2.35798540944786e-005 -5.54116386996641e-006 2.87462023568087e-007 1.45230193337490e-008 
2.70974646076898e+005 1.19374680796063e+005 -1.29646362123185e+004 -8.38277923191503e+002 4.99267613494710e+001 6.82909246273180e-002 1.64740874801464e-002 6.05442307040347e-003 -5.40654192935528e-004 9.81402911158032e-006 2.63617542967500e-007 -9.36149851059007e-008 9.20873790344697e-009 
-2.34780240111192e+005 1.05565202219206e+005 1.13839755454544e+004 -8.98351372782347e+002 -2.74149119865054e+001 1.39706900020978e+000 -7.35782188175656e-002 6.14701845525643e-003 1.31589701208734e-004 -2.28742069356154e-005 1.39117343257830e-006 -7.85356834756272e-008 -1.20784367013373e-009 
-1.36894654159200e+005 3.91442810134639e+004 6.62514105813710e+003 -3.48421852922368e+002 -1.77254097752070e+001 6.53675049346535e-001 -3.63994878478726e-002 2.36091011014876e-003 1.12900535216892e-004 -1.17657435733128e-005 6.35583943188986e-007 -2.86298808410912e-008 -1.42957594087270e-009 
3.83992471425881e+005 -1.05986666125221e+004 -1.80345598615271e+004 1.95070647127303e+001 6.02134151320893e+001 8.54003130890447e-001 -6.56727395616881e-003 -6.04645029294710e-003 -2.01538774719796e-004 1.49172378912681e-005 7.01993558269791e-007 7.89140138834539e-009 -4.09329463672608e-009 
2.92108989974630e+004 1.47858974899169e+005 -1.25233735524366e+003 -1.14954740948576e+003 -3.06305502748752e+000 1.64315551569731e+000 7.57638291154872e-002 2.27891196646633e-003 -3.20129252861471e-004 -9.42181419598744e-006 3.72922296754134e-007 5.02102884282612e-008 1.59462601503543e-009 
-2.17096932936765e+004 7.14128980385747e+004 1.09076020807278e+003 -5.48892341069185e+002 -7.15448624992089e+000 7.01424842644411e-001 3.68616207571549e-002 1.65197174573079e-003 -1.33513576330660e-004 -5.89262773804519e-006 1.11320166535400e-007 2.32081210501283e-008 1.14327224289202e-009 
2.31451445779205e+005 -1.36630259244497e+005 -1.16558220585216e+004 1.04824009425364e+003 6.08952064205993e+001 -1.42818482074967e+000 -1.61530615746589e-001 -1.51463615883097e-003 3.88301607726028e-004 -2.43413499909412e-006 -1.75308304567843e-006 1.27032489584220e-008 9.54529371509585e-009 
2.72700285858062e+005 8.49829503264338e+004 -1.39324246274832e+004 -8.38152009294545e+002 4.65490476295426e+001 2.96008609582495e+000 -1.18572166633072e-002 -6.98589739750840e-003 -3.58028642569954e-005 2.15916248222528e-005 -3.73113923993325e-007 -1.20316580925700e-007 -3.07841765411734e-010 
1.08532872575479e+005 5.32607902121288e+004 -5.54612217133456e+003 -4.97804728479225e+002 1.64265726790466e+001 1.54632394438051e+000 9.63141755127946e-003 -3.18828496319132e-003 -5.36499277907609e-005 1.05102522391783e-005 -1.30801538170868e-008 -5.85243402524599e-008 -1.04378913560184e-009 
-8.58150104302560e+004 -1.66521307183603e+005 5.15575369520742e+003 1.58962300043233e+003 -4.22774213166737e+000 -4.81113644105923e+000 -9.81421179669981e-002 3.86485498599611e-003 1.17999123036731e-004 2.54437880369023e-005 2.88101624434500e-006 -4.77820060914354e-008 -1.74541801257811e-008 
3.11004355831593e+005 -4.99631595931851e+004 -1.77905454466329e+004 3.02431337315462e+002 8.83909876749820e+001 6.14273084455533e-001 -1.70540960202257e-001 -5.13658808965481e-003 -1.44202613704661e-004 -1.54197581309800e-005 1.59222974744978e-006 2.35061130537322e-007 1.83360654533391e-009 
1.56430850109655e+005 -8.25478814688121e+003 -8.96497006560440e+003 -5.32988814153460e+000 4.25341089888402e+001 7.47681241841595e-001 -7.20721571125540e-002 -2.81966150110886e-003 -8.00969928757124e-005 -9.73511280911273e-006 4.89226177172343e-007 1.16592305847946e-007 2.51683510959198e-009 
-3.23200542732127e+005 -5.79995366620431e+004 2.03887845146865e+004 6.84537870691802e+002 -1.07746875815451e+002 -4.20002830475711e+000 2.56637602193329e-001 2.47318552751602e-002 3.29032121561511e-004 -1.21076889955328e-004 -9.85543236747068e-006 2.76262858845989e-007 7.95311144572032e-008 
9.67519284302128e+004 -1.54520074140341e+005 -6.14583661885660e+003 1.53556904835788e+003 4.62200067826041e+001 -5.38499823682021e+000 -2.84768812905708e-001 7.15861006766811e-003 1.64942753996375e-003 7.00417525851481e-005 -6.66148826165244e-006 -8.48008806509319e-007 -2.13865432393791e-010 
7.64333151576697e+004 -6.82945509665644e+004 -4.84517444967002e+003 6.67928873010288e+002 3.21939161993708e+001 -2.17257025085543e+000 -1.60092872565117e-001 1.08658424225407e-003 7.56306917544716e-004 4.48087322595416e-005 -2.25225525224843e-006 -4.30599998283091e-007 -7.58039291788073e-009 
-2.72972032547987e+005 1.05479298306077e+005 1.71228714945462e+004 -1.18578040796949e+003 -8.96874950436965e+001 6.40403952373839e+000 3.14739664932407e-001 -3.51990888354532e-002 -1.58227523166660e-003 2.27095438846870e-004 1.01534535019506e-005 -1.64811361668898e-006 -6.78342059782948e-008 
-2.00667633341194e+005 -1.27213576418720e+005 1.24137670476460e+004 1.21885422640422e+003 -8.36400343922232e+001 -4.51834467002545e+000 4.31939916534789e-001 1.78699496276062e-002 -2.57139516094270e-003 -1.05178777725898e-004 1.77010245482956e-005 6.89630107456133e-007 -1.32581264578841e-007 
-7.02177898552917e+004 -7.06161699490446e+004 4.31452713256198e+003 6.92995679808458e+002 -3.14519349438583e+001 -2.75856211531186e+000 1.76417530282514e-001 1.18391269129650e-002 -1.07804710848182e-003 -7.15464952557783e-005 7.49126679315604e-006 4.84034724239064e-007 -5.68828997862414e-008 
1.97243705946233e+004 1.71812613676453e+005 -1.10923615784286e+003 -1.52673547847953e+003 3.59068189435151e+001 3.48125624897430e+000 -3.25475222393051e-001 6.30787452643599e-003 1.45068741056192e-003 -1.16006359562568e-004 -1.30503346088090e-006 7.72936985917172e-007 -4.00917815855907e-008 
-3.27645842166417e+005 4.79818812834511e+003 1.79125340159809e+004 -2.74466029009452e+002 -7.58106478964801e+001 3.52811032882308e+000 4.71348892274446e-002 -2.11787189663515e-002 1.04812394205284e-003 5.76820799078529e-005 -9.24344966525288e-006 2.28793966119759e-007 4.38668723107141e-008 
-1.58312111398472e+005 -1.38518818112043e+004 8.65334593605137e+003 1.27374701642445e+001 -3.95487398064305e+001 1.35462799498621e+000 5.30984387828031e-002 -1.06958020601716e-002 3.63627563867005e-004 3.84300610772272e-005 -4.28748667678307e-006 3.64879338334296e-008 2.47004354087082e-008 
3.08390308697664e+005 -1.01213670359628e+004 7.91676820797160e-001 1.08207770164828e-001 -3.12353581537529e-003 -1.32676076994038e-005 1.09109446567008e-005 -1.09333693255218e-006 1.07124213897135e-007 -4.39849883221156e-009 2.83884235749207e-010 
1.28054311700979e+006 4.82807999182145e+002 -2.53111413675844e+001 5.38900797337893e-002 2.16057141689393e-003 -2.04713167856536e-004 1.06015635123910e-005 -3.69540390650487e-007 -7.75719857463332e-009 -1.20132002069116e-008 -7.70712171203218e-010 
5.28682400703659e+005 4.53554396043969e+002 -1.09957209129938e+001 1.87441850997579e-002 1.36653137920138e-003 -1.03948616197456e-004 4.59381687511984e-006 -8.54639153468809e-008 -1.52785132904222e-008 -3.90803611983435e-009 -4.33746671610297e-010 
2.88157445408332e+005 -1.01106490050249e+004 1.81060576933264e+000 6.44858101862356e-002 -2.02068009581791e-003 9.56046860617986e-005 2.29680575683517e-006 -9.62948331951538e-008 -1.36902543004950e-008 8.98660971397618e-010 -3.54000067164256e-011 
1.28130854847849e+006 2.83256441624365e+002 -2.45557108924402e+001 6.66097904142944e-002 -2.79864560806171e-005 -2.86346507742563e-005 7.13060435784031e-006 2.53608164454354e-007 2.85040642137592e-008 -1.71602422968515e-008 -9.40599854046426e-011 
5.29502435682802e+005 3.66735970700086e+002 -1.06915173197145e+001 2.90044028372892e-002 1.76106112255524e-004 -2.00845404974976e-005 3.59647589270286e-006 1.43226087414716e-007 1.66320839497089e-008 -7.17489461039362e-009 -3.98132384170731e-011 
-8.14704367610296e-005 8.04241452321195e-007 -4.32333696479085e-007 -1.54359419059065e-007 3.99608733145142e-008 1.69014098065472e-009 -1.13611893424356e-009 1.85969445425412e-010 -2.38377059932164e-011 -3.13143572662179e-014 
1.76413134362004e-005 7.10931936594528e-008 2.50291604328919e-007 -5.92050079392636e-008 -1.20690925744083e-008 3.32554039804775e-009 -3.53851627981322e-010 -1.40412687265920e-011 3.58420673292511e-011 -6.34504445047541e-012 
-8.27330595891411e-005 -1.16089569110031e-006 5.35075103046226e-007 1.58347151131632e-007 -2.36578051799634e-008 -7.04349753182270e-009 -1.57589396999635e-012 1.72372005714362e-010 8.79013628853903e-012 -3.98307722636288e-012 
1.74909783812130e-005 -6.52049225645451e-007 -2.10412683210579e-007 5.45760640218965e-008 1.58799086292540e-008 -8.54575788366877e-010 -4.12507845029642e-010 -5.19259465108284e-011 1.85705596312149e-012 3.34100171574847e-012 
-8.19849110726189e-005 6.65604589503010e-007 -7.43984465384926e-007 -1.02559800174776e-007 7.19164543012153e-008 9.20293607491368e-009 -2.24553897296984e-009 -4.09707680351953e-010 1.08932200006143e-011 6.97842624395151e-012 
1.68876313829959e-005 4.05764587271016e-007 1.13756024046174e-007 -1.23113565373790e-007 -1.60180276423122e-008 6.13492274923776e-009 1.00476092331105e-009 -1.02226183611943e-010 -3.41597545074692e-011 -2.37138016960810e-012 
-8.16313116662912e-005 1.23490327623057e-006 6.51865633670775e-007 -1.93772385884855e-007 -5.25350346228873e-008 1.62898869311450e-008 1.18078731956207e-009 -8.59854693344158e-010 2.62805435027637e-011 3.38113426904384e-011 
1.64723083531420e-005 -7.38762333986017e-007 1.85905025421244e-007 1.03035665207618e-007 -2.50688599830250e-008 -4.63248213879952e-009 1.66446985249729e-009 7.23681277908661e-011 -7.34167388538399e-011 1.02683198845253e-012 
-6.50794333664820e-002 -2.07892208479724e-003 9.01553764846435e-005 9.97922481858830e-005 -6.89391526554604e-008 -1.92449762815914e-006 1.70955336624994e-008 2.19944610330028e-008 -2.03713723247599e-009 9.19035735002804e-011 
3.99326651997308e-001 9.38741722739327e-005 2.17715898715410e-004 -3.56177619648704e-006 -5.70140015374629e-006 -1.13917310231724e-008 8.58979999437647e-008 -3.38719346675815e-009 -4.46775463510080e-010 1.17556501817627e-010 
1.24596122236971e+003 9.21814105523082e-001 -7.05623827621153e-005 -9.32511025998316e-005 -6.76234538181872e-008 1.80143995938366e-006 -1.87866267272940e-008 -2.03678967195037e-008 1.95112588987086e-009 -9.36723642317450e-011 
-6.61652066435703e-002 1.29733914926030e-003 4.36730583179973e-004 -6.55132869590798e-005 -8.73632780431047e-006 1.45013482529297e-006 1.08723533333666e-007 -1.73473370880518e-008 -1.73518948949589e-009 6.89883564426268e-011 
4.00347938290564e-001 6.18311499196998e-004 -1.31681533435330e-004 -2.74434428261035e-005 4.10705463034159e-006 3.84443261482390e-007 -6.75165056509869e-008 -5.43694372396313e-009 5.42297369170254e-010 9.30581782963979e-011 
1.24780206065679e+003 9.18727675822712e-001 -4.09121587607738e-004 5.88128345763696e-005 8.10039096792503e-006 -1.32448211520898e-006 -9.88774815403073e-008 1.59121116426004e-008 1.57169245249024e-009 -6.22098755883889e-011 
-6.28177704100335e-002 1.40185481389202e-003 -3.13053798398471e-004 -2.41416021741052e-005 3.73752145238173e-006 -9.97809390059879e-007 -9.41924753536314e-009 3.72810427990909e-008 1.61795836935861e-009 -4.90566395913639e-010 
4.00281549465496e-001 -6.50154828510364e-004 -1.02865524905549e-004 1.69227708906643e-005 -5.30810608181263e-007 -7.34360486299439e-008 8.87176789617950e-008 1.57944009718672e-009 -1.91257495311596e-009 -1.43982971231059e-010 
1.24963873387229e+003 9.18538768591113e-001 2.77316831749984e-004 2.36395464474992e-005 -3.18882363769210e-006 9.12234471965720e-007 5.74721316256288e-009 -3.46100512118436e-008 -1.50551542770856e-009 4.57488650050166e-010 
-6.30138803359602e-002 -1.63184881426736e-003 -3.26936933672252e-004 5.32721567829509e-005 1.19355047822276e-005 -2.90378438416853e-007 -3.27797661944770e-007 8.18660694135291e-009 7.70491611657834e-009 -7.12815673719656e-010 
3.98865760929802e-001 -5.54263568974210e-004 1.52035721332400e-004 2.59375180094275e-005 -1.95338670262731e-006 -7.76144894062909e-007 1.08684968070686e-008 1.97343724660131e-008 -1.13595548187024e-009 -4.18415575741391e-010 
1.25147856364747e+003 9.21342869745521e-001 3.13460629141445e-004 -4.83502119382420e-005 -1.13362533717560e-005 2.70185238495817e-007 3.08527810321425e-007 -8.00293488326100e-009 -7.22965081321423e-009 6.74955569647290e-010 
