-5.67800701233648e+007 3.20523496056043e+006 9.10192520751067e+005 -2.87621043125586e+004 -3.97263730996993e+001 3.36350202167587e+001 -3.00870425366900e+000 1.52881667974504e-001 -5.30623820695322e-003 3.25004019602359e-005 1.24147614340079e-005 -1.21556411582232e-006 7.26373487385488e-008 -2.86083242464302e-009 
-2.47309784192813e+007 -1.27979001374328e+007 3.81799475633998e+005 2.54918065620514e+004 -1.27050002086573e+003 4.97904409977533e+001 -1.14317640908171e+000 -3.10405230120490e-002 5.43863747681755e-003 -3.91936901072170e-004 1.88044797530998e-005 -5.23194156733576e-007 -1.04342433029159e-008 2.59976481699720e-009 
-7.25583512767132e+006 -7.16892185983697e+006 1.09631755296603e+005 1.65986431799573e+004 -6.74591946799149e+002 2.31126143736385e+001 -2.98886406057368e-001 -3.24258828455172e-002 3.45526290002665e-003 -2.12743355062941e-004 8.75887513432134e-006 -1.53519096300198e-007 -1.31018315396905e-008 1.68535283657501e-009 
-4.41673647745496e+007 9.12695761034012e+006 5.73939645249516e+005 -2.67963533187829e+004 1.69739927746884e+002 -3.61585660344475e+000 -6.30015337328470e-001 3.62618261220881e-002 -1.91256638585926e-003 7.48096438322165e-005 -2.12035384765830e-006 2.26616734877811e-008 2.85520209812836e-009 -2.69573113476661e-010 
-4.65041425637252e+007 -8.79995582068402e+006 5.93532005348091e+005 1.15730177009690e+004 -5.57821265427776e+002 2.26403678348800e+001 -9.16631732767675e-001 1.93949278241301e-002 -2.30198328663639e-004 -3.17410848488760e-005 2.53161451936538e-006 -1.48952537092186e-007 6.48870335250998e-009 -2.18473397241299e-010 
-2.01943722510119e+007 -5.64689358322154e+006 2.57588174419696e+005 8.95942028779446e+003 -3.15582545143863e+002 1.24693403016327e+001 -4.24380132217445e-001 6.60287200184492e-003 7.52354301214160e-005 -2.47089511960023e-005 1.57215566542890e-006 -8.19200432140923e-008 3.17036356721183e-009 -8.87753056282887e-011 
-2.23137890062934e+007 1.24688886648790e+007 2.64333506512812e+005 -2.52331229807741e+004 1.37673161764612e+000 -1.14924097110190e+001 -1.66036592502656e-001 4.84531700071754e-003 -3.58097888160386e-004 2.30031860486757e-005 -4.61934999994895e-007 3.34586048252872e-008 -2.16805358278039e-010 1.97784807614848e-011 
-5.90048264940362e+007 -3.62045029173748e+006 6.90377187854642e+005 5.23608690682758e+003 -2.88039301657636e+002 5.73149110060823e+000 -5.62502033793147e-001 4.57299889519596e-003 -5.36757624642271e-004 -1.37795836420105e-006 -8.84333839867837e-008 -1.40228184688881e-008 8.01777890926797e-010 -2.95390311866261e-011 
-2.91371716453552e+007 -3.22631109249390e+006 3.41409519807055e+005 5.41218349945136e+003 -1.54015662676828e+002 4.25276674951232e+000 -2.83285556359717e-001 1.94089484523572e-003 -2.49621933861402e-004 -3.12033721630845e-006 5.90261339071815e-010 -1.09586866693703e-008 4.50981979061459e-010 -1.78207861438326e-011 
3.76776254061189e+006 1.33540323114305e+007 -4.65282626604352e+004 -2.72344569092401e+004 -2.61013830058383e+002 -1.44359762111549e+001 -7.51785882139967e-002 5.94849966185702e-003 4.97831055463451e-004 3.55881403319483e-005 1.26287799845626e-006 5.75375206720845e-008 1.31584395858125e-009 2.76571077168269e-011 
-6.05762548623609e+007 2.07957010502161e+006 7.26998040033135e+005 8.18616864267514e+002 -3.08418212496090e+002 -8.26259029456421e+000 -6.91477764641177e-001 -1.47303830755017e-002 -7.14841406376465e-004 -8.01424187454365e-006 1.67429420278793e-008 2.59055742124248e-008 1.78515980492390e-009 8.52791893246171e-011 
-3.26796622861573e+007 -2.73057426511762e+005 3.93188661442262e+005 3.25973500156553e+003 -1.37710168852093e+002 -2.91787627529176e+000 -3.61598431491165e-001 -8.48555627629565e-003 -4.33476961040957e-004 -7.96925146012261e-006 -1.21873610615481e-007 7.87488564171483e-009 8.16966190526168e-010 4.26995078316342e-011 
9.49260247249292e+007 -1.11505466314042e+007 -1.19159402440782e+006 2.23603086475665e+004 1.25688558644364e+003 -1.15626421630677e+001 -5.41947594452288e-001 5.44815942803389e-004 1.29692127529803e-004 1.89562965369342e-006 
4.64942102204867e+007 1.91277011381977e+007 -5.91332086097508e+005 -4.02352345237842e+004 5.68057368591301e+002 2.57306117112331e+001 -1.54421674664397e-001 -8.15407210977087e-003 -3.90746758937779e-005 1.51798837823095e-006 
1.49367847471229e+007 9.31260938563035e+006 -1.90700002283695e+005 -1.95196154668994e+004 1.76094888072304e+002 1.23097286684653e+001 -3.51992585326272e-002 -3.70362049540227e-003 -2.57877447700547e-005 5.63148055713053e-007 
6.41687530549782e+007 -1.92902350699767e+007 -8.12493700834471e+005 3.99281307583500e+004 8.99470608803413e+002 -2.38605331885067e+001 -4.59659750391830e-001 5.58204367203536e-003 1.75896142759349e-004 3.50761931034705e-007 
7.86238024194616e+007 1.26576739625079e+007 -1.00350803631562e+006 -2.73101867509686e+004 1.02664353663389e+003 1.92061282354816e+001 -3.89605132083750e-001 -8.19487343146491e-003 4.59284589871818e-005 3.06535399627623e-006 
3.13405046739185e+007 6.91619736203065e+006 -4.00154277070265e+005 -1.48150791564265e+004 4.05060800746875e+002 1.01518997029372e+001 -1.46232561600054e-001 -4.04065972606999e-003 9.53874875632662e-006 1.35715317630994e-006 
-4.46465857990919e+007 1.92957052292762e+007 2.03232387052449e+005 -1.47187280085294e+004 -6.10378234399868e+001 2.99661388200291e+000 -8.99128640410241e-004 2.06081921330435e-004 7.39260571300655e-006 -2.04007122178714e-005 -1.86955673397865e-006 1.14704660846011e-006 2.25184804233493e-007 
-1.32995994206851e+008 -5.63904902163367e+006 6.02481217191795e+005 3.92954346454896e+003 -2.21514941173204e+002 -4.69774853270556e-001 2.66461731957302e-002 -3.86241591885362e-006 -1.17478552322153e-004 -1.52177584144806e-005 6.25327886071543e-006 1.53816776026652e-006 -2.93201829066911e-007 
-5.76398810809750e+007 -2.44465360203134e+006 2.61161326898704e+005 1.70345354453895e+003 -9.60206556052361e+001 -2.03760574973038e-001 1.14068239386425e-002 3.84752028286819e-006 -3.91198791527595e-005 -6.26232356239175e-006 1.97114696219526e-006 5.82904972460114e-007 -8.44201475407592e-008 
-4.99734998379571e+006 2.02030090817545e+007 2.27209314285886e+004 -1.52176502666781e+004 -1.52796737940784e+000 2.93741218053846e+000 -3.35658044594290e-003 8.50875669555191e-005 -1.48283090217138e-005 -2.61390709901381e-006 4.84058011635060e-007 -3.46290859650586e-008 -1.38576578065407e-008 
-1.39347788738284e+008 -6.91337093956575e+005 6.28164350562098e+005 3.41900823039262e+002 -2.25158914296797e+002 9.61505049855518e-002 2.34812458697694e-002 -1.93113731755877e-004 -4.40695930205446e-005 5.14062473413920e-006 4.70897318646746e-007 -1.60251794996274e-007 9.80749635199667e-009 
-6.03937491240500e+007 -2.99933528523013e+005 2.72295405459810e+005 1.48293691760230e+002 -9.76006705424821e+001 4.13522676316038e-002 1.01299587427789e-002 -5.86409048542313e-005 -1.73693917368054e-005 1.34128377963838e-006 2.14904290917057e-007 -5.43202752579827e-008 1.60395872834576e-009 
-2.26175725731098e+008 1.28438973148871e+007 1.01217072955386e+006 -5.01637222794851e+003 -3.44997193334116e+002 -3.45953568903092e+000 -3.34898244485326e-002 8.47572773491897e-004 3.48050912338683e-005 3.53332959338453e-007 -5.18829501879875e-008 
-7.87183769818844e+007 -2.57651443611636e+007 3.50350794821841e+005 2.07714146355313e+004 3.21316685741123e+001 -2.37314247877761e+000 -7.48839997384245e-002 -1.49059732054557e-003 -8.63456960440222e-006 -7.96288602456883e-008 7.47785980403687e-008 
-2.99815940745850e+007 -1.21645800029899e+007 1.33401273068956e+005 9.66279517978216e+003 2.40411081276638e+001 -9.95205641497856e-001 -3.34517010204031e-002 -7.05734766133869e-004 -4.76103011274902e-006 -1.09426872300542e-007 4.25376677036510e-008 
-7.04461045406923e+008 -8.93512389751352e+006 8.56666487459787e+004 1.49617409215380e+002 -8.65568077693987e-001 1.49743589517612e-004 1.22951226895142e-006 -5.98183446850526e-009 
3.50578603586085e+008 -1.38416378243045e+007 -4.27010850995618e+004 2.96489679679545e+002 2.25796807042937e-001 -1.52912043089148e-003 2.45119318106948e-006 -2.21856017809377e-009 
1.67423710891911e+008 -5.71535588960103e+006 -2.03882316509597e+004 1.23441276474597e+002 1.17852592442548e-001 -6.58836968694829e-004 1.00121422306112e-006 1.31069013809498e-009 
1.31802130370427e+009 -5.19266844286121e+006 -3.04685811802501e+004 1.24065715826126e+001 6.71493098456413e-002 1.92800395357791e-005 -2.07628732110263e-007 
4.53017128990825e+008 1.15248808113290e+007 -1.04813902215206e+004 -4.70057080475318e+001 3.95356943721747e-003 6.79925964674768e-005 1.15844175218251e-007 
1.30348151825185e+008 4.98396892278224e+006 -3.01702057836212e+003 -1.99488406246262e+001 -1.25936494788947e-003 2.72120649425158e-005 6.19601399068723e-008 
1.20029919283851e+009 -8.63978595110302e+006 -3.11993395372695e+003 3.51780081117140e+000 1.02688126394760e-003 -1.61337148445702e-007 
2.42522832342817e+009 3.12169339045668e+006 -6.30563263028831e+003 -1.82456482887257e+000 1.10664477259750e-003 5.29526761661536e-007 
1.04520608405155e+009 1.48939524744211e+006 -2.71761065570188e+003 -8.49075803548058e-001 4.69601432537794e-004 2.33697289828529e-007 
4.45557887434920e+009 -5.96710846042867e+005 -3.16976395951847e+003 5.54305007134138e-002 1.96109127633207e-004 -1.41778887404724e-008 
3.42120657226451e+008 6.97254716939681e+006 -2.43322894145288e+002 -8.27149578089124e-001 9.84491851135291e-006 2.46667599240969e-008 
2.91049917660518e+007 2.86875495344751e+006 -2.06873989505895e+001 -3.39911087688906e-001 -7.82248047099647e-007 9.77229315063868e-009 
3.08784590666670e+009 6.34879877131475e+006 -1.27714521085795e+003 -2.38315161366130e-001 1.19889152232540e-004 -2.32727598936340e-008 
-3.82392958946274e+009 3.28292382751185e+006 1.58168677628586e+003 -4.73101808925768e-001 2.98329890816570e-005 1.92157932183085e-008 
-2.12369121430201e+009 -8.88370332302100e+005 8.78423156545105e+002 -7.58361792733223e-002 -2.71861982425954e-005 1.33361058054811e-008 
3.59695716894158e+005 4.34861352956492e+004 -1.79101385139784e+004 -5.20001636507575e+002 5.39246184925816e+001 2.16846791986480e+000 1.04775528803234e-001 1.67077316622053e-004 -6.84597079855846e-004 -4.36869852477354e-005 -1.22831440587087e-006 9.38254194879090e-008 1.67031264566138e-008 
-1.15475586442366e+005 1.41338127130321e+005 5.70030267121165e+003 -1.07825185170723e+003 -3.56488585642593e+001 6.04504167543035e-001 7.26060087548477e-002 1.05444901228769e-002 3.83147105455109e-004 -1.45680439468510e-005 -2.49700316898286e-006 -1.92133017855169e-007 -4.13253867600509e-009 
-3.26919298120335e+004 7.49787954814593e+004 1.60014844468368e+003 -5.87618710908908e+002 -1.41966614606083e+001 4.73128566317803e-001 4.45719001260413e-002 5.36856154450040e-003 1.44525436478897e-004 -1.06401430611123e-005 -1.35953440065231e-006 -9.07317332750485e-008 -8.72539501370506e-010 
2.96571391629777e+005 -1.06141826859986e+005 -1.72429536403798e+004 7.65241856797228e+002 1.04222311271349e+002 9.99500864701746e-001 -3.67550730968718e-001 -3.09468815376979e-002 3.48616161205913e-004 2.20710969344172e-004 1.12009075455762e-005 -8.22217795745991e-007 -1.33749622116057e-007 
1.66312849875792e+005 1.27570859930575e+005 -9.65390487333870e+003 -1.34781820575086e+003 1.92291103294108e+001 5.76690940932759e+000 2.53234922228783e-001 -1.44043260414573e-002 -2.51814812877320e-003 -5.78927953994749e-005 1.31575363223592e-005 1.23565689821248e-006 -1.57652721517257e-008 
1.05883196427978e+005 5.70709122216917e+004 -6.17102658973663e+003 -6.29856790898756e+002 1.75065258784813e+001 3.00886636004957e+000 1.01504124772461e-001 -9.60654502336483e-003 -1.25453537626835e-003 -1.31722300075175e-005 7.51424569978156e-006 5.67629338605912e-007 -1.78611771484851e-008 
-6.15716282168053e+003 -1.81619124976038e+005 5.21319724240320e+002 1.94061768862188e+003 4.28737224460028e+000 -9.83710221945803e+000 -5.52128763570728e-002 5.72221863210122e-002 2.34068655799190e-004 -4.20453451450068e-004 -1.75073951388826e-007 3.41088814934055e-006 -1.04629038786263e-008 
3.03051435044330e+005 5.00853977129685e+002 -1.98318874068780e+004 -6.46845446591579e+001 1.25329269996150e+002 8.55633618108575e-001 -6.42327906035780e-001 -5.26100321581942e-003 4.29693425883509e-003 2.22230724970693e-005 -3.35556248551050e-005 -5.62854585683790e-008 2.79997438401475e-007 
1.53198627015049e+005 -1.30637252657539e+004 -1.00423826278851e+004 1.10205084698245e+002 6.41055715602969e+001 -2.91363682519801e-001 -3.30868029255095e-001 1.54097161518369e-003 2.20225430977309e-003 -1.96479009997331e-005 -1.70734779574678e-005 2.22398963352486e-007 1.41580268851766e-007 
-2.99417436243146e+005 -9.62864170457504e+004 1.87114689786340e+004 7.86746806905543e+002 -1.14243213468655e+002 -2.05032928420904e-001 4.13883995012934e-001 -2.38319780641277e-002 -5.91572112913986e-004 1.98447885020176e-004 -9.30372663792662e-006 -7.62062229744430e-007 1.15049372399893e-007 
1.64846794878965e+005 -1.30615174486261e+005 -1.03133312962985e+004 1.40886715353114e+003 3.49881194961239e+001 -6.38464469931355e+000 1.36009653031663e-001 1.88904061334235e-002 -2.11503205347363e-003 2.70772105311323e-005 1.27231244501919e-005 -1.02150705649790e-006 -2.10741571525855e-008 
6.14836748590158e+004 -7.34014451940325e+004 -3.85666344077481e+003 7.74965796457479e+002 9.36330126391023e+000 -3.26650654371440e+000 9.96316629619822e-002 7.86153578434240e-003 -1.11892870642946e-003 2.83548366558322e-005 5.78440396720589e-006 -5.75411090542323e-007 -2.25213411739644e-009 
-3.32993262294438e+005 6.22117500993218e+004 1.82113807289428e+004 -7.43996469060241e+002 -6.67642456815467e+001 3.29479437791511e+000 -5.27275197003874e-003 -2.96297082213775e-003 4.00762225109815e-004 -4.30698391080540e-005 1.11246644876593e-006 1.45490429902349e-007 -1.38205894174996e-008 
-1.24036494739562e+005 -1.44096538529290e+005 6.53717765748285e+003 1.19690528462382e+003 -4.64678819598398e+001 -1.92629214196919e+000 1.32720643689636e-001 -5.01592855289998e-003 2.52041039191374e-004 9.80441773140463e-006 -2.90754097423455e-006 1.52240060650143e-007 1.16624775687898e-009 
-8.75780756978851e+004 -6.84881305972430e+004 4.67804110317674e+003 5.53534042814547e+002 -2.86355964482265e+001 -7.38612265947297e-001 6.73279815046484e-002 -2.76577179804097e-003 1.57221471175523e-004 1.81030886637392e-006 -1.39591232850993e-006 8.81534687512141e-008 -4.22853968487382e-010 
-1.00748117929742e+005 1.58909748607543e+005 4.98069872727909e+003 -1.30806481872665e+003 -5.81045080613813e+000 2.64389906046418e+000 -4.99379985208756e-002 -2.00105961653254e-003 2.77461048274059e-005 1.32588793013302e-005 1.97611994968509e-007 -7.54143133882890e-008 1.49757389170392e-009 
-3.24699960378500e+005 -4.89637442245629e+004 1.56352809765777e+004 2.85686352412644e+002 -6.03515868873049e+001 3.13581212787380e-001 6.82647720828730e-002 -2.00512635971151e-003 -1.13594512654140e-004 -3.51989229347078e-006 1.00879034432665e-006 -2.60434297115573e-009 -3.67417745101773e-009 
-1.72032512357155e+005 -1.29296589095695e+004 8.31764605575774e+003 4.72202832213909e+001 -3.11878655336950e+001 3.57389560933511e-001 3.11729137287728e-002 -1.17365463056009e-003 -5.56610364727320e-005 -7.85732982038492e-007 5.27422668900034e-007 -6.95846392581326e-009 -1.75804700574144e-009 
2.08435061597611e+005 1.37914546439707e+005 -9.77612237185422e+003 -1.05521744408697e+003 3.27238949133133e+001 1.24632857540170e+000 -3.81325738879064e-002 3.71791904012901e-003 1.83084946092100e-004 -8.09622004685848e-006 -4.67783436592981e-007 1.56414915981793e-008 -1.32295828186507e-009 
-2.97672505858976e+005 7.43483055468103e+004 1.36967582439143e+004 -5.66330737070388e+002 -4.39932690462692e+001 9.81574063561213e-001 -1.41399045294341e-002 -2.09197746849315e-003 1.90675623467403e-004 1.08500561899696e-005 -2.03692597598802e-007 -1.72526551879314e-009 1.58543812314894e-009 
-1.35061021283086e+005 4.81346876841413e+004 6.22025160790314e+003 -3.67902033713098e+002 -1.99449507574760e+001 5.96164856068360e-001 -9.90989537137349e-003 -7.84946047185983e-004 1.10830607862578e-004 4.90403887216991e-006 -1.39443931213435e-007 2.61532410145825e-010 7.05560907403166e-010 
3.73412049010285e+005 1.97358324271466e+004 -1.85202972576306e+004 -3.39297984575951e+002 5.87564594522582e+001 1.84590038299601e+000 7.77438890609785e-002 9.03635938706188e-004 -5.43952302573890e-004 -4.07175159724529e-005 -1.41297980460241e-006 2.41436947115283e-008 1.09881893954686e-008 
-6.84828457877863e+004 1.46110538044963e+005 3.25005794478517e+003 -1.13500218887360e+003 -2.75908406881217e+001 9.38832089451242e-001 6.11582115760848e-002 8.72693162848276e-003 4.04039324932683e-004 -7.40585608999330e-006 -1.87604641021237e-006 -1.61798456856875e-007 -7.59287388460137e-009 
-6.29644072152371e+003 7.56329593366504e+004 2.43112876607001e+002 -6.03080220448355e+002 -9.54638141190968e+000 6.22754565920558e-001 3.70341587873264e-002 4.49639650293647e-003 1.63521878362962e-004 -6.89520000739908e-006 -1.06156870421874e-006 -8.02796582910418e-008 -3.01136056899704e-009 
8.64818505779859e+003 5.24935312911494e+003 -1.63610521141773e+001 8.65557127010445e-003 -3.17409461623660e-003 -3.27714787849228e-005 1.72541269733160e-005 -1.76149103096313e-006 1.54363933195859e-007 6.89848744845610e-009 -1.82236172120400e-010 
-5.92134289195162e+005 4.64683078567384e+003 1.04774974149475e+001 2.86946719247151e-002 1.56807793167154e-003 -2.50262541271659e-004 1.25183263210772e-005 -2.17993953925451e-007 -5.52116136486920e-008 7.24926263965299e-009 -1.36628628992982e-009 
-2.46005584395091e+005 1.87795410512811e+003 4.73482388377657e+000 1.18844102430085e-002 1.11701245015954e-003 -1.24943628979119e-004 4.93015662254654e-006 6.38475551016016e-008 -4.55941766695962e-008 4.85324929698104e-009 -7.20567427736577e-010 
1.90157486528464e+004 5.11805965581889e+003 -1.65391948575559e+001 -3.47220795193299e-002 -1.80829775357084e-003 1.19296430766239e-004 2.44170214992852e-006 -7.60573390395232e-008 -1.49645853417566e-009 1.31724185189487e-008 -1.12626059389282e-010 
-5.82755609181399e+005 4.73216546012832e+003 1.08519369735881e+001 2.71177671237392e-002 -1.11391941109985e-003 -4.20061607833561e-005 6.98618043480891e-006 1.17425161328112e-007 2.53830247385091e-008 -4.45031453155850e-009 1.60444520565286e-011 
-2.42211231875075e+005 1.91655636696634e+003 4.92159334216722e+000 1.56213829192870e-002 -3.47353994154455e-004 -2.93889155319750e-005 3.45217945409909e-006 6.77870856844954e-008 1.36866338831684e-008 -2.10239129120962e-009 7.45462111307948e-012 
5.37573030956801e-005 -5.53567184327591e-007 3.66024400661430e-007 2.50581978673789e-007 8.90461220654865e-010 -1.05261087482254e-008 -1.84521246415479e-009 -5.84626778914504e-011 8.23385892037459e-011 2.30451146737839e-011 
2.96398929635149e-005 -6.46803648072218e-007 -3.10661701100763e-007 2.47918065595201e-008 2.61907970806732e-008 2.28831474703053e-009 -5.45935207524127e-010 -2.53720494792589e-010 -2.29183442872850e-011 1.01864487627151e-011 
5.63530753514242e-005 1.88999445461957e-006 -8.87771450430717e-007 -1.41952649662441e-007 1.02753524262600e-007 5.29509682777618e-009 -5.95116159522135e-009 1.37278696545152e-010 2.52278105824686e-010 -2.39904367992653e-011 
2.87699886939604e-005 3.24082735779056e-007 1.62799402074221e-007 -1.48980168571834e-007 -1.22858688216630e-008 1.12017244613722e-008 1.51493595959854e-010 -5.33523639830016e-010 2.25394327712640e-011 1.93470816499286e-011 
5.77858628578147e-005 1.15418724049208e-006 6.52890734090189e-007 -8.09426481395148e-008 -4.45422366248900e-008 5.98565854133156e-009 6.65222541805250e-010 -1.53915711146236e-010 1.03418130508183e-011 1.85264079881764e-012 
2.83165415804874e-005 -7.76961974513952e-007 1.13572676763568e-007 9.18330405793239e-008 -1.22058499568713e-008 -2.96018335330205e-009 5.12871452978891e-010 3.93351351382262e-011 -7.55835725462045e-012 -2.87280951718504e-012 
6.01035396703533e-005 1.56666244356599e-008 -5.58810486144873e-007 9.11494261883492e-008 3.53375395288837e-008 -1.05386944582513e-009 -3.81160013423797e-010 -5.36988536753313e-011 -6.84348475537787e-012 5.13045618504908e-012 
2.82186401967761e-005 4.31089283427584e-007 -1.36625005865883e-007 -7.53020483883527e-008 6.37914327349317e-009 2.17734815407044e-009 -1.00341295565495e-010 -2.17023474591104e-011 1.30203423939684e-011 3.06695718653792e-012 
4.91279467366806e-002 -3.03052001688985e-004 2.34116294463124e-004 5.00523802940693e-006 -3.90932199326871e-008 6.66020299972859e-007 -6.31831239320408e-008 -2.43171566449140e-008 -1.56163821696603e-009 2.58275316214147e-010 
3.90340376423266e-001 5.12587531053506e-004 3.46173016122698e-005 -8.61254199348704e-006 6.37328352007715e-007 -1.56655796788481e-007 -5.63644153176120e-008 5.65668499758174e-010 1.20026100121483e-009 1.86763621053285e-010 
4.86651677158099e+003 9.20141095696651e-001 -2.31424456666789e-004 -5.33884728987340e-006 2.98350701395916e-007 -5.87816885725795e-007 5.87219418134320e-008 2.20151741191800e-008 1.34473948619776e-009 -2.42449218092332e-010 
5.04751970846914e-002 1.59340294037019e-003 1.33968440185981e-004 -5.87682769177850e-005 -9.21101260885265e-006 1.13358919019013e-006 3.43865279637258e-007 -3.44902512595284e-008 -8.79016931950878e-009 1.43406673772723e-009 
3.91210852422364e-001 2.16953187479266e-004 -1.32082544052786e-004 -1.52435951975944e-005 3.11508860269351e-006 7.35046883077615e-007 -6.98704050836752e-008 -2.23216027247091e-008 2.69329929461286e-009 4.97474018533967e-010 
4.86835516131764e+003 9.18318243524639e-001 -1.19475096872801e-004 5.69639395989085e-005 8.31439004075878e-006 -1.08923289707041e-006 -3.09805299756841e-007 3.23113226829818e-008 7.84407165558350e-009 -1.32022994819919e-009 
5.24239019711515e-002 -1.11556339841889e-004 -3.82297544891466e-004 2.76595039441033e-005 9.60016611874562e-006 -1.05481385061436e-006 -1.12219297340576e-007 1.97696566204125e-008 3.79883043894059e-010 -1.50780589853688e-010 
3.90785647051426e-001 -4.88413556381810e-004 3.77923099392040e-005 2.58537927776786e-005 -2.24955412176701e-006 -4.33879203003128e-007 6.10347293841366e-008 3.10114350638029e-009 -7.76180365297922e-010 2.61225437669291e-012 
4.87019302903721e+003 9.19987537422717e-001 3.65862665290963e-004 -2.65214779143577e-005 -9.02118567955140e-006 9.79842925018205e-007 1.03714764288721e-007 -1.80784824781321e-008 -3.65623257634402e-010 1.36181342367073e-010 
5.08893142829154e-002 -9.56755580756555e-004 1.46962037592216e-004 2.20957099035558e-005 -4.47505709897649e-006 3.83807782853319e-007 7.61349439809300e-008 -7.59914244716771e-009 -3.36531502576862e-010 1.94156093093122e-012 
3.90539063868075e-001 2.75223751674114e-004 8.42242606023805e-005 -1.04431640028089e-005 1.48045700571597e-008 2.38371336611887e-007 -2.73757967375244e-008 -2.74970071102875e-009 1.61423416943257e-010 -1.71739887718629e-011 
4.87203425907427e+003 9.20794182806157e-001 -1.43720695849681e-004 -2.23282665871471e-005 4.19642362532216e-006 -3.41389725442459e-007 -7.01516755866909e-008 7.13585253725504e-009 3.30901659350300e-010 -2.55483655263121e-012 
