1.67824089622584e+006 -1.97915020038105e+007 -8.38314171306264e+004 1.32713024526171e+005 -8.34395853730634e+002 -7.35938272871965e+002 1.58874141830048e+001 5.00390108042408e+000 -2.00094447922600e-001 -3.75892284954936e-002 2.31395761838092e-003 2.93114621707144e-004 -2.58036239987603e-005 -2.29243904440550e-006 
3.83870675149746e+007 4.74448841206894e+005 -1.61015681364582e+006 7.21062288737511e+003 8.53013215389599e+003 -1.47644100457427e+002 -5.22828382500843e+001 1.83593327125086e+000 3.73681381890624e-001 -2.08873176380231e-002 -2.84010268023986e-003 2.30810684249330e-004 2.18403080347881e-005 -2.52535026429306e-006 
2.03984343207645e+007 2.30477422737685e+006 -8.51466034305001e+005 -9.90211829268268e+003 4.64331254912207e+003 -2.60127484427375e+000 -2.95762766854784e+001 4.62171841312865e-001 2.20359696564786e-001 -7.26244628994777e-003 -1.75700951404054e-003 9.29224665362609e-005 1.43414234193711e-005 -1.11147131382663e-006 
-3.42504434792019e+007 -1.51497625390279e+007 1.09043752789808e+006 4.91216946770176e+004 -6.41695515832440e+003 1.70449951310834e+002 2.08377179846157e+001 -2.45628126537315e+000 5.31254589165343e-002 1.18855352236671e-002 -1.27390239075748e-003 1.64036321523635e-005 7.87593449652001e-006 -7.54677894335092e-007 
2.80267879408439e+007 -1.02642255710248e+007 -9.43067681211216e+005 8.16209609743546e+004 1.98485451238799e+002 -3.56480263314004e+002 2.32640185123306e+001 3.63846396794798e-001 -1.68862008444643e-001 1.03791495373304e-002 3.42370622076808e-004 -9.93761412251338e-005 5.38901254763272e-006 2.97950512675908e-007 
1.85878358620810e+007 -3.91294119984684e+006 -6.16802292225273e+005 3.85114539257015e+004 7.71070292139029e+002 -2.08098498593076e+002 1.02681775145791e+001 4.48931687787271e-001 -9.57126874520744e-002 4.31280244654032e-003 3.14920245234441e-004 -5.47872424838048e-005 2.06259307427365e-006 2.37379611481560e-007 
-5.49670896569717e+007 -5.47137087030896e+006 1.21419968791808e+006 -1.67241988033868e+004 -1.89942184563970e+003 1.72317490894800e+002 -8.19441655112456e+000 5.32167828580661e-002 2.82765129690518e-002 -2.83207105492243e-003 1.38786931454561e-004 -7.93875306973097e-008 -6.56099202748421e-007 6.43765039975546e-008 
2.85318865900101e+006 -1.41940983720918e+007 -8.91604063615626e+004 5.48257613458032e+004 -2.29896561399063e+003 2.69516999319240e+001 5.56459577324552e+000 -5.83934305429688e-001 2.96946311728832e-002 -2.28569512856050e-004 -1.11669711889327e-004 1.16978274222687e-005 -5.95586512955108e-007 1.18270331073110e-009 
7.28734107685945e+006 -7.01534874772526e+006 -1.73467302212724e+005 3.10214468469489e+004 -1.03126670784560e+003 -3.46086259500110e+000 3.82188378364167e+000 -3.17455743538873e-001 1.29325018493058e-002 1.71406230416946e-004 -7.40380400981067e-005 6.25726263291437e-006 -2.50168590088949e-007 -6.04002203913467e-009 
-5.70633707813891e+007 3.12216462959317e+006 9.14147008702569e+005 -2.87533472735371e+004 -4.75144585251566e+001 3.44702281537557e+001 -3.05826672856400e+000 1.54846660203491e-001 -5.31939462772552e-003 2.66921219370875e-005 1.30391288735078e-005 -1.25621889814079e-006 7.43634712909792e-008 -2.88111276513597e-009 
-2.45622738167734e+007 -1.28335684076565e+007 3.78253242825610e+005 2.57260290640190e+004 -1.28196600353389e+003 5.01066834795947e+001 -1.13303758102623e+000 -3.30632904704983e-002 5.60264656914164e-003 -4.00678092593677e-004 1.90708998159097e-005 -5.17225674726353e-007 -1.20280338129534e-008 2.73692252598683e-009 
-7.14054793640275e+006 -7.17916531931850e+006 1.07324138130322e+005 1.67229035868669e+004 -6.79908145010164e+002 2.31948105071468e+001 -2.88322335370259e-001 -3.37105152679103e-002 3.54424987993136e-003 -2.16810442625793e-004 8.83642053920213e-006 -1.46112862059125e-007 -1.41322861466650e-008 1.76066868778489e-009 
3.11756963953231e+007 2.28542291497251e+007 -3.88792370156241e+005 -4.67989323412621e+004 4.13110673344637e+002 2.68818902050611e+001 -1.82381962220332e-001 -5.26071777047868e-003 4.62246286890556e-005 -7.86185046468591e-007 
-9.37644406877220e+007 6.86050231161113e+006 1.15228296121656e+006 -1.44417515271521e+004 -1.15304931739912e+003 9.25779311692639e+000 3.99999322929082e-001 -2.93934512794111e-003 -2.21837470378630e-005 5.38526023348343e-007 
-4.41497404151892e+007 1.64141776219661e+006 5.43092238078767e+005 -3.53761059934890e+003 -5.44975260769153e+002 2.46509180899742e+000 1.91527819700006e-001 -9.89719683438547e-004 -1.29002507798306e-005 2.90967813477346e-007 
7.21005910123452e+007 1.76489852634278e+007 -8.93879610856201e+005 -3.61732992034671e+004 8.95797164686464e+002 2.08779367260095e+001 -3.13220185159470e-001 -4.22363037078497e-003 2.04379356153126e-005 -4.81728506737966e-007 
-7.15840215444726e+007 1.50892489344758e+007 8.76009366080898e+005 -3.09169659343912e+004 -8.78926437871726e+002 1.78002239947303e+001 3.09160140719610e-001 -3.54879969822212e-003 -2.18456676969378e-005 -4.47134778470131e-007 
-3.67577697772481e+007 5.67343679245843e+006 4.50731698377343e+005 -1.16232186053088e+004 -4.52163848911907e+002 6.68883418390189e+000 1.58931595277616e-001 -1.32971837967883e-003 -1.11360889415022e-005 -1.71487101002785e-007 
1.25646407111973e+008 1.09675257253727e+007 -5.76974427621067e+005 -8.80709844322628e+003 2.01782630996706e+002 2.19101559490272e+000 -1.51057364716873e-002 -3.71885808516442e-004 -4.87034867757397e-005 5.70293815886743e-006 -3.79164017442184e-007 -9.36803373010394e-008 8.93951312760271e-008 
-7.67398379170866e+007 1.56766219230549e+007 3.48364906423517e+005 -1.16801179628983e+004 -1.41712101637195e+002 2.12681239512719e+000 2.31859345689284e-002 -1.01388392906669e-004 3.48710148010565e-005 -7.14078574634705e-007 -5.58887315113538e-007 2.81912063457831e-007 -4.82151448112887e-008 
-3.32498786666900e+007 6.79528838777197e+006 1.51013440998007e+005 -5.06307886346479e+003 -6.14318529873339e+001 9.22299344103324e-001 1.00634449388265e-002 -7.47597403612838e-005 1.56605887164710e-005 6.15311604936729e-007 -3.58882607518713e-007 1.37480180758342e-007 -1.69221965507198e-008 
1.42671836886324e+008 5.98705460450247e+006 -6.61918338769692e+005 -5.25205122274941e+003 2.40999313292978e+002 1.70129172271819e+000 -2.33493085357725e-002 -5.81049913155251e-004 -1.17384983953724e-004 9.32001717993232e-006 5.88360022653772e-006 -7.67102082075953e-008 -2.38946370554396e-007 
-4.30684721239418e+007 1.78677809253677e+007 1.96101958381921e+005 -1.35764764547948e+004 -9.34758676781452e+001 2.70039466974625e+000 2.26959646479227e-002 -2.66453186888757e-004 4.31109856175665e-005 1.12076195577779e-005 -1.71490490403410e-006 -5.40303251147248e-007 2.01324247585531e-008 
-1.86544083274613e+007 7.74514605404524e+006 8.50104916895086e+004 -5.88515726811480e+003 -4.05228262159095e+001 1.17088624548055e+000 9.75784565679034e-003 -1.55115779595144e-004 2.39779874569235e-005 7.39589379942976e-006 -9.33905234460091e-007 -3.59029116130165e-007 8.57605682327361e-009 
8.46509941461731e+007 -2.96525266667619e+007 -4.65459622845473e+005 3.01898824296309e+004 -9.11461757074330e+001 -9.04798398363654e+000 2.56399482166882e-001 -2.25089930423303e-003 -8.67570326877488e-005 5.91207953333802e-006 -6.97464913989239e-007 
1.89902305699894e+008 1.37573373160432e+007 -1.04218741497460e+006 -5.32951618608228e+003 5.49543453537794e+002 -7.10893803346366e+000 -5.16550004125892e-002 5.20660397009667e-003 -1.03355158920502e-004 1.39266257365571e-007 -5.25092008071223e-007 
8.48491095482317e+007 7.10986029485450e+006 -4.65476759942264e+005 -3.25882585837649e+003 2.54520945022074e+002 -3.01663502412657e+000 -3.06201109219474e-002 2.44991438154546e-003 -4.44659748657697e-005 -3.84122156801768e-007 -1.72622130244516e-007 
-4.92348907661537e+008 -1.43592554655928e+007 6.27630357713989e+004 2.73999112358761e+002 -8.41879897994421e-001 -5.17240635390990e-004 5.01794381019327e-006 -2.55123053645087e-007 
5.65365476600954e+008 -9.67032978360935e+006 -7.21911765299048e+004 2.41868211281743e+002 5.49247188690618e-001 -2.05956794952565e-003 8.97251614807919e-007 1.82855009806846e-007 
2.54323061162865e+008 -3.79538004782475e+006 -3.24709496152094e+004 9.70015511706100e+001 2.55912091757456e-001 -8.70035632893446e-004 3.39024401936235e-007 5.95293304681173e-008 
1.39151162153301e+009 -2.96303228034471e+006 -3.12978862122968e+004 3.07081527678949e+000 6.21375201704217e-002 3.51837712836995e-005 4.19053860821791e-008 
2.39877713799155e+008 1.20966052568834e+007 -5.40488558871559e+003 -4.67309198556382e+001 -7.39005847970160e-003 5.77677799104777e-005 -1.97646714627293e-008 
3.91462474003989e+007 5.12409132324963e+006 -8.84577821928409e+002 -1.94334084026344e+001 -5.72624145478689e-003 2.23436602187720e-005 -1.78457345922222e-008 
1.35371224439904e+009 -8.40166728889095e+006 -3.49175826723556e+003 3.36673293360878e+000 1.07293852511678e-003 -3.70218508225549e-007 
2.36499537328831e+009 3.56840277869075e+006 -6.10021736796498e+003 -1.97725732465985e+000 1.01456131306339e-003 4.47782814785149e-007 
1.01665620050648e+009 1.68167628894321e+006 -2.62236778992041e+003 -9.13711458475828e-001 4.28321815497555e-004 2.03900622330920e-007 
4.46426453198690e+009 -3.68308893935192e+005 -3.17422947922576e+003 2.73184499592150e-002 1.93861772546799e-004 4.04330548448649e-008 
2.16476483034031e+008 6.98684880176497e+006 -1.53924522087837e+002 -8.28269688639451e-001 5.68457678105208e-006 2.91545882166677e-008 
-2.25380559347047e+007 2.86892308700384e+006 1.60129517516578e+001 -3.39684112289076e-001 -2.37509971078717e-006 1.11489643244248e-008 
2.97274561320818e+009 6.43980400717676e+006 -1.25046049453300e+003 -2.55979611632478e-001 1.25478860135300e-004 -3.82875155393218e-008 
-3.88198619874607e+009 3.16719757647018e+006 1.63300350240788e+003 -4.77119982259448e-001 2.59985684708766e-005 1.84680613874250e-008 
-2.10712958036905e+009 -9.51906441390724e+005 8.86394874610797e+002 -7.17261615511682e-002 -2.98654277238409e-005 1.37067026396025e-008 
-3.24429640951770e+005 -7.60220126536886e+004 1.95244262083917e+004 5.19129874008131e+002 -1.17491533494262e+002 1.19391365759347e+000 4.79923940401683e-001 -2.88532073369940e-002 -1.76288024193079e-003 2.62918837797991e-004 1.56992312317050e-006 -1.96647795383274e-006 7.14376630606586e-008 
1.24046071846456e+005 -1.40363390445743e+005 -7.50358836365948e+003 1.47693597169382e+003 1.47844910977248e+001 -6.74534778816891e+000 2.09822196289995e-001 2.72282137529114e-002 -2.48424011014450e-003 -8.07738927532107e-005 2.04814788686292e-005 -2.69699322470466e-007 -1.41922344426819e-007 
4.86938251239007e+004 -7.86062796707554e+004 -2.95568935790166e+003 8.12479967948740e+002 1.66103358748444e+000 -3.52339505355099e+000 1.36844045063632e-001 1.29514933490509e-002 -1.41349345352832e-003 -2.90512789597875e-005 1.09688863790625e-005 -2.47186409676363e-007 -7.16579446274688e-008 
-3.20262932977685e+005 7.75231716283458e+004 1.64731579195854e+004 -8.39235641593161e+002 -4.67993837863617e+001 3.29049655844081e+000 -1.48088599462792e-001 -2.30457077293716e-003 1.07499467635029e-003 -6.21721035005648e-005 -1.90110777457638e-008 3.40957331411437e-007 -2.93390793787643e-008 
-1.62984493830769e+005 -1.33307579072946e+005 8.40479438653371e+003 1.01330542167614e+003 -5.07407390094643e+001 -3.23728178901917e-001 1.30966775985697e-001 -1.42007850248964e-002 3.40702536338068e-004 4.19063541041374e-005 -4.84757061083243e-006 2.01820244700532e-007 1.12715938724010e-008 
-1.03605678848983e+005 -6.67326876385440e+004 5.33924584686294e+003 4.94244952107289e+002 -2.94564724081864e+001 8.67743384739377e-004 6.18370870554935e-002 -7.66800616351196e-003 2.37802808355256e-004 1.89929537582250e-005 -2.57744047582136e-006 1.25258027810989e-007 4.44152464509919e-009 
-7.17467324883691e+004 1.60135007120055e+005 3.51263942455617e+003 -1.22994668563206e+003 -9.20486032100628e+000 1.13951255509562e+000 8.03025367557334e-003 7.39340300902688e-003 -1.16334916451815e-004 -1.18827068740071e-005 2.02993463167837e-008 -5.88673709417464e-008 3.64111221030069e-009 
-3.33560246263133e+005 -3.11637968840131e+004 1.57362572156996e+004 2.15784793431800e+002 -4.91034762243605e+001 -2.10325648462036e-001 -4.98765740222289e-002 8.13498184316402e-004 3.73029941259698e-004 -5.46614211373249e-006 2.51706275096044e-007 -2.81425538624869e-008 -3.49687035052945e-009 
-1.81076702032523e+005 -8.06890419292317e+003 8.54950894915727e+003 4.94088604818378e+001 -2.66033891921765e+001 -5.09056721654876e-002 -2.60075462855185e-002 8.23570823431395e-004 1.92079615634122e-004 -3.53802070259406e-006 1.34507984542432e-007 -1.80644422760298e-008 -1.66533978486618e-009 
2.29487369978482e+005 1.28794691225188e+005 -1.11823196098870e+004 -1.12717309074409e+003 2.82410006717882e+001 2.94826043523773e+000 8.85810331834205e-002 -4.34009898457997e-003 -5.79024118748576e-004 3.67707045328463e-008 1.87695895717959e-006 8.26697840203417e-008 -5.23314089952822e-009 
-2.71625266241042e+005 9.11145981049317e+004 1.33367822326837e+004 -6.38910784962768e+002 -5.72770361305562e+001 9.75168800169366e-003 1.02271161807975e-001 7.71297979737082e-003 -1.06280846277960e-004 -2.97351101032080e-005 -5.87859694557315e-007 8.94762610426361e-008 7.02822416772897e-009 
-1.32187665386819e+005 5.52493929028158e+004 6.49321690120479e+003 -3.99519311524450e+002 -2.89374594757831e+001 1.63306606438695e-001 5.90740755442395e-002 3.86526679852525e-003 -8.73505069294337e-005 -1.58005655831779e-005 -2.12295554373572e-007 5.19529659361178e-008 3.45592897316499e-009 
3.63428634609003e+005 -2.19555955629575e+003 -1.98694099641128e+004 -1.61439180174306e+002 8.98759041637698e+001 2.08289241970671e+000 -1.84276004279437e-001 -8.85815869002796e-003 4.76631909194963e-004 2.10922718082356e-005 -2.86196735652682e-006 -9.43683568326010e-008 1.63205795907168e-008 
-1.72419839772558e+004 1.52736080007248e+005 7.66569798887965e+002 -1.36617323059006e+003 -2.10019024205906e+001 3.77506888986525e+000 1.37080324998789e-001 -7.15191914042099e-003 -4.01573289247767e-004 3.08553581280409e-005 1.13548713587790e-006 -1.95595793952210e-007 -7.63668212268792e-009 
1.00826611228761e+004 8.10333659358462e+004 -6.48631422116696e+002 -7.34460164609930e+002 -6.35972731926774e+000 2.11744537344328e+000 6.29616811455512e-002 -4.27527931231929e-003 -1.87980369661261e-004 1.75256461364890e-005 4.51244703491485e-007 -1.08958160565640e-007 -3.18891445874142e-009 
2.12131802896215e+005 -1.43133957391553e+005 -1.27338415492239e+004 1.31766528679009e+003 7.63657270122461e+001 -3.61398188884137e+000 -2.39089603426979e-001 2.15079450745680e-003 1.58626328623695e-004 1.69463122015459e-005 3.70562645009580e-006 -5.85389467746912e-009 -2.45323121984790e-008 
2.42687337131620e+005 9.40807038651174e+004 -1.47936450861587e+004 -1.00083873130817e+003 6.78002436292514e+001 4.13262832895079e+000 -1.07830743607182e-001 -8.72812940595259e-003 -1.23296267991524e-004 -2.19054574188247e-005 7.29699671207822e-007 3.01816839033551e-007 4.77986220320880e-009 
1.40149120747648e+005 4.23852138850316e+004 -8.53454904061085e+003 -4.61363785693575e+002 4.00975364045235e+001 2.00178700144477e+000 -7.01253299888676e-002 -4.52007269598440e-003 -5.66643106145885e-005 -1.07299633188794e-005 5.84149197295854e-007 1.59975845817450e-007 1.23089628972467e-009 
-1.16055030665493e+005 -1.68311662541023e+005 7.12597063571459e+003 1.69482196958766e+003 -4.05274650941866e+001 -6.87259362137483e+000 8.30247241560899e-002 2.51126511340418e-002 5.51628988631078e-004 -1.02569594884720e-004 -8.37304081219473e-006 3.60284447820476e-007 6.81985484826884e-008 
2.90772074220291e+005 -4.89572470721943e+004 -1.82765861886893e+004 5.10777545009690e+002 1.01971506650103e+002 -1.80602717284759e+000 -3.64028129291518e-001 -9.58364962431789e-004 1.40166590369711e-003 7.15833034918964e-005 -5.45313185769052e-006 -7.03235010515491e-007 1.23964500394367e-008 
1.48299815952696e+005 -3.49144885968935e+004 -9.32531593644683e+003 3.61668110068857e+002 5.19876193284091e+001 -1.32727746371312e+000 -1.88884865779967e-001 8.35380531218388e-004 7.73616546187838e-004 3.25293450464788e-005 -3.34145625099111e-006 -3.54161307386111e-007 1.02172087036057e-008 
-3.44792714402995e+005 -4.95766108810008e+004 2.00078659499867e+004 2.75081042233174e+002 -1.08928746815501e+002 1.33933456184654e+000 3.78537711669000e-001 -1.76933827844124e-002 -1.49555772620047e-003 1.28594507751049e-004 6.32368156368505e-006 -9.34129801757662e-007 -2.06038826455075e-008 
8.20962245560380e+004 -1.48382890776251e+005 -4.87171912517752e+003 1.46859868294858e+003 4.12123416624158e+000 -5.76952895106058e+000 1.54367688491859e-001 2.09736136464548e-002 -1.31557901737558e-003 -8.96473751729515e-005 9.51330073847315e-006 3.61452729985702e-007 -6.98321950312072e-008 
2.54072673757055e+004 -8.13803039822305e+004 -1.52052538612535e+003 7.94329464230077e+002 -3.64824718704116e+000 -2.99306437897412e+000 1.02226801047006e-001 1.01949006629978e-002 -7.78357209486388e-004 -4.07405477413345e-005 5.38837620793078e-006 1.42109235706269e-007 -3.81755244309429e-008 
-2.24769729601969e+005 7.44328764800449e+003 -1.00950627894390e+001 -2.30817684825249e-002 1.27018009626200e-002 1.40309853577161e-003 -4.44063574731701e-004 2.78145860068099e-006 1.17485587633526e-005 -1.10672676594028e-006 -2.34538119383763e-007 
-7.25017480089922e+005 2.49341561149820e+003 1.49375117732230e+001 -2.95891030367254e-002 -9.20919785332526e-003 2.32403469978675e-003 7.67561040438881e-005 -6.56810357127936e-005 3.93955824757546e-006 1.46623882092772e-006 -2.51105545595007e-007 
-2.98027034853148e+005 9.11749603299934e+002 6.66765365519321e+000 -1.25034865231351e-002 -6.61316635180149e-003 1.09530704601576e-003 8.71365536048846e-005 -3.53758600968385e-005 8.86951352747546e-007 9.00507858831567e-007 -1.09838404611114e-007 
-2.09962485156680e+005 7.36461347211088e+003 -9.34338559740911e+000 1.04085192511935e-001 -9.30099378925467e-004 -5.39042119100406e-004 6.20136831929283e-005 -4.26588147990178e-006 -4.30542056039634e-008 8.44074097989870e-008 -1.17916405389570e-008 
-7.19912268450683e+005 2.61162209185953e+003 1.47574853684105e+001 3.79154461028574e-002 7.23026769613127e-003 -3.31610790577960e-004 -8.43555861007759e-006 4.73625556857799e-006 -7.21752774117355e-007 5.06993284123719e-008 -9.77521224619876e-010 
-2.96150978710491e+005 9.64124445615699e+002 6.46825795312631e+000 4.36396535249625e-003 3.59282090419461e-003 -1.19393739238085e-004 -1.08235543050156e-005 2.97158283437094e-006 -3.81076724762304e-007 2.08509646212546e-008 6.92831416507835e-010 
4.64480456644951e-005 -1.45011307340137e-006 8.82417765025255e-008 2.59905399306575e-007 -3.92930235413462e-008 -8.97960251425749e-009 3.22764483370156e-009 -2.00138979470564e-010 -1.31180751378078e-010 2.95747051988934e-011 
3.93856311232675e-005 1.54872559100171e-007 -3.53590664197797e-007 4.89692655121547e-008 2.55888621082138e-008 -5.67363285607800e-009 -2.96652256768903e-010 3.17396121894548e-010 -3.39579527651651e-011 -1.05116624262797e-011 
4.61754491583832e-005 7.05086869528258e-007 -3.45599300507129e-007 -1.67595317599048e-007 1.36358163470722e-008 5.59588603632998e-009 3.41336605675897e-010 -1.97354341898250e-011 -3.00149150883891e-011 -3.74727289409130e-012 
3.95605962562824e-005 5.83048112374268e-007 2.51117667478660e-007 -4.35135697215161e-008 -1.60142044611369e-008 6.09773384771330e-010 2.31037520075731e-010 1.82980946943973e-011 6.67450970978196e-012 1.03001338482337e-012 
4.47915079279399e-005 -1.09119820106582e-006 7.30146749097032e-007 1.85206237107923e-007 -5.42313094065991e-008 -1.24879434741370e-008 1.37686927019530e-009 4.12957033127636e-010 -1.45534083167688e-011 -8.31728110299407e-012 
4.02245741594057e-005 -4.10596180956038e-007 -2.21991324669884e-007 1.04039615762087e-007 2.35579754408963e-008 -4.53913255762494e-009 -1.07038052166042e-009 8.97953653843093e-011 2.28872347456230e-011 -1.85619929005119e-012 
4.49416375222597e-005 -5.23377411699390e-007 -9.40290144745157e-007 6.57005933856636e-008 8.88682760849172e-008 -7.16856710240671e-009 -4.15592873180684e-009 3.55866875962643e-010 1.50859002057675e-010 -1.03134022915967e-011 
4.04144707670232e-005 7.55488916350597e-007 -9.01825111122822e-008 -1.41848408832941e-007 1.26849348474336e-008 8.75045317860128e-009 -8.57133935943123e-010 -3.37677389401121e-010 3.37850238761127e-011 1.10002351558469e-011 
3.78174500955407e-002 8.77181343094468e-004 -5.09172018257455e-004 -4.36785187902742e-005 1.30016471441295e-005 1.17134445664445e-006 -2.63493511902067e-007 -6.70201478248275e-009 5.28370173189211e-009 -5.98212010717897e-010 
3.86173011170946e-001 -7.00708254259631e-004 -7.50706530287058e-005 3.31959827861646e-005 2.99859697797008e-006 -6.88204674602923e-007 -4.95242782665138e-008 1.48068316913760e-008 -5.57729819233530e-010 -2.43918008838536e-010 
4.80029494817088e+003 9.19041612394803e-001 4.85960783511158e-004 4.02425259389575e-005 -1.23105156151132e-005 -1.06007903393741e-006 2.44670604178349e-007 5.45321627968421e-009 -4.79788518017216e-009 5.63459950385437e-010 
3.63098334367774e-002 -1.86115673018179e-003 7.77365383602308e-005 8.95335231414551e-005 -5.05213153438972e-006 -1.46602337261281e-006 9.82493957413368e-008 1.69973053646572e-008 -8.88661412403648e-011 -1.45910802411659e-010 
3.85341344783222e-001 1.07811468517093e-004 1.95414755485976e-004 -8.55975630531895e-006 -4.56587156667870e-006 3.01148690328844e-007 6.00764982326887e-008 -2.79392422853526e-009 -5.96556326884837e-010 -3.95479028622638e-011 
4.80213612784384e+003 9.21639331116542e-001 -7.36064049095469e-005 -8.46971356991923e-005 4.70451522212465e-006 1.37150119152293e-006 -9.02967415784717e-008 -1.57813614391585e-008 6.62031482442446e-011 1.35820416751586e-010 
3.49995380530371e-002 7.71802876728700e-004 3.58096672441698e-004 -2.48241064342280e-005 -3.17422267066954e-007 6.28651165827716e-007 -1.87272070413213e-007 -1.74766591788951e-008 3.86592196608046e-009 3.27147731987579e-010 
3.86371387656542e-001 7.05225314313516e-004 -5.04602335653421e-005 -1.44145620930948e-005 1.45040978281455e-006 -2.86545721421811e-007 -4.03939207278711e-008 1.12137948066111e-008 9.94751031007895e-010 -1.61217698518770e-010 
4.80397711175949e+003 9.19131666307981e-001 -3.42786577867455e-004 2.37187697492783e-005 5.13514045151769e-007 -5.87912930426301e-007 1.71803752406517e-007 1.62320389884902e-008 -3.58042872719934e-009 -3.05721885250926e-010 
3.81918990704941e-002 2.00829643608601e-003 -1.54809172104769e-004 -8.01558989704195e-005 -2.73720890821328e-006 1.73464162207412e-006 2.12878849347661e-007 -4.02322701027855e-008 -5.48113846776754e-009 9.71712254019511e-010 
3.86924163279109e-001 -2.57305414957569e-004 -1.69549630708932e-004 3.09557854253126e-006 4.51889353083678e-006 3.86488339772069e-007 -9.79433533808593e-008 -1.36869574617402e-008 2.37598950117500e-009 3.16934514115727e-010 
4.80581381511156e+003 9.17970736428521e-001 1.52069700456093e-004 7.57201708511761e-005 2.34207752795675e-006 -1.62697707482858e-006 -1.94320469438659e-007 3.75887203291519e-008 5.02399275340577e-009 -9.08961679642066e-010 
