5.31413532277480e+007 -5.47433124821947e+005 -1.28149852532682e+006 -3.79120083145634e+004 1.50567838350639e+003 2.11337785502846e+002 1.19522901020898e+001 1.32682950310423e-001 -4.19921257844542e-002 -4.44997359759304e-003 -2.03127183087249e-004 3.83405541969153e-006 1.44526359160013e-006 1.18675402380730e-007 
-5.65337258738594e+006 1.51728042535688e+007 1.34995636322924e+005 -5.67070990008406e+004 -3.00839766957016e+003 -4.87112139388702e+001 7.24233329515072e+000 8.26576913781103e-001 4.04916633580303e-002 -2.57507975218968e-004 -2.25629016173968e-004 -1.99213575909203e-005 -7.01732888094433e-007 4.00653617845622e-008 
-8.53404350823504e+006 8.16145416787840e+006 2.04960449341046e+005 -2.63620987311653e+004 -1.76313923911831e+003 -4.79295045809882e+001 2.62972577348672e+000 4.27793188123373e-001 2.59833339735294e-002 3.23752820249040e-004 -9.94710629857609e-005 -1.10392214094302e-005 -5.24682257717334e-007 9.09986652371806e-009 
4.09112895855166e+007 -1.17995280151266e+007 -1.40978506922451e+006 3.19500601060447e+004 7.40970576860374e+003 2.29444610417941e+002 -2.71581421681923e+001 -3.08440534092979e+000 -1.58803173378953e-002 2.05931518148066e-002 1.48520842064603e-003 -5.58987954206064e-005 -1.53946241678740e-005 -6.25771125844285e-007 
2.30578843307148e+007 1.27463988190928e+007 -8.10143532909600e+005 -9.37533516988997e+004 -1.33875084562187e+001 4.37374133570603e+002 2.57694923289521e+001 -1.09651746383751e+000 -2.40325588197515e-001 -7.97914058321680e-003 1.22909881574586e-003 1.43538714255049e-004 2.15005205233873e-007 -1.13204220849498e-006 
8.07015023123423e+006 8.03175175852538e+006 -2.86623136470528e+005 -5.33941022786343e+004 -7.75285883341405e+002 2.09854635253111e+002 1.65811402533518e+001 -2.65999305660230e-001 -1.26732918343512e-001 -6.39717277015962e-003 5.02605043327938e-004 8.24715386338104e-005 1.71075137196765e-006 -5.39852834831613e-007 
8.68554011096225e+006 -1.95237621788842e+007 -3.38310108501945e+005 1.31758060925626e+005 1.56296149411446e+003 -7.51556553036886e+002 -7.83432341493490e+000 5.41635597106993e+000 4.34668966484563e-002 -4.45920561860397e-002 -2.24221268773526e-004 3.96572012250669e-004 6.92245247060817e-007 -3.72850455492163e-006 
3.90124598464354e+007 2.53248410937875e+006 -1.60258672779636e+006 -1.48963508623279e+004 8.66675193167250e+003 6.22955595910200e+001 -5.58435137641863e+001 -2.75999570735612e-001 4.33433905369156e-001 8.61286639897989e-004 -3.71620135012970e-003 4.83984121655420e-006 3.38139828108102e-005 -1.63344210112558e-007 
1.99327353527505e+007 3.37633176383434e+006 -8.21012757362680e+005 -2.16162961847457e+004 4.46765286277974e+003 1.11188406570655e+002 -2.90188023214822e+001 -7.08926384788969e-001 2.27029404771699e-001 5.08275747220642e-003 -1.96190946151699e-003 -3.85256970636405e-005 1.79912879528350e-005 2.99264508357008e-007 
-2.84248523292281e+007 -1.64753360247209e+007 9.78518201416658e+005 6.61333667160291e+004 -6.80016661672796e+003 6.80390636799288e+001 3.21028406046575e+001 -2.50311847781907e+000 -3.91147276438009e-002 1.98042623751137e-002 -1.11410836201698e-003 -6.67805616260949e-005 1.32921775151723e-005 -4.59349613340263e-007 
3.21662068661521e+007 -8.94549497529350e+006 -1.09809173074248e+006 7.94143808629198e+004 1.48136209686545e+003 -4.39329112830679e+002 1.94010224019295e+001 1.36506088462264e+000 -2.16905638196021e-001 5.62980743093866e-003 1.15169163091612e-003 -1.23897426671645e-004 1.96604222297448e-007 9.49775740872199e-007 
2.01217416264783e+007 -3.07109602363734e+006 -6.88027722479559e+005 3.55664685446861e+004 1.49627472798618e+003 -2.41737746487837e+002 7.03580696612495e+000 9.88685140773126e-001 -1.11813295946336e-001 9.54405786710841e-004 7.30710566228177e-004 -5.92628154281376e-005 -1.27284939253629e-006 5.55001318157591e-007 
-1.63243111311209e+007 -2.38285214573833e+007 2.16783546085263e+005 5.07813889020626e+004 -2.03292663290194e+002 -3.41992181972199e+001 4.31116687076359e-002 1.31532099684365e-002 3.40419885065811e-005 -4.53143737866351e-006 
9.56053794525624e+007 -4.14829327460792e+006 -1.22232910020787e+006 8.34574594060904e+003 1.32553815590829e+003 -4.30696602904277e+000 -6.37107104628872e-001 4.91528913208005e-005 2.21164385557438e-004 1.07703168020357e-006 
4.40522442658334e+007 -3.58968979600954e+005 -5.63690721937077e+005 5.41998763677498e+002 6.09274034943411e+002 2.26038656978121e-001 -2.89384107322036e-001 -8.09933661374661e-004 9.73559779691021e-005 7.67899251926024e-007 
-6.03900823845236e+007 -1.97630359011006e+007 7.84597826818791e+005 4.22384716157027e+004 -8.47129444296082e+002 -2.87790318453601e+001 4.01234439333606e-001 1.15845293813125e-002 -1.27938362615963e-004 -6.42768139123343e-006 
7.80941233425005e+007 -1.31776663206701e+007 -1.00042571820552e+006 2.80495652113001e+004 1.09081376639598e+003 -1.87665820274071e+001 -5.35164807210988e-001 7.08576230594708e-003 1.85865430895696e-004 -3.90515391482285e-006 
3.89610319065931e+007 -4.67887605602873e+006 -4.99774891477398e+005 9.94805237385779e+003 5.44399737541970e+002 -6.62309937509230e+000 -2.66203715327338e-001 2.46262246223173e-003 9.40768623695295e-005 -1.40914121927464e-006 
1.17170166722398e+005 2.02075501403016e+007 1.99787852888624e+003 -1.52127472373710e+004 5.10362074559429e+000 2.92536743570015e+000 -3.67386255326506e-003 1.40607451858461e-004 2.55657664057040e-006 -6.80343561635778e-006 -7.47250212010672e-007 1.20947439238069e-007 3.48256376710586e-008 
-1.38493230802427e+008 -1.18058493979453e+005 6.28304315435540e+005 -6.59663983206174e+001 -2.24822262764796e+002 1.55343793147015e-001 2.33278813699009e-002 -1.07146892140633e-004 -6.42834579533350e-005 -2.95241831136943e-006 1.84313824131153e-006 2.94407299958620e-007 -3.14680497028533e-008 
-6.00645737656087e+007 -5.12666382692198e+004 2.72376121901101e+005 -2.85290953190729e+001 -9.74632876458756e+001 6.75385010666838e-002 1.02195936061455e-002 -5.93859138450280e-005 -3.44707893958264e-005 -1.12562241260193e-006 1.04308777514224e-006 1.46956857327409e-007 -1.96445739972583e-008 
3.99740607068437e+007 1.94991249339151e+007 -1.78150203878661e+005 -1.46681061890792e+004 6.26063877938973e+001 2.81287176348538e+000 -4.82187228250507e-003 1.25104432552784e-004 -4.89991154050692e-005 -3.56776990021302e-006 2.77311700913806e-006 -2.90863188077404e-007 -1.20767386018294e-007 
-1.33748313148578e+008 4.84447966322166e+006 6.06124373940318e+005 -3.61005890670220e+003 -2.16562905252801e+002 6.71555864883036e-001 2.20032027966696e-002 -3.25514770073544e-004 -2.87645326184410e-005 1.90548925921326e-005 -1.15088611423932e-006 -8.33863755647190e-007 2.06309360566055e-007 
-5.80077767198396e+007 2.10004598207064e+006 2.62761743054296e+005 -1.56492608445088e+003 -9.38820977778376e+001 2.91516490169297e-001 9.53333773670179e-003 -1.77195928944985e-004 -1.00020242114177e-005 9.99308134750640e-006 -8.30338400814444e-007 -4.00390639031310e-007 1.15122290663085e-007 
-3.05393908298156e+007 3.43180766781464e+007 1.83476998975337e+005 -3.26750704317520e+004 -4.36148746857405e+002 7.56159629511397e+000 3.74801980930155e-001 4.62598265114190e-003 -1.20902854484459e-004 -6.61192823620373e-006 -1.44992636979018e-007 
-1.97056994380416e+008 -1.32475717173074e+006 1.17428774686739e+006 9.33243087493780e+003 -5.55762895419871e+002 -1.27661363438229e+001 -4.80236360395957e-003 7.42639802491100e-003 1.81175116783273e-004 -1.42769769695534e-006 -1.64571890927439e-008 
-8.95817787016629e+007 -1.53446624599164e+006 5.33666089131101e+005 5.16261954723633e+003 -2.43147793656644e+002 -6.05906555502937e+000 -1.23234263194761e-002 3.27588321213605e-003 8.67588910848026e-005 -4.62526602931860e-007 5.71041065286433e-009 
-8.12061566553634e+008 -1.27964076588255e+006 9.54276632682484e+004 9.31934299127679e+000 -8.07220226356667e-001 3.06767321942259e-004 -1.59373314694139e-006 -2.90969821935520e-007 
3.70661457022336e+007 -1.57989623104801e+007 -4.31582421053285e+003 3.10198116873903e+002 -4.03122499752558e-002 -1.06723277398489e-003 6.85669764573710e-007 6.85706754766897e-008 
3.56460815334906e+007 -6.74068300353675e+006 -4.17291845036963e+003 1.32733312457233e+002 2.37589652724971e-003 -4.65073141919146e-004 2.16228104635149e-007 2.23544736846776e-008 
-4.21375660283753e+008 1.20834848152727e+007 7.90946872536007e+003 -3.84931269484109e+001 -6.07427918329153e-003 2.07895404955915e-005 4.58443767437270e-008 
-1.33700226436654e+009 -3.31545365976250e+006 2.51127922111572e+004 8.39913678621989e+000 -3.43339097645319e-002 4.30253809745010e-006 1.09819795991107e-007 
-5.34109996264856e+008 -1.88969483709673e+006 1.00322233303224e+004 5.12584718806104e+000 -1.39262318712646e-002 8.63185378493443e-007 4.07774388269072e-008 
2.78599673078048e+009 -3.45804925780404e+006 -6.64006450951669e+003 1.12262067803852e+000 1.23327952725865e-003 2.03937416214633e-011 
9.99142442591370e+008 7.62536131933488e+006 -2.38121035722299e+003 -3.11640758383783e+000 2.49260904766726e-004 2.99773365706490e-007 
3.98194075834860e+008 3.38861026165498e+006 -9.49020755747026e+002 -1.38079185386079e+000 9.18375367887432e-005 1.32048921893330e-007 
4.21104087033780e+009 2.51944478757058e+006 -2.96956896193010e+003 -3.15036626490891e-001 1.76214570471085e-004 2.46085527991005e-008 
-1.37991339279562e+009 6.60034257797286e+006 9.73326740023031e+002 -7.69341911604123e-001 -6.76240268490991e-005 2.35779600255681e-008 
-6.69645059246696e+008 2.63883231716544e+006 4.72323233187323e+002 -3.07040177126657e-001 -3.20839834171608e-005 9.40599055758754e-009 
1.36004235658466e+009 7.37952012179601e+006 -7.09670055130564e+002 -5.35792121478888e-001 1.68151676702119e-004 -1.53631192488923e-008 
-4.41678445917992e+009 1.33869504760215e+006 2.30446370587043e+003 -4.61528628456223e-001 -5.64963127147732e-005 5.95535845413596e-008 
-1.78811886943487e+009 -1.80566927900282e+006 9.32951527921613e+002 1.73253400102945e-002 -6.87403059362685e-005 2.20250977111891e-008 
-3.54799347835063e+005 6.36935636170144e+004 1.67458755457406e+004 -5.18680169943103e+002 -5.13991043339833e+001 5.16483932647892e-001 -2.98669224444697e-002 5.19328749639695e-003 2.00530297377068e-004 -1.39888075469528e-005 1.99198959218539e-007 -5.00356918378498e-008 7.29831265499181e-010 
-1.47836534822099e+005 -1.42262704299275e+005 6.81814917499071e+003 1.07487201514299e+003 -2.33307991048279e+001 -1.08009936108462e+000 -3.53063617308465e-002 -4.03684507823879e-003 3.36296238409692e-004 2.80828588680303e-006 -3.14290820992821e-009 9.09031905583470e-009 -4.26589539953006e-009 
-4.19198931165831e+004 -4.90807627173379e+004 1.90951566319525e+003 3.69921095483991e+002 -6.60322077560288e+000 -3.66409732044155e-001 -1.13384787142944e-002 -1.46776173371658e-003 1.07844970996854e-004 1.22881167355781e-006 -3.37231814881662e-009 4.12398404885562e-009 -1.44243221104273e-009 
-1.22496586184587e+005 1.59592900865249e+005 5.95543462838300e+003 -1.24096152994658e+003 -3.47425408380722e+001 1.78391092358001e+000 1.24441165213208e-001 2.68274463766876e-003 -3.78487802043339e-004 -1.28429514202691e-005 9.71547246006523e-007 7.35696349998171e-008 -1.62263481470567e-009 
-3.42783102406359e+005 -4.45087992911898e+004 1.65647586731285e+004 4.67158932456606e+002 -5.59735334546039e+001 -2.00652963832381e+000 8.97665376138253e-003 6.64877511682309e-003 1.98811711221075e-004 -1.86970073179832e-005 -8.43295374429539e-007 4.26397136580869e-008 5.60574353136590e-009 
-1.12468118746588e+005 -1.85367136020665e+004 5.40467879841959e+003 1.84362988812918e+002 -1.78205167843767e+001 -7.10636307097959e-001 -1.10555472378193e-004 2.15772617056895e-003 7.51321450742309e-005 -5.93962933440192e-006 -3.03999182905478e-007 1.25187180639772e-008 1.91144891426386e-009 
1.92969817463754e+005 1.42004335247159e+005 -1.05628666134725e+004 -1.35024238893068e+003 2.92925594991313e+001 4.23344291990031e+000 3.17460574063912e-002 -7.06338126637935e-003 -1.94224301787927e-005 1.44581178095712e-005 -1.51041544515766e-006 -1.19738965103998e-007 6.46099879144628e-009 
-2.94035687435196e+005 9.25695323568401e+004 1.56951259252384e+004 -6.70586265683658e+002 -7.81484094426614e+001 4.63975732864884e-001 1.74302708636181e-001 2.40272555921100e-003 -2.53240674829074e-004 1.20525194472753e-005 1.19224495424994e-006 -1.08234391495574e-007 -9.24689776775853e-009 
-1.03364534390054e+005 2.77333893810334e+004 5.49819113613212e+003 -1.92157601810014e+002 -2.67485549376157e+001 5.22179961127072e-002 5.72643503243589e-002 9.69721932199652e-004 -8.37401634564175e-005 3.71296526988931e-006 4.34086068294588e-007 -3.33726970574152e-008 -3.24307745974542e-009 
3.50998751382075e+005 7.02791692636849e+003 -2.12091534212658e+004 -2.30268497365508e+002 1.05347415372505e+002 2.51810945930243e+000 -1.96315619164079e-001 -1.23077889449097e-002 -4.38917686378443e-004 8.71560424091633e-006 5.07707966611435e-006 3.03422442489734e-007 -1.20538848942561e-008 
-2.23857255788013e+004 1.66935564334997e+005 1.22421313249355e+003 -1.60715724655460e+003 -2.44410684039497e+001 4.94815950076242e+000 1.83177861715322e-001 -2.68641269022413e-003 -5.44429984949189e-004 -5.77027963193048e-005 -1.81246997529886e-006 2.97035293164085e-007 2.75038541102935e-008 
-1.59732402032243e+004 5.58148698554344e+004 9.17207756894057e+002 -5.31372964075788e+002 -1.06987217762895e+001 1.58795507190466e+000 6.59265604254605e-002 -5.82962882267270e-004 -1.70911646470298e-004 -1.95410894203461e-005 -7.31321591766752e-007 9.19168400151366e-008 9.49080199720106e-009 
2.07945972643425e+005 -1.43514381865519e+005 -1.33743863723627e+004 1.47635206307247e+003 7.96673895974572e+001 -6.01698866754761e+000 -3.82581245580094e-001 1.74594561698451e-002 2.45704570702937e-003 -1.44988896696448e-005 -1.67794345540652e-005 -4.60690101328803e-007 1.03924603561956e-007 
2.61239768070270e+005 1.01659520190650e+005 -1.65734332734006e+004 -1.05079220670992e+003 9.52746482041267e+001 5.00666699348930e+000 -3.21887284712538e-001 -2.81691151542138e-002 7.35608322964153e-004 1.93816299240159e-004 2.07390593775919e-006 -1.27890167575835e-006 -5.52327394974934e-008 
8.26303908073648e+004 3.76075814489968e+004 -5.21943880686108e+003 -3.87090968033531e+002 2.98635573768539e+001 1.81816920018460e+000 -9.80403775193529e-002 -9.84215004860729e-003 1.85011385932347e-004 6.51655029922180e-005 1.10799835528558e-006 -4.16333746647229e-007 -2.10344338763851e-008 
-1.21949235568885e+005 -1.69039485731338e+005 7.14328216049832e+003 1.56805153851803e+003 -6.38397430200365e+001 -4.78089421586477e+000 4.32116975509785e-001 7.16276976942234e-003 -2.69505272920086e-003 3.83076475721909e-005 1.60247854067503e-005 -7.54944845929681e-007 -8.70493151605586e-008 
3.13079835540545e+005 -5.14617897873014e+004 -1.85591250345541e+004 7.01221561664029e+002 8.88462776434213e+001 -5.09560833346173e+000 -1.93169624717460e-001 3.26717752570209e-002 -9.37675380518350e-006 -1.98152030535468e-004 6.00635454666841e-006 1.13636955356492e-006 -7.78598207188692e-008 
1.08208458726249e+005 -1.30035514989115e+004 -6.38613765592132e+003 1.95570215176330e+002 3.12146325946357e+001 -1.58523364047273e+000 -7.50299283202634e-002 1.07454638168698e-002 6.30719295219753e-005 -6.71949209323233e-005 1.61390441355177e-006 3.98605809484462e-007 -2.38942483753996e-008 
-3.58171500259053e+005 -5.78267433874806e+004 1.83572581293817e+004 2.81158986256091e+002 -7.50979826379503e+001 1.86345269827160e+000 3.24243791344407e-002 -1.43071985884057e-002 8.48619562112650e-004 1.17935247718045e-005 -4.57513936939999e-006 3.07277530979744e-007 2.23682404441644e-009 
1.00066223067084e+005 -1.50163453524416e+005 -5.07718610784116e+003 1.30802637233227e+003 -3.56564370784020e+000 -2.63489809886758e+000 1.93277417543975e-001 -6.32377177558110e-003 -6.46472246771303e-004 6.73675841052485e-005 -1.94148809698051e-006 -1.97247219196349e-007 2.64749938552152e-008 
4.28239461108500e+004 -4.88104480165159e+004 -2.16264200665887e+003 4.29484593654252e+002 6.49476693750707e-001 -9.22467097575233e-001 6.39219803370987e-002 -1.76580643588789e-003 -2.36994931120694e-004 2.22331227600275e-005 -5.37405279547754e-007 -7.35291362144493e-008 8.79969783967155e-009 
-3.28944560426522e+005 8.47480154005712e+004 1.56442119452948e+004 -6.63675640014549e+002 -4.77015035706290e+001 5.99437999892203e-001 -4.80315508662779e-002 5.19896483765981e-003 3.15651323360354e-004 -1.03117020353437e-005 3.41654184131412e-007 -6.09566921513525e-008 -2.86076653835729e-009 
-1.93703689480843e+005 -1.31723033776494e+005 9.13796870302216e+003 1.00135985147083e+003 -2.92010868390069e+001 -8.75576851776694e-001 -3.79237112406707e-002 -5.62527213706255e-003 3.05730312662571e-004 6.89499391900589e-006 2.20887352213502e-007 4.61664774466193e-008 -4.64133250259386e-009 
-5.63085978463067e+004 -4.62994932541002e+004 2.64832629160146e+003 3.50891267497386e+002 -8.49349241625998e+000 -3.02117772314299e-001 -1.15349240809003e-002 -2.01796978340875e-003 9.39271672289929e-005 2.53850089203836e-006 6.61364974946723e-008 1.70424781561365e-008 -1.47693727549933e-009 
5.58410891327529e+005 -1.01939426562830e+003 -2.28650052239075e+001 -6.27303369360975e-002 -1.10303219488920e-002 -1.55407782535867e-003 -2.67275087617657e-005 2.89075517815957e-005 5.05101714705511e-006 1.23253522155879e-007 -9.99722494226344e-008 
3.66902109030846e+005 7.68907983284323e+003 6.66699221694864e-001 4.65866190999991e-002 3.79809026814302e-003 -7.46183734614472e-004 -2.21038777556926e-004 -1.81603075844155e-005 2.01576219383959e-006 7.29505882886382e-007 6.80977691870634e-008 
1.32540171435875e+005 3.34369529180368e+003 9.02456423751558e-001 3.69028403145058e-002 3.39892275849915e-003 -2.35898535232215e-004 -1.15433419657551e-004 -1.26992053785261e-005 5.53216303882441e-007 3.77402869389213e-007 4.67323703314657e-008 
5.56184081766994e+005 -1.20912572315103e+003 -2.48637416854397e+001 -2.02509195531373e-001 1.32078072031752e-002 2.34501134170776e-003 -4.14162092280495e-004 -2.95557188896782e-005 1.36411263793333e-005 -1.05451485359544e-007 -3.96472884143257e-007 
3.82286442616029e+005 7.69514798917406e+003 4.78907991300161e-001 -1.51089031961909e-001 -1.78520961549348e-002 2.10004762294217e-003 2.27916545640985e-004 -6.88465710127953e-005 -1.27943030462079e-006 2.05470439570665e-006 -1.13230821870111e-007 
1.39236013276334e+005 3.35234103583468e+003 1.09774600982165e+000 -5.04980341740334e-002 -1.06797675230037e-002 8.76993980778646e-004 1.64542927319365e-004 -3.37129439784480e-005 -2.09752741619077e-006 1.10898364602547e-006 -1.93931214308312e-008 
-2.06020796362180e-005 3.25042615551835e-007 5.06299880675252e-007 6.90892199117595e-009 -2.83545933004744e-008 -1.17562473704581e-009 2.52248923163338e-010 9.99216796935112e-011 1.59136020101777e-011 -6.53025631715155e-012 
-4.65528740524981e-005 -4.37735741994609e-007 1.64907508223626e-008 5.96902858178105e-008 1.19877462417389e-009 -1.66748568128730e-009 -1.29069417225390e-010 4.38429315561854e-012 2.68757512306513e-012 4.41733641432243e-013 
-1.92198040212275e-005 3.47675367725630e-008 -5.22329952225825e-007 6.67146740243374e-008 5.19851507315035e-008 -4.00073031857270e-010 -1.92389613276988e-009 -1.23218998484921e-010 3.89683605241120e-011 4.21282803320472e-012 
-4.64124632824509e-005 4.96524783721085e-007 -8.90930823499353e-008 -8.28600798153508e-008 4.46048560080090e-009 4.48866601892324e-009 1.39214571453604e-010 -1.02522899568993e-010 -1.13697398635734e-011 1.43331408450898e-013 
-1.83435297676157e-005 1.65050384990354e-006 1.85614643096898e-007 -2.48626247595393e-007 -1.51758953521425e-008 1.71708002471901e-008 3.07933375351323e-010 -7.95573776628532e-010 -3.41503620129112e-012 3.12885890592291e-011 
-4.62770496960549e-005 1.73151567098444e-008 2.71465051593737e-007 3.06010516350420e-008 -2.79652486272955e-008 -1.19338685566723e-009 1.42007428137783e-009 1.38954735637012e-011 -5.02875482309254e-011 2.20693805267882e-013 
-1.75350834360970e-005 -8.76870220453218e-007 6.15260791372228e-008 1.49521028154499e-007 -1.19782595998095e-008 -3.19661081155450e-009 4.36510845768142e-010 -4.90508257092029e-011 1.04307450782362e-012 -8.24539354700684e-013 
-4.55805901352622e-005 2.00056011576113e-007 -1.99443274466891e-007 1.75754039818397e-008 1.09876465423377e-008 -1.21336960358509e-009 6.16546353346373e-011 2.52568339183518e-011 -1.50776924480398e-011 6.79666637057746e-013 
-1.48025661853909e-002 2.23091311619815e-004 1.07030735437431e-005 -2.17100286671626e-005 -3.86935947541229e-006 3.77928343865040e-007 1.06845116457423e-007 -5.85778146437877e-010 -9.42632330143919e-010 -1.05317608355041e-010 
4.35414692221565e-001 -6.74062845422764e-005 -4.81201673352699e-005 -5.51099907266718e-006 1.32547924360105e-006 3.17327425035471e-007 -1.35777160628594e-008 -4.93861453476270e-009 -1.80822918105592e-010 1.93809617717213e-011 
3.94669200636097e+003 9.19706250059413e-001 -1.15153236163900e-005 1.79684216304095e-005 3.56457488477006e-006 -3.34499264210123e-007 -9.71568872198222e-008 5.55485204963255e-010 8.45105522210629e-010 9.65082944030131e-011 
-1.51034298850927e-002 -6.63997262975190e-004 -1.30115693273404e-004 3.13858435976455e-005 6.35760437059358e-006 -9.13135478925553e-007 -1.96815238871847e-007 1.15366605532994e-008 3.73473823735800e-009 1.23374608821874e-011 
4.35059027532380e-001 -1.94039489104207e-004 5.68766462124772e-005 1.27343425887166e-005 -2.46237659828297e-006 -4.94884145440225e-007 4.94105224100564e-008 1.22105220501821e-008 -3.02204393622223e-010 -1.69059863237478e-010 
3.94853203428948e+003 9.20439546116739e-001 1.05475763892206e-004 -2.82028821168195e-005 -5.57213408774189e-006 8.37249148570348e-007 1.78711069908244e-007 -1.06263816964899e-008 -3.43185734872323e-009 -1.34932768400640e-011 
-1.62881467482635e-002 -3.12013113985494e-004 9.69471411013264e-005 -2.14853425753629e-005 -1.66891869928580e-006 1.55525637430104e-006 -2.06848817354762e-008 -5.12631742745084e-008 2.02068748187263e-009 1.33365968380099e-009 
4.35075220118896e-001 1.38038573571506e-004 -1.44421336908425e-005 -6.21874714933399e-006 2.90052429696455e-006 2.97248043040982e-008 -1.26178558303943e-007 3.56463143088418e-009 3.53453832943877e-009 -1.71489386250416e-010 
3.95037273125522e+003 9.20085657476226e-001 -8.01926862237869e-005 2.16047813583944e-005 1.30829517552646e-006 -1.45507960876485e-006 2.27836687732822e-008 4.75042749314856e-008 -1.92989998572107e-009 -1.23531801240749e-009 
-1.65131460912189e-002 6.97871985123042e-005 6.63515120467028e-005 5.56310703494551e-006 -3.38473546225235e-006 -5.68049872386660e-007 8.66671321298172e-008 4.38803139300150e-009 -8.86286023181318e-010 1.42262325404961e-010 
4.35258285292063e-001 5.62181973669973e-005 -1.20726940775502e-005 -6.84673701842037e-006 -1.21756322962638e-006 2.49354872568839e-007 3.00755387307043e-008 -4.37728952161657e-009 1.47120321311400e-010 9.63282598646439e-012 
3.95221262850296e+003 9.19825976116498e-001 -5.34155740278540e-005 -6.72635690695473e-006 3.01624629097203e-006 5.33294799162062e-007 -8.03042539093885e-008 -3.88999889035667e-009 8.32409596648313e-010 -1.34017488686699e-010 
