-5.26882308129857e+007 6.56423861555814e+006 7.34783154298241e+005 -2.81093234332746e+004 1.55894047310188e+002 7.64875245668062e+000 -1.38275244653358e+000 7.81816696799074e-002 -3.57548367456628e-003 1.11790926983404e-004 -9.78930586742453e-007 -1.87940818404677e-007 1.87375916224953e-008 -1.14020311050542e-009 
-3.54113061891392e+007 -1.09652599832250e+007 5.10583121063061e+005 1.69523970509235e+004 -8.35747648450896e+002 3.48929262986458e+001 -1.17316588510074e+000 1.53601736369498e-002 1.00267875069234e-003 -1.25321608254820e-004 7.83785873603494e-006 -3.67604835277927e-007 1.17812986985384e-008 -8.78643714267207e-011 
-1.36057697103376e+007 -6.53800827065693e+006 1.96516615708787e+005 1.19707792342845e+004 -4.62587520400270e+002 1.78448234823674e+001 -4.83227450510156e-001 9.54396844885842e-005 9.06444988265771e-004 -7.85362961232082e-005 4.28815825601654e-006 -1.76863637052830e-007 4.34950291338925e-009 7.13316548658273e-011 
-3.47176456186396e+007 1.11384735667795e+007 4.13213335533416e+005 -2.56394630184121e+004 1.01606549305459e+002 -8.95096305928599e+000 -2.87353835564671e-001 1.41649032999325e-002 -8.84026228573592e-004 3.94799438856880e-005 -1.26000151803637e-006 4.14558075363377e-008 -2.88267606988987e-010 -2.56265924322765e-011 
-5.27442097433947e+007 -6.25024892875584e+006 6.52327179989232e+005 7.80771425617029e+003 -3.77723166608554e+002 1.28998453891989e+001 -6.80757462275987e-001 1.27206558098420e-002 -5.02217390777747e-004 -4.36271673554518e-006 5.06390416849599e-007 -4.71904636509864e-008 2.31605140353886e-009 -9.76333241143532e-011 
-2.47281846978969e+007 -4.49391524620520e+006 3.05584030078406e+005 6.82992982777571e+003 -2.12301376552091e+002 7.81891151574417e+000 -3.33823966452163e-001 5.32555516636313e-003 -1.76567156678218e-004 -6.42534472919100e-006 4.01181607254749e-007 -2.95068835388025e-008 1.26702728220342e-009 -4.94931136939359e-011 
-1.00999867874457e+007 1.32255688145502e+007 1.08433675270066e+005 -2.57292154686979e+004 -1.26197474989720e+002 -1.32363546652678e+001 -1.23256881947743e-001 2.16487729541524e-003 2.65487474355622e-005 2.11570941777528e-005 2.92408882950911e-007 3.62495461913733e-008 4.95853063341348e-010 3.18680619994924e-011 
-5.97923414784877e+007 -7.45296952933139e+005 7.15646492932901e+005 3.02774631948206e+003 -2.63991658160249e+002 -1.05848120946383e+000 -5.61676697235648e-001 -4.61362822594474e-003 -5.93149073968562e-004 -5.17788673978010e-006 -2.26454465859352e-007 1.09363676168312e-009 6.21252008505870e-010 1.57194476905804e-011 
-3.10463927845915e+007 -1.76989799196411e+006 3.71019009277565e+005 4.28599665961594e+003 -1.27922957853935e+002 8.07511677578107e-001 -2.87237174286943e-001 -2.68893148044577e-003 -3.19586313483517e-004 -4.96026453132042e-006 -1.51290830078947e-007 -3.17573319274148e-009 2.80413237853889e-010 5.09116563718403e-012 
1.62028469110670e+007 1.28026916390961e+007 -2.21605473030989e+005 -2.99940925088462e+004 -4.11538686121591e+002 -1.44980516472794e+001 1.01046198329279e-001 2.12444675511597e-002 1.49096085239928e-003 7.76190482831519e-005 2.96064275553593e-006 9.14305260038324e-008 8.78861830904087e-010 -1.04792495895721e-010 
-5.54976847682880e+007 5.04664958925183e+006 7.23346355578213e+005 -2.18313242714259e+003 -4.42426568535779e+002 -1.84531917132579e+001 -9.92935046813339e-001 -2.74528054138394e-002 -8.01158062550262e-004 3.21811811137046e-006 1.39572729038570e-006 1.13334564843828e-007 6.06891142245339e-009 2.57054955668330e-010 
-3.14805863560636e+007 1.36776062905218e+006 4.09364562545595e+005 1.94494384056671e+003 -1.93638405871500e+002 -8.35307017202374e+000 -5.40860634704942e-001 -1.68675464101485e-002 -5.82587980218918e-004 -6.33188499558708e-006 4.38447593998883e-007 5.10546837243907e-008 3.15057447642522e-009 1.48176225284460e-010 
-7.64942336772043e+007 -1.69444494442274e+007 9.73837563457932e+005 3.61022281612997e+004 -1.06158088718876e+003 -2.43437925380427e+001 5.20706220120292e-001 9.43958750562230e-003 -1.92371517155729e-004 -3.34103307410936e-006 
6.68335440045394e+007 -1.61654931604698e+007 -8.49510590771337e+005 3.45371698180992e+004 9.20999250486618e+002 -2.35234878496099e+001 -4.42993215775283e-001 9.41586347555215e-003 1.55628583661450e-004 -3.53995205790949e-006 
3.48605599639233e+007 -6.20013433428882e+006 -4.43807739080706e+005 1.32523559287840e+004 4.81523288630002e+002 -9.04181796060481e+000 -2.32247416455761e-001 3.63847570488819e-003 8.21901723573107e-005 -1.38117205166096e-006 
-1.01445745648116e+008 -7.74179206374502e+006 1.29149785959466e+006 1.59770812295973e+004 -1.40606009264316e+003 -9.45832393046345e+000 6.85521998911448e-001 2.04141600584313e-003 -2.47384755802767e-004 3.95512474826671e-007 
2.91700753980269e+007 -2.10923101746766e+007 -3.63779588836157e+005 4.50298620264418e+004 3.67927621495634e+002 -3.05592096098471e+001 -1.31176860962932e-001 1.20499303682893e-002 4.21429305111761e-006 -4.33722602070190e-006 
1.94956886398997e+007 -8.99902857693493e+006 -2.45395761781486e+005 1.92465110346255e+004 2.54513942705247e+002 -1.31491374043646e+001 -1.02401316483509e-001 5.29173372512649e-003 1.75535796491635e-005 -1.97623555385032e-006 
1.07250155565618e+008 -1.43265603408765e+007 -5.26909550470601e+005 1.10786340817666e+004 2.35739791680269e+002 -2.35214953334327e+000 -5.38149532032867e-002 6.46945150264047e-005 -3.70363041322701e-005 -1.67468288632502e-006 2.63528652610310e-008 2.01738665957956e-007 6.60843936955064e-008 
9.30464580115698e+007 1.37274822725368e+007 -4.49383740278298e+005 -1.15838884727370e+004 1.69372008803134e+002 3.45418438278273e+000 -1.96802205356192e-002 -9.47093545991911e-004 -2.64996148026347e-005 3.27502692760728e-006 8.53263621573490e-007 2.66892906755232e-007 -2.12533014101700e-009 
4.03632936829363e+007 5.95192920972499e+006 -1.94837206088256e+005 -5.02231435880452e+003 7.34327755220865e+001 1.49746949107381e+000 -8.40925400905208e-003 -3.99165499358802e-004 -1.71317381469698e-005 8.25173763526363e-007 3.99476003412179e-007 1.33453417213589e-007 7.33087188506116e-009 
7.48453639185094e+007 -1.79499733031796e+007 -3.73115026165601e+005 1.44039881788766e+004 1.75880013419983e+002 -3.60134598579203e+000 -4.61846887735615e-002 2.50287028085981e-004 -5.11785714859286e-005 1.36876070824814e-005 1.90974755442722e-006 -5.95222440815264e-007 -3.82564226968439e-008 
1.16502014883259e+008 9.62749691414772e+006 -5.69956580922891e+005 -8.35492000094553e+003 2.31923128128699e+002 2.73117881564178e+000 -4.03463101834992e-002 -1.10065152652036e-003 2.75259670561461e-005 1.97150644135333e-005 -1.78775093336746e-006 -6.57519282144408e-007 7.15837377152731e-008 
5.05331497732315e+007 4.17432045033144e+006 -2.47112730245110e+005 -3.62234965999758e+003 1.00552591352899e+002 1.18440301583637e+000 -1.73674220870458e-002 -5.05594332483298e-004 4.07327669850867e-006 1.04423233143846e-005 -4.85568019288025e-007 -3.74581517574123e-007 2.38347928488160e-008 
-1.30150238652413e+008 -2.70896776077476e+007 5.59477950469305e+005 1.75186736479042e+004 -2.52201986090962e+002 7.91378157700193e-001 9.26379851456952e-003 -1.20689246690280e-003 2.10113029588766e-005 -8.67077041648931e-007 9.97588699551634e-008 
1.87445008249763e+008 -1.38022739187151e+007 -8.08336996315538e+005 1.28260536222561e+004 1.60240028907730e+002 -2.79091761953765e+000 6.21512303937797e-002 -6.47968339561003e-004 -1.10705568903409e-005 8.74491689150861e-007 3.01368734077847e-008 
8.94703333109741e+007 -5.59772715677644e+006 -3.85883326457604e+005 5.40911672296420e+003 8.03155455144973e+001 -1.30136482841034e+000 2.82582167105265e-002 -2.67478964074547e-004 -5.30853415438653e-006 4.37156294800309e-007 2.63373485371025e-009 
3.10555165645786e+008 1.62821494264204e+007 -4.30516086809801e+004 -3.99723522291733e+002 1.76455126649320e-001 3.38693603679416e-003 5.49248020121838e-006 -3.32634523728760e-008 
-6.44692240283916e+008 7.62118636847357e+006 8.92574946712870e+004 -1.25666399486688e+002 -1.17019829754553e+000 -5.65470438085133e-004 7.15350093462083e-006 6.05670538518873e-008 
-2.83906217833694e+008 2.87010712322972e+006 3.93085619007658e+004 -4.41278786454850e+001 -5.05898192439270e-001 -3.24742139515686e-004 2.93014272857270e-006 2.22177227339032e-008 
1.41007070531247e+009 -2.02611644285737e+006 -3.13379798497205e+004 -2.95836998477332e-001 5.94710252953356e-002 3.49906283002427e-005 -3.71515706122728e-008 
1.51157290431246e+008 1.22273180718433e+007 -3.35418838877862e+003 -4.61786320002867e+001 -1.10568332084862e-002 5.08211415477034e-005 6.42943357862457e-008 
1.78325765893691e+006 5.13704485550100e+006 -3.75430397422583e+001 -1.90594948530305e+001 -7.11642844604270e-003 1.95762086546667e-005 2.84839975465417e-008 
1.64916515008547e+009 7.74701676589621e+006 -4.03887685086171e+003 -2.93778933399277e+000 1.05263177197787e-003 4.02289751669854e-008 
-2.24218688620068e+009 4.44512930279266e+006 5.49055574739364e+003 -2.10964088627083e+000 -8.85085956281683e-004 4.92643514113391e-009 
-1.00534548119333e+009 1.83726079220281e+006 2.46189683689789e+003 -8.82502402489220e-001 -4.03038994209493e-004 7.06902796499207e-009 
2.05467902593198e+009 6.63999310442788e+006 -1.42180905737454e+003 -7.74326960569872e-001 7.93792370156252e-005 -1.10349518488951e-008 
-3.69762934355141e+009 3.26890799114882e+006 2.55924821433696e+003 -3.59174760730996e-001 -1.59442314554442e-004 -1.49209143553340e-008 
-1.56461427839359e+009 1.17268228347551e+006 1.08287571977773e+003 -1.27682844631934e-001 -6.70539269673666e-005 -6.25564214422182e-009 
-1.98616592910187e+009 6.91616675304559e+006 1.40411174014144e+003 -8.95629852962851e-001 -6.92178796592361e-005 1.45758964219391e-007 
-3.96252895281833e+009 -3.52876664437395e+006 2.80108542056644e+003 2.55773962769536e-001 -3.02000387401472e-004 2.14297236732745e-008 
-6.38160016628132e+008 -3.18501059403404e+006 4.51054072526037e+002 3.49831682269667e-001 -7.55521162107331e-005 -3.74266837599157e-008 
7.37738490686224e+004 -1.63602552382331e+005 -3.72384354433226e+003 1.42294257871626e+003 -9.97052982271421e+000 -3.08912760072132e+000 2.21493192485540e-001 -4.02496317713782e-003 -9.36043531422554e-004 6.84232369740727e-005 1.53829923171932e-007 -3.66989005923892e-007 2.33441165493395e-008 
3.46798069689746e+005 4.12351192558491e+004 -1.78828991045616e+004 -1.53084283168877e+002 7.41278520374239e+001 -2.03662788493624e+000 -5.91583149007262e-002 1.54957721575553e-002 -6.58125887821614e-004 -3.59241334961003e-005 5.17629910326098e-006 -1.61064909727122e-007 -1.86911486429214e-008 
1.15478546013704e+005 1.15079104531253e+004 -5.94120548849554e+003 -3.27724496421371e+001 2.42450112735929e+001 -7.08954763570606e-001 -1.65099071903442e-002 5.05107762947788e-003 -2.28719442628249e-004 -1.09469240541351e-005 1.70613641869608e-006 -5.77726838788848e-008 -5.85462287781418e-009 
-2.33187545082772e+005 -1.30969138989495e+005 1.10967343736601e+004 9.84485139008674e+002 -3.69017883436728e+001 -6.28478831479269e-001 -2.47132597885937e-002 -7.25268018978462e-003 2.99786886552774e-004 7.26266470955568e-006 -4.50518975241049e-008 8.72008725845430e-008 -3.63720655799787e-009 
2.92595241291034e+005 -9.20717153057232e+004 -1.39095273617620e+004 7.29812570720133e+002 4.07186340733564e+001 -8.48338004786900e-001 6.49069882474933e-002 -4.25423088715583e-003 -3.55444307431616e-004 1.10383827763657e-005 -6.39660353591385e-007 3.47566209335971e-008 5.16029844329472e-009 
9.36823038732515e+004 -3.20447623070883e+004 -4.45219860334403e+003 2.52126109844601e+002 1.29559180483640e+001 -2.82939754005822e-001 2.11853510180307e-002 -1.49545498766558e-003 -1.13485191247710e-004 3.70309151397494e-006 -2.12113405720660e-007 1.25809341043457e-008 1.65612115655658e-009 
-3.76942411107952e+005 -6.39223630277556e+003 1.87155386777408e+004 2.15699410402502e+002 -6.48825149645575e+001 -2.23368261653798e+000 -3.34822214149008e-002 9.39749075812877e-003 7.68557877287673e-004 1.76784151561698e-006 -2.73733315837298e-006 -2.21596842949531e-007 -5.76617955532392e-010 
3.20523204950353e+004 -1.58262296610969e+005 -1.68621521601712e+003 1.27056480633863e+003 2.43716818352870e+001 -1.68078899222774e+000 -1.56384197861336e-001 -8.33852658238940e-003 3.35867734129251e-004 4.84796947492497e-005 1.81732146913255e-006 -9.61619953415659e-008 -1.68999846251400e-008 
5.81484397851196e+003 -5.23828897547467e+004 -3.33917763027338e+002 4.21503642682597e+002 7.32161008254241e+000 -5.77058028931726e-001 -5.21196907346033e-002 -2.65072556014187e-003 1.19613577262218e-004 1.60331648883453e-005 5.69979788020916e-007 -3.42973438842487e-008 -5.59060921779640e-009 
-2.46305023462431e+005 1.32977413142513e+005 1.38053728197753e+004 -1.09357884056323e+003 -8.55448719984806e+001 1.87908192466235e+000 3.66791976770953e-001 5.15147239543411e-003 -1.65192287739924e-003 -6.52581848562517e-005 7.76813422984397e-006 5.76324107014032e-007 -3.34605797162573e-008 
-2.47661846229838e+005 -1.08243119064370e+005 1.40147267664412e+004 1.15227562608438e+003 -5.21841681224934e+001 -5.37528656600099e+000 7.35025471025488e-003 2.31418591429773e-002 6.27734588691773e-004 -1.07456384924806e-004 -5.91651423373760e-006 4.94227842515127e-007 4.95740129420047e-008 
-8.50984722726414e+004 -3.42175839218077e+004 4.79163500529388e+003 3.68111169985886e+002 -1.81582224318955e+001 -1.75381442150094e+000 6.42249521486577e-003 7.70066345970647e-003 1.88725787180376e-004 -3.62334492578104e-005 -1.86632790122837e-006 1.69838644446550e-007 1.59989798221594e-008 
7.58294330130597e+004 1.73412455781628e+005 -4.87443598155698e+003 -1.74418141122706e+003 2.10470889144855e+001 6.81429480094393e+000 -8.91054850246397e-002 -2.08601226627304e-002 9.62604842789281e-004 6.00591463786950e-005 -8.76440424911267e-006 -1.04810428919594e-007 6.07234284835306e-008 
-3.22948018986920e+005 3.79640594173664e+004 1.99049890637412e+004 -3.22525368955985e+002 -1.10229188707576e+002 1.06648126267800e+000 3.60983462673895e-001 -8.47742747928844e-003 -1.08158603608099e-003 9.06058632118984e-005 2.79662650570594e-006 -7.12405974334472e-007 1.06549726352172e-009 
-1.06204539579229e+005 1.45894840537045e+004 6.52848808006098e+003 -1.25788573878197e+002 -3.61556501458788e+001 4.25893105895569e-001 1.18084119077821e-001 -3.03153777495623e-003 -3.45901951003514e-004 3.06221187576485e-005 8.23443103021865e-007 -2.36609283208716e-007 1.04234958237894e-009 
3.27338098323658e+005 6.53161706212700e+004 -2.00414518260754e+004 -5.64359278464830e+002 1.07659598929187e+002 1.19296837019806e+000 -2.77524210819067e-001 5.00922547583360e-004 6.94903874136845e-005 1.02792923129107e-007 4.19469151018268e-006 -1.07510869875172e-007 -2.52047733420727e-008 
-1.18543760870112e+005 1.55862538037617e+005 7.37194783814177e+003 -1.55961542472082e+003 -3.00188871291883e+001 5.58867310275059e+000 2.66648664888543e-002 -9.37836732505395e-003 6.55954913003120e-005 -3.08861646688379e-005 6.64595086032130e-007 3.45038031077708e-007 -1.01506186647539e-008 
-3.55792411174741e+004 5.24012681809071e+004 2.22167674191493e+003 -5.21474279914781e+002 -8.76590312525167e+000 1.85581284306063e+000 5.84312734729759e-003 -3.07841079457008e-003 2.20819689748545e-005 -1.02570616921603e-005 2.66782181296218e-007 1.12953507205825e-007 -3.62912968691229e-009 
2.96618128935352e+005 -9.32920979812392e+004 -1.68233104462160e+004 1.00416269146772e+003 7.00322966031670e+001 -4.38130355396500e+000 -1.20554625610018e-001 1.38222104084300e-002 4.14049797245420e-004 -4.52904169857426e-005 -3.29859299156492e-006 2.36611492219490e-007 2.00050135914001e-008 
1.92593375248004e+005 1.40077902634775e+005 -1.06748367293313e+004 -1.20320374824478e+003 6.60288341607006e+001 2.94019438815788e+000 -2.37689702485679e-001 -5.42546396860396e-003 7.19896474985183e-004 3.58010388656524e-005 -2.93567266525605e-006 -2.53464826478757e-007 1.75001287118983e-008 
6.72977014671633e+004 4.54811268902932e+004 -3.71014143961578e+003 -3.87370870649837e+002 2.25199661130412e+001 9.23955122732015e-001 -7.96855933722224e-002 -1.64899979923474e-003 2.42075594837999e-004 1.13901620321947e-005 -1.00520974917034e-006 -8.14230549084655e-008 5.99729106794825e-009 
2.24347720545971e+004 -1.67628893874086e+005 -1.07745929447206e+003 1.40175167994153e+003 -1.51188138371362e+001 -2.92157233395802e+000 1.70920151530056e-001 3.32203293539934e-005 -7.53790175950413e-004 2.25528106906132e-005 2.17485140689453e-006 -1.89416293567435e-007 -2.80399602984108e-009 
3.55954231048950e+005 1.72968564939738e+004 -1.78532373622306e+004 1.41753272331722e+001 7.02785743148725e+001 -1.80771839472841e+000 -7.23981392207471e-002 1.15501620828342e-002 -1.80902982372651e-004 -4.01540039225761e-005 2.04646378891161e-006 9.30607387438211e-008 -1.43514269314096e-008 
1.18677647168620e+005 4.05356544167598e+003 -5.92460484133972e+003 1.84244185301134e+001 2.30254321260501e+001 -6.26854255213187e-001 -2.19927158999020e-002 3.82068044589045e-003 -6.75490425718959e-005 -1.30430508690365e-005 6.99107835909625e-007 2.88170845206077e-008 -4.77712803505471e-009 
-8.69754344116278e+005 -7.78715022749841e+003 1.10894399591842e+001 -3.93852280191091e-002 1.46028044198900e-003 8.26990142100882e-005 5.93567741616008e-006 -8.22286395024083e-007 8.29550419467553e-008 5.49240846751122e-009 3.12509197195219e-010 
8.65827879544783e+005 -5.48000815540375e+003 -1.81345026797195e+001 -4.93973672415161e-002 -1.19345591691494e-003 -7.36673478312372e-005 1.08513942269223e-005 -4.06292895202354e-007 6.79111942023412e-009 -1.44555237311637e-008 -4.51197455678263e-010 
3.97011072831644e+005 -2.13738305534231e+003 -7.91445906078428e+000 -2.37346042626108e-002 -5.23961766525767e-004 -4.85880875308628e-005 5.04803439700260e-006 -1.31713430215034e-007 -4.90458052652363e-009 -5.55784710901745e-009 -2.72451513573433e-010 
-8.85241045441167e+005 -7.69977580734720e+003 1.08239975505667e+001 6.00641989386748e-004 3.60689238986086e-003 1.10081372358134e-004 -8.93019453038298e-007 -1.60771009599916e-007 -2.27201690842873e-008 8.72538914599811e-009 -9.91412707705999e-011 
8.54720655597185e+005 -5.62781530449961e+003 -1.88528783570744e+001 -6.89949141059514e-002 -6.80085784958452e-004 1.13288650248071e-004 8.03399747755701e-006 3.02216018962831e-007 3.03636725272750e-008 -1.70658353610161e-008 -4.66212422070804e-011 
3.92671963286640e+005 -2.20201728993162e+003 -8.26338281702609e+000 -3.43774249441445e-002 -5.14643332004538e-004 4.56815341610163e-005 4.29118546767047e-006 1.79415241860295e-007 1.86493663016931e-008 -7.29283820339930e-009 -1.65060009186208e-011 
2.63374076775880e-006 2.62176737792919e-007 -2.40440686933099e-007 -1.15750847329741e-007 2.14913152141339e-008 1.80834724036724e-009 -6.26195052945377e-010 1.17356832182224e-010 7.10365063156170e-013 -3.61835325384122e-012 
-4.43085488314992e-005 -2.13594329250250e-007 1.81478872344093e-007 -3.53527044160708e-008 -9.15154534642971e-009 1.90994602603204e-009 -9.72854124489142e-011 -4.92208958601482e-011 1.39138237103487e-011 6.04663341726458e-013 
1.26771270144128e-006 -9.98748406256803e-007 4.56083688850538e-007 1.48705542802842e-007 -1.94931036583462e-008 -8.69673270975026e-009 -3.25462576740942e-010 2.50257312732993e-010 4.43116159220445e-011 -2.41301079538777e-012 
-4.49203074573141e-005 -7.35093841208795e-007 -1.69258246160426e-007 4.55281896997271e-008 1.64494875185512e-008 -7.94921912202456e-010 -6.96320159714793e-010 -4.59970090830789e-011 1.76869268051038e-011 2.30120462390423e-012 
1.71678496552507e-006 3.36810995268494e-007 -6.27406313662110e-007 -3.11423342772732e-008 6.54089640615246e-008 8.62355666819939e-010 -2.75472233635244e-009 4.14254182476789e-011 6.52153947605953e-011 -4.71690427492411e-012 
-4.58262506487321e-005 6.36556945714490e-008 3.55596917791426e-008 -9.85028115929336e-008 -2.61893193959894e-009 5.99230246089881e-009 5.79566802752742e-011 -2.01168720196721e-010 1.61762432124255e-012 4.78710735360391e-012 
1.67101925215459e-006 7.45513916805437e-007 4.53448885461282e-007 -1.16475165912197e-007 -2.99380140169998e-008 7.58480233516300e-009 5.18722253628006e-010 -2.40445416223832e-010 3.06197579921705e-012 2.96586121568464e-012 
-4.66065962696494e-005 -7.17719761498698e-007 1.37871521436550e-007 6.03544081362067e-008 -1.35499922752043e-008 -2.04322407740289e-009 5.95469137003442e-010 1.64976821173468e-011 -1.41285803330115e-011 1.90587788631636e-013 
6.79942590112409e-003 1.62151401553828e-003 1.72872207664803e-006 -8.63170122631844e-005 1.54219003775288e-006 1.49480107723429e-006 -6.83640338165914e-008 -9.82539448730020e-009 1.20826662821039e-009 -1.67754102455131e-010 
4.36534433342975e-001 3.33341990693083e-005 -2.02009276254945e-004 1.88402182952643e-006 5.21767183334402e-006 -1.57911476019437e-007 -6.32684659539809e-008 4.32819961398407e-009 -1.73741808796347e-011 -4.05135025366042e-011 
2.29824096318786e+003 9.18461714552809e-001 5.48878358613771e-006 7.67588409583716e-005 -1.48678848799827e-006 -1.34001962797256e-006 6.10172597573037e-008 8.88503232675583e-009 -1.06155670719019e-009 1.50561736781659e-010 
8.02125829782337e-003 -6.94421952732102e-004 -3.47394447794019e-004 3.40274901303610e-005 3.89139928961033e-006 -1.19440319017714e-006 -7.72890246238349e-009 2.70288760009368e-008 1.74320919928088e-009 -3.68133422519253e-010 
4.35685486941536e-001 -6.47115447475423e-004 6.20282739729281e-005 1.92537468270304e-005 -2.87690876643088e-006 -6.59181564189263e-008 8.02656441962515e-008 1.87127737606767e-009 -1.44087274819491e-009 -1.70781124226058e-010 
2.30007971439591e+003 9.20541292622980e-001 3.04062154171968e-004 -3.16116087391952e-005 -3.31021145296894e-006 1.10341172886288e-006 5.71044760584105e-009 -2.50347612039996e-008 -1.60307765107219e-009 3.44091520694178e-010 
5.24746075284943e-003 -1.71138616434373e-003 1.01741142294277e-004 4.83869844874075e-005 3.99190201986362e-006 -2.28998726565358e-007 -2.44847507868674e-007 -4.18875534154005e-009 5.70456954702473e-009 -3.70128773253284e-011 
4.35251846376877e-001 2.74507002499567e-004 1.40822468953028e-004 -4.29395263682612e-008 -1.90386979614987e-006 -5.12218640049870e-007 -5.46849828457189e-009 1.69073584378217e-008 1.57672053591484e-010 -2.99689331086347e-010 
2.30192198225084e+003 9.21403471207516e-001 -9.11653364426856e-005 -4.19466847837630e-005 -3.67875481793635e-006 1.86059992032770e-007 2.24589688083469e-007 3.78846144167394e-009 -5.23801801631727e-009 3.96559784471013e-011 
4.21982394282120e-003 9.41807746381787e-004 3.71354581161894e-004 -5.20258309940665e-005 -1.07819590768396e-005 1.09071731474957e-006 1.76305327408794e-007 -2.40086797732351e-008 -1.49662276401742e-009 4.99714068961339e-010 
4.36350951468609e-001 5.93190581858745e-004 -1.24884747746761e-004 -2.92935710567330e-005 3.23768812910652e-006 6.21410321555143e-007 -6.72142622732071e-008 -7.89818688496457e-009 1.47916439599693e-009 3.37477042819372e-011 
2.30376267577349e+003 9.19064705460868e-001 -3.25470557251256e-004 4.66593092577883e-005 9.59654810274180e-006 -9.84247138915549e-007 -1.58461682883249e-007 2.17627665356624e-008 1.32603872661511e-009 -4.52974990752474e-010 
