-4.95301461492121e+007 7.27303613084763e+006 6.93537453222915e+005 -2.77942179999767e+004 1.70283752007450e+002 3.93301592642428e+000 -1.13651607777360e+000 6.50776930337510e-002 -3.09556091458753e-003 1.04998278411327e-004 -1.73670529960550e-006 -9.67031036075724e-008 1.24854943518592e-008 -8.24824814764305e-010 
-3.91012601246052e+007 -1.04458899060142e+007 5.34553498051759e+005 1.53862016390394e+004 -7.54186130137891e+002 3.15214342684257e+001 -1.11517009463838e+000 1.83448497782417e-002 5.25376113447717e-004 -9.13379125220338e-005 6.03386920296054e-006 -3.00641712911485e-007 1.08373121699713e-008 -1.98779139789813e-010 
-1.56816134857189e+007 -6.33441608366876e+006 2.13620808534207e+005 1.11011192947378e+004 -4.20520964670296e+002 1.64298964227964e+001 -4.77830970231253e-001 3.05062742247101e-003 6.01651542391494e-004 -5.96782537874622e-005 3.40320080659785e-006 -1.50565158153405e-007 4.49421084769089e-009 -2.06676945780902e-011 
-3.04599138746540e+007 1.15322768381874e+007 3.75443899969746e+005 -2.54649691224774e+004 7.87233262104910e+001 -9.73544599749971e+000 -2.44057619515921e-001 1.10127697325272e-002 -7.22141440831405e-004 3.38320682787368e-005 -1.04127653827803e-006 3.94131996671789e-008 -3.88315946282660e-010 -6.50204336074291e-012 
-5.52505515823106e+007 -5.59668874569758e+006 6.63379426473989e+005 7.09063943986315e+003 -3.48438729937076e+002 1.09519691306367e+001 -6.40500823529173e-001 1.07168134116552e-002 -5.17054170555666e-004 -2.43566788900063e-006 2.84767039788114e-007 -3.52201786135198e-008 1.76355583901084e-009 -7.57581155239733e-011 
-2.62863198374161e+007 -4.18581517662854e+006 3.15422270889571e+005 6.42834693886719e+003 -1.94288651986152e+002 6.85976803026010e+000 -3.16826435788726e-001 4.58254024981759e-003 -2.01307872989830e-004 -4.80949051261822e-006 2.60094157180143e-007 -2.29007057835184e-008 9.82305131293225e-010 -3.97933023230453e-011 
-5.35519109144228e+006 1.33184296105634e+007 7.01657373864666e+004 -2.60112382198157e+004 -1.59094883467205e+002 -1.35874023582274e+001 -1.15230973205007e-001 2.46344692071738e-003 1.24323925452929e-004 2.30975680423989e-005 4.97573616223038e-007 3.97841746133566e-008 7.04273585894371e-010 3.33752068695321e-011 
-6.09265673860706e+007 -3.24899167595641e+004 7.19736025786557e+005 2.50039231498406e+003 -2.68713302265072e+002 -2.74527666842374e+000 -5.81674597619694e-001 -6.99367946534073e-003 -6.18396129899537e-004 -6.25086406484738e-006 -2.09645467820838e-007 5.14699625841188e-009 7.62018437089594e-010 2.84637279637713e-011 
-3.19223183636475e+007 -1.39882259720555e+006 3.77183936263050e+005 4.03302968978032e+003 -1.27039996989288e+002 -5.74254883740511e-002 -2.98763408498873e-001 -3.99130733159796e-003 -3.43221794436450e-004 -5.73427201070821e-006 -1.63581915516074e-007 -1.37597846609583e-009 3.34029659681062e-010 1.17439273525209e-011 
2.08099053599083e+007 1.25665028943813e+007 -2.66587468176645e+005 -3.08375083295231e+004 -4.46512519496833e+002 -1.40706431813231e+001 1.85648963982411e-001 2.78489774685278e-002 1.86889348124547e-003 9.33954806936835e-005 3.46260557486378e-006 9.39496356821897e-008 -8.33381128911128e-011 -1.99166888976242e-010 
-5.51963964793762e+007 5.76272189646405e+006 7.19390009160466e+005 -3.10661671708468e+003 -4.91649174304615e+002 -2.15294163015080e+001 -1.09263725745448e+000 -3.05352160877168e-002 -7.68131376795538e-004 1.18159522027296e-005 2.11679255002359e-006 1.54378060757883e-007 7.89644993203180e-009 3.15594862501732e-010 
-3.15754550240716e+007 1.77477189735102e+006 4.11920815299270e+005 1.53842587574462e+003 -2.16320364301582e+002 -1.00412446247700e+001 -6.02906683090988e-001 -1.91989540329345e-002 -6.04112413430240e-004 -3.37295826047469e-006 7.71666121349705e-007 7.27200629249901e-008 4.22649160925229e-009 1.89225522885934e-010 
9.05779348440493e+007 1.29988218036832e+007 -1.11302446427039e+006 -2.68794557296652e+004 1.10977831735886e+003 1.60732197929814e+001 -3.78843642209695e-001 -3.89449709386145e-003 1.59491221246102e-005 7.04360076007078e-008 
-5.16512470097012e+007 1.85958654668309e+007 6.36491322924325e+005 -3.80058514512361e+004 -6.50436278059679e+002 2.16675429599221e+001 2.47645521319540e-001 -4.06200511284531e-003 -3.42712858154758e-005 -7.45123212083804e-007 
-2.89427424410206e+007 7.54354897647450e+006 3.56795374590164e+005 -1.53978114076775e+004 -3.62864462430872e+002 8.73108595541615e+000 1.35387357282559e-001 -1.58076375160499e-003 -1.64409239033257e-005 -3.39440549483234e-007 
1.06877015202671e+008 3.12731413661779e+006 -1.32012970706849e+006 -7.08122877346035e+003 1.33182493580896e+003 5.74056820184239e+000 -4.78729210689389e-001 -3.11246825364051e-003 4.02333891584281e-005 1.28154505680973e-006 
-1.09137823866834e+007 2.17214270607715e+007 1.33214119135573e+005 -4.46643198757817e+004 -1.67611160868235e+002 2.60969684844399e+001 1.14460747739785e-001 -5.58727024234113e-003 -5.94971978493158e-005 -4.79671618557394e-007 
-1.16466457675683e+007 9.57445655780349e+006 1.43477015868823e+005 -1.96463952772288e+004 -1.59693048142365e+002 1.13777562675640e+001 8.17922390702704e-002 -2.31669082010308e-003 -2.93148034680483e-005 -2.96572422340418e-007 
7.50488735951228e+007 1.75526901027455e+007 -3.37143489722256e+005 -1.33313899870049e+004 1.14367164955291e+002 2.66982878073628e+000 -6.52589702552108e-003 6.33615044008570e-005 -4.03549273114942e-005 -9.55629211620788e-006 -5.79871995478004e-009 2.24716583730520e-007 5.17630801436271e-008 
-1.21052186253946e+008 9.21163696381531e+006 5.47294837274911e+005 -6.75720527988439e+003 -1.99468427134977e+002 1.15279749206043e+000 2.17460836394022e-002 -2.93100067999059e-004 -2.03950742010552e-005 1.08503465734848e-005 1.64162510843691e-006 -1.30246951268325e-008 -3.25895200500566e-008 
-5.24953401142065e+007 3.99345973422374e+006 2.37274300638384e+005 -2.92948526610568e+003 -8.64782047688863e+001 4.99351070847700e-001 9.44839129960708e-003 -9.39594648375877e-005 -8.18101643435765e-006 3.28443588282130e-006 5.66994359372160e-007 1.34840209522281e-008 -8.30707805549657e-009 
1.06975106358618e+008 1.42507369583794e+007 -4.84411671018498e+005 -1.10848644910662e+004 1.65713536320300e+002 2.44860602450902e+000 -1.01941074412083e-002 -2.55243114632350e-004 -5.54281048088243e-005 7.57604921343538e-006 1.21769073997609e-008 -3.70965846399963e-007 1.19930224307266e-007 
-9.85443571890137e+007 1.32133263170396e+007 4.47910090365633e+005 -9.73632606892232e+003 -1.71197646207925e+002 1.68757969138974e+000 2.23277011641729e-002 -1.49606820236648e-004 5.07300120114350e-005 7.96976496909563e-007 -1.84779693492786e-006 5.05944901957768e-007 -2.39715067733189e-008 
-4.27376007483519e+007 5.72835426554752e+006 1.94187358968391e+005 -4.22106505187542e+003 -7.42225720264068e+001 7.31536343084576e-001 9.80055752801285e-003 -5.93807466659481e-005 1.50583976244678e-005 7.50550660592950e-007 -6.46089828825412e-007 1.65875420169902e-007 -2.54194037550767e-009 
-2.18732677193992e+008 -1.43468979349778e+007 9.01381656855796e+005 9.43192734044143e+003 -2.28332511698528e+002 -3.98621120519304e-002 -3.39100560217034e-002 -3.94897564578273e-004 5.61849553309429e-006 -6.27539963538340e-008 -2.39407818774067e-009 
1.02972941990401e+008 -2.44029642903658e+007 -4.24071510883806e+005 1.68894974648231e+004 9.37357927666350e+001 -6.85515200653838e-001 1.99576742082616e-002 -7.08209864014951e-004 -6.54635622783105e-007 -1.21183070890863e-007 2.11284786422606e-009 
5.31481566974746e+007 -1.08058328524166e+007 -2.18868435629507e+005 7.49189553737496e+003 4.91648893545108e+001 -3.13362441607000e-001 1.00705378534725e-002 -3.14147674747601e-004 -4.69686368544718e-007 -4.92062432347549e-008 3.07372031135359e-010 
-8.10067847745475e+008 -1.74084730700021e+006 9.53619429886194e+004 1.68010446792401e+001 -8.12196693099511e-001 3.19204988969852e-004 3.73621508601637e-008 1.62131586031745e-008 
5.55587907690629e+007 -1.57738517246793e+007 -6.54815527660199e+003 3.10713113882178e+002 -2.95695193844487e-002 -1.07307745835090e-003 1.32372866451053e-006 2.45063047277463e-009 
4.35355654752664e+007 -6.71885649167480e+006 -5.12850613013358e+003 1.32772741257971e+002 7.09369445016570e-003 -4.67769814744878e-004 5.61745741665341e-007 3.33789146927816e-009 
-4.07838712591460e+008 -1.34445654789111e+007 1.04444944843843e+004 5.68044242722890e+001 -3.17415896126043e-002 -1.02115786317762e-004 5.05690702539602e-008 
1.18568430853277e+009 -3.96309408710399e+006 -3.03890842787804e+004 1.89777302055225e+001 7.33905818889828e-002 -4.78081231350195e-005 -1.72390965428226e-007 
5.07290804163753e+008 -1.05814245439310e+006 -1.30016976310552e+004 5.39429260791896e+000 3.16822053188644e-002 -1.53541552277614e-005 -7.17255044995834e-008 
2.70628473588196e+009 3.99261941490416e+006 -6.36185963966969e+003 -1.42726629808454e+000 1.13616190777266e-003 1.22134777125444e-008 
-1.17157310942200e+009 7.39838713679055e+006 2.75355508062352e+003 -2.95485325896052e+000 -3.81758335711122e-004 1.63918200062999e-007 
-5.51396687344167e+008 3.18384079200291e+006 1.29598224326110e+003 -1.27404683950944e+000 -1.83125577901096e-004 7.22344846761642e-008 
3.11896769212406e+009 5.36572842419317e+006 -2.17433575997871e+003 -6.38352669212795e-001 1.19072653131926e-004 -1.84631362328147e-009 
-2.97272806901042e+009 4.91149132476076e+006 2.07291206928378e+003 -5.56181456668830e-001 -1.29562066759852e-004 2.16334645506105e-008 
-1.29440429042860e+009 1.87671408319316e+006 9.02584140673701e+002 -2.11733662633655e-001 -5.60334842821629e-005 8.27834005729827e-009 
-7.01678877888141e+008 7.56838574457002e+006 4.54304821524483e+002 -8.65983858903776e-001 9.66299434482123e-005 9.09186710804584e-008 
-4.40677917657647e+009 -1.51368891214945e+006 2.85251428585952e+003 -1.42925269832186e-001 -2.34800142155303e-004 8.19960637360611e-008 
-1.16380632418257e+009 -2.75270029985199e+006 7.53307939004513e+002 2.16153787087031e-001 -1.03475033018445e-004 1.66951307765904e-009 
-5.05956509475960e+004 -1.62373853948700e+005 2.25270995430760e+003 1.24821232714255e+003 -3.45508401548729e+000 -1.91411248319281e+000 -4.01897741146375e-002 3.08483057994331e-004 2.00140139044779e-004 -7.83036576160255e-006 -5.57382405073119e-007 1.36382448743738e-008 2.18160862913538e-009 
3.40127553419827e+005 -2.46236300169107e+004 -1.56648555493796e+004 1.61234673752717e+002 5.25527752984451e+001 1.55000370742650e-001 -3.04867445015244e-002 -2.87644003992273e-003 5.95869853786580e-005 9.25278545858075e-006 -4.44820466268505e-007 -2.87711699885907e-008 -3.04006965642242e-010 
1.79240290785049e+005 -2.85096658532240e+003 -8.28240087628144e+003 6.78173536575259e+000 2.76498444368162e+001 2.00338636891659e-001 -1.36507100731648e-002 -1.51750355167056e-003 1.85918906269921e-005 5.30170151669354e-006 -1.97044867775231e-007 -1.58453329849998e-008 -2.90276638742028e-010 
-3.12653762929064e+005 -8.85752308185522e+004 1.54963931865467e+004 8.45841793638552e+002 -4.84125466890752e+001 -2.40176853685981e+000 9.48859055563525e-004 8.67744535366097e-004 -8.05074337963248e-005 7.15996619199440e-006 1.47444097009232e-006 3.00975613696706e-008 -2.94325000673189e-009 
1.81702792792961e+005 -1.28042964473645e+005 -8.77159511206100e+003 9.65923737032794e+002 4.36141983549640e+001 -1.19357167205629e+000 -6.98875615272535e-002 -7.86017633377071e-004 -9.27901665168130e-005 -1.49358249158220e-005 7.09505195761559e-008 7.41348648526210e-008 2.41630810446595e-009 
1.12935957754101e+005 -6.11363380614254e+004 -5.50526561855924e+003 4.51667756966613e+002 2.57355762211779e+001 -4.78401944084616e-001 -3.67498948916392e-002 -4.64143102133593e-004 -4.31675082108612e-005 -8.19228577915225e-006 -5.20465623373441e-008 3.68311919849249e-008 1.43930022603248e-009 
-3.45361983239760e+005 5.92284756409357e+004 1.94426694151947e+004 -3.01626983797036e+002 -9.32363226582057e+001 -1.73267740954731e+000 1.06453135237574e-001 1.25684513758444e-002 9.20863363686088e-004 1.22987725174442e-005 -4.61289273992542e-006 -4.29464354677941e-007 -1.17489441153509e-008 
-1.01093248883198e+005 -1.42473774800695e+005 5.87779751020565e+003 1.36343638547391e+003 -1.97590507826655e+000 -3.75630917512848e+000 -1.64780257148716e-001 -3.75680005132630e-003 4.35314949889678e-004 7.19597395693418e-005 3.50416806490834e-006 -1.11121468934507e-007 -2.67379895340967e-008 
-3.19759968066373e+004 -7.75806651889748e+004 1.88908652769461e+003 7.28878012383220e+002 4.59479474082516e+000 -1.85956636836864e+000 -9.23506574394925e-002 -2.69409631717230e-003 1.72386111597254e-004 3.67535496127959e-005 2.09983364261112e-006 -3.24092938363813e-008 -1.32376217062443e-008 
-1.01410660886278e+005 1.73997267539790e+005 6.62263500856575e+003 -1.76641950957269e+003 -6.22541853946354e+001 6.70486059432544e+000 5.11154096893155e-001 -1.12727256650565e-002 -3.83336037079916e-003 -1.22495911103128e-004 2.23258030056206e-005 2.09828182228131e-006 -6.63886924543548e-008 
-2.92199296084324e+005 -3.75907445391521e+004 1.89206239049786e+004 5.43137586017105e+002 -1.05716977305619e+002 -4.82585176899528e+000 3.05781021388766e-001 3.98846378917434e-002 1.68858181134419e-004 -2.74216631171547e-004 -1.54723709102145e-005 1.31161291798105e-006 1.90222549433618e-007 
-1.45813435092772e+005 -2.98572189281081e+004 9.45744523179543e+003 3.88892694598281e+002 -5.14197392172139e+001 -2.91820512107581e+000 1.29121236136319e-001 2.14615257629278e-002 3.15352924057549e-004 -1.35620722466787e-004 -9.38690245056244e-006 5.58874082137571e-007 1.03052385785621e-007 
2.29038424463803e+005 1.38291445848643e+005 -1.48163601066812e+004 -1.35403765397157e+003 1.08822723765118e+002 5.03974870567564e+000 -6.89814835005190e-001 -1.43788835635542e-002 5.11855848799794e-003 1.34042299748809e-006 -4.06678724315005e-005 8.57492067898726e-007 3.27158007065592e-007 
-2.17958084119968e+005 1.07837468839574e+005 1.41871561755535e+004 -1.25424839705706e+003 -7.49190764518723e+001 7.68760287860567e+000 2.27070493189230e-001 -5.24067107598231e-002 -4.20595824833626e-004 4.03839929991512e-004 -5.07136266032716e-006 -3.22671820864836e-006 1.12954597785226e-007 
-1.26665238509966e+005 4.80075890614547e+004 8.27017028466351e+003 -5.73265148401028e+002 -4.55898507015687e+001 3.70657489908369e+000 1.59557244472832e-001 -2.64539433997081e-002 -5.23489431007429e-004 2.10341888263699e-004 -2.26803449911417e-007 -1.73210644919213e-006 3.94248227628263e-008 
3.58150035371702e+005 -1.33867564510033e+004 -1.99343937081766e+004 4.14973115300154e+002 8.06829780443612e+001 -4.51212993621599e+000 3.92213325491599e-002 2.14875328443548e-002 -1.93056370639199e-003 1.12211497433901e-005 1.08079062012497e-005 -9.28307428733200e-007 1.39381486864913e-009 
5.67743047903942e+004 1.52229371960948e+005 -3.17150630268464e+003 -1.32909167047904e+003 4.52856485875771e+001 2.24326055908453e+000 -3.10330684463025e-001 1.54678116058127e-002 7.26058055004608e-004 -1.44520489092706e-004 6.50907030456100e-006 4.12199406756214e-007 -7.69483012246690e-008 
8.84261138911056e+003 8.01007846614296e+004 -4.79888268740463e+002 -7.18402770392987e+002 1.87762575491629e+001 1.44217983938871e+000 -1.63901500090811e-001 6.77682226399550e-003 4.93061063884710e-004 -7.59621759754303e-005 2.74836698495838e-006 2.69891053626370e-007 -4.01703300544511e-008 
1.99205317827058e+005 -1.36949113398828e+005 -9.72079035025060e+003 1.13487583996429e+003 1.96724550260137e+001 -1.56710246032488e+000 7.57731948825897e-002 -7.66453041015373e-003 -3.07762807086120e-005 2.31095498330883e-005 -1.56244564047403e-006 9.98313032110064e-008 -5.34169598500120e-010 
2.95110904492386e+005 7.69269369641433e+004 -1.41832400693429e+004 -4.98354212059269e+002 5.09004202907661e+001 -3.05253940882139e-001 3.02400368806796e-002 3.65492211958215e-003 -5.02753866502177e-004 1.47003896816307e-005 -8.65153139974721e-008 -6.15659182645919e-008 8.20307877143769e-009 
1.42304225134476e+005 4.80546268603573e+004 -6.83773622352038e+003 -3.27787417688818e+002 2.54490998342442e+001 -5.95804675825087e-002 1.12139509504006e-002 2.35171789596193e-003 -2.60445922199831e-004 6.27203647566428e-006 4.83641297612974e-008 -3.79448780879890e-008 4.30661760198476e-009 
-1.06933601976538e+005 -1.56975604039002e+005 4.88358308955170e+003 1.22979992128430e+003 -9.17178029670058e+000 -1.92284804426695e+000 -7.43739033327464e-002 -1.08487998299684e-003 3.66421157118609e-004 5.31879741392617e-006 -5.61514336880647e-007 -4.74446285120050e-008 -4.21236108844721e-010 
3.26227645861663e+005 -4.67631434678796e+004 -1.53220681432531e+004 3.14354784300452e+002 5.27845975485900e+001 2.55270993320952e-001 -2.53920789978465e-002 -5.50054633621929e-003 -7.42437249606532e-005 1.49249524265011e-005 3.93477202275542e-007 -1.00096158321317e-008 -3.59539241217151e-009 
1.76174003055244e+005 -1.54033196467022e+004 -8.29413386597056e+003 9.24395359087049e+001 2.82369851128418e+001 2.48618881572231e-001 -9.23239279161186e-003 -2.81811927850554e-003 -6.02544568998977e-005 7.51013995486548e-006 2.39477809380953e-007 -2.53965068530459e-009 -1.85741910978109e-009 
6.08334723495230e+005 2.53539109000639e+003 -2.00616121142428e+001 1.36701694151341e-001 -3.40228810511659e-003 -2.17962530710687e-005 6.74173700745540e-006 -6.38941066999368e-007 6.93060237015127e-008 2.15858817671191e-009 1.42215970498096e-010 
-1.95042131869056e+005 7.72697848427794e+003 3.19106390190595e-001 6.09082632155426e-002 3.56607135256566e-003 -1.63500480524892e-004 8.38809093395986e-006 -3.60610611261457e-007 1.28605097115362e-008 9.28438910311646e-010 -3.69089920076112e-010 
-9.88591827065819e+004 3.20523621854086e+003 4.70524837759966e-001 1.90145491444286e-002 1.92105731116236e-003 -8.26920663843362e-005 3.87896197262934e-006 -1.27219796991702e-007 -3.25382911528497e-010 1.01372300069322e-009 -2.18567489526190e-010 
6.13249557345318e+005 2.38054061327363e+003 -1.87431802549321e+001 8.43318534404901e-002 -2.90946359114804e-003 5.52651703722430e-005 1.53429315652055e-006 -1.99856098305822e-007 -3.14067111286920e-008 3.28738221361376e-009 -3.00008789971465e-010 
-1.79582749434108e+005 7.73323525179293e+003 1.31339313181018e+000 1.00538238691971e-001 1.85344585168975e-003 -1.05656715836299e-005 7.85056744917720e-006 3.99317075909010e-007 3.16439117131628e-008 -8.63438577507645e-010 -1.05325976973224e-010 
-9.24439197227650e+004 3.21033812563256e+003 8.42438172492785e-001 4.07321512265479e-002 1.02511666411064e-003 -6.82079166927287e-006 4.11499254982438e-006 2.33022949898010e-007 2.01935856540998e-008 -1.09610804196475e-010 -3.47941094451014e-011 
-4.44135917062971e-005 1.11590869020642e-006 -5.64053341766406e-007 -1.09681298890391e-007 3.10237823483171e-008 5.04687962851994e-009 -3.98273598106687e-010 -8.59413737679213e-011 7.62234266764089e-012 -6.73563950039373e-013 
3.36583594121475e-005 8.87050945708219e-007 1.70846692642356e-007 -6.93270723775731e-008 -1.23495920010659e-008 1.53585566117231e-009 3.63668610851880e-010 3.57947950441014e-011 -1.04972548045635e-011 -3.58786563488733e-012 
-4.40463827942052e-005 7.00879800544087e-007 9.42467699618028e-007 6.07285676826586e-008 -8.30631394431431e-008 -1.11335618242970e-008 2.29804522513431e-009 7.29492213885432e-010 3.68230485154313e-011 -2.34034092798950e-011 
3.45548977338004e-005 -2.36627031512058e-007 -3.65378820484932e-008 1.38484133710999e-007 1.44400984277578e-008 -7.00907271465136e-009 -1.43177643749623e-009 8.47900611367835e-011 7.27130128442383e-011 6.44714347677179e-012 
-4.20255274103889e-005 -5.08566304068815e-007 -7.20207462011890e-007 2.59744096509057e-007 4.21577455503420e-008 -2.20981472743699e-008 4.13727157749004e-010 1.10579344991207e-009 -1.51913988167855e-010 -3.82817469637841e-011 
3.55629286999194e-005 9.70494890949987e-007 -2.86218925207440e-007 -8.82191688763832e-008 3.67203878549612e-008 2.44131830236489e-009 -2.32119065031998e-009 1.22595647220618e-010 9.89035913389316e-011 -1.19139591529914e-011 
-4.22117752816858e-005 1.09704582399507e-006 1.81271539029967e-007 -1.69735490660721e-007 -1.12481766820389e-008 4.16797062176638e-009 1.09634183710005e-010 6.04701980728095e-011 8.48541868270301e-012 -4.41707768638968e-012 
3.61887983799895e-005 2.23034836574249e-007 2.73034199147162e-007 2.81777076643486e-008 -1.55218507323888e-008 -7.65372469011826e-010 2.03312164231476e-010 2.40721798663400e-011 -8.30439664718875e-012 -1.10534958430076e-012 
-4.35334076281430e-002 1.28009748433682e-004 1.47359131844307e-004 1.98203048405240e-005 -4.52470357759260e-006 -8.84097395600794e-007 6.10237528473087e-008 1.53300085475318e-008 -2.00902698585200e-010 -1.38421009720188e-010 
3.87889451211979e-001 1.41977256610132e-004 1.87646402835936e-005 -1.09506206713368e-005 -1.81341669730591e-006 2.21906463194592e-007 4.88547141774503e-008 -1.72032047783801e-009 -5.83557723498087e-010 -2.48702224939845e-012 
2.94588539104278e+003 9.19799207967600e-001 -1.42754815722857e-004 -1.99918523502388e-005 4.25517421450121e-006 8.22610150663009e-007 -5.66315318480054e-008 -1.40985922027054e-008 1.99229381297913e-010 1.28424104131086e-010 
-4.24680775116992e-002 6.94630058577881e-004 -1.18232182702812e-004 -3.16011122176180e-005 7.20549163819652e-006 1.28587475533243e-006 -1.73846223614158e-007 -4.25822859966836e-008 -4.19078361310029e-011 8.99835190664727e-010 
3.87915219937167e-001 -1.86327393006242e-004 -5.38360060072187e-005 1.28837354577118e-005 2.48301120768037e-006 -4.83764010842922e-007 -9.30967668776186e-008 6.10842645258908e-009 2.53871154382013e-009 1.71129336608105e-010 
2.94772414710354e+003 9.19174550633885e-001 9.53197321219727e-005 3.03382041180138e-005 -6.31533084350797e-006 -1.17328361613069e-006 1.56580243874855e-007 3.83076428438999e-008 -6.15220292342919e-012 -8.10659128345130e-010 
-4.19234901861483e-002 -9.21689461840974e-006 6.29578525361630e-006 2.96181512623018e-007 -6.29659805269140e-006 7.08494642744714e-007 2.34861575786446e-007 -4.33114461059390e-008 -2.76000761930153e-009 1.58476043168554e-009 
3.87530784699499e-001 -1.35269370813675e-004 1.66345036474048e-005 -7.11777896998120e-006 6.39599490114574e-007 5.34265409648568e-007 -7.16511661360627e-008 -1.19139243064861e-008 3.28459895449673e-009 -7.94053448708449e-012 
2.94956325343027e+003 9.19827464397166e-001 9.22510835344189e-006 9.66364498942814e-007 5.38394386563117e-006 -6.52208477059801e-007 -2.08012813531972e-007 3.90136567603509e-008 2.40747780908059e-009 -1.42050210458574e-009 
-4.21171227021000e-002 -1.98654701915069e-004 1.07079023308612e-005 2.74005008519711e-005 2.99020254893401e-006 -7.45099285520969e-007 -8.05818953954226e-008 7.46680593471385e-009 5.65272295230294e-010 6.22272255691125e-011 
3.87384898755226e-001 1.95106746718482e-005 4.52670819283030e-005 2.92974592621715e-006 -1.85203395394489e-006 -2.22010633637963e-007 3.33479020924056e-008 3.03930810276614e-009 -8.02474147307428e-011 -8.24896262234156e-012 
2.95140317707780e+003 9.20099137546008e-001 -6.12382688449306e-006 -2.72073317664422e-005 -2.75488436151506e-006 6.99213811074440e-007 7.38794546330241e-008 -6.79978240868370e-009 -5.37155725537593e-010 -5.75823885573231e-011 
