4.95734291624264e+007 5.40475260740612e+006 -9.47086685944568e+005 -4.31339373326881e+004 -2.18844049103807e+002 6.28424726808812e+001 6.14076038328489e+000 3.22686818763283e-001 8.12474870866785e-003 -4.11249827562478e-004 -6.84549919428290e-005 -4.88014086444732e-006 -1.95409567801157e-007 8.40058655108426e-010 
-2.61583806388239e+007 1.34780961545777e+007 4.73716686822822e+005 -2.96701429714937e+004 -2.00316847302274e+003 -8.12760490111414e+001 -1.15123703913085e+000 1.59269452536879e-001 1.78504613274321e-002 1.06416245506297e-003 3.23972165513461e-005 -1.03640136387802e-006 -2.27908615348122e-007 -1.78248751426599e-008 
-1.89842491912591e+007 6.64059856709084e+006 3.51194629116373e+005 -1.13814515884757e+004 -1.04746346301378e+003 -4.99304231558204e+001 -1.25124529957068e+000 5.16525086404117e-002 8.69432855569801e-003 6.11107822782692e-004 2.43997638934351e-005 -4.80494663081528e-008 -1.01507953472059e-007 -9.60947915217311e-009 
5.12306099366454e+007 -4.13839634187470e+006 -1.40956085623269e+006 -2.54295008492003e+004 3.22944789136244e+003 3.03323006229609e+002 1.00213791749038e+001 -6.47553303008371e-001 -1.06651213347558e-001 -5.69505159666679e-003 1.08246197522953e-004 4.35771254052599e-005 3.30325121228688e-006 3.28954395945867e-008 
2.99628010377855e+006 1.51794566885450e+007 -1.25127987650413e+005 -7.30622487066537e+004 -3.05123097491674e+003 4.53480738113798e+001 1.66778579256281e+001 1.14845173279376e+000 1.05465391712472e-002 -5.38683061478921e-003 -5.37259685497488e-004 -1.63100626121620e-005 1.80122766965039e-006 2.67911603587300e-007 
-3.58033709164071e+006 8.53823976423654e+006 7.91942507453347e+004 -3.63967949449659e+004 -1.96463065099513e+003 -7.20058834284474e+000 7.87139256294497e+000 6.80619839875185e-001 1.66840617224361e-002 -2.28771463932277e-003 -2.98231190956924e-004 -1.32281154884892e-005 6.20014248287607e-007 1.39716121587788e-007 
3.16501834538813e+007 -1.52747338472841e+007 -1.19854888522262e+006 7.35953758606465e+004 7.94877320207449e+003 -9.30796637218904e+001 -5.15300573996401e+001 -1.63567737455474e+000 2.98907209585338e-001 2.63786236623032e-002 -1.14297119836382e-003 -2.73382699086747e-004 -3.53688524199425e-006 2.21520441400735e-006 
2.91540059824828e+007 1.00965116781726e+007 -1.17070413412172e+006 -8.49132620033456e+004 3.41536724616617e+003 5.66978271407085e+002 3.23597324888970e+000 -3.65220383069605e+000 -1.88605770194134e-001 1.91911471718792e-002 2.41564835851045e-003 -4.26977055486496e-005 -2.26070802943911e-005 -7.51040605361913e-007 
1.24229103265575e+007 6.97661997783395e+006 -5.01238265701071e+005 -5.29875925330710e+004 1.00101245901348e+003 3.12536155678552e+002 7.06762940177169e+000 -1.78162008362911e+000 -1.31726429141901e-001 7.51931422802731e-003 1.40891349237910e-003 5.51443862183785e-006 -1.17107570735397e-005 -6.30734411469818e-007 
-4.52175677794143e+006 -1.97255116957825e+007 1.84260680486460e+005 1.27186246456946e+005 -3.18980236073436e+003 -6.26773832649856e+002 3.63662320673471e+001 3.38964692605668e+000 -3.70915033897094e-001 -1.63764936081539e-002 3.58552742154209e-003 3.40298150515827e-005 -3.28902122281355e-005 7.12348664781301e-007 
3.78848962863975e+007 -1.70810112969720e+006 -1.57253167777886e+006 2.95692598276321e+004 7.68971894486344e+003 -3.38371769369641e+002 -3.93326339414017e+001 3.44208948061019e+000 1.99953392945460e-001 -3.33155414440517e-002 -6.86333332915822e-004 3.08856857245501e-004 -3.25472144489789e-006 -2.72537920514153e-006 
2.08353480559830e+007 1.13146101400790e+006 -8.59173011849786e+005 2.61909819906341e+003 4.43850616882566e+003 -1.15827257125029e+002 -2.47801816738050e+001 1.48764815237823e+000 1.45249158852722e-001 -1.61011748615411e-002 -7.38142248327219e-004 1.61472438133550e-004 1.66892745834764e-006 -1.52976284181385e-006 
-4.01536915405501e+007 -2.23101867414002e+007 5.19733435591843e+005 4.77173603514839e+004 -5.45818997208932e+002 -3.25328449074080e+001 2.31975886237081e-001 1.30414908301301e-002 -5.35503020614620e-005 -4.88387593031660e-006 
8.74957188804860e+007 -8.98893397289600e+006 -1.13863160128175e+006 1.88822167858480e+004 1.24231730979723e+003 -1.20026454857087e+001 -6.10796061512639e-001 3.75229938915832e-003 2.26122459900955e-004 -7.09030197438270e-007 
4.19431226379124e+007 -2.63345516385082e+006 -5.45272630493519e+005 5.47857331152993e+003 5.93581994470616e+002 -3.34327659708038e+000 -2.89538106644871e-001 8.63640949531472e-004 1.05148356319993e-004 -1.01565226766344e-008 
-7.89387319628104e+007 -1.60572382032278e+007 1.01977772464322e+006 3.42001360951611e+004 -1.11289481608780e+003 -2.29338937704474e+001 5.47993388457957e-001 8.72467197496073e-003 -2.05094929181648e-004 -3.05384342274681e-006 
6.13497040569880e+007 -1.68769134381094e+007 -8.03152408584015e+005 3.60922847837883e+004 8.68220942418582e+002 -2.46311033639463e+001 -4.13063770024396e-001 9.91577871424645e-003 1.40563866397429e-004 -3.73707934119130e-006 
3.26313310666337e+007 -6.57867688406149e+006 -4.25936750278285e+005 1.40783510417053e+004 4.61108636533519e+002 -9.63339755511228e+000 -2.20549226935634e-001 3.90952604105624e-003 7.60947947262930e-005 -1.50297138486039e-006 
-5.52493105244731e+007 1.87803087737060e+007 2.53142793510065e+005 -1.44025546608349e+004 -7.82560799637488e+001 3.00310725163971e+000 1.06181875936462e-003 -1.03630761837780e-005 -5.83498398720160e-005 -1.48632765232774e-006 3.09512592010010e-006 -3.10039265263192e-007 -1.31152816122105e-007 
-1.29833371033121e+008 -6.99982525302436e+006 5.87345165244747e+005 4.93570554691060e+003 -2.18397175236254e+002 -6.43145281304840e-001 2.71862668951329e-002 -3.38846804739615e-004 -5.99184239632919e-005 1.53013794695704e-005 1.28691087358911e-006 -9.15594716880728e-007 3.62629736396788e-008 
-5.62799105617085e+007 -3.03449699056655e+006 2.54584377945264e+005 2.13948077634105e+003 -9.46648248352894e+001 -2.78459971831324e-001 1.18589007902346e-002 -1.79223263348299e-004 -2.93391454678323e-005 8.64100192593214e-006 5.37162804560615e-007 -4.94598065614783e-007 2.81717393426329e-008 
-1.62228636736449e+007 2.00974073372163e+007 7.47809018299599e+004 -1.51747193553568e+004 -1.84078002402754e+001 2.96395117885862e+000 -2.31323966718438e-003 1.32430200040000e-004 -3.69243742089837e-005 -1.31923024204205e-005 1.17106472034360e-006 7.26243464354760e-007 -2.79101906844873e-008 
-1.38989144895820e+008 -2.12431738027437e+006 6.25289329585730e+005 1.37098519442908e+003 -2.25339602206856e+002 -5.74175772313109e-002 2.42431190586715e-002 -3.19888337113990e-004 -9.22710863208164e-005 8.27961420558370e-006 5.32945159932119e-006 -1.18757282440230e-007 -2.81704150839760e-007 
-6.02493254770688e+007 -9.21206364748365e+005 2.71032475935875e+005 5.94350235345783e+002 -9.76736679998850e+001 -2.44664420023930e-002 1.05072236142154e-002 -1.79942116607870e-004 -4.14271402310886e-005 6.02837673976226e-006 2.51716627962455e-006 -1.68138261039867e-007 -1.38793338473587e-007 
1.49411775225877e+008 2.43137027541195e+007 -1.06042996454477e+006 -3.13616858872255e+004 6.73629864527974e+002 2.38090775638886e+001 -2.81817761405989e-001 -1.95213207451041e-002 6.92621184003118e-005 1.70568458192040e-005 2.39095801770960e-008 
-1.28916786442465e+008 2.48057019357887e+007 9.08422006641019e+005 -2.69583714395558e+004 -7.82129428360204e+002 1.30424842465798e+001 6.08430867508322e-001 -4.86200305553698e-003 -5.15423649887029e-004 -4.62981592207824e-007 4.63732853457592e-007 
-6.31286108892025e+007 1.07226321439740e+007 4.45248414689300e+005 -1.15202664290212e+004 -3.76900557766620e+002 5.34082770903089e+000 2.86690278250347e-001 -1.70669618546590e-003 -2.38723055269533e-004 -5.53245326121832e-007 2.01345262128533e-007 
-7.68649622829148e+007 -1.81806795784805e+007 1.06599623496080e+004 4.13861642523447e+002 -4.72417953125737e-001 -2.65147195191154e-003 7.72648071976223e-006 2.71260590776473e-007 
7.03186983614060e+008 -1.04796164083988e+006 -9.74719444212345e+004 7.84022866257192e+001 1.09920743069694e+000 -2.07917574244179e-003 -2.52299312823674e-006 1.47092574074321e-007 
3.03271371529047e+008 -6.73250146151514e+003 -4.20381587233491e+004 2.35328510377926e+001 4.82644887550708e-001 -8.26304389004181e-004 -1.33376391792972e-006 3.83910631152255e-008 
-1.23233290073772e+009 -6.81128840340865e+006 2.94043333965130e+004 2.03560678577793e+001 -7.08462575223368e-002 5.50521026942715e-006 1.48965420085383e-007 
5.64000203931809e+008 -1.11230927090931e+007 -1.34529642743137e+004 4.74142256134895e+001 1.30501597142495e-002 -8.04743156054352e-005 6.00933723208850e-008 
2.86036873295119e+008 -4.30105833665193e+006 -6.82314642728194e+003 1.87085743871978e+001 8.43047434397232e-003 -3.35597784209144e-005 1.58004687673982e-008 
-9.08183068980305e+008 -8.97570378438083e+006 2.61967583808841e+003 4.49786381058437e+000 -2.66628447150178e-004 -7.47356434798250e-007 
2.42352311001683e+009 -3.24617386849017e+006 -6.99367590397459e+003 1.06018601494191e+000 1.96138995429924e-003 5.70331477747469e-007 
1.07426652709210e+009 -1.29486383546408e+006 -3.10003075317262e+003 4.00851941400098e-001 8.63523418565276e-004 2.58882465771215e-007 
3.99677821954372e+009 -3.38019797426694e+006 -2.85673152764371e+003 3.96983499799543e-001 1.68866081172028e-004 -3.21431736545628e-008 
1.86782724307462e+009 6.24441047297315e+006 -1.33509280653813e+003 -7.47570954898357e-001 7.44399610435887e-005 5.29467877293509e-008 
6.65006700396408e+008 2.64002250690443e+006 -4.75339837146459e+002 -3.15892779180144e-001 2.62950760688540e-005 2.32563892019377e-008 
4.39362205896902e+009 5.07531615030559e+006 -1.47709410125060e+003 -6.96640140291903e-002 6.93599078777559e-005 -1.22337160990754e-008 
-2.93258579262761e+009 4.44521674971418e+006 9.85855640966125e+002 -3.92258529014807e-001 5.11327925565696e-005 -6.82011093393270e-009 
-2.23895499584907e+009 -1.41951325332941e+005 7.52707217233010e+002 -1.01349362935659e-001 -4.58729593281184e-006 -6.87128169606813e-010 
-3.44088274084716e+005 -1.67199393097780e+004 2.15636107652875e+004 1.83525212859339e+002 -1.17983926395491e+002 -1.26310420867022e+000 3.49486893821912e-001 1.14331625067535e-002 -5.62226645006982e-004 -9.01934272903170e-005 -2.72484087126844e-006 5.04661012115616e-007 3.82263066003810e-008 
2.25514737833430e+004 -1.66328274576177e+005 -1.50159817583748e+003 1.67293689902992e+003 1.11678453423761e+001 -6.33464932197392e+000 -1.02506444320960e-001 1.54189215849907e-002 9.72755213035737e-004 -2.50806850301843e-006 -6.72173679485299e-006 -3.37814840211539e-007 3.06326068752032e-008 
3.69836412473634e+004 -6.20434886773871e+004 -2.36082966813263e+003 6.20989690511508e+002 1.40894852312193e+001 -2.30136903289182e+000 -6.82671134974839e-002 4.90485353827761e-003 4.17729810024834e-004 6.58551695752950e-006 -2.33358088257471e-006 -1.70710829232297e-007 8.47612416440345e-009 
-2.19932262248111e+005 1.33812394976767e+005 1.32126687717748e+004 -1.41353497642376e+003 -5.51164118986554e+001 6.50808045060757e+000 8.52207733053046e-002 -2.88291160712509e-002 -1.08316927675577e-004 1.55056073008947e-004 4.26424704476598e-008 -9.66877123394772e-007 6.43572009946386e-009 
-2.62735984071425e+005 -1.04577711778818e+005 1.55435405601286e+004 8.94039664018567e+002 -9.43991811048393e+001 -2.06038232247760e+000 3.98972190299741e-001 1.84914820524117e-003 -1.93703871885879e-003 -2.84381930948987e-008 1.13353504799943e-005 -5.90504900617560e-008 -7.30451945202685e-008 
-8.21582593603375e+004 -5.10382789991950e+004 4.82004492602688e+003 4.58209846007092e+002 -3.12842269845968e+001 -1.32650538162034e+000 1.44592817687804e-001 3.11090219152731e-003 -7.28263989072820e-004 -1.29612508626258e-005 4.31262593360239e-006 5.82045339365667e-008 -2.83518853443315e-008 
9.53388232327694e+004 1.66089080441923e+005 -5.03262466051881e+003 -1.37099580745037e+003 4.50279972695091e+001 2.17157807160565e+000 -2.47652134758419e-001 8.91262618834050e-003 7.58038389256809e-004 -7.94542274954815e-005 7.23922503470133e-007 3.67929755600594e-007 -2.57832004621916e-008 
-3.31836792250374e+005 3.69084217631389e+004 1.73295512996156e+004 -5.10118864373615e+002 -6.32849675410644e+001 3.34252990244729e+000 -1.97924389315813e-002 -1.39501595887481e-002 9.20598734834796e-004 1.98197161666534e-005 -5.38133875143548e-006 2.15681452309475e-007 1.73306457584181e-008 
-1.34844149685406e+005 1.83143243888768e+002 7.02632644153789e+003 -7.91049217262743e+001 -2.78166316247079e+001 1.08848499155209e+000 1.30066259424583e-002 -6.05211939105278e-003 2.87197524267664e-004 1.41725362392696e-005 -2.10893438380865e-006 5.14407562461784e-008 8.74987617797506e-009 
3.44974795623972e+005 7.39911300774562e+004 -1.64869600952145e+004 -5.20108866604273e+002 5.43275053917870e+001 -7.19174202397138e-002 3.68714222674634e-002 5.45544325989666e-003 -4.35031174658139e-004 -3.16157501655777e-007 1.35109779527080e-007 -8.42020314271071e-008 4.95828942899126e-009 
-1.47934254641207e+005 1.38338992650733e+005 7.03367023366494e+003 -1.08844227000880e+003 -1.64889086018743e+001 1.22091577233404e+000 -6.25961982680461e-002 6.30906062406559e-003 2.03874010850792e-004 -1.62020268049297e-005 8.20286640883253e-007 -4.63885389431042e-008 -4.15811053256583e-009 
-8.55789732711450e+004 4.65922184610205e+004 4.07170752771845e+003 -3.70331126800860e+002 -1.08581651350702e+001 4.65777507479946e-001 -2.69644591552782e-002 1.95037333420316e-003 1.14181645849917e-004 -6.11877135659558e-006 3.01735440350388e-007 -1.06590133491350e-008 -1.99986746325739e-009 
3.51940540632758e+005 -6.77486161415807e+004 -1.73320248123174e+004 4.08702229525070e+002 6.57381488133134e+001 1.00436129220873e+000 -1.89902528284134e-002 -1.02283730548124e-002 -5.31237243034693e-004 9.91096703480029e-006 2.32472001485996e-006 1.57718478936551e-007 -1.13679260802469e-009 
1.41577877592733e+005 1.39535622702704e+005 -6.88569391223954e+003 -1.17095239116139e+003 9.12953456400168e+000 2.12695872752968e+000 1.30586532131079e-001 4.20793356695151e-003 -4.77416844168775e-004 -3.66713179990401e-005 -8.98309660858143e-007 9.85109886505653e-008 1.24962936064027e-008 
2.44143965951099e+004 5.90310137830852e+004 -1.15717254673082e+003 -4.80822244241301e+002 -2.15462893562940e+000 7.22577596138622e-001 5.15970267189524e-002 2.48011705984006e-003 -1.36756264252180e-004 -1.48364491786418e-005 -5.42246915690882e-007 2.41324988095566e-008 4.86602503169777e-009 
1.06489171324520e+005 -1.68124847021957e+005 -5.85769487253468e+003 1.47692236638762e+003 5.26001470668433e+001 -3.63519273671588e+000 -3.22253359107254e-001 1.08255725757800e-003 1.62130894527613e-003 4.49686737966567e-005 -7.28288484235987e-006 -4.93565440415810e-007 2.68381959715642e-008 
3.25662961305546e+005 3.50857654204463e+004 -1.81041595875931e+004 -5.20401402609578e+002 7.87776569916923e+001 3.87472427649336e+000 -1.17316852276979e-001 -2.17832277479572e-002 -2.34763630425376e-004 1.04395245886794e-004 4.46511836222552e-006 -4.46853509569319e-007 -4.19024748465406e-008 
1.15569442248581e+005 2.77007056510189e+004 -6.41093481603459e+003 -3.24517885332222e+002 2.55163176755686e+001 1.78959160361826e+000 -1.70756717665553e-002 -8.40549010968783e-003 -2.28277500979151e-004 3.59880413526110e-005 2.32648918490909e-006 -1.28332336983057e-007 -1.82850998890096e-008 
-2.15478352026158e+005 -1.37568475223316e+005 1.34310372635437e+004 1.42815847802501e+003 -6.70027059658852e+001 -5.99534237246426e+000 2.23522090317059e-001 1.97038607383309e-002 -1.26623546186273e-003 -5.82518793586984e-005 9.33342407401957e-006 1.25348983546368e-007 -6.40168312917233e-008 
2.49038955875172e+005 -1.09331299946429e+005 -1.52255159698990e+004 1.03084117209189e+003 8.94297258157394e+001 -3.68375975261643e+000 -3.19179640750192e-001 1.51794527026682e-002 9.84146794981049e-004 -1.03575676344817e-004 -2.48432589766069e-006 7.38382829927458e-007 3.59977328931504e-010 
1.13711569975157e+005 -3.00422733342563e+004 -6.96141495552314e+003 2.71040062726266e+002 3.98414103327769e+001 -8.90165345572957e-001 -1.40844909320688e-001 4.10177638127649e-003 4.83552591261159e-004 -3.45429554191976e-005 -1.74515219714279e-006 2.71078909028603e-007 5.60808481283063e-009 
-3.46217583672334e+005 1.35675853580166e+004 2.14293828241692e+004 -2.09164287821599e+002 -1.12486455296619e+002 1.56564330358219e+000 2.79346841802947e-001 -7.11109858431005e-003 -7.29341217360301e-005 9.28797516730613e-006 -4.02550296820985e-006 1.42498670480495e-007 2.41801293680513e-008 
-3.99722624415565e+004 -1.64800928106530e+005 2.40916995709548e+003 1.62403348456068e+003 -2.10917053718736e+001 -5.60869934658021e+000 1.14176596553299e-001 8.97002775792045e-003 -3.32546646697774e-004 2.94624465674166e-005 -7.44241866825204e-007 -3.22948057900268e-007 1.53638234254020e-008 
1.44040070823897e+004 -6.41653049048113e+004 -9.17814905846581e+002 6.37660653355067e+002 1.61260679773043e+000 -2.27229525816129e+000 1.95222010026221e-002 4.02420127497198e-003 -1.20279706909296e-004 1.04753091039088e-005 5.97874453566184e-008 -1.35510616901261e-007 3.79095069508051e-009 
2.49710575005043e+005 9.94740436790295e+003 -5.50999870821388e+000 -7.08446950698783e-002 -1.25020216372261e-003 -8.35921485288856e-004 -1.10894368454570e-004 -4.47703237143855e-006 1.06049287077768e-006 2.74145773794917e-007 2.92386392860170e-008 
-1.03644769842918e+006 1.93773375020812e+003 2.51710927724286e+001 -4.51805125596386e-003 4.82015289494953e-003 3.37753947831508e-004 -4.91767233550809e-005 -1.33670653930291e-005 -1.48694960528045e-006 -4.63666607305780e-008 2.24064639796312e-008 
-4.52977037281090e+005 5.47578414593716e+002 1.09492006433143e+001 7.34476360207494e-003 2.97943796302278e-003 2.66621571049775e-004 -1.49225606230104e-005 -6.67824872458557e-006 -9.04169712255121e-007 -5.06847989335069e-008 8.94949949071303e-009 
2.69557221345558e+005 9.89785089986166e+003 -7.20432576941786e+000 -2.39394580488663e-001 -6.34725919234458e-003 3.17502863208621e-003 2.69051298492608e-004 -7.92385891315793e-005 -9.22969458950544e-006 2.19265740532888e-006 3.23738236839205e-007 
-1.03237047022364e+006 2.13958436782939e+003 2.52225159494497e+001 -5.84051689986277e-002 -2.08976835836696e-002 -1.16163864040133e-003 4.46738628246126e-004 4.03240747012406e-005 -1.21917722312970e-005 -1.41769548669176e-006 3.51075898796262e-007 
-4.51793510985322e+005 6.36185552363699e+002 1.12067505381306e+001 1.66433979840066e-004 -1.02737770617179e-002 -9.53303930728197e-004 2.10651171352105e-004 2.97522837481621e-005 -5.55680834347374e-006 -9.82008972512228e-007 1.54021307864742e-007 
-7.62675774841143e-005 -4.68870505207804e-007 4.49753945871048e-007 2.02204868128473e-007 -4.94264116128786e-008 -1.22842113374611e-008 2.43851150882092e-009 4.61352235306588e-010 -7.31740555815553e-011 -1.61648428892185e-011 
-2.49456135608786e-005 -4.17029226232101e-007 -2.47522416218518e-007 6.85996593921467e-008 2.42565905061340e-008 -4.67975335492196e-009 -1.03011465555135e-009 1.70114550801097e-010 3.07851337065149e-011 -3.72650693957564e-012 
-7.48633245140116e-005 7.77204974842804e-007 -5.75430116540369e-007 -3.38509291608970e-008 3.77510630019220e-008 -1.70175176918259e-009 -5.65754084035268e-010 1.53775622240311e-010 -1.59698541383369e-011 -2.08759591847677e-012 
-2.53069834060502e-005 3.75414419751012e-007 9.23352608119722e-008 -7.09262653087600e-008 -9.81951891930518e-010 2.36321189903659e-009 -3.47955766473631e-010 1.30260727376189e-011 1.77002175516897e-011 -3.09682928657705e-012 
-7.47653842301621e-005 4.91069016189708e-007 6.79281712411454e-007 4.56117305544972e-008 -4.33775276839120e-008 -6.06024160872844e-009 5.88463981766047e-010 3.08832912014400e-010 3.26002940797323e-011 -7.00965701326241e-012 
-2.53054852154699e-005 -4.83270981734722e-007 -1.48688035955487e-008 8.21105022139103e-008 7.80084957620388e-009 -2.84846768714879e-009 -5.70448961925483e-010 -1.53723467178542e-012 1.69357582586359e-011 2.85884408326306e-012 
-7.27732806466625e-005 1.24042338793484e-007 -6.19972979639544e-007 1.50496145660586e-007 6.25997626505141e-008 -1.02005566113733e-008 -2.60519314168906e-009 4.07569042530598e-010 5.55174847172605e-011 -1.23834255157239e-011 
-2.50790321076422e-005 5.87548660609106e-007 -1.59643309192060e-007 -9.81348974307466e-008 1.75882235514997e-008 5.97782590436969e-009 -8.59851487423878e-010 -1.96283389084262e-010 3.21735185837505e-011 4.13134618808797e-012 
-5.49199895721792e-002 -1.12587002428447e-003 -2.17338928440926e-004 2.89885443621008e-005 -1.93429985923781e-006 1.49467741794225e-007 2.35461247660515e-007 -1.63046157221277e-008 -6.63083837145637e-009 3.71996410911746e-010 
4.23101916540102e-001 -5.47894353556006e-004 9.04007108924175e-005 7.63800225729304e-006 -7.78079268732240e-007 4.20056136094541e-007 -3.19495842176456e-008 -1.71618848656535e-008 1.11854773607093e-009 4.09672253532693e-010 
5.70554573173071e+003 9.20838030373805e-001 2.03675637254819e-004 -2.44513554399910e-005 1.65149699091299e-006 -1.72589604338754e-007 -2.14468909120908e-007 1.55337598049460e-008 6.08390527242760e-009 -3.53140965567150e-010 
-5.76427590677844e-002 -1.19823092160198e-003 2.65046865005846e-004 5.51616823701110e-005 -2.36529482470524e-006 -1.24984334838459e-006 -4.57688823563010e-009 1.78362278558944e-008 -1.15692504955557e-009 -7.01941878106182e-011 
4.22947058857855e-001 4.25451465255008e-004 1.19936468886058e-004 -1.37001840265848e-005 -3.64321603743572e-006 1.14371505329974e-008 6.55094630153498e-008 -1.11455876570444e-009 -6.25404791370781e-010 9.76278636627831e-011 
5.70738791393055e+003 9.20981984714281e-001 -2.34442158971463e-004 -5.18418262015532e-005 2.06735398522255e-006 1.16189957019748e-006 2.63918488418116e-009 -1.64290787097477e-008 1.10617121610468e-009 6.25340522546885e-011 
-5.71996802019316e-002 1.56360352289126e-003 1.64011787652183e-004 -8.13662966710431e-005 -5.06538592907233e-006 1.55840682776524e-006 1.34090521233095e-007 -1.37162471856313e-008 -3.11619464023081e-009 -1.94719497932310e-010 
4.23819638426186e-001 1.78503678053978e-004 -1.83570311670706e-004 -1.29964305109075e-005 5.02492311751456e-006 3.45379010799004e-007 -7.06685744224734e-008 -9.00657289138909e-009 1.16565489268674e-010 1.69432334314111e-010 
5.70922728583226e+003 9.18445642514632e-001 -1.60056180523567e-004 7.33409881680173e-005 4.78235823519147e-006 -1.40463501449839e-006 -1.22092502850113e-007 1.21900125426422e-008 2.80087462425908e-009 1.81898282381371e-010 
-5.52816128532012e-002 -1.07908640542213e-004 -3.67030320335749e-004 2.22535566358750e-005 4.69768830123436e-006 -1.47158149250165e-006 4.15635685533931e-008 4.21146231847733e-008 -2.46122867129840e-009 -7.28319616048049e-010 
4.23061203633690e-001 -7.53425620481205e-004 1.63524762096697e-005 2.15489380218669e-005 -2.74510453172691e-006 -6.52939642834231e-008 1.10659903786117e-007 -5.23389059188794e-009 -2.41601072404572e-009 1.84538200013222e-010 
5.71106520281062e+003 9.19900842408052e-001 3.33339174986815e-004 -1.82990965941044e-005 -4.26145663454446e-006 1.31726400117050e-006 -3.72166139198863e-008 -3.83120996593808e-008 2.20105826603224e-009 6.68274949514953e-010 
