-5.45389534147684e+007 4.50262714680980e+006 8.46648276524872e+005 -2.87386471533342e+004 6.27072856571509e+001 2.19281146011481e+001 -2.29907194975554e+000 1.22825223516724e-001 -4.86678516784084e-003 9.40169507745483e-005 4.83004473379025e-006 -6.87540152502354e-007 4.77455415619100e-008 -2.29993318243810e-009 
-2.94043966211285e+007 -1.21970464304846e+007 4.34515414986110e+005 2.19988900540656e+004 -1.09695637723905e+003 4.45274448260263e+001 -1.23528271909849e+000 -5.66781843740648e-003 3.26031627596438e-003 -2.69550712291941e-004 1.44554838284454e-005 -5.32577379098914e-007 6.13213712115887e-009 9.94205814174730e-010 
-9.92412177675403e+006 -6.98262664530054e+006 1.44414027531229e+005 1.47297596741379e+004 -5.92518730308896e+002 2.15158906922117e+001 -4.21730681643717e-001 -1.57528471602549e-002 2.24595300045402e-003 -1.53741201665712e-004 7.22208485827703e-006 -2.13285814369407e-007 -1.67058900558829e-009 7.69402682082451e-010 
-3.98279719341065e+007 9.93194387712207e+006 5.15097090062294e+005 -2.63268603269073e+004 1.52131644891134e+002 -6.04201084190549e+000 -4.69147044727814e-001 2.63427780574804e-002 -1.46667621533011e-003 6.01069827509177e-005 -1.86382723545949e-006 3.87030253202298e-008 9.50628312866040e-010 -1.37302048065934e-010 
-4.96588263851707e+007 -7.90583991268963e+006 6.17540886695175e+005 1.00356405183184e+004 -4.81543385551894e+002 1.88044191643691e+001 -8.21421236114587e-001 1.75505468564168e-002 -3.88986945384936e-004 -1.69614128588941e-005 1.53192577619526e-006 -1.00237106823306e-007 4.60990674251006e-009 -1.73647243499617e-010 
-2.22689917154006e+007 -5.25264816298169e+006 2.76540380791536e+005 8.08881869944729e+003 -2.73014079908652e+002 1.06717606241969e+001 -3.90219522182801e-001 6.64677717496000e-003 -5.58560026287807e-005 -1.52884289932675e-005 1.01148994686827e-006 -5.75589264079579e-008 2.36424276391335e-009 -7.85419974566223e-011 
-1.68225037148896e+007 1.28181855880425e+007 2.08312535246054e+005 -2.52946281080919e+004 -4.20747673530449e+001 -1.21813639885505e+001 -1.45447818896357e-001 3.16331054849635e-003 -2.14381413811098e-004 2.05874786497008e-005 -1.96290685603895e-007 3.24708962821505e-008 7.04590273708814e-013 2.54217109446316e-011 
-6.02263870624986e+007 -2.59244758055989e+006 7.01067349015597e+005 4.40591326031342e+003 -2.71436781342633e+002 3.28181425808444e+000 -5.47181431178419e-001 1.38120997184124e-003 -5.49021675227819e-004 -2.37159742182711e-006 -1.76508383914326e-007 -7.92125721146281e-009 6.01258210308114e-010 -1.28079457598753e-011 
-3.02982245677987e+007 -2.71312351647719e+006 3.52945919318393e+005 4.97433000509552e+003 -1.40649679677609e+002 3.01523799657606e+000 -2.77249704150737e-001 4.10145289463130e-004 -2.71091125530486e-004 -3.39987766095145e-006 -7.39590545964894e-008 -7.59578437771026e-009 3.21134201038145e-010 -9.47607134514315e-012 
9.49818687187364e+006 1.32394747538789e+007 -1.07848406546804e+005 -2.80815344634174e+004 -3.14501620032910e+002 -1.46815185818108e+001 -3.51961472096204e-002 9.65676267127091e-003 7.69079122255733e-004 4.67326123009433e-005 1.77878325908607e-006 7.00984624951085e-008 1.50033356825422e-009 8.68586570608162e-012 
-5.96871154891189e+007 3.15401189920916e+006 7.27681711117648e+005 -1.49639947106970e+002 -3.44791735450319e+002 -1.15070795446502e+001 -7.78512809659327e-001 -1.90884766078133e-002 -7.65092299013466e-004 -6.91055222021942e-006 3.02673445060348e-007 4.59255012500975e-008 2.81392559852598e-009 1.31807356709677e-010 
-3.27373768237388e+007 3.13131096630910e+005 3.99918924268780e+005 2.82936128414212e+003 -1.51613936641203e+002 -4.62635077962800e+000 -4.12255379937966e-001 -1.11980231006451e-002 -4.88410149012739e-004 -8.53338419641728e-006 -2.25892527529445e-008 1.72722585641434e-008 1.34783504802098e-009 6.95150527927215e-011 
7.73925742308446e+007 1.67380261897730e+007 -9.46322674967321e+005 -3.43566063568248e+004 9.46432424882254e+002 1.99453073066218e+001 -3.27933781452302e-001 -4.17027557439449e-003 1.86943976612908e-005 -3.64345358457514e-007 
-6.77176864260373e+007 1.59378778955343e+007 8.28892148208227e+005 -3.26158869489087e+004 -8.34138133408778e+002 1.87047299819061e+001 2.97361890322378e-001 -3.64573459511005e-003 -2.45927018747789e-005 -5.27190913822486e-007 
-3.53266447617844e+007 6.11350826707421e+006 4.32870954342413e+005 -1.25042883536286e+004 -4.35240023346383e+002 7.15569466330231e+000 1.54560338558762e-001 -1.37683532844675e-003 -1.22493718024436e-005 -2.14188270310247e-007 
1.02192327109678e+008 7.80310340522146e+006 -1.25607148897228e+006 -1.64886405532752e+004 1.25749804308168e+003 1.07358034926886e+001 -4.36948531967377e-001 -3.58764179262371e-003 2.44029541839548e-005 7.44567420827712e-007 
-3.05901322443137e+007 2.08073376758250e+007 3.70926177110394e+005 -4.26181470000007e+004 -3.97491846409264e+002 2.45066250488043e+001 1.80775334365543e-001 -4.81749757642482e-003 -4.98083769049006e-005 -7.16808919542361e-007 
-2.01874367125324e+007 8.87000217610649e+006 2.46374101518359e+005 -1.81356861645702e+004 -2.58420655692789e+002 1.03491756025192e+001 1.08990774618772e-001 -1.94098548015311e-003 -2.39567671596019e-005 -3.69530776654546e-007 
-1.13200925309489e+007 -2.07950173415038e+007 6.07754821930294e+004 1.72826703321938e+004 -2.20561289736613e+001 -4.94461695705565e+000 1.47551174966510e-003 6.78501638046899e-004 4.08089427328674e-005 1.65861571409026e-005 -3.90422547542885e-006 -7.41982697381082e-007 3.38061130429821e-007 
1.33182506978976e+008 -1.63153027522519e+006 -6.68346588556945e+005 1.24743124482995e+003 2.91373920443180e+002 -2.41490592780780e-001 -6.68602262540575e-002 2.05750563274881e-004 1.34843302691001e-004 -2.22593665049692e-005 -5.90683234078213e-006 2.01455893144157e-006 2.30747809599436e-007 
5.77054454366392e+007 -7.07221975975499e+005 -2.89694386951747e+005 5.40563879284776e+002 1.26295480158195e+002 -1.05099349495767e-001 -2.89016827209830e-002 1.33300600519946e-004 5.02361441396184e-005 -1.21891304909324e-005 -1.83278798351456e-006 9.77774819278724e-007 4.07878651495335e-008 
-5.17763363168560e+007 -1.94927034563619e+007 2.62817682417382e+005 1.61497977501768e+004 -1.18340126056045e+002 -4.56921990581793e+000 2.89185857067386e-002 6.22515826206573e-004 -2.14443348399320e-005 9.48733752690281e-006 1.40529523217373e-006 -1.85310892528036e-007 -5.37287631502816e-008 
1.24675431581071e+008 -6.84008909018115e+006 -6.25838155758387e+005 5.78679775102461e+003 2.71197789867744e+002 -1.75808930684495e+000 -6.08678275608843e-002 5.20492847857325e-004 9.21191705766019e-005 1.04579470087787e-007 -2.78157716728091e-006 -2.31271324215928e-007 7.18286073478758e-008 
5.40179815899119e+007 -2.96487481209067e+006 -2.71270732547639e+005 2.50815621599083e+003 1.17550232301366e+002 -7.62241589964913e-001 -2.62572949515614e-002 2.48444916742582e-004 3.34068942217660e-005 -1.38918617054631e-006 -1.05751290248167e-006 -3.87864929620813e-008 3.06986526874528e-008 
-7.17863223108288e+007 3.28546499592809e+007 4.08929637901062e+005 -2.79956942578615e+004 -4.98087020433997e+002 2.64733707809346e+000 2.80122887242372e-001 5.95891496967227e-003 -1.02822406409278e-005 -4.61488456937344e-006 -2.06412728184637e-007 
-1.92990065507484e+008 -6.92427800701474e+006 1.08648912154496e+006 1.40652998710425e+004 -4.01239580149661e+002 -1.19097022892204e+001 -1.02103617542596e-001 3.91397204252630e-003 1.57763714285871e-004 1.21529126805404e-006 8.91054172625513e-008 
-8.65708061710210e+007 -4.06163010597543e+006 4.87340339885017e+005 7.20576062858592e+003 -1.70625717942389e+002 -5.53408814042171e+000 -5.43756101602620e-002 1.63103484521601e-003 7.23874411056631e-005 8.29109356990290e-007 6.40899555961960e-008 
-6.34816411366892e+008 -1.11775488097431e+007 7.86440877758732e+004 1.97202861226867e+002 -8.73699161330125e-001 -4.69819845649706e-005 2.90095899713239e-006 3.73054602041190e-008 
4.40117234891388e+008 -1.25189044248293e+007 -5.45598347302661e+004 2.81706603452367e+002 3.38356996717503e-001 -1.73518893580670e-003 2.94366807257142e-006 -1.80699600288401e-008 
2.04092062805775e+008 -5.09386195709864e+006 -2.52991853415896e+004 1.15950693355287e+002 1.66304978272517e-001 -7.42637631445087e-004 1.20680507787225e-006 -5.72352328649778e-009 
-1.39846194562424e+009 -2.36422501046751e+006 3.16615647628846e+004 9.90906521341410e-001 -6.17247032145565e-002 3.73986569580541e-005 4.29750469544527e-009 
1.37652818657140e+008 -1.23137900392476e+007 -3.08862084065153e+003 4.73410520868732e+001 -1.21633345183580e-002 -5.84710182564796e-005 6.71898664581711e-008 
1.17088330424486e+008 -4.98442038925064e+006 -2.63991866919409e+003 1.95032363686018e+001 -2.42499709224455e-003 -2.59043149249985e-005 2.89823425023468e-008 
-1.22368253871049e+009 -8.52900431019029e+006 3.58059539003384e+003 4.38984450138611e+000 -4.82707606693685e-004 -6.89177405642181e-007 
2.28875800808280e+009 -4.23379572727495e+006 -6.70247143171478e+003 1.63682311399368e+000 1.97961175043760e-003 -3.71925579380154e-007 
1.01970280278021e+009 -1.73372186874390e+006 -2.98604628174048e+003 6.54891511684832e-001 8.72800608717040e-004 -1.54539959877099e-007 
3.86776283015594e+009 -3.78514334180604e+006 -2.76578162418637e+003 4.45050511572518e-001 1.66310951045398e-004 1.16191296949729e-009 
2.08902691480378e+009 6.04064875185975e+006 -1.49406909663324e+003 -7.23639908815155e-001 9.08747274367689e-005 4.97746503622055e-008 
7.58756817188859e+008 2.56670292044602e+006 -5.42677085725574e+002 -3.07271392468314e-001 3.31486004538958e-005 2.06837337756437e-008 
4.57249272171312e+009 4.86163255886275e+006 -1.49004639285885e+003 -5.05796837418949e-002 6.28694957154601e-005 -2.14138638775737e-008 
-2.77007521579441e+009 4.58115525310763e+006 9.02700492710782e+002 -3.77766629812943e-001 4.96434561043727e-005 -6.19295527219856e-009 
-2.24213321207948e+009 -3.51443256964059e+004 7.30679202419093e+002 -1.02569973222852e-001 -3.70836941622433e-006 2.21063199667344e-009 
-3.25769785914062e+005 6.67955373870204e+004 2.04092861942335e+004 -4.71393443469033e+002 -1.19281691395098e+002 -1.26028667344060e+000 3.78888671343919e-001 2.92801362175991e-002 -6.79866298847537e-005 -2.04827345921284e-004 -1.33737090121200e-005 5.65711971100879e-007 1.33911580270593e-007 
-1.18128383576574e+005 -1.49069071435866e+005 7.40028655219324e+003 1.57107416946374e+003 -1.60570309919133e+001 -6.61043612489936e+000 -2.24121415927239e-001 1.53091870597172e-002 2.44893535363168e-003 7.13359381922093e-005 -1.25050963220003e-005 -1.33610423907792e-006 -3.67046430064520e-010 
-1.81671871344540e+004 -7.11696414250122e+004 1.13764781487068e+003 7.26580278292228e+002 5.12707726445235e+000 -2.72997161027983e+000 -1.35244359422087e-001 3.65922124287251e-003 1.06560541730816e-003 5.15323883501501e-005 -4.05436690705214e-006 -6.34712778758630e-007 -1.36888216772549e-008 
-6.83340424374230e+004 1.77304968245168e+005 4.59973383610965e+003 -1.91388086648407e+003 -2.12305408969594e+001 9.99512303669937e+000 7.24335489768681e-002 -6.03746880756085e-002 -5.87864597647501e-004 4.57213216911760e-004 5.98677638108123e-006 -3.81950840576398e-006 -6.03688392173418e-008 
-3.07463977151100e+005 -2.94425072669290e+004 2.01514652891203e+004 2.50428793877362e+002 -1.29900245437021e+002 -6.82292411115234e-001 6.91266347530940e-001 3.28222686513001e-003 -4.78146321787500e-003 -3.79071817499407e-005 3.84340170866661e-005 4.13136793946856e-007 -3.30312623612311e-007 
-1.25984549468272e+005 -3.06220846707378e+004 8.24618693053514e+003 3.01639883533233e+002 -5.40042170733943e+001 -1.30611373301492e+000 2.91473072939429e-001 7.52304367409897e-003 -2.00740629873784e-003 -6.25900188936086e-005 1.60084516272030e-005 5.64514696056949e-007 -1.36679948225235e-007 
2.55176785127761e+005 1.29834045757403e+005 -1.48095390967206e+004 -1.01500474399884e+003 9.78073742602657e+001 2.10589418791605e-002 -4.07783963431972e-001 2.92268942757318e-002 7.21003984274704e-004 -2.37618606111627e-004 1.02635929787322e-005 1.01213404214614e-006 -1.43722822335225e-007 
-2.18093027335697e+005 1.12377941164487e+005 1.26296256575964e+004 -1.24840168013541e+003 -3.53013385882760e+001 6.04474426937001e+000 -2.17485475866731e-001 -1.89437304847481e-002 2.65847531518432e-003 -4.01759450446203e-005 -1.54743963161940e-005 1.30813684058247e-006 2.71860424618650e-008 
-1.19999742622334e+005 3.54788629390548e+004 6.95536378726727e+003 -4.37232994805461e+002 -2.51610518438798e+001 2.61034911096923e+000 -5.27345999292438e-002 -1.11403074234747e-002 1.07618025111257e-003 6.64572325828733e-006 -7.72569451162322e-006 4.63161023742770e-007 2.62723064431289e-008 
3.75231516005473e+005 -1.28592567422508e+004 -1.85892029351826e+004 2.78677953253927e+002 5.88359361946832e+001 -1.91775125256199e+000 9.40302808685990e-002 1.38403966404253e-003 -7.35889093052600e-004 4.11308674762704e-005 -9.90949983606078e-007 -1.12284981397737e-007 1.75108117419509e-008 
5.81745588697222e+004 1.50910604162132e+005 -2.82928993558833e+003 -1.17607057081942e+003 2.68894100171837e+001 8.81863513643108e-001 -8.42114251052063e-002 1.09967118123580e-002 -3.16375014811842e-004 -1.91955101948499e-005 2.67668226134844e-006 -1.97474219154833e-007 3.34832018775454e-009 
-1.26808184263286e+004 6.65378745349536e+004 6.51333711570541e+002 -5.36954081388740e+002 5.66971421835937e+000 5.76452785483152e-001 -4.58243408298803e-002 4.61296986649452e-003 -6.24542269860413e-005 -1.24568818858689e-005 1.25682055207021e-006 -7.40089386817795e-008 -3.21322228098369e-010 
2.21219724074242e+005 -1.34389586029825e+005 -1.05130180822085e+004 1.01535695628248e+003 3.70248459946885e+001 -8.18639378093456e-001 -3.83582997033491e-002 -6.95106134203463e-003 5.72174187507632e-005 1.65949227307729e-005 3.95889558287869e-007 1.13197749735873e-008 -4.69143018430195e-009 
2.98526732784407e+005 8.01880488839767e+004 -1.39063989530817e+004 -6.34112862781345e+002 4.22324052822794e+001 1.18270408233664e+000 5.17316034440929e-002 -1.39372697149031e-003 -3.84664336947347e-004 1.08318691001735e-006 3.13794420524481e-007 5.25308790972257e-008 1.29921383229632e-009 
1.06739565173885e+005 4.81952689131204e+004 -4.95756886499003e+003 -3.76933023257335e+002 1.45509453247978e+001 5.96721283046267e-001 2.62428349942635e-002 9.41751464880031e-005 -1.72306429864609e-004 -1.20832373148880e-006 9.64397975481447e-008 2.15995581281593e-008 1.03448056928879e-009 
-8.71717076449273e+004 -1.61541469746869e+005 4.36851026483840e+003 1.37212454239580e+003 -6.54234671876947e-001 -3.25833165408413e+000 -1.10002806469573e-001 4.53217320699481e-003 4.92912937840326e-004 -1.26993155946607e-005 -2.02788346028890e-006 2.05996549812039e-008 1.06082481516255e-008 
3.33028251168741e+005 -4.79382789018329e+004 -1.65544973842066e+004 2.62159697304783e+002 6.87574506043632e+001 7.88747844737946e-001 -1.14156658376904e-001 -7.18905509676317e-003 2.20200249789025e-004 2.73245599626955e-005 -6.80493193205714e-007 -1.34783940836940e-007 -2.60405403358573e-010 
1.52653502088036e+005 -4.51181800779399e+003 -7.60356314233144e+003 -2.45905702127191e+001 2.98638592121910e+001 6.70513849950008e-001 -3.84448256375721e-002 -3.57217056453253e-003 4.57056134117883e-005 1.31123948268831e-005 -9.04133704986967e-008 -6.04319728743863e-008 -1.17956393901176e-009 
-3.26953822364753e+005 -6.64815609194998e+004 1.83307617481698e+004 7.62566417557887e+002 -7.59755734071762e+001 -3.38230519935471e+000 1.05876725112247e-001 6.41877435074702e-003 -2.08603721492430e-004 1.23993172051327e-005 2.52704412103364e-006 -8.51872979134144e-008 -1.54935806322950e-008 
1.27905173212141e+005 -1.49108966163235e+005 -6.90394550079257e+003 1.29342397227730e+003 4.73789709660976e+001 -3.06745668332088e+000 -1.53440705295551e-001 3.29760348071870e-003 6.49986884538570e-005 -2.16539459371054e-005 1.35267231319625e-006 1.97590217508512e-007 -3.98436014449312e-009 
8.79811209841690e+004 -5.78450052835183e+004 -4.82745852776480e+003 4.83737656025926e+002 2.81808326455596e+001 -9.89844139198045e-001 -7.72572263310398e-002 7.81309664263900e-004 4.94430018770863e-005 -1.06033317979333e-005 3.32082810446981e-007 9.41133189896985e-008 -1.70320839609989e-010 
-3.01534064994287e+005 9.21383243055504e+004 1.85572246876610e+004 -7.99299580853405e+002 -1.04440808529081e+002 1.29056545019611e+000 3.04935800697300e-001 9.32297028382871e-003 -1.75564190465391e-004 -7.84297903964804e-005 -5.65106482067098e-006 1.97384266045987e-007 4.39502212720882e-008 
-1.71092785191752e+005 -1.35172297869929e+005 1.05808489612430e+004 1.39312013469026e+003 -4.28436589497733e+001 -5.47628657036090e+000 -1.64643945357041e-002 1.16057408517379e-002 9.09080497863716e-004 3.06867496747309e-005 -4.65338725396292e-006 -5.07204266813569e-007 2.11500548787494e-011 
-4.39149936684955e+004 -6.76982942954188e+004 2.72573082753812e+003 6.83893314787897e+002 -8.09267140391891e+000 -2.50537316597100e+000 -3.77436038285602e-002 4.10654377537438e-003 4.11817294184781e-004 2.11209767034729e-005 -1.45230848519302e-006 -2.39556462337892e-007 -4.38428974126077e-009 
8.54014215070896e+005 6.05648498044980e+003 -1.92551662759255e+001 4.52713742460690e-002 -2.59687813891740e-003 -5.47709915664756e-005 1.27173872491174e-005 -1.33789417928494e-006 1.25946111378615e-007 8.03396907104352e-009 1.35539390613373e-010 
-6.74957759767161e+005 7.59077879551053e+003 1.31118184220147e+001 2.00037964615721e-002 3.11834670895347e-003 -2.07577719933246e-004 1.09470340226003e-005 -3.46022023035250e-007 -2.34295720137072e-008 -1.53310954075845e-009 -9.11129260901907e-010 
-3.15113281906161e+005 3.08094238209944e+003 5.99483380185667e+000 -4.32589984975910e-004 1.77237435524816e-003 -1.01866606054779e-004 4.60305178134150e-006 -4.74128803905464e-008 -2.55223770566727e-008 5.69301312510612e-010 -5.11554377226239e-010 
8.65974353989964e+005 5.90389520269422e+003 -1.89647320792891e+001 4.28727657035389e-003 -2.19371517505299e-003 6.00522683818942e-005 2.11510317583591e-006 -6.86337233604963e-008 -7.78731115497100e-009 1.39985962871012e-008 -7.75194527471289e-011 
-6.59670108376201e+005 7.69724255258127e+003 1.35515772768914e+001 4.78069113544912e-002 8.88960893004117e-004 -3.53263151256680e-005 6.19145113106857e-006 1.85012130261116e-007 2.68090473790248e-008 -8.69195027514793e-009 2.80859147355822e-011 
-3.08903194968189e+005 3.12924186106646e+003 6.10942666067109e+000 1.66912110870312e-002 6.22716146851355e-004 -2.02229900295956e-005 3.14059280944253e-006 1.04670106422747e-007 1.51668179777345e-008 -3.90491751670455e-009 1.29014158697254e-011 
-8.35550420118756e-005 1.29037373893536e-006 8.88358709250644e-007 4.30913620716311e-009 -9.83949040659665e-008 -4.99908192551194e-009 5.32112320240532e-009 5.84816741919926e-010 -2.04064875676016e-010 -3.86179781083378e-011 
-3.33753082376480e-006 -3.79815894847427e-007 -3.05973278448191e-009 1.39103069990699e-007 6.31458639889409e-009 -9.90904305667054e-009 -8.03634167616395e-010 4.30528645547904e-010 5.55238386564637e-011 -1.40034968290368e-011 
-8.07281669294078e-005 1.21595887966713e-008 -5.71698599489675e-007 1.89604689486318e-007 2.05391178538643e-008 -1.04582964091930e-008 1.11003952906949e-009 1.10255835627922e-010 -8.31054747583109e-011 1.54416846344565e-011 
-2.72492705764246e-006 7.37908515895502e-007 -2.01293617778473e-007 -5.82322135157188e-008 2.13924851373265e-008 -2.52617058123727e-010 -7.80208119344292e-010 2.10747253181816e-010 2.26282002940062e-012 -1.11449137410732e-011 
-7.98552107137821e-005 1.67650438836843e-006 3.29146300291780e-007 -1.45264547147141e-007 -2.69352674463628e-008 3.55818110293083e-009 9.93379406999724e-010 3.10382456604945e-011 -3.36296127674459e-011 -1.19411709430155e-012 
-2.30158669004180e-006 1.02402704338111e-007 2.35238203855657e-007 4.72980422899512e-008 -1.21088342303270e-008 -2.10724259422436e-009 9.63326444084187e-011 3.13859735694321e-011 4.27018067044171e-012 1.24032302078880e-012 
-7.83606212870260e-005 -6.17908183602126e-007 -3.68931612526505e-008 2.66486274778148e-007 1.69613561899082e-008 -1.35235236839181e-008 -1.36872525407145e-009 2.77531848508909e-010 3.98897724843224e-011 -1.96222135166145e-012 
-1.13759208233387e-006 5.22863833958749e-007 -3.17248305598598e-007 -2.15330773877310e-008 2.87914847189062e-008 2.57448481647243e-009 -9.03590890847918e-010 -1.20599214202814e-010 8.70402752547161e-012 2.15501080034748e-012 
-6.61568162912137e-002 -7.74017853428473e-004 -3.64757891172526e-004 1.64075900475395e-006 7.56491766021464e-006 1.54116274705661e-006 -5.23422516608844e-008 -6.42603091081341e-008 -2.76480230424255e-009 1.80332374032800e-009 
4.09773657831026e-001 -7.07653684037035e-004 4.99106415004433e-005 2.41989582194687e-005 1.91166480241943e-006 -3.15901815266058e-007 -1.37665386572088e-007 -1.25604248992031e-009 4.44894963186752e-009 3.35834663092260e-010 
5.83801928657217e+003 9.20559206493677e-001 3.30843957512032e-004 1.32731067141987e-006 -6.79146219869719e-006 -1.46541272793291e-006 4.13383572458120e-008 5.97171703299555e-008 2.80894711255435e-009 -1.65704386977741e-009 
-6.88683083217113e-002 -1.28932176189479e-003 3.62840173525094e-004 5.88040406197818e-005 -1.11282525155627e-005 -8.88467515053337e-007 2.24600077885555e-007 -5.70743933157977e-009 -2.30144964201412e-009 5.54597925493489e-010 
4.09426235973883e-001 4.41778580015248e-004 1.33472129308581e-004 -2.75902526854382e-005 -3.32135353218282e-006 6.56324361380885e-007 2.16876415458807e-008 -1.05196472359844e-008 1.06987115539824e-009 2.07636171784253e-012 
5.83986152742319e+003 9.21102553289327e-001 -3.18722578518168e-004 -5.46940271380599e-005 1.00052421127155e-005 8.40940746280722e-007 -2.08203809111873e-007 4.93475133282245e-009 2.23321324751000e-009 -5.17748729950196e-010 
-6.84151682806820e-002 1.50565177316137e-003 1.09533429175540e-004 -6.24223236559274e-005 2.13957103323881e-006 9.78710143441664e-007 -9.63479131592981e-008 -1.39504197777559e-008 6.07613152123214e-010 2.13702676794018e-010 
4.10281201522978e-001 1.65198092796506e-004 -1.50251909333467e-004 -1.96999245026661e-006 3.32787627691473e-006 -2.44119775722562e-007 -4.65148715228720e-008 4.05666633591772e-009 7.11436821883791e-010 7.95799507559428e-012 
5.84170101302389e+003 9.18584491768994e-001 -1.04884817316460e-004 5.54961506568900e-005 -1.90312334219366e-006 -8.80648765215506e-007 8.88125572441626e-008 1.26059809279266e-008 -5.72048784455149e-010 -1.92882511773779e-010 
-6.61696138700819e-002 4.10363884099337e-004 -2.98224127379554e-004 -1.93899446520621e-005 -5.42782067012956e-007 2.29185088441852e-007 1.96491295514909e-007 5.69603373958429e-009 -3.73496542076744e-009 -2.45926421226739e-010 
4.09665525091606e-001 -6.88139926296180e-004 -4.50813172464932e-005 1.20737101593847e-005 1.03753761858970e-006 3.39668168132740e-007 2.11943612670354e-010 -1.23787770418047e-008 -5.83348776127252e-010 1.35636678306231e-010 
5.84353880794422e+003 9.19506899383514e-001 2.62445629311059e-004 1.87858832664119e-005 6.95855482133698e-007 -2.15936509217687e-007 -1.80967088367988e-007 -5.29389540738555e-009 3.39024666540861e-009 2.24935962303742e-010 
