-5.63462874626700e+006 1.33152274042852e+007 7.25615621424665e+004 -2.59922252749480e+004 -1.56981323844071e+002 -1.35647464768566e+001 -1.15729426779109e-001 2.43507270830254e-003 1.17919927772338e-004 2.29450724609951e-005 4.83985726687790e-007 3.95191655440707e-008 6.90632897164085e-010 3.33110466607202e-011 
-6.10934796487509e+007 -7.69602800545065e+004 7.19509969028203e+005 2.53303964464018e+003 -2.68323862302514e+002 -2.63753998017193e+000 -5.80166018207592e-001 -6.83979583097495e-003 -6.16595232244296e-004 -6.18394187899410e-006 -2.11254856120697e-007 4.86708244031267e-009 7.50860844634098e-010 2.75012863370214e-011 
-3.19697933238873e+007 -1.42213932391811e+006 3.76813348238020e+005 4.04849631016486e+003 -1.27050921386534e+002 -2.21251280467419e-003 -2.97904557291958e-001 -3.90612220577478e-003 -3.41593499318230e-004 -5.68269327734033e-006 -1.63035231435584e-007 -1.49834141140193e-009 3.29468205193920e-010 1.12340214141570e-011 
2.05443761974074e+007 1.25839816218190e+007 -2.63749707011436e+005 -3.07824978738639e+004 -4.44287116787509e+002 -1.41022366646310e+001 1.79727132913109e-001 2.73893057869193e-002 1.84284423347538e-003 9.23148806438615e-005 3.42990251706839e-006 9.39398273796876e-008 -4.67875340558988e-012 -1.91972662954643e-010 
-5.54526217925312e+007 5.71830043611313e+006 7.19674911144482e+005 -3.04693357004184e+003 -4.88355197965887e+002 -2.13263667835977e+001 -1.08596218336897e+000 -3.03399330894700e-002 -7.71144504686940e-004 1.11734580188837e-005 2.06468683447701e-006 1.51452092473929e-007 7.76859768287625e-009 3.11706138814183e-010 
-3.16718798483632e+007 1.74932562224931e+006 4.11777362732388e+005 1.56460916893314e+003 -2.14790664410761e+002 -9.92943976866977e+000 -5.98723746990029e-001 -1.90469119203880e-002 -6.03025227944556e-004 -3.60464906690833e-006 7.47204562828727e-007 7.11591512673014e-008 4.15021875441780e-009 1.86411096264875e-010 
4.23353095801829e+007 8.85761579305153e+006 -6.83231266611689e+005 -3.94824549290916e+004 -5.69617509985826e+002 1.02556802910426e+001 2.49494630341362e+000 1.70944469849160e-001 7.99803025709884e-003 2.11603380544055e-004 -4.88916691089073e-006 -1.09104724660741e-006 -8.47774268913938e-008 -4.32899904460678e-009 
-3.84963034484560e+007 1.11534035950325e+007 6.16685485446792e+005 -1.60139909729352e+004 -1.25358410004376e+003 -5.89467887578862e+001 -1.98718593819563e+000 -1.02539133449677e-002 4.22604861046677e-003 4.04711250704296e-004 2.33592589829074e-005 8.77005375299889e-007 6.49811954434198e-009 -2.21975639384184e-009 
-2.48745789048933e+007 5.03900363766886e+006 4.00264467534346e+005 -4.45978142853396e+003 -6.10554319024946e+002 -3.25509934406833e+001 -1.32021896004038e+000 -2.32044261536950e-002 1.42801455847567e-003 1.94240169421855e-004 1.29847719662386e-005 5.81610603769224e-007 1.22625904473385e-008 -7.36800455009221e-010 
5.30048771448356e+007 1.38878257425548e+006 -1.18858323552694e+006 -4.15076072714995e+004 7.83669447626984e+002 1.58015952693683e+002 1.06926564313145e+001 3.10885791676863e-001 -1.63048145527353e-002 -2.86081888134334e-003 -1.93293844247964e-004 -4.83777075906017e-006 4.77138774885603e-007 7.05128684037833e-008 
-1.21740493862283e+007 1.48722686375639e+007 2.57798673063711e+005 -4.76682694832300e+004 -2.76808615180508e+003 -7.34273117196143e+001 3.39991531891432e+000 5.79100870759110e-001 3.76467916000327e-002 9.25306566736030e-004 -8.56207984766152e-005 -1.25306190198627e-005 -7.90551225667671e-007 -1.47874040109216e-008 
-1.19210131448624e+007 7.80002080339966e+006 2.60964284036485e+005 -2.11584655154731e+004 -1.55988959855877e+003 -5.56089129224315e+001 7.07285292533900e-001 2.77097772934412e-001 2.18005237956274e-002 7.90938650136736e-004 -2.56910926842136e-005 -6.19176954197424e-006 -4.71766663356557e-007 -1.52112088149685e-008 
3.67536093648967e+007 -2.26958570773706e+007 -4.61245424490680e+005 4.76413970895504e+004 5.38328850063681e+002 -3.01808582656035e+001 -3.21511382613299e-001 9.26531077240561e-003 1.62653034526412e-004 -1.56156419720050e-006 
9.18224192220976e+007 6.84174659699796e+006 -1.17436430398228e+006 -1.52107166033801e+004 1.23549021968370e+003 1.18563075579106e+001 -5.28115001787398e-001 -6.41167955510283e-003 1.23629329330886e-004 3.25913674586094e-006 
3.90135754901736e+007 4.51438744191658e+006 -4.99155874270506e+005 -9.85830565445158e+003 5.21776506269825e+002 7.24415789514609e+000 -2.17250601995177e-001 -3.47096316656293e-003 4.53262708800337e-005 1.56511923416624e-006 
-1.04460019385454e+007 -2.40007287685770e+007 1.41118092342870e+005 5.11043854374700e+004 -1.18694994468169e+002 -3.42688762634835e+001 -1.85565020912967e-003 1.29891332189800e-002 5.35360320664310e-005 -4.28980107617704e-006 
9.57791042779702e+007 -2.93394721809172e+006 -1.23283594188617e+006 5.71380711383870e+003 1.33407462102000e+003 -2.42399795728026e+000 -6.36063706512851e-001 -8.05742360996729e-004 2.15865568208180e-004 1.44814843579309e-006 
4.37806766945314e+007 1.98885763353039e+005 -5.63583278600382e+005 -6.63552606693821e+002 6.07709933817294e+002 1.07819502509440e+000 -2.86046016008608e-001 -1.18449709628912e-003 9.37326928650276e-005 9.23149232516358e-007 
-1.17686552399196e+008 -1.25310645139263e+007 5.83622273225313e+005 9.85180129399661e+003 -2.59929054022964e+002 -2.25024872341910e+000 5.92149374698171e-002 2.28889043171572e-004 1.00278834096448e-004 2.28881773091543e-006 -4.87669014483810e-006 -4.18784118739725e-007 1.24066929718119e-007 
7.97363844724354e+007 -1.52230427772910e+007 -3.95439149638878e+005 1.28050528609378e+004 1.54028747581302e+002 -3.80263424711628e+000 -2.09346440227006e-002 1.11617713489131e-003 -5.05482823777289e-005 -1.70696260499795e-005 1.45127478981470e-006 6.92255120563589e-007 9.64982471432067e-009 
3.45581251929230e+007 -6.60000867291190e+006 -1.71438730691726e+005 5.55152784203236e+003 6.67788526120871e+001 -1.64856949135701e+000 -9.23418464683875e-003 4.78215653086352e-004 -1.05674094947408e-005 -6.68832941954198e-006 1.07815201810802e-007 2.41646697795473e-007 1.84972640829819e-008 
-1.37757169075693e+008 -7.46280163950570e+006 6.75664992570651e+005 5.41323607773130e+003 -2.90112142788860e+002 -7.74181502138572e-001 5.92192516887459e-002 -3.31023855365672e-005 3.78224615228162e-005 -1.68799986668033e-006 -6.04777497565044e-008 -2.15704689699798e-007 -6.02228166967297e-008 
4.66390519627556e+007 -1.77359380096039e+007 -2.29569889054600e+005 1.46409572631310e+004 7.46199218384378e+001 -4.05878522898505e+000 7.03163010018354e-004 8.26425481800210e-004 -3.11209764738231e-005 -1.43697097859053e-006 -2.27313136803588e-007 -8.39069625613791e-008 4.42138285649890e-008 
2.02086869009720e+007 -7.68944835610581e+006 -9.95274615853566e+004 6.34746802926237e+003 3.23514247128815e+001 -1.75995321947289e+000 2.18888216014574e-004 3.80173720020379e-004 -9.32432542395104e-006 -1.16278566719903e-006 -1.49387998438827e-007 -5.26828506801160e-008 1.54809750442979e-008 
4.76868190188739e+007 -3.14096242226699e+007 -2.46316967191394e+005 2.88034759274137e+004 -1.81062178580876e+002 -5.57389155923667e+000 2.06715474829586e-001 -3.27023418705781e-003 -2.86667264555749e-006 2.46774994033687e-006 -5.25046393738632e-007 
2.04076275413926e+008 8.55780524089761e+006 -1.06258976023570e+006 -3.37954303800003e+002 4.59140766369105e+002 -7.30766343940045e+000 2.03097402185110e-002 3.25770419343670e-003 -8.94177883309079e-005 -1.82877969274942e-006 -2.78523412049905e-008 
9.23274736464809e+007 4.77348517489090e+006 -4.80725602561109e+005 -9.33335741828319e+002 2.15487811477224e+002 -3.20164597201704e+000 3.74557501477376e-003 1.59265414380871e-003 -4.16583622230437e-005 -1.11446025896788e-006 3.01486926208636e-008 
-7.73721497563662e+008 -5.50885155756416e+006 9.23789820266884e+004 8.30607067722524e+001 -8.44074556188258e-001 2.93518746367801e-004 4.81869567923381e-007 1.18935246825940e-008 
2.10734921786670e+008 -1.51390153406796e+007 -2.51722986019821e+004 3.08542371343311e+002 8.69152030539025e-002 -1.26650701276334e-003 2.22196117501575e-006 -4.79711087286744e-009 
1.09164731841096e+008 -6.35500607027128e+006 -1.30388094261554e+004 1.30229434898030e+002 5.78062017461402e-002 -5.49856435520136e-004 9.18322452564688e-007 -2.38046783636501e-009 
-2.71535498785030e+008 -1.37932455058834e+007 6.96842424941894e+003 5.89220697819014e+001 -2.10602934690812e-002 -1.09711488156050e-004 1.25954612039062e-007 
1.21916701431934e+009 -2.72714692543368e+006 -3.13481926862095e+004 1.29411755441402e+001 7.72778199358908e-002 -3.03457907865548e-005 -2.50018655750379e-007 
5.15252758373226e+008 -5.32628677859781e+005 -1.32482643485947e+004 2.80945040740612e+000 3.28324761924985e-002 -7.92376375071604e-006 -1.04211339076035e-007 
2.66509201428904e+009 4.24534468374634e+006 -6.27350132605297e+003 -1.51799015046800e+000 1.13333710697585e-003 8.18808902554122e-008 
-1.24499439318589e+009 7.28471151776397e+006 2.92991327188871e+003 -2.92343989797306e+000 -4.03623502288564e-004 1.98887539213727e-007 
-5.82970779490197e+008 3.13047859160161e+006 1.37197818263748e+003 -1.25901350949883e+000 -1.92755617400356e-004 8.84074179970168e-008 
3.06487812298852e+009 5.45193202193976e+006 -2.13574994611049e+003 -6.47822098203682e-001 1.17836074404217e-004 1.63814498675758e-008 
-3.02142616902797e+009 4.82791159219894e+006 2.10597074263275e+003 -5.45744475454746e-001 -1.31544661868373e-004 9.79795502435309e-009 
-1.31299006572657e+009 1.84035843907196e+006 9.15153202387726e+002 -2.07223485908551e-001 -5.67996912234908e-005 3.77193744322473e-009 
-7.77268376705414e+008 7.54917133642339e+006 5.06489333790965e+002 -8.73392544135433e-001 8.84367053221499e-005 7.91506851951987e-008 
-4.39107122790739e+009 -1.62795339541536e+006 2.86051989249538e+003 -1.23832523311114e-001 -2.42425875618634e-004 8.50168817056266e-008 
-1.13612953914335e+009 -2.78256991174670e+006 7.40090240178577e+002 2.24436144422061e-001 -1.03535635786858e-004 1.63713566340144e-009 
-3.01263884828299e+005 -9.22084729653787e+004 1.58940400452183e+004 9.48649176446544e+002 -5.70671026079681e+001 -3.82691581124610e+000 3.53032808569669e-002 1.19846490982969e-002 5.97892881908722e-005 -4.50661746487332e-005 -1.47247816181532e-007 2.31633224171524e-007 4.25484773894241e-009 
1.80889270055392e+005 -1.31166896214971e+005 -9.38905923953369e+003 1.05422098926164e+003 5.50524244741642e+001 -1.87539314990643e+000 -1.90104454315678e-001 -1.15876690880703e-004 6.27666992281003e-004 4.64498726044543e-007 -2.83291168590970e-006 -1.96953584320402e-008 1.50094594821977e-008 
1.12944798838501e+005 -6.02395361156443e+004 -5.91558855057289e+003 4.70120511564198e+002 3.22366827927540e+001 -6.85274027324379e-001 -9.97648983113221e-002 -9.15668033372102e-004 3.16072436301299e-004 3.46747577473516e-006 -1.43429813072153e-006 -2.65592576533274e-008 7.35399824061956e-009 
-3.36762064159057e+005 5.99633785565192e+004 1.97080381790373e+004 -4.28716375588466e+002 -1.01912804827323e+002 1.53186044701510e-001 2.40759610167666e-001 1.72131335773872e-003 -1.45999970376099e-004 2.72901027624873e-005 -1.17008170840024e-006 -2.92882636308028e-007 2.71820153002398e-009 
-1.08736229367853e+005 -1.45023201029960e+005 6.58818797647473e+003 1.42052864809716e+003 -1.88773227861880e+001 -4.79576677749914e+000 -1.87026210638470e-002 7.61327589299727e-003 -8.61169511858961e-005 8.98941240199236e-006 2.91032919405872e-006 -7.24239219505983e-008 -1.88091320130842e-008 
-3.20040739550084e+004 -7.80826748904608e+004 1.96853282395532e+003 7.55949882510877e+002 -2.37227232116255e+000 -2.46479140404373e+000 -2.68560076906837e-002 3.77619615667754e-003 -3.25579574376926e-005 2.65704678998092e-006 1.56628088696692e-006 -1.62640874515895e-008 -9.79893929331202e-009 
-9.35530333113573e+004 1.71663837419149e+005 5.93121099761100e+003 -1.70942502662922e+003 -3.87505559487582e+001 6.11538102596902e+000 2.10322487001876e-001 -1.04578578181228e-002 -1.24366251395853e-003 -4.43056570196056e-005 5.76881021116661e-006 6.24737763526875e-007 -9.42471929785538e-009 
-3.00403539633257e+005 -3.63481854724897e+004 1.87815133364430e+004 4.02441682999117e+002 -1.00663498080031e+002 -2.29673387024877e+000 2.65449687985336e-001 1.42040871809511e-002 -7.58385340411272e-005 -8.09432495268606e-005 -5.38791714666758e-006 2.90792736653723e-007 4.73877398785325e-008 
-1.46651896084694e+005 -3.04844452402020e+004 9.17392449248635e+003 3.26593692675264e+002 -4.87298349754581e+001 -1.61049807630691e+000 1.21001618538592e-001 8.01414259474947e-003 4.81351450576984e-005 -3.83063537238633e-005 -3.15826978597384e-006 1.04843152812511e-007 2.48909869620127e-008 
2.31580202085885e+005 1.36778285846490e+005 -1.38400545897822e+004 -1.25341888689943e+003 8.92922459776102e+001 4.01981417792810e+000 -4.14640682112525e-001 -1.30799121780825e-002 2.16751821828519e-003 7.52264471624972e-005 -1.35202309303866e-005 -4.87943548363599e-007 9.36923679930141e-008 
-2.27451948235177e+005 1.05109360300431e+005 1.38220983430425e+004 -1.13935080256444e+003 -6.52209438923405e+001 5.57426059578339e+000 1.78152605685785e-001 -2.65471321869231e-002 -7.85578221535770e-004 1.51996042765706e-004 5.03554961138903e-006 -1.01158464970758e-006 -3.21187136283038e-008 
-1.31946549024406e+005 4.42255495085696e+004 8.03384766722745e+003 -4.94344454339600e+002 -3.96946143752904e+001 2.56593360755858e+000 1.20476205357822e-001 -1.26556520474629e-002 -5.54220555252656e-004 7.24540945381970e-005 3.52376639452131e-006 -4.83036242365347e-007 -2.29952453537960e-008 
3.65710603031046e+005 -7.26686560032934e+003 -1.94109365048107e+004 2.90686042156605e+002 7.87078902726080e+001 -3.41215673214733e+000 -4.47547327396646e-002 1.95291786337404e-002 -8.85642968863410e-004 -5.46684465171061e-005 7.46816838231795e-006 -1.26234348506534e-007 -3.70481131235542e-008 
4.33028447785162e+004 1.51998309980654e+005 -2.35554632843505e+003 -1.30033587246495e+003 3.41835521101702e+001 2.58813543153940e+000 -2.51192252446194e-001 5.76074875198151e-003 1.01408424464759e-003 -8.01090293917099e-005 -9.21425237420904e-007 4.98844194031314e-007 -2.34404408739306e-008 
-2.80285136545963e+003 7.82602810282231e+004 1.48121995468928e+002 -6.86290036332464e+002 1.18953670087369e+001 1.56658245003266e+000 -1.25110825622927e-001 1.57035770735448e-003 5.80748405963698e-004 -3.71154208291676e-005 -9.95820369973558e-007 2.63893758258410e-007 -9.38535212468908e-009 
2.18794963652846e+005 -1.32099940537679e+005 -1.04564837237029e+004 1.06669251346612e+003 2.54946931263957e+001 -1.44039650958808e+000 8.80402366762148e-002 -5.79651887380887e-003 -3.13592727874165e-004 2.19432293801359e-005 -1.14883344665970e-006 2.73397822922271e-008 6.69998028543076e-009 
2.87119565999071e+005 8.22718440994109e+004 -1.37907037607436e+004 -5.77003360922389e+002 4.76582576608562e+001 -1.06336436163439e-001 2.03392039345211e-002 6.28081223203658e-003 -4.05424050783895e-004 -3.62514881919064e-007 4.64118945518062e-007 -1.03058583179629e-007 4.67599411919564e-009 
1.32114607556772e+005 5.12337162536538e+004 -6.34191131080850e+003 -3.71042627768508e+002 2.26311977977056e+001 5.37622710498610e-002 4.31629476258247e-003 3.61470023764988e-003 -1.85546882008577e-004 -1.75640676008437e-006 3.16837968676997e-007 -5.45957061224787e-008 1.92347359023269e-009 
-8.48024014158594e+004 -1.59390908308070e+005 4.02850483425510e+003 1.29053490855622e+003 1.14212181895934e+000 -1.87111467983304e+000 -1.28787500951966e-001 -6.56248949080925e-003 3.57469487527879e-004 3.57896340289591e-005 1.38862787286840e-006 -4.68728493637920e-008 -1.17714016045721e-008 
3.28681034396734e+005 -4.25866408520456e+004 -1.60240806459017e+004 2.28348454589413e+002 5.70223688239269e+001 1.00298560887008e+000 8.30293036554818e-003 -7.78024970275889e-003 -5.00992819321736e-004 2.47819158456409e-006 1.56307432490807e-006 1.41686533001940e-007 1.59008892729142e-009 
1.74243094240680e+005 -1.09177480659509e+004 -8.50436515204668e+003 2.70547115828883e+001 2.92740441797619e+001 6.50147607051766e-001 1.29676258965623e-002 -3.54924899822423e-003 -2.82416849996594e-004 -1.20624169201250e-006 7.09425103734446e-007 7.60895800033492e-008 1.63027080923672e-009 
-3.24757185553412e+005 -6.89985982495479e+004 1.77678113689531e+004 8.19115713033793e+002 -6.98674028721363e+001 -4.60531341007246e+000 4.06776719475861e-002 2.16014881205463e-002 6.50367269361772e-004 -8.80354867353309e-005 -6.34042720766597e-006 2.67282965819302e-007 4.74324366285344e-008 
1.35699980727611e+005 -1.43191134232569e+005 -7.37871472193260e+003 1.21270372750733e+003 5.47982750338349e+001 -2.47168515197822e+000 -2.84044084814348e-001 -3.09562981666014e-003 1.27319184298925e-003 5.77054890957287e-005 -4.77920794299709e-006 -4.93614005422336e-007 1.00788097585967e-008 
9.15996523354122e+004 -6.88282528744832e+004 -5.01699984338794e+003 5.66829203448941e+002 3.30850319480772e+001 -9.53345001997063e-001 -1.49135024118444e-001 -3.08397022295474e-003 6.10154269307214e-004 3.57689183886767e-005 -2.02098826168721e-006 -2.72374504647258e-007 1.91324470505304e-009 
5.38029009060081e+005 4.55251053204652e+003 -2.29375280779124e+001 -1.22953064561296e-001 3.21340052390115e-004 1.57495549877659e-004 9.57773739949736e-007 -2.28923455593336e-007 -3.16348219394681e-008 7.14680998779937e-009 -2.75170521848497e-010 
-3.47577720278570e+005 7.32775851913066e+003 1.20954300753287e+001 -3.88418880953408e-002 -2.59030215898046e-003 4.03036705247244e-005 9.51409675934975e-006 3.94145056362908e-007 3.14429428407923e-008 -3.10028850293104e-009 -8.38546818513575e-011 
-1.61656376951406e+005 2.98611956683910e+003 5.64477684918084e+000 -1.21461743490192e-002 -1.08053641636828e-003 1.01671072833334e-005 4.88097269462287e-006 2.32029880061421e-007 1.99989408136278e-008 -1.16456606417351e-009 -2.30661634805312e-011 
5.46946065547506e+005 4.36341533566420e+003 -2.42907989602602e+001 -9.83567065607149e-002 1.61972886245314e-003 -2.59601021980407e-004 -6.45617632139335e-005 -6.48809283660669e-006 -2.78003637725291e-007 5.43748603751708e-008 1.18961683226666e-008 
-3.32827306369844e+005 7.42212054519289e+003 1.14617198796288e+001 -5.61591552631335e-002 1.73918766725363e-003 4.28162321507418e-004 1.07095682630574e-005 -3.61969756281824e-006 -7.49842486642539e-007 -8.70059597082229e-008 -4.04597110076414e-009 
-1.55639602372113e+005 3.03047421095312e+003 5.43191937530411e+000 -1.79209405466289e-002 1.16793282965398e-003 2.57516391682394e-004 1.22666046350516e-005 -1.26224389008025e-006 -3.71712495561231e-007 -5.09188888043757e-008 -3.40527815416546e-009 
-5.19629388342171e-005 -1.24304488757743e-006 -2.89966429401562e-007 2.40773396800127e-007 3.78181497841179e-008 -1.02626622844996e-008 -1.91659765320945e-009 1.77764132642236e-010 5.29227306283656e-011 -1.16046695434622e-012 
3.18261090390126e-005 7.31650938805684e-007 -3.22421843730513e-007 -5.92970699888116e-008 2.44408004107205e-008 4.38703246940313e-009 -6.61589069988062e-010 -1.61645776617939e-010 1.21058461733474e-011 3.51473369562172e-012 
-5.16740269108941e-005 1.52611517875547e-006 -3.63432329635453e-007 -3.19800388381855e-007 3.52462507597669e-008 2.00173948029214e-008 -1.56936701234244e-009 -8.05144284769472e-010 2.85063690619256e-011 2.74468484408553e-011 
3.25130309806766e-005 6.89860003865890e-007 3.68831925760395e-007 -5.16961628356280e-008 -3.79938101392032e-008 3.48538514772108e-009 1.79288019962186e-009 -1.11176929742630e-010 -6.14768626608254e-011 1.16767421077617e-012 
-5.25172759141628e-005 -1.36624336149799e-006 5.20865509609260e-007 1.04525824100536e-007 -4.39393061790454e-008 7.69372996286485e-010 9.49512446296094e-010 -2.41344128205779e-010 1.71253156790187e-011 5.79823163483836e-012 
3.36580287806298e-005 -9.41831367817799e-008 -1.90616325809754e-007 8.41778472903804e-008 6.04848715429563e-009 -3.32972670624977e-009 3.75918424624698e-010 3.43677989048677e-012 -2.43391182316182e-011 4.38414125579259e-012 
-5.30364348688597e-005 -2.52647728195346e-007 -6.48944729408156e-007 -9.95568874497814e-008 4.10543476823645e-008 8.49212197644871e-009 -2.37287544636139e-010 -3.34204811394133e-010 -4.50973634419604e-011 5.84625487977550e-012 
3.41845410408638e-005 9.07105578379884e-007 1.08681452376823e-007 -9.07732358466764e-008 -1.46909152197579e-008 2.38263239211431e-009 7.41300962539320e-010 6.13951811519051e-011 -1.67501001505775e-011 -5.56722746940332e-012 
-5.04371730842430e-002 8.85243163920837e-004 1.01386513588108e-005 -3.82636380990343e-005 -5.11798362980429e-006 8.21684121883619e-007 2.08834234212587e-007 -7.55212104250498e-009 -4.21135172597537e-009 -2.39105600660629e-011 
3.90880657451907e-001 -1.26366612812586e-004 -7.55589736724661e-005 -5.49846688371003e-006 2.34395326042698e-006 4.42678223852609e-007 -3.49801320006440e-008 -1.21153086371367e-008 1.24601560626453e-010 1.96264898495470e-010 
2.90909676170549e+003 9.19081211270452e-001 -2.12159465312276e-005 3.54793228183778e-005 4.89745436312161e-006 -7.60189835791979e-007 -1.93109344860455e-007 7.09050035972713e-009 3.87906777651956e-009 1.78139280869198e-011 
-4.97678153655437e-002 -3.73178931702943e-004 -1.49783605958223e-004 4.59087995070281e-005 4.44818581536695e-006 -1.87164789812078e-006 -9.65878702158358e-008 5.21692204697413e-008 2.45731842499185e-009 -1.14564538471152e-009 
3.90325244975567e-001 -2.93692462568637e-004 7.12560939724160e-005 1.08192497900496e-005 -3.76802964755684e-006 -2.51900286559071e-007 1.23520314255143e-007 5.60553036743418e-009 -2.98098937155950e-009 -1.68696974755124e-010 
2.91093588151344e+003 9.20197174587748e-001 1.42102317708659e-004 -4.04151003360793e-005 -4.15864458830581e-006 1.69464641785389e-006 8.79188640089162e-008 -4.76231708780565e-008 -2.20168879459217e-009 1.04856325202619e-009 
-5.04206981626116e-002 -7.30847361171600e-005 9.43429813954774e-005 -1.15954904285026e-005 2.28883596484027e-007 8.16903074038195e-007 -8.30915642266553e-008 -8.15651546163287e-009 2.02211695541875e-009 -2.14322499426280e-010 
3.90208087733870e-001 1.08946338212956e-004 4.94034443730247e-006 -3.99566348679662e-006 1.58246388178358e-006 -1.20510152043050e-007 -4.08958656018859e-008 5.57512024737431e-009 -8.27026321334009e-011 -7.90587921952853e-011 
2.91277626017594e+003 9.19994576976002e-001 -7.88094044232924e-005 9.28849590919812e-006 -3.49642148799393e-007 -7.32189494668877e-007 7.61325207595651e-008 7.32856419893659e-009 -1.82050392938978e-009 1.96750877764860e-010 
-4.98970745953089e-002 6.25147907659160e-004 1.17383413723129e-004 1.53288311612715e-006 -4.58277892382819e-006 -8.44211389033201e-007 5.20151564868055e-008 2.22649966993307e-008 1.51522642480815e-009 -2.13133147204933e-010 
3.90409280922352e-001 7.09720102662542e-005 -2.74799272219914e-005 -9.88343145495740e-006 -1.13026702231722e-006 2.34349484973150e-007 5.86517618498575e-008 3.91476508732787e-010 -9.77746832172556e-010 -1.41905831025267e-010 
2.91461563500131e+003 9.19337917074696e-001 -1.18790778522314e-004 -2.35135200048444e-006 4.41065942301772e-006 7.94013002553481e-007 -4.86255281773329e-008 -2.08041059708318e-008 -1.42142514905742e-009 2.00254312303026e-010 
