6.58202896403732e+006 -1.96221517672976e+007 -2.78085434799230e+005 1.32555155585073e+005 9.90969601383791e+002 -7.56352704501361e+002 -2.07206910913536e+000 5.43555663747247e+000 -1.73684930097992e-002 -4.44708837246069e-002 4.34400813620729e-004 3.91663980038969e-004 -6.52715683009442e-006 -3.63345644296052e-006 
3.98189205684234e+007 2.04255772878724e+006 -1.60831463961545e+006 -9.62360721200490e+003 8.69698724130890e+003 1.14332335442695e+001 -5.58854580223700e+001 2.48922735473313e-001 4.31100763460475e-001 -4.74189882174026e-003 -3.66076209686502e-003 6.58510193106029e-005 3.28741669302031e-005 -8.40000422499839e-007 
2.04683093931797e+007 3.12470679003531e+006 -8.30321076797524e+005 -1.88817130714981e+004 4.54313343545544e+003 8.45123158437463e+001 -2.96387700283558e+001 -4.30489060248455e-001 2.32091164639057e-001 2.07692440243479e-003 -2.00058249697516e-003 -5.42558973877527e-006 1.82377159901314e-005 -7.20178639464241e-008 
-3.03035684868291e+007 -1.61787818782446e+007 1.00818490434487e+006 6.20077625641559e+004 -6.74122524716907e+003 9.64063608947589e+001 2.94293674320501e+001 -2.53817191176467e+000 -1.30345002898337e-002 1.80536161863381e-002 -1.20901470626066e-003 -4.33229824117079e-005 1.22835207845318e-005 -5.93552807911607e-007 
3.21132674013758e+007 -9.27928809362749e+006 -1.06170217993438e+006 8.02530099481024e+004 1.15231331597172e+003 -4.21212008329830e+002 2.07469767416672e+001 1.10580422596165e+000 -2.08319834737529e-001 7.24835824557047e-003 9.46055975146459e-004 -1.22140888960972e-004 1.93338054765434e-006 7.92909415854508e-007 
2.01746894909664e+007 -3.28026982592704e+006 -6.71661864755778e+005 3.64426796887128e+004 1.31436080822146e+003 -2.35001638954634e+002 8.03218554145453e+000 8.53821672971937e-001 -1.09931745260583e-001 2.00057787900144e-003 6.30703143911314e-004 -6.07561936868883e-005 -2.40464053650665e-007 4.85093430288602e-007 
-5.33452883921731e+007 -6.68119921940125e+006 1.23534306613776e+006 -1.25268619514192e+004 -2.35201286911033e+003 1.96353463806376e+002 -8.14184377819072e+000 -8.49270782343230e-002 4.22472564230940e-002 -3.48847593620807e-003 1.25977952909387e-004 5.13032172044081e-006 -1.12909588731571e-006 8.33903773026915e-008 
8.02788321190807e+006 -1.40605587259008e+007 -1.73450855822344e+005 5.93694447906262e+004 -2.33995276080912e+003 7.29155440355812e+000 7.77037017533173e+000 -6.99872232063624e-001 2.91748819439558e-002 4.92616400646500e-004 -1.83994130505229e-004 1.50485322948727e-005 -5.18976154603962e-007 -2.68176963642108e-008 
9.69608526356786e+006 -6.81891385779086e+006 -2.20712950886251e+005 3.30132117888317e+004 -1.00617044622527e+003 -1.64591658350521e+001 4.99486047324470e+000 -3.65062300163734e-001 1.12055863322216e-002 6.24769994107990e-004 -1.11347069556434e-004 7.50698438289206e-006 -1.60190081213531e-007 -2.29700074636575e-008 
-5.75974417766693e+007 2.19306262261317e+006 9.56309257758807e+005 -2.85526069753930e+004 -1.44594300499074e+002 4.43190228244163e+001 -3.62597250773120e+000 1.75650372641239e-001 -5.26028861479564e-003 -5.64983614928836e-005 2.11173524394891e-005 -1.74844053904387e-006 9.27575196885970e-008 -2.83583473201307e-009 
-1.96410213696873e+007 -1.31835994451668e+007 3.38174510503423e+005 2.83723471553246e+004 -1.40861354668944e+003 5.32034067061083e+001 -9.75141798023839e-001 -5.89194185508221e-002 7.59083392118741e-003 -5.00508119774631e-004 2.15413277133718e-005 -3.83086448164495e-007 -3.50398448215512e-008 4.53689143519825e-009 
-4.64455144260963e+006 -7.27036453790418e+006 8.15180525563290e+004 1.81160713643662e+004 -7.37480767362674e+002 2.38266409270976e+001 -1.45039659138056e-001 -4.96823910013041e-002 4.60024750656133e-003 -2.61510539945263e-004 9.31814734151387e-006 -2.33963645327865e-008 -2.83333193369111e-008 2.71753317842917e-009 
-8.62088046839999e+006 -2.40659298975545e+007 1.09663014733711e+005 5.11870262786782e+004 -8.35597977346842e+001 -3.42596166566244e+001 -2.03635599199595e-002 1.28773187712106e-002 8.03203007498238e-005 -3.99324696893184e-006 
9.74002583952009e+007 -2.43280954947752e+006 -1.23600324431576e+006 4.61753546079300e+003 1.33618805606016e+003 -1.64827185134997e+000 -6.35102300178986e-001 -1.04914270946746e-003 2.20078461971997e-004 -4.88113715898123e-006 
4.43388210560438e+007 4.27742336077739e+005 -5.63079381194663e+005 -1.16121319298231e+003 6.06509430914751e+002 1.42599279995659e+000 -2.84416704821650e-001 -1.29769557616019e-003 9.15391912788870e-005 -9.99858475495554e-007 
-5.39804312943504e+007 -2.08060035566557e+007 6.93529821094122e+005 4.44670810928876e+004 -7.43822375291967e+002 -3.03367508519715e+001 3.43841807459242e-001 1.21872995552822e-002 -1.07671966390801e-004 -4.62932161518598e-006 
8.30735904678597e+007 -1.17436300737907e+007 -1.05608328533220e+006 2.49085246490045e+004 1.15241748898097e+003 -1.64643624035084e+001 -5.67043582456774e-001 5.97333403131788e-003 2.10905675821797e-004 -1.89639801263747e-006 
4.07618828312839e+007 -3.96793915593419e+006 -5.19068369466577e+005 8.39397810425990e+003 5.65597880748996e+002 -5.48871354389988e+000 -2.76893525160772e-001 1.91653108751963e-003 1.01661804924311e-004 -5.49415007251002e-007 
4.64441916466625e+007 -1.98239114826507e+007 -2.30729291931730e+005 1.62057564478755e+004 1.13995152040727e+002 -4.36590277216638e+000 -3.33624784326326e-002 5.35299903048843e-004 -3.00359506013228e-005 1.12108761724978e-005 6.50441237523257e-007 -3.98363671015703e-007 3.37942094612469e-009 
1.28688312893098e+008 5.90565021130414e+006 -6.33330026769740e+005 -5.25541520880973e+003 2.67548394297598e+002 1.85806114113966e+000 -5.40393071479123e-002 -9.06451465943672e-004 4.98822216996067e-005 1.47855622311006e-005 -2.40882466650954e-006 -3.32953384325536e-007 7.87443988479316e-008 
5.57759151600242e+007 2.56041187566611e+006 -2.74546728712477e+005 -2.27825360603543e+003 1.15979557425641e+002 8.06012591542661e-001 -2.35505239614034e-002 -4.18307352788794e-004 3.04778795885540e-005 7.23835166211259e-006 -1.46781369902889e-006 -1.47278397463691e-007 4.72431467217526e-008 
5.58370499664845e+006 -2.08677527615794e+007 -2.83228651911884e+004 1.72938069455286e+004 2.02383325815232e+001 -4.91031992744457e+000 -8.86326105369932e-003 8.89908725014230e-004 -6.51130053262276e-005 -3.81592657324325e-006 3.23921698848925e-006 7.74918916890095e-007 -9.48282327014738e-008 
1.35286194003107e+008 6.61863671170084e+005 -6.69726087280905e+005 -7.52538243411365e+002 2.90723734608241e+002 4.28718554974837e-001 -6.45612680910481e-002 -6.47390900587938e-004 1.60753759953382e-005 2.60703971751711e-005 3.38666406597594e-006 -1.03918781584999e-006 -3.96902285874181e-007 
5.86367347389519e+007 2.87243025309116e+005 -2.90324999425616e+005 -3.26285496310037e+002 1.26029103373006e+002 1.85955714367927e-001 -2.81494007487155e-002 -2.91193476356312e-004 1.76066137916824e-005 1.29320114695192e-005 1.06686661591368e-006 -6.08698556087711e-007 -1.71488081488961e-007 
1.84549422336119e+008 -1.52969686023290e+007 -1.19870839370427e+006 2.34896266060273e+004 5.67284949422285e+002 -1.99452826706772e+001 1.54308986414937e-002 1.26858303227331e-002 -2.49634062320084e-004 -5.52787966355999e-006 2.62987953583452e-007 
9.87956656774354e+007 2.88092752190331e+007 -6.33417708295986e+005 -2.73442755078504e+004 6.48910617089207e+002 6.26160826129259e+000 -4.76970616983131e-001 4.96331966534237e-003 2.42751257863090e-004 -9.00241581988318e-006 1.53203566414096e-007 
4.02960478273843e+007 1.36268242836741e+007 -2.58177839590775e+005 -1.31760968369703e+004 2.82328618511133e+002 3.41036661868799e+000 -2.19200839430770e-001 1.93594237448123e-003 1.18088279341772e-004 -4.09387757918802e-006 9.92474467082768e-008 
-3.39656711510081e+008 1.61363861925099e+007 4.18775365492837e+004 -3.14046498127443e+002 -5.95624687955296e-001 8.75074818590571e-004 3.85625590901826e-006 -1.00332407462169e-007 
-6.68833065361225e+008 -6.11226960593430e+006 8.25742715946360e+004 1.60876946435532e+002 -6.75333628952891e-001 -1.49147491666764e-003 -1.72254588402980e-006 -3.11618268208738e-009 
-2.78419069648836e+008 -3.01263165625737e+006 3.43744863550382e+004 7.66021974259143e+001 -2.74966775712144e-001 -6.60926922974899e-004 -8.47785566158161e-007 1.52454766876571e-008 
2.77561282508175e+008 1.23882535028476e+007 -5.20331544818865e+003 -3.87673741909776e+001 4.72231596627542e-003 1.98701336878593e-005 5.89527269407270e-008 
-1.36193563543730e+009 2.43521905209362e+006 2.53910450400719e+004 -6.63110309926401e+000 -3.28445065990954e-002 2.20816936008587e-006 6.13126118407611e-008 
-5.74502579781386e+008 4.72412786814173e+005 1.07109280484489e+004 -1.07331216085546e+000 -1.37635172483391e-002 1.74130303557237e-007 2.03390654809540e-008 
2.55158586046969e+009 -4.89620515098276e+006 -6.16938351689064e+003 1.68010967309262e+000 1.24764965928864e-003 -9.24826398784893e-008 
1.40906004555279e+009 6.97630657427341e+006 -3.40578152580146e+003 -2.97096589865017e+000 3.99601740240892e-004 2.97764480454627e-007 
5.81042075504248e+008 3.12467645324597e+006 -1.40440321052798e+003 -1.32489884908112e+000 1.57489961409064e-004 1.34059981245584e-007 
4.33329718436132e+009 1.84339777387355e+006 -3.06214637592322e+003 -2.36178914001065e-001 1.74291653937290e-004 1.17911529329326e-008 
-1.00473518660170e+009 6.78905466131656e+006 7.10088016991039e+002 -7.96329575161764e-001 -5.10792542578269e-005 4.06571166916101e-008 
-5.19126219257779e+008 2.73290535633576e+006 3.66882836907994e+002 -3.20081507148186e-001 -2.53343622475627e-005 1.70860460619960e-008 
1.76848114966305e+009 7.20133157369999e+006 -8.77110444420072e+002 -4.60926648246721e-001 1.67348899307440e-004 -5.59369694326383e-009 
-4.32769211376484e+009 1.83725808951534e+006 2.14598667959055e+003 -4.79654162349762e-001 -2.85050800841201e-005 1.96134867978676e-008 
-1.88337790474435e+009 -1.59640394567309e+006 9.33922841520938e+002 -1.07035904269953e-002 -5.78116179979495e-005 7.61559768600400e-009 
-2.17167791194879e+005 -1.40113615580852e+005 1.37926977757080e+004 1.37951748652084e+003 -8.45252034384927e+001 -4.56955311449764e+000 3.80822116741432e-001 2.57135495324975e-003 -1.82644950895468e-003 9.72088793971253e-005 6.90977940392297e-006 -1.01096003481839e-006 5.12981118394158e-010 
2.44363218497366e+005 -1.07110266566287e+005 -1.53767808109067e+004 1.13376906640748e+003 7.97371146791465e+001 -5.38145439201656e+000 -1.61390104059807e-001 2.47993314146006e-002 -6.01642008745285e-004 -1.09247000399726e-004 1.02696377562741e-005 2.45032573017090e-007 -8.01055689162699e-008 
1.12490153605178e+005 -2.92776841442202e+004 -7.07751545173606e+003 3.16903946206844e+002 3.77697498375131e+001 -1.67022189605137e+000 -9.42209072975942e-002 9.28064837759672e-003 -7.57898418482937e-005 -5.01430840238185e-005 3.35231049467009e-006 1.79865676760938e-007 -3.07659715548127e-008 
-3.53526281790426e+005 9.53433926838340e+003 2.07067185155705e+004 -2.55929841917631e+002 -9.78350722215150e+001 2.26657550720364e+000 1.62906321940742e-001 -6.58232969971832e-003 2.35544217677904e-004 -2.68992496136256e-005 -1.65455836958923e-006 3.11085973707396e-007 -3.55012270228516e-009 
-4.01600448729024e+004 -1.62629971156774e+005 2.15183700564834e+003 1.51432659354300e+003 -2.76579148223210e+001 -4.24034193314498e+000 1.41566453425373e-001 2.06018246184599e-003 -4.49908500379960e-005 2.53394672589469e-005 -3.43707992139547e-006 -2.95703818724975e-008 1.88324323162474e-008 
1.46616643364200e+004 -6.33760761372271e+004 -9.46807065042694e+002 6.02716590547504e+002 -2.19997068183890e+000 -1.81680188786720e+000 4.01647665171765e-002 1.34362304661063e-003 -3.65653609093185e-005 1.20283892420467e-005 -1.17897504032869e-006 -3.79073828822275e-008 7.52317583458372e-009 
-1.94349813245356e+005 1.40827720368486e+005 1.02675551206537e+004 -1.30506295165621e+003 -2.76287948331539e+001 3.99576909704899e+000 -3.42008518560490e-002 -8.42416325223305e-003 9.89771688570143e-005 3.11175137243433e-005 2.92878427580048e-007 -1.84308579020388e-007 9.59341568282543e-010 
-2.99405390828099e+005 -8.53994689590852e+004 1.55211179201961e+004 5.97161884124983e+002 -7.40727560244527e+001 -2.59846532607127e-001 1.69075097981521e-001 -3.00539272048637e-003 -4.24186869227476e-004 -1.85170483393465e-007 2.25742871885898e-006 3.55959165822231e-009 -1.23839244730945e-008 
-9.87525410368407e+004 -4.49780033897329e+004 5.07911074432981e+003 3.41568752138258e+002 -2.59929955271592e+001 -4.43204899033977e-001 6.76238868977977e-002 -4.24033361135016e-004 -1.71194128996797e-004 -2.76994697865260e-006 8.41665230235293e-007 1.72463564104747e-008 -4.83551702837973e-009 
1.18167166586099e+005 1.58263119813475e+005 -5.73086619684159e+003 -1.21468028461186e+003 3.04888938972852e+001 1.51357945521548e+000 -1.08357989677368e-001 4.40314283287391e-003 3.38605272033681e-004 -1.97237045576144e-005 -3.62908296823348e-007 8.63539523415327e-008 -3.05282883988975e-009 
-3.37067422345200e+005 4.80847855445779e+004 1.59845814204668e+004 -4.60226748120565e+002 -5.16020329008207e+001 1.73480742076582e+000 -1.64689789715730e-002 -5.79054829882520e-003 3.16448938272982e-004 1.31539844592710e-005 -1.17942279176159e-006 1.63809506262978e-008 5.31708577847297e-009 
-1.40207629448116e+005 4.81662737950679e+003 6.63968403600106e+003 -7.12681939863797e+001 -2.24027574926913e+001 5.32328741957407e-001 2.89490483318249e-003 -2.60021297548640e-003 9.21315351275292e-005 6.74981319392498e-006 -4.20872482824280e-007 -1.14378955147284e-009 2.30483355116029e-009 
3.49643892058413e+005 6.40554398746353e+004 -1.66896186415050e+004 -5.70404079528790e+002 4.83186892344090e+001 9.77362038350102e-001 6.48656755893944e-002 4.79425750779501e-003 -2.84132470573099e-004 -1.97634602834832e-005 -8.83499541530870e-007 -6.23621324871751e-008 2.07252942105778e-009 
-1.38877428980330e+005 1.42153471722746e+005 6.48935459917153e+003 -1.06127075939286e+003 -2.71462907909036e+001 7.33040287214143e-001 -1.06654496842453e-002 6.31742851681266e-003 3.72689644013537e-004 -1.11184782956381e-006 -2.31907431160359e-007 -6.69476016455232e-008 -6.44407376340490e-009 
-8.39739785882543e+004 4.91616799527460e+004 3.94840966582750e+003 -3.57637274525626e+002 -1.46416324877646e+001 1.91404928318022e-001 -9.77545382927561e-003 2.01543349969927e-003 1.68074982654922e-004 1.32301123136661e-006 -1.11284492864856e-008 -2.03378023856813e-008 -2.66052144266550e-009 
3.33236358658338e+005 -8.15497697477304e+004 -1.79208572405113e+004 4.59496813080625e+002 8.51437045798349e+001 2.17593135336516e+000 -8.80332333713824e-002 -2.17719467984346e-002 -1.22461406345792e-003 3.00252111816911e-005 9.21331210666678e-006 6.01075807973923e-007 -8.62596442940786e-009 
1.52717379067411e+005 1.37156039764047e+005 -8.19612120813754e+003 -1.31073660437518e+003 5.11241074737868e+000 3.60774404659347e+000 2.56411382582911e-001 5.37550151554124e-003 -1.15891779630091e-003 -1.14755558824845e-004 -2.66048053132415e-006 4.76126964450088e-007 5.78943845027890e-008 
2.97594837069484e+004 5.99477739146200e+004 -1.58507435430548e+003 -5.44016243318811e+002 -5.54370750470874e+000 1.19429278848844e+000 1.06535328000418e-001 3.98536034655965e-003 -3.38300842910654e-004 -4.68044929462147e-005 -1.83481317119485e-006 1.30381584038426e-007 2.30410931582684e-008 
6.15489189709912e+004 -1.78354567948073e+005 -3.83742192930086e+003 1.81150588800384e+003 5.07655856335105e+001 -7.63943233280893e+000 -5.02623320268495e-001 2.88195634058381e-002 4.41114694179297e-003 -7.71300221879389e-005 -3.68148534398779e-005 -5.51886617973709e-007 2.90192194041300e-007 
3.17498876507138e+005 1.75109185620615e+004 -2.01075787900185e+004 -3.84091270954590e+002 1.16090783712585e+002 4.61237117404204e+000 -4.52138927429360e-001 -4.36624648871811e-002 1.69861968079551e-003 3.77419749744148e-004 -1.48884267780153e-006 -3.11163538997865e-006 -8.84198718419335e-008 
1.17022160990600e+005 2.23914554680966e+004 -7.40133761309075e+003 -3.06952363161990e+002 4.01650443643261e+001 2.44737095594236e+000 -1.29659182710482e-001 -1.93390258780523e-002 2.65579725420769e-004 1.52030961898857e-004 2.66507469785146e-006 -1.14899510884312e-006 -5.95509366100354e-008 
-2.56302465919280e+005 -1.22005466627636e+005 1.68125183418769e+004 1.19498231785821e+003 -1.13815548786136e+002 -3.73380904119168e+000 6.36693508968375e-001 -4.08348680241649e-003 -3.96161587475831e-003 2.04157926662562e-004 2.17610333075407e-005 -2.55878807602003e-006 -6.66920496464129e-008 
2.00816514705430e+005 -1.28228245263668e+005 -1.30529299674698e+004 1.42760600287698e+003 6.63242321744277e+001 -7.92661641431500e+000 -9.24165859019314e-002 4.68545381776333e-002 -1.44302534989715e-003 -2.78224341288943e-004 2.31201869572730e-005 1.22291005020146e-006 -2.40929178164795e-007 
9.99997440340036e+004 -3.86579152875973e+004 -6.50403291313039e+003 4.43969361956200e+002 3.55239237965682e+001 -2.71933846708711e+000 -9.15296694735784e-002 1.83846979510084e-002 -2.07007629514157e-004 -1.25018207706127e-004 6.98428384310167e-006 6.95626384809105e-007 -8.68585525133090e-008 
-8.04516435375750e+004 -9.24938017442045e+003 -9.49445305308629e+000 -2.79208272626752e-001 1.19779415845152e-002 2.19573909900862e-003 -4.27094367753562e-004 -2.15376613854486e-005 1.34748218472223e-005 -4.01785794779812e-007 -3.66428735346196e-007 
1.01533770877254e+006 2.31303570397390e+003 -1.54552687318838e+001 -7.38937747252683e-002 -1.91438299428868e-002 2.15070177832722e-003 1.92744653478574e-004 -6.93208217620683e-005 1.04471616837242e-007 1.94749546217529e-006 -1.56878106342026e-007 
4.29945637052375e+005 1.25683142246258e+003 -6.14769789310894e+000 -1.64470805193690e-002 -1.11398961320214e-002 9.26278850366119e-004 1.47100970041640e-004 -3.48000733443900e-005 -1.34096786765111e-006 1.08286912388221e-006 -4.58041519105014e-008 
-9.90342236548579e+004 -9.33488250439161e+003 -1.15398694177405e+001 -9.24391996695989e-002 4.38565894610443e-003 -4.88461320781348e-004 6.73209794786825e-005 -4.01666690824228e-006 -2.29363993540523e-007 9.51793629921956e-008 -1.49177190589218e-008 
1.01983558480948e+006 2.18351949167885e+003 -1.70014782996470e+001 -1.32924938430651e-001 1.48305166713125e-003 -2.21455177038266e-004 -1.55734412947034e-005 6.27053509490030e-006 -8.63279770164547e-007 4.87794536734504e-008 1.54633207857252e-009 
4.32408343661920e+005 1.20531325231522e+003 -6.79843828366247e+000 -6.14801053170385e-002 7.30127754810213e-004 -6.63726298569078e-005 -1.54654141248489e-005 3.76539000951577e-006 -4.37325207244904e-007 1.71474610266794e-008 2.38985145994151e-009 
-7.81442085002904e-005 3.79072194700296e-008 -6.18522988874377e-007 1.62428334077399e-007 5.26746315550356e-008 -1.21474933618657e-008 -1.40852972387398e-009 4.60364730173032e-010 -5.04181091053614e-012 -8.13015865559426e-012 
-2.35453583933088e-005 3.42610912894630e-007 -1.64360600049891e-007 -9.07500442380218e-008 2.01340073900141e-008 4.33151660635977e-009 -1.08634758185362e-009 -5.59931263403745e-011 3.79149297065730e-011 -2.87710271041280e-012 
-7.72716084078804e-005 1.61450335038290e-006 2.05156936857095e-007 -1.71958860766823e-007 -6.21597509400440e-009 7.45198547860712e-009 -3.45965032322212e-010 -1.73587997843499e-010 1.15219566546993e-011 5.35809761662496e-012 
-2.39059876741354e-005 -2.76298086263682e-007 2.37151517971225e-007 2.53783497911726e-008 -1.69544398399813e-008 1.67749770032457e-010 4.90101320704591e-010 -6.19786836011851e-011 -1.04120048580252e-011 2.96228475037891e-012 
-7.59254358518088e-005 -5.15111438733242e-007 -5.53071653299773e-008 1.78670719004419e-007 1.80278637033709e-008 -3.74219857759512e-009 -7.16990709388323e-010 -9.66540775135428e-011 -2.23019105317467e-011 -1.22967284660853e-012 
-2.36201220569529e-005 1.23710642853411e-007 -2.28450124278334e-007 -2.45965628800117e-008 1.35270970840660e-008 2.04646832832909e-009 6.72348082700650e-011 -3.16727248110089e-011 -1.83339833010467e-011 -3.14910953042464e-012 
-7.39917695781512e-005 2.24583844103572e-006 -3.76444544353671e-007 -2.91398118921111e-007 4.22714736739941e-008 2.20208039085426e-008 -2.57170211199874e-009 -1.15110149068137e-009 1.37913590532464e-010 4.87862272268335e-011 
-2.36070798919455e-005 4.63880303879632e-007 3.14886543441214e-007 -5.89877086832860e-008 -3.49174663214819e-008 4.01579027518770e-009 2.05963639551769e-009 -1.85873897505303e-010 -8.97632656802526e-011 7.00358489211977e-012 
-5.63277234636066e-002 -5.47017465082225e-004 -2.61436863558318e-004 3.77812802388146e-005 2.60046188957859e-006 -1.51008725227415e-006 8.95816956012009e-008 3.25132557152685e-008 -3.82474116571163e-009 -2.66397888593379e-010 
4.22562225385736e-001 -5.68852004511991e-004 6.01390151852145e-005 1.47942007365288e-005 -3.38191823196317e-006 5.46641491445789e-008 9.91342020379884e-008 -8.87385861334722e-009 -1.46030437646460e-009 2.47906280877673e-010 
4.15278339767952e+003 9.20361260630963e-001 2.46593916394714e-004 -3.29525995630093e-005 -2.53768051215374e-006 1.37133242855378e-006 -8.00029848682745e-008 -3.00434912775960e-008 3.50222453844397e-009 2.53358226261542e-010 
-5.82801782742007e-002 -1.12810242280206e-003 7.77212398229412e-005 2.48650023356071e-005 2.27129911885240e-006 1.19463204288991e-007 -1.25313731692302e-007 -2.51641242117506e-009 2.34704344188226e-009 -9.47137762563068e-011 
4.22087339114245e-001 1.10661313418376e-004 8.80171798356397e-005 -6.47111906211261e-007 -5.29460631386548e-007 -2.76364605807465e-007 -1.30548484578090e-008 7.58520402791618e-009 -7.57318715860198e-011 -1.10250046205805e-010 
4.15462499109143e+003 9.20979802039052e-001 -6.20075538225554e-005 -2.40330907828219e-005 -2.21360248432098e-006 -9.64856837971144e-008 1.15427675419971e-007 2.15816579236371e-009 -2.15965360765806e-009 8.94106487611887e-011 
-5.89233597793933e-002 6.91162370586501e-004 2.98427104681875e-004 -2.15071801256982e-005 -9.15912997659332e-006 -2.07646532038529e-007 1.20018108874013e-007 1.04570378036597e-008 5.15763111830924e-010 -1.44706337299826e-012 
4.22697475890704e-001 3.64450048962960e-004 -7.26955486715801e-005 -2.42894290122626e-005 4.03541705819740e-007 4.94770770511774e-007 2.81124995456121e-008 -2.74743949701888e-009 -4.26035681755477e-010 -8.78093358991510e-011 
4.15646548618775e+003 9.19309697693728e-001 -2.83771411653656e-004 1.82436562858264e-005 8.48889319070410e-006 2.06770049801510e-007 -1.07730213441864e-007 -9.36461246600827e-009 -5.06259360581810e-010 -7.82269227503899e-012 
-5.71170027699436e-002 5.36822544286416e-004 -3.41509893502164e-004 -1.83192905466896e-005 1.27631295981428e-005 -1.35776223394934e-007 -3.97307523325693e-007 1.18608365869073e-008 1.24806012596842e-008 -4.27826128929970e-010 
4.22452526886893e-001 -6.02229514353976e-004 -6.10754333130128e-005 2.92103021770717e-005 4.61932815153311e-007 -9.38836860921055e-007 2.20482613291271e-008 2.93624022543589e-008 -9.28290797872659e-010 -9.32672954139948e-010 
4.15830362024114e+003 9.19358872527022e-001 3.08459149901008e-004 1.96348541082480e-005 -1.15583124968583e-005 5.74739038211854e-008 3.61404056720276e-007 -8.93132778475907e-009 -1.13828019636646e-008 3.27504817925256e-010 
