-5.23525650244101e+007 6.83921572486748e+006 7.19284797363165e+005 -2.79940157134756e+004 1.62276555786298e+002 6.17353937783124e+000 -1.28515113610604e+000 7.30394931123691e-002 -3.39134644093608e-003 1.09645794175958e-004 -1.31980493862820e-006 -1.49400576939962e-007 1.61530875299272e-008 -1.01297478668549e-009 
-3.75651663284255e+007 -1.07776765609824e+007 5.19837999232805e+005 1.63474971565405e+004 -8.04201514182027e+002 3.36058852705120e+001 -1.15241292854859e+000 1.66897914570168e-002 8.06277619034088e-004 -1.11528841737487e-004 7.11748328130154e-006 -3.41740720133383e-007 1.15066664067660e-008 -1.40119254863041e-010 
-1.46905078176431e+007 -6.46566655081680e+006 2.03077531696639e+005 1.16355743601073e+004 -4.46403598372806e+002 1.73106767714028e+001 -4.82285949616557e-001 1.33981045709908e-003 7.82412807677243e-004 -7.09462024112991e-005 3.93876597981365e-006 -1.67049689021000e-007 4.47113361298889e-009 3.01882196643797e-011 
-3.39514846726399e+007 1.12951200698609e+007 3.99042104574431e+005 -2.55691604604835e+004 9.32197653783411e+001 -9.25818402311085e+000 -2.69907802064660e-001 1.29094705078110e-002 -8.20342494644015e-004 3.72311284757850e-005 -1.17635220651734e-006 4.07447495502476e-008 -3.39659496888143e-010 -1.75324708892181e-011 
-5.44669556904066e+007 -6.01083513657682e+006 6.56603357662197e+005 7.53288273605719e+003 -3.66212110423446e+002 1.21553643483871e+001 -6.64812996073996e-001 1.19729278814473e-002 -5.08641897446151e-004 -3.51704956583998e-006 4.15781106531537e-007 -4.23161254951897e-008 2.09206465926307e-009 -8.89642012852071e-011 
-2.56258911961350e+007 -4.38154310656302e+006 3.09345981881170e+005 6.67565788411809e+003 -2.05284491559497e+002 7.45312800295377e+000 -3.27124092843222e-001 5.05657756872693e-003 -1.86615708495927e-004 -5.74006737792942e-006 3.44098477534072e-007 -2.68294400241456e-008 1.15272735229371e-009 -4.57028597874684e-011 
-9.13308392056926e+006 1.32695744326154e+007 9.41475279389829e+004 -2.58280608169200e+004 -1.38437680812541e+002 -1.33698226999004e+001 -1.20386754396172e-001 2.23345773637913e-003 6.22222142926196e-005 2.17678663138742e-005 3.67168380606210e-007 3.74290117596323e-008 5.72918872223832e-010 3.25096694350749e-011 
-6.10109669396527e+007 -4.82767533903784e+005 7.17285702683904e+005 2.83140854193294e+003 -2.65305692346979e+002 -1.68393884763334e+000 -5.68221144337997e-001 -5.49513202042058e-003 -6.02016856720024e-004 -5.59052235894267e-006 -2.22605938189512e-007 2.51823393709016e-009 6.64661284414975e-010 2.02634610288035e-011 
-3.16941141990472e+007 -1.63344065593054e+006 3.73382024481304e+005 4.19116451441559e+003 -1.27358071423261e+002 4.87142583171727e-001 -2.91035992611945e-001 -3.16693164961498e-003 -3.28027493456862e-004 -5.24387760477763e-006 -1.56988001804122e-007 -2.53677443088887e-009 2.95616358821682e-010 7.45223091645520e-012 
1.71372556842518e+007 1.27241698793358e+007 -2.38320390075794e+005 -3.03029288837317e+004 -4.24764183731673e+002 -1.43659113642228e+001 1.30149963979154e-001 2.35500595831176e-002 1.62457877351513e-003 8.32461454377749e-005 3.14699653958375e-006 9.30118162587663e-008 5.87052587702819e-010 -1.35544500544801e-010 
-5.61865395562164e+007 5.31146041617449e+006 7.22038297309321e+005 -2.51820415648966e+003 -4.60026413478159e+002 -1.95723084165948e+001 -1.02908059423869e+000 -2.86224077519580e-002 -7.93081888703207e-004 6.03607013085897e-006 1.64062142356847e-006 1.27479657725877e-007 6.71054800633854e-009 2.78546439596519e-010 
-3.18403407711369e+007 1.51817939650497e+006 4.10402307076240e+005 1.79771535642311e+003 -2.01674303360546e+002 -8.96482652216307e+000 -5.63193612931141e-001 -1.77314631779528e-002 -5.92125572325612e-004 -5.40957168402420e-006 5.49968183454592e-007 5.84480563612335e-008 3.52363091592508e-009 1.62846770352514e-010 
9.44219014264261e+007 -1.08723188949842e+007 -1.19919241066872e+006 2.17653514402575e+004 1.26344136474251e+003 -1.11648487673822e+001 -5.42335670033849e-001 4.05523389556691e-004 1.27757624821443e-004 1.93861640586121e-006 
4.56822004784667e+007 1.92501638961254e+007 -5.77178087332112e+005 -4.04953849911845e+004 5.52628534596128e+002 2.58367786649105e+001 -1.47146339467531e-001 -8.12335341318527e-003 -4.10429794964685e-005 1.47331601424683e-006 
1.45438686584425e+007 9.34882368867296e+006 -1.83769588639310e+005 -1.95958462789178e+004 1.68664355811014e+002 1.23300817330227e+001 -3.18796319773482e-002 -3.67935190301305e-003 -2.66261662197302e-005 5.44395010672234e-007 
6.41393407125804e+007 -1.90989748705311e+007 -8.26345200500445e+005 3.94997734876231e+004 9.13543233801879e+002 -2.35243727410814e+001 -4.64568171494448e-001 5.40828468703498e-003 1.75843884261468e-004 4.18794111506791e-007 
7.81572478695551e+007 1.28769087255470e+007 -9.93855757997159e+005 -2.77905780946196e+004 1.01511120127442e+003 1.94887560483694e+001 -3.82566993536974e-001 -8.24927168181829e-003 4.26928535058436e-005 3.04292038947233e-006 
3.10711757262563e+007 7.00223474917653e+006 -3.94824026318427e+005 -1.50024445530464e+004 3.98870820122336e+002 1.02564376072107e+001 -1.42707472377842e-001 -4.05357688047391e-003 8.07469175058587e-006 1.34299387388735e-006 
1.47856510925897e+008 -1.57194839792974e+006 -7.02356079765095e+005 4.42676945192026e+002 2.74181747797415e+002 6.41758537561246e-001 -4.12556645101500e-002 -7.38232954879426e-005 1.11449154428127e-004 -1.56920084332632e-005 -6.73403992040057e-006 6.85288942686884e-007 4.00913970723634e-007 
7.97177042579172e+006 1.87325713646709e+007 -3.90333710788618e+004 -1.47410609974973e+004 -9.81509918516807e+000 3.38441917165736e+000 1.77677493690272e-002 -5.17048439974098e-005 -4.32818846369462e-005 -1.49404616365972e-005 1.46471508671908e-006 8.66497404849982e-007 -6.73341683046817e-008 
3.49078187449270e+006 8.12146389374584e+006 -1.69235486224101e+004 -6.39096534655566e+003 -4.25773568910600e+000 1.46737445712604e+000 7.55458873835287e-003 -2.14289064806203e-005 -7.03984348115132e-006 -6.21728039859318e-006 -4.39989421844242e-008 3.38872554133445e-007 8.90762099083571e-009 
1.39163651017955e+008 -7.09434871907133e+006 -6.70475692463717e+005 4.87720715373382e+003 2.76680627051458e+002 -4.39758076878000e-001 -5.04062615345023e-002 1.69959479231961e-006 1.89117885175980e-005 -8.26314493891803e-006 7.50786844442984e-007 5.44976449673932e-008 -6.62578341117474e-008 
4.45660776218022e+007 1.77153424272956e+007 -2.14568803441013e+005 -1.43369781157135e+004 6.12423979231757e+001 3.67322365765505e+000 6.65383331193830e-003 -3.87866467638023e-004 -3.26770726440392e-005 -1.10630587781483e-006 4.73080216683722e-007 -1.45401301449311e-007 -5.75047790230471e-009 
1.93561541500328e+007 7.68043951589760e+006 -9.30269354430518e+004 -6.21581114560434e+003 2.65509084708282e+001 1.59226530736840e+000 2.81484939725286e-003 -1.42554503244547e-004 -1.14125728719392e-005 -1.41006570401629e-006 2.19492877256045e-007 -4.71855334685907e-008 -8.44136956375213e-009 
1.14107111182130e+008 2.90473112172527e+007 -7.99159094552545e+005 -3.65928194641336e+004 3.55556767887508e+002 2.54465070930540e+001 5.46316940879928e-002 -1.72749280071509e-002 -2.59445963774611e-004 1.03002577216642e-005 2.93054603523925e-007 
-1.56506432411047e+008 1.96983220203241e+007 1.08179750079830e+006 -1.83766255528352e+004 -8.86794267519320e+002 3.59400554932882e+000 6.03601758059743e-001 4.82415381393050e-003 -4.03565101935115e-004 -8.97843147216751e-006 2.79324683801363e-007 
-7.48580610135217e+007 8.25015181289508e+006 5.17792903968503e+005 -7.43941071141599e+003 -4.16359537757647e+002 9.60430203322706e-001 2.75387169924278e-001 2.68124639943890e-003 -1.78064673034199e-004 -4.44981756955604e-006 1.06132964681665e-007 
6.51950081426939e+008 -8.76921254907041e+006 -1.01593618145211e+005 2.40947388793894e+002 1.46193255186682e+000 -3.10333788896917e-003 -1.65361326706688e-005 5.27379548395349e-008 
3.27532737628368e+008 1.53270772115169e+007 -5.09773031450272e+004 -3.91172628498031e+002 8.32962519846344e-001 4.10024990675260e-003 -1.10296072554241e-005 1.12761243692767e-007 
1.24513998537998e+008 6.78340872046543e+006 -1.93773298374964e+004 -1.73550082882027e+002 3.21449010956043e-001 1.83241333286905e-003 -4.28558475969152e-006 5.82378150030458e-008 
1.01258692301401e+009 -9.72758340521685e+006 -2.46963949439248e+004 3.43222770759146e+001 6.47579879916778e-002 -1.67460795599286e-005 -9.99409944091613e-008 
8.75312307573436e+008 8.91670455228026e+006 -2.13771530305179e+004 -4.06214693728528e+001 3.73499639618965e-002 9.89229366337933e-005 -1.31913251389773e-007 
3.17957773750428e+008 4.10115939458864e+006 -7.76390922008887e+003 -1.82363503006346e+001 1.26007809985580e-002 4.02181841253152e-005 -5.21336461692760e-008 
2.12206005269205e+009 6.53668725280513e+006 -5.09492738518964e+003 -2.39849509121349e+000 1.03776416224513e-003 2.13781348628123e-007 
-1.90353108011866e+009 5.77661137288312e+006 4.56965090372112e+003 -2.51424013870058e+000 -6.20074768835480e-004 3.52025168086486e-007 
-8.63712401853879e+008 2.43754467845896e+006 2.07349533414137e+003 -1.06718047296656e+000 -2.86434799513005e-004 1.49012873953096e-007 
2.47965289982577e+009 6.22486956700989e+006 -1.72037405993839e+003 -7.32889397673777e-001 8.77874840753068e-005 6.29982694649637e-008 
-3.46002221150921e+009 3.92434264622099e+006 2.40100208265700e+003 -4.37400997810282e-001 -1.35339584684925e-004 1.52068905051598e-008 
-1.47794013689700e+009 1.45128377083496e+006 1.02555830983400e+003 -1.60762113422022e-001 -5.76904282899830e-005 5.48553170062874e-009 
-1.51850428317167e+009 7.23959764520935e+006 1.04513704965767e+003 -9.10925152451083e-001 4.75761827093634e-006 7.85053820372522e-008 
-4.17077599345693e+009 -2.77867746476863e+006 2.87093220580193e+003 9.70293423365145e-002 -2.99537785599869e-004 2.60678357379742e-009 
-8.44050903215191e+008 -3.04839051848066e+006 5.80960679064044e+002 3.04682845631623e-001 -9.36743074203939e-005 -2.00721187885441e-008 
2.02748811479137e+005 1.35470835977791e+005 -1.03200267734684e+004 -1.24279697876694e+003 1.75307308453490e+001 3.21635295507132e+000 1.88523312145783e-001 2.08374280909930e-003 -9.21952381453220e-004 -6.49434095157458e-005 -5.06851104153607e-007 3.03052952441973e-007 2.62929539141128e-008 
-2.90906600910617e+005 9.63490892671768e+004 1.49158086039302e+004 -6.39859429686895e+002 -6.83524497631858e+001 -8.96502936632151e-001 8.93269041414602e-002 1.49240793555481e-002 5.54567863952858e-004 -3.28057261862880e-005 -4.78050216387447e-006 -2.09574157246625e-007 1.13026387100446e-008 
-1.20129452635879e+005 2.53904839806618e+004 6.16796951252915e+003 -1.42931794003464e+002 -2.61812399123483e+001 -5.62198492622162e-001 1.90686509028391e-002 5.29248889445951e-003 2.68531527449794e-004 -7.28047792804105e-006 -1.70662495656398e-006 -9.81838020324529e-008 2.22916212679038e-009 
3.51366515350018e+005 4.28521516917098e+003 -2.07711580660084e+004 -2.63735821445841e+002 1.07924254376708e+002 3.74985239296619e+000 -3.23122921002830e-001 -3.05628387438085e-002 8.38383333711126e-004 2.10131849714348e-004 6.99113842072755e-007 -1.38565419016941e-006 -4.74747692748792e-008 
-1.62780314119668e+004 1.66524508347719e+005 8.77431698989840e+002 -1.61024661257479e+003 -3.03668090903341e+001 5.81688478229069e+000 3.24093424277971e-001 -1.67955640331051e-002 -2.38417274882288e-003 3.27494411472486e-005 1.61676252149537e-005 2.65717771300181e-007 -1.04148513923563e-007 
-3.07458257421378e+004 6.03526030920656e+004 1.81069362221866e+003 -5.67684963911215e+002 -1.88947566249790e+001 1.84930026855005e+000 1.41551903834194e-001 -3.91914757517733e-003 -9.29393886563673e-004 -3.18965237409201e-006 5.84234760125678e-006 1.96518781158241e-007 -3.45456904599600e-008 
2.05900690017656e+005 -1.43194550469409e+005 -1.29723236216044e+004 1.47448526180410e+003 7.32691081660211e+001 -6.69796638816669e+000 -2.07960700155597e-001 3.27736801470985e-002 -4.31328968858119e-005 -1.93551252106195e-004 7.45922454384404e-006 1.09372596642660e-006 -8.78822033164825e-008 
2.63566284446241e+005 9.83225739583205e+004 -1.68557213615892e+004 -1.00670132762416e+003 9.89759791772536e+001 3.82676031164271e+000 -4.31362057985740e-001 -6.35922943143832e-003 2.35335887309781e-003 -5.17821603287729e-005 -1.37480452271603e-005 8.30991558400038e-007 6.99503861545379e-008 
8.16188319536552e+004 4.60716919832711e+004 -5.21667847341707e+003 -4.73664310640519e+002 3.07684525526278e+001 1.88046513431128e+000 -1.42077826453375e-001 -4.68125707282742e-003 8.60387110862137e-004 -4.95101872440978e-006 -5.54640540520083e-006 2.24220751311073e-007 3.18137580320813e-008 
-1.21168793553097e+005 -1.66871819023010e+005 7.18046239402091e+003 1.55974651320645e+003 -5.35722909062911e+001 -4.29744311629295e+000 2.30226562136571e-001 -6.02825156029484e-004 -3.55205025021568e-004 5.88784177083439e-005 -3.49042942029193e-006 -2.03932959638644e-007 3.05076981062749e-008 
3.07749292352279e+005 -5.55851492176862e+004 -1.86197851332207e+004 6.76415901569249e+002 8.70732755804560e+001 -3.62344441250080e+000 -1.22752956442758e-001 1.09363996050671e-002 -5.34139899670343e-004 1.35983732103207e-005 3.84467541068991e-006 -3.63138820322456e-007 -2.27682577270436e-009 
1.21041139243813e+005 -8.40656223965666e+003 -7.31774265994258e+003 1.33870951449371e+002 3.56553013797355e+001 -1.00660856786104e+000 -6.14362870203856e-002 4.01621939509340e-003 -1.68913614597319e-004 7.54845100722072e-007 1.65267668456612e-006 -1.17753380096330e-007 -3.02955848192694e-009 
-3.51602467205746e+005 -5.37806607399074e+004 1.88531377222263e+004 3.01120680247143e+002 -8.77595440396236e+001 6.73624599045229e-001 1.74755944226339e-001 -4.05517592270847e-003 -3.09325558346703e-004 -9.69844135838303e-006 1.94626567583486e-006 8.40440767059481e-008 -1.26260658677729e-008 
8.60092404568901e+004 -1.54526980444879e+005 -4.82992803308654e+003 1.40975284897360e+003 3.50901166633412e+000 -3.99300096449325e+000 7.57048326036862e-002 6.28600424108200e-003 -7.01812879258429e-005 -2.07491837046525e-005 -1.09016794341288e-006 1.59530275452393e-007 3.72239518136842e-009 
5.63771269632115e+004 -5.27204621051101e+004 -3.12825737483533e+003 4.93254173119990e+002 7.70192865460338e+000 -1.50477421762572e+000 1.47646015114502e-002 2.58961725005102e-003 -2.75524150192773e-006 -6.90268042682883e-006 -5.39702287124439e-007 5.22319829933747e-008 2.27589343608110e-009 
-3.12302573971782e+005 8.98612465155889e+004 1.50725734888279e+004 -8.24779453532880e+002 -4.66977479014362e+001 2.59862641572419e+000 -2.79394114342415e-002 -6.46431515235686e-003 3.33911059107493e-004 1.70326959003864e-005 -1.34357675756115e-006 -2.31667360112372e-008 7.34168163107110e-009 
-2.10885708021535e+005 -1.29725696218456e+005 1.02406277601651e+004 9.71835625040039e+002 -4.82117674463511e+001 -9.89840178930908e-001 1.20060938986932e-001 -4.60027526091368e-003 -3.09743799270562e-004 1.94463595909212e-005 6.80848948489000e-007 -9.44078736919039e-008 4.66177719597454e-010 
-5.52292939127838e+004 -5.40279777502208e+004 2.65874633573521e+003 4.15988676178405e+002 -1.41641338590788e+001 -5.52010731601083e-001 4.57125882477586e-002 -1.21154179147130e-003 -1.37612980595678e-004 5.86414398774967e-006 3.46953555579424e-007 -3.28230851803920e-008 -3.62212303042731e-010 
-4.99775600403322e+004 1.61661059114561e+005 2.18229285668944e+003 -1.22859178564613e+003 -8.70051696071250e+000 1.19505265265322e+000 -3.10548794781023e-002 5.75557855575704e-003 2.88723347049708e-004 -7.34257597682318e-006 1.92253300452384e-008 -2.27455863830404e-008 -4.89294240576134e-009 
-3.61253492487181e+005 -1.50221648517185e+004 1.69792362873061e+004 1.43481113805100e+002 -5.25170712731727e+001 -9.83831988212899e-002 -4.00586693964375e-002 -3.63816442236479e-003 2.90209333881470e-004 1.12341816501393e-005 1.57013749512250e-007 4.82365073669987e-008 -6.56714312236218e-010 
-1.29287035134553e+005 -1.71784467291531e+004 6.07293759116081e+003 1.43099047603438e+002 -1.85772412663400e+001 -1.29488368686125e-001 -1.26427119865456e-002 -1.75073323535969e-003 8.52867207503687e-005 4.67708499416871e-006 5.84778618364180e-008 1.93788045501856e-008 1.15433382564314e-010 
2.43681284441389e+005 1.19669083121951e+005 -1.25519309620322e+004 -1.14747818861423e+003 2.48021273403924e+001 3.06500201516572e+000 1.89751589165321e-001 5.08056280613509e-003 -7.54043725741347e-004 -7.78794005646624e-005 -3.06210330857663e-006 1.41097434127495e-007 3.16297196497191e-008 
-2.60455063714297e+005 1.12849587845079e+005 1.33884624053687e+004 -7.74745887253576e+002 -6.49660672686977e+001 -7.55152284145640e-001 6.92129329479762e-002 1.46331591895632e-002 8.09567695080102e-004 -9.06736004039184e-006 -4.48508411453477e-006 -3.76203820360654e-007 -7.87940712869446e-009 
-1.13418975065102e+005 3.28648510824207e+004 5.84085999535441e+003 -2.00035055539692e+002 -2.57518765528994e+001 -5.09765718997271e-001 1.16251604339274e-002 5.02589803635516e-003 3.53899723921613e-004 2.39496346689273e-006 -1.42919212188875e-006 -1.49103824552433e-007 -5.22837926214447e-009 
-1.13834631852270e+006 5.19276953268978e+003 3.10280763215975e+001 -4.69102055952888e-002 -4.42848796014861e-003 4.51021706344398e-005 8.00167636517498e-006 -7.37311135853194e-007 7.64995588162684e-008 -7.91135176739442e-009 1.29005456549119e-010 
-2.92851789447190e+005 -8.97725997933975e+003 1.43707839262127e+001 1.77959909564275e-001 1.01160994079958e-004 -1.89187479746915e-004 9.76476762421747e-006 -3.64507129214197e-007 9.63525860857624e-009 2.28129927263523e-009 -5.02122779644480e-010 
-9.20394979537364e+004 -3.98263018309866e+003 5.30116940675043e+000 7.73954472345900e-002 4.09248719820841e-004 -9.84650157413478e-005 4.42843257962726e-006 -1.19905909411705e-007 -2.89404787264806e-009 1.88142972144081e-009 -2.80311627222077e-010 
-1.12771511287966e+006 5.43765305550547e+003 3.00923205447125e+001 -1.03980103766459e-001 -2.43224703477498e-003 1.35170764269571e-004 1.82823996922601e-006 -1.83369698681530e-007 -2.68839050627206e-008 -6.09101222898612e-009 -3.30470521438945e-010 
-3.10684706529781e+005 -8.85394167517369e+003 1.64256235539289e+001 1.59722780220829e-001 -1.82392864477074e-003 -8.07137919831503e-006 8.71923149961388e-006 3.68158159545906e-007 3.08692528579256e-008 -4.21032784724856e-010 -1.80033487666625e-010 
-9.99594072803470e+004 -3.93651137034875e+003 6.22042010594219e+000 7.31069222764733e-002 -6.75046822933265e-004 -1.07122986565352e-005 4.45334065357703e-006 2.13286758770253e-007 1.92428831879268e-008 2.40500858445820e-010 -6.51595377690004e-011 
-6.51522419965063e-005 -1.53709905391862e-006 -5.42965302982105e-007 4.31507118819325e-008 5.26045234923874e-008 3.31230812899316e-009 -1.72528515736661e-009 -4.18688066937370e-010 2.54580873632829e-012 1.99140594566035e-011 
-2.60208711596778e-005 5.83059130001715e-007 -8.89842248010217e-008 -8.83725561438938e-008 -1.65264749438346e-010 4.58270330330494e-009 5.30265115446112e-010 -9.52413092903727e-011 -3.15913216548744e-011 -7.15588087567494e-013 
-6.74098024339827e-005 2.33374263947668e-007 2.94607250640230e-007 -2.51350210552677e-007 -2.29262274220376e-008 1.60329661971141e-008 2.28239712515608e-010 -5.59011711302952e-010 4.09742790391062e-011 1.01186060884017e-011 
-2.59914595179593e-005 -1.95668700195221e-007 2.57134300253029e-007 4.62413585180381e-008 -2.87272586394539e-008 -1.91242781124226e-009 1.40452845883320e-009 -1.00961472587646e-011 -4.67620162678840e-011 3.81090322641080e-012 
-6.92273140561663e-005 -2.19023429722076e-006 8.66414457959486e-008 1.80128760492361e-007 -1.70337692107535e-008 -6.42642362772883e-009 9.36892385685588e-010 9.21482785678121e-011 -1.58073313214456e-011 -1.41216317427223e-012 
-2.57798190556687e-005 -1.26203769734823e-007 -2.57014268162518e-007 2.05498011039912e-008 1.66411089358675e-008 -1.96014555043096e-009 -3.87618468740492e-010 8.50521080802796e-011 7.45359910746165e-012 -2.55305623209039e-012 
-7.11400693692063e-005 1.82206648388049e-008 -1.59722726917472e-007 -1.43930617711016e-007 4.98166301970240e-009 4.46462097853354e-009 3.18282226369434e-010 -2.77161677446665e-011 -1.32938204555692e-012 6.08656916101503e-012 
-2.63085080961944e-005 3.23110532059243e-008 2.07127809752247e-007 -1.83733004395701e-008 -1.32117085063129e-008 -3.44112805875932e-010 9.69238560583013e-011 2.13265494143254e-011 7.88729488927642e-012 1.84458701584593e-012 
-4.96094368589236e-002 1.68483367450730e-004 -1.64917346675191e-005 9.67390249894830e-006 1.63192469575396e-006 -1.02569039562513e-006 -1.15656924683917e-007 1.96671290338447e-008 4.55668912047327e-009 7.54886803002849e-011 
4.27133502872993e-001 -8.78109377614293e-005 -1.48068265042840e-005 1.89552739151377e-006 -1.83152675645298e-006 -1.88182839364876e-007 6.82722120510782e-008 1.01148755063429e-008 -5.94085419471441e-010 -3.04711927681721e-010 
2.54114165114826e+003 9.19719610938489e-001 2.24247536313721e-006 -9.13447010111717e-006 -1.19085451704346e-006 9.57124955074091e-007 1.02427980144321e-007 -1.86859645212143e-008 -4.16582158132016e-009 -5.20578534031795e-011 
-4.95110623818829e-002 -1.96339354633927e-004 -1.57496781960787e-004 -1.98465110015844e-005 6.51621632026262e-006 1.22466994130653e-006 -2.09330859648440e-007 -2.92143003232269e-008 5.65489268580861e-009 2.33463338762729e-010 
4.26751491964331e-001 -3.06739587398785e-004 -1.58106627595320e-005 1.43654735229177e-005 2.38501269411463e-006 -4.96429870252889e-007 -8.54218736564184e-008 1.47088845774950e-008 1.33076976633309e-009 -3.56789579983210e-010 
2.54298124633493e+003 9.20007328084479e-001 1.49602368446400e-004 2.00713349793537e-005 -6.12385695906047e-006 -1.13509140199837e-006 1.95313201097672e-007 2.64060911657568e-008 -5.22548452482107e-009 -1.98514161536401e-010 
-5.06320570416841e-002 -6.49666885774946e-004 1.36177568733777e-004 2.48067950235445e-005 -6.79184990792823e-006 -4.00919011261092e-007 1.74712228688757e-007 -1.58279257584915e-009 -2.60107274742378e-009 1.80874452910649e-010 
4.26473403234745e-001 9.63568249013311e-005 5.62900634295139e-005 -1.37683371661695e-005 -1.51569822713942e-006 4.83576267070198e-007 1.09392666200142e-008 -9.31388132965362e-009 3.53612752387908e-010 1.11195326930477e-010 
2.54482200919760e+003 9.20508555784019e-001 -1.13480055772055e-004 -2.35969881175355e-005 6.06544354957159e-006 3.71874812304601e-007 -1.59299449720480e-007 1.48247382822441e-009 2.36920303434996e-009 -1.65928932378898e-010 
-5.09391289218882e-002 2.13361754592389e-004 7.01618412700736e-006 -1.41918314257304e-005 3.90989848360654e-006 2.95835605119769e-007 -9.95871889430380e-008 -6.57092587490247e-009 1.69607959990718e-011 2.60314679087599e-011 
4.26672305377053e-001 2.16731930888992e-005 -3.61266194499593e-005 4.35629732117857e-006 8.11714170302253e-007 -3.12757094871562e-007 -1.88527687034527e-008 3.37091464967867e-009 2.86604032751512e-010 4.72358198390105e-011 
2.54666215246743e+003 9.19736297552161e-001 -1.48752531195201e-005 1.11697830670795e-005 -3.50470256489660e-006 -2.51433802462828e-007 9.26152687806234e-008 6.15480647861726e-009 -2.47692577545548e-011 -2.89449593915133e-011 
