3.60965621493320e+007 1.01946906026848e+007 -5.59821219631534e+005 -3.69911368376894e+004 -5.89670648422318e+002 -2.26282292691263e+000 1.44342711174122e+000 1.11372486468702e-001 5.88197012619824e-003 2.14928506531381e-004 2.94558400306236e-006 -3.28695773597341e-007 -3.77880578498588e-008 -2.44759230510426e-009 
-4.31503425316619e+007 9.77422960272192e+006 6.60762995408654e+005 -1.12390214394609e+004 -9.70589968662310e+002 -4.66558649698356e+001 -1.81297033307713e+000 -3.30443767161683e-002 1.34727060388605e-003 2.05994525957820e-004 1.40496171816897e-005 6.75346636456734e-007 2.03079932787392e-008 -1.17636750112056e-010 
-2.69182254454648e+007 4.16350040206408e+006 4.11022706480689e+005 -2.16543697665176e+003 -4.57255765981514e+002 -2.46857630657438e+001 -1.11813556012688e+000 -2.92068758109794e-002 1.09438396785532e-004 8.77419872109093e-005 7.19806585873648e-006 3.94775027655070e-007 1.47764042588084e-008 1.91281788955234e-010 
5.04982449296684e+007 3.79607584555550e+006 -1.05170649196043e+006 -4.33746864416838e+004 1.02391212795475e+002 9.73834088418792e+001 8.09291066958901e+000 3.59967536620598e-001 2.58079462772974e-003 -1.16667307768773e-003 -1.19780795541375e-004 -6.48769620577800e-006 -1.06061985452485e-007 1.83149696696606e-008 
-1.89861135385689e+007 1.41698354671127e+007 3.93911523298033e+005 -3.66856514406810e+004 -2.34009778183652e+003 -8.40233860946316e+001 1.37221500693876e-001 3.02305072376708e-001 2.64106908134712e-002 1.25341558175754e-003 9.94133101436714e-006 -4.32888330449326e-006 -4.60865308443459e-007 -2.57722698440537e-008 
-1.55045257424971e+007 7.17523279386705e+006 3.19518901212970e+005 -1.50952296027383e+004 -1.26056335482851e+003 -5.49837468524512e+001 -7.66347215154162e-001 1.24127607946672e-001 1.38392706196151e-002 7.90538525754130e-004 1.77375068354091e-005 -1.63914035560499e-006 -2.35164534481780e-007 -1.56660446693742e-008 
4.81979661447625e+007 -6.44043116735846e+006 -1.45607575517272e+006 -1.29259493953685e+004 4.53381895331273e+003 3.38948734585533e+002 4.12956826608924e+000 -1.45598167882658e+000 -1.39900316853079e-001 -2.83426149712386e-003 6.33162711211653e-004 7.22605090457670e-005 2.03304302211985e-006 -3.11311420323696e-007 
1.05918264608044e+007 1.48200023076925e+007 -3.12871519627511e+005 -8.23703498771632e+004 -2.67878772572771e+003 1.42001777168821e+002 2.30378296317079e+001 1.04916769867801e+000 -4.55138834917511e-002 -9.98993893622795e-003 -5.55338285788090e-004 1.70087264352161e-005 5.14990945116007e-006 3.36123662437423e-007 
5.33689101348571e+005 8.58455026526739e+006 -1.60498422943812e+004 -4.26563068944327e+004 -1.90122962261362e+003 4.06831807311382e+001 1.18770028688761e+001 7.11460371633000e-001 -9.79626200393174e-003 -5.04197943330391e-003 -3.62318989439668e-004 1.58807203184675e-006 2.53984938380169e-006 2.11835659744117e-007 
2.43478775188820e+007 -1.70276904555049e+007 -9.91642207283399e+005 9.78642347690784e+004 7.04842635826319e+003 -3.53180785571027e+002 -5.41977075079291e+001 7.90861079381765e-001 4.32046766901580e-001 7.74277302041161e-003 -3.33021058857287e-003 -1.78669040090897e-004 2.33184388349896e-005 2.43715484696321e-006 
3.43628324721371e+007 8.06622330401710e+006 -1.35791485712161e+006 -7.02770564417963e+004 5.64606482413856e+003 5.27879086610241e+002 -1.96570681302990e+001 -4.26875078405332e+000 1.21597081692193e-002 3.42916924242426e-002 1.03591095635134e-003 -2.59715112412508e-004 -1.79574512530129e-005 1.73309700549517e-006 
1.57059737058048e+007 6.07550823314126e+006 -6.22434768932174e+005 -4.76911903711263e+004 2.28452344108276e+003 3.18603957183294e+002 -4.87666234607823e+000 -2.36216477283421e+000 -3.83295716332083e-002 1.75132801738297e-002 8.98829309438989e-004 -1.20187609741602e-004 -1.20110776083780e-005 6.72864397257829e-007 
6.45257376097975e+007 1.89774322778852e+007 -8.05282175186586e+005 -3.88652311556981e+004 8.10901284815832e+002 2.23080497590205e+001 -2.89564941527880e-001 -4.37628641751792e-003 2.27712122060329e-005 -2.43562703358520e-007 
-7.58759129884355e+007 1.36472711095175e+007 9.45717835724232e+005 -2.80470048612397e+004 -9.46285157382038e+002 1.62997449016750e+001 3.28463141279132e-001 -3.43123728996056e-003 -1.64024945536540e-005 -2.94991001423043e-007 
-3.82645626615539e+007 4.93805694526030e+006 4.76401148595470e+005 -1.01566341199488e+004 -4.77011695627393e+002 5.92000477021858e+000 1.66125699065048e-001 -1.26533281763968e-003 -9.91327622084323e-006 -2.21933146211255e-008 
9.47378438081496e+007 1.09214627238562e+007 -1.18042877243119e+006 -2.27394195423753e+004 1.17802569324335e+003 1.39607196272202e+001 -4.03432517326841e-001 -3.79336560321085e-003 1.75218067890096e-005 3.41734712582512e-007 
-4.22451179307575e+007 1.96367590004804e+007 5.30363305138936e+005 -4.01852742159868e+004 -5.49632331765453e+002 2.29501219453562e+001 2.21587586795593e-001 -4.33736602329706e-003 -4.13137576771023e-005 -7.55419820878156e-007 
-2.50479977652604e+007 8.14234371637738e+006 3.13302739431829e+005 -1.66377454937155e+004 -3.21818528533927e+002 9.44032288757006e+000 1.25213549259261e-001 -1.71095655849680e-003 -1.96655512094972e-005 -3.68357762122702e-007 
-1.31896381577873e+008 9.49537607437538e+006 6.15765487656772e+005 -8.08741099074136e+003 -2.23825536995337e+002 2.43515983441191e+000 2.17373258697605e-002 -9.21713628953158e-004 4.77657073976619e-005 2.51590162427829e-005 -2.53814776837805e-006 -1.05371310411864e-006 1.56252023207735e-007 
-6.50533543250069e+007 -1.66272323960264e+007 3.07895436998760e+005 1.26258823520248e+004 -1.39491436509439e+002 -2.49012761925375e+000 3.08363090683062e-002 -7.84802083382567e-006 7.43981820783182e-005 3.00869823979647e-006 -3.75402579033394e-006 -5.62260520460319e-008 1.51568599930719e-007 
-2.82055056490187e+007 -7.20921421237641e+006 1.33500335940060e+005 5.47437697450044e+003 -6.04816908939175e+001 -1.08006359946244e+000 1.32820179072829e-002 3.44689212137404e-005 3.89510434107349e-005 -1.03013790226666e-006 -1.96471459607091e-006 9.20585416730022e-008 7.63224416578571e-008 
-1.08327260308044e+008 1.39762855384996e+007 4.98915759007473e+005 -1.12549541385179e+004 -1.70847023003048e+002 2.82669418308057e+000 1.02102215484617e-002 -5.54906818324527e-004 2.97998503297256e-005 3.81676532207991e-006 9.10264179771085e-008 1.79020817482444e-007 -2.64277031952571e-008 
-9.53939801902444e+007 -1.35994840958861e+007 4.44505852667366e+005 1.00372629751266e+004 -1.81602953151280e+002 -1.72506719360784e+000 3.00948984175777e-002 -7.63516872676335e-005 3.77612848305038e-005 1.47111773898535e-006 1.06603288662417e-007 -3.39178387592667e-008 -5.82520390600778e-008 
-4.13605261164008e+007 -5.89641710913458e+006 1.92732267794286e+005 4.35197759776464e+003 -7.87412566538313e+001 -7.48354058779673e-001 1.30699357238580e-002 -4.03372274294348e-006 1.56933948519719e-005 -1.65943105013810e-007 3.41101881332418e-008 -2.84497630384993e-008 -2.50805812220140e-008 
-3.07499998114630e+007 -3.18719924541248e+007 1.42383410533280e+005 2.43846824364698e+004 -2.55744652454408e+002 -1.14378277434350e+000 9.99614749071349e-002 -2.76793126474413e-003 2.87942841367956e-005 8.64659031439760e-007 2.37276197642675e-007 
2.13401230617575e+008 -1.60784752202716e+006 -1.01073180176212e+006 6.93759907504347e+003 2.98478626341115e+002 -5.66513284462839e+000 7.53628562600429e-002 4.30042869066047e-004 -3.93305256878920e-005 1.71678708423605e-006 -8.10384237066584e-008 
9.86807621425714e+007 1.25676334542391e+005 -4.67438838515112e+005 2.52203492075355e+003 1.43823028054722e+002 -2.56740857155324e+000 3.18650948189868e-002 2.71629173969855e-004 -1.92368481024468e-005 6.57959643856553e-007 -5.18985327765834e-008 
7.31367107732509e+008 -3.01845956805305e+006 -1.14031329126807e+005 7.04146479481956e+001 1.70147041710997e+000 -5.00305361920801e-004 -1.74682997360524e-005 -3.51645597981050e-007 
1.11904460391475e+008 1.71469131289108e+007 -1.73421514127284e+004 -4.46768690210299e+002 2.11071267570518e-001 5.02216193656125e-003 -2.20179602842229e-006 -4.27936244513238e-008 
3.01355460925573e+007 7.42355991273907e+006 -4.65499990040548e+003 -1.93221822098776e+002 4.90192024227513e-002 2.16539564268396e-003 -6.22209390749118e-007 -8.07936323835160e-009 
-3.44557042200082e+008 1.22762489453938e+007 6.47465625583353e+003 -3.89028766321518e+001 -4.82231533731060e-003 2.16080713765592e-005 -5.35148971323716e-008 
-1.35374842688653e+009 -2.68094263002465e+006 2.54690424577852e+004 6.79714955462853e+000 -3.45247273417577e-002 1.98456671536694e-006 -1.36998934901549e-007 
-5.44277704472238e+008 -1.63517715311520e+006 1.02400440479952e+004 4.47956951174051e+000 -1.40485223868374e-002 -1.17125584027300e-007 -4.90978190720402e-008 
-2.85085589207924e+008 9.29694494729968e+006 7.62657664252058e+002 -4.20608694536538e+000 3.42857831224368e-004 5.41294492077832e-007 
-2.61955641874780e+009 -1.20975610391430e+006 7.01873875236590e+003 5.78664766485043e-003 -1.57625000941779e-003 1.72165663079287e-007 
-1.14325567373671e+009 -6.61450126656757e+005 3.06351788743165e+003 6.20871894690978e-002 -6.96983432291486e-004 6.28312114705890e-008 
5.05263106840108e+008 7.41836216789746e+006 -3.47300226936063e+002 -8.51152828458196e-001 1.57500384981856e-005 4.90736836221886e-008 
-4.15488032756139e+009 8.83376522886944e+005 2.85194530881717e+003 -8.38831009395054e-002 -1.55141286773370e-004 -1.27317601492678e-008 
-1.71320158531016e+009 1.76930356497293e+005 1.17593495438841e+003 -1.31916114067923e-002 -6.39932255762324e-005 -6.45232036499962e-009 
-3.32543879271964e+009 5.22344425569304e+006 2.40961632493348e+003 -5.81673941711623e-001 -2.72561308048169e-004 3.73574145694632e-008 
-2.94312016053458e+009 -5.72575862948303e+006 2.13234560015907e+003 7.34484200059539e-001 -2.05777785817706e-004 -1.06588935386326e-007 
8.34726979691830e+007 -3.36056151351322e+006 -6.06826360678557e+001 4.04597119878819e-001 1.85753000999509e-005 -4.08459956513097e-008 
-3.57868769045540e+005 3.60217777309153e+004 1.97761753195916e+004 -1.03761145557637e+002 -9.63393866137970e+001 -2.38674874381062e+000 2.30390522107082e-001 2.19611245534887e-002 -2.57842329014901e-004 -1.24311683591640e-004 -3.07440245368920e-006 5.98391860629524e-007 4.21276760554031e-008 
-5.21404223612963e+004 -1.48870804335174e+005 2.90863253122981e+003 1.39166970478143e+003 1.00767543047608e+001 -4.41764508410835e+000 -2.23321016740694e-001 8.52117654564542e-003 1.48761680407443e-003 8.52958554088501e-006 -7.76478506165215e-006 -3.45460080665348e-007 3.35420651039635e-008 
-2.08103534039021e+004 -8.19366704423220e+004 1.17153582080700e+003 7.61272666032958e+002 7.49401714459851e+000 -2.36089008790651e+000 -1.26570268367214e-001 4.19241236698823e-003 8.16759626215369e-004 7.24249356836743e-006 -4.17095318146876e-006 -2.00897271331067e-007 1.74146763430982e-008 
-1.50728798479065e+005 1.62164239484792e+005 9.10185915554049e+003 -1.58350113682441e+003 -5.95142836776905e+001 6.11725254239491e+000 2.34133544921057e-001 -2.45384470474652e-002 -6.31001130164891e-004 1.43365885118784e-004 2.41674897610083e-007 -9.40902754907226e-007 1.50053537023572e-008 
-2.76965550099367e+005 -6.39274891344499e+004 1.71348504044255e+004 7.14401701493033e+002 -9.15684447082161e+001 -3.38895264162514e+000 3.25837838905186e-001 1.11766600720020e-002 -1.60014039354281e-003 -1.97954122715236e-005 1.01865019665714e-005 -8.78587401171964e-008 -6.61615245834260e-008 
-1.47751312881472e+005 -3.82585799696140e+004 9.15255286409130e+003 4.22442724909151e+002 -4.87218877066862e+001 -1.97537971952050e+000 1.72939288957336e-001 6.60874498241671e-003 -8.59755516501809e-004 -1.37962463053146e-005 5.55077040307957e-006 -2.82633368094558e-008 -3.63969364435940e-008 
1.81493120729214e+005 1.52918913759160e+005 -1.12124773227468e+004 -1.47636468186405e+003 6.74386165056198e+001 4.68848526897296e+000 -2.38068416934438e-001 -4.18351558375780e-003 4.74868516175367e-004 -4.82869068109586e-005 1.79958753244878e-006 3.50596448323150e-007 -2.51107103111636e-008 
-2.59740079810592e+005 8.02892561307507e+004 1.61224718283564e+004 -8.52887497242890e+002 -8.09140532149839e+001 3.69476117718701e+000 1.65441734502859e-001 -1.06448070406315e-002 2.30422456971954e-004 3.17005070117984e-006 -4.09870928032343e-006 2.30759791857394e-007 1.81324010022711e-008 
-1.45341255348336e+005 4.05517304865942e+004 9.02019927638849e+003 -4.34713143045179e+002 -4.55235075829289e+001 1.91998277732296e+000 9.52199548845360e-002 -5.72589866909376e-003 1.15593010435951e-004 2.75358669752096e-006 -2.27198339996561e-006 1.18529677841802e-007 1.04096695741812e-008 
3.57831351347669e+005 1.56870669597777e+004 -2.04291960727330e+004 2.09083555534282e+001 9.96542725648559e+001 -1.48676538709140e+000 -2.38122621901652e-001 5.68394631298178e-003 5.83148888844713e-004 8.88793114913825e-006 -3.10325372672407e-006 -1.45088824187081e-007 1.97843449704837e-008 
-1.38219686923426e+004 1.52880977208573e+005 1.00614537880127e+003 -1.43197107005409e+003 1.11093503729074e+001 4.49421116125543e+000 -9.90416946073750e-002 -9.64711128690700e-003 1.26146388677436e-004 3.43901672746313e-005 1.36485627992557e-006 -2.24952143719468e-007 -9.18073582498074e-009 
-1.50552420511811e+004 8.29418394995604e+004 9.66843613124185e+002 -7.81176559184049e+002 4.03546210340572e+000 2.48295434326366e+000 -4.91920509910782e-002 -5.38029504224108e-003 5.71285125292975e-005 1.85644363100082e-005 8.06836887044763e-007 -1.19652297603269e-007 -5.40895500772092e-009 
2.43187188322989e+005 -1.23505457000201e+005 -1.23689178843710e+004 1.15408285234712e+003 3.46224077089811e+001 -3.73996801188707e+000 6.88804061935444e-002 9.03237601904891e-003 -5.87569416988671e-004 -2.21530726735914e-005 2.80724698598543e-006 2.12715208610556e-008 -1.47604439725170e-008 
2.51453805645839e+005 1.00838032056563e+005 -1.27624180074113e+004 -7.33512977354319e+002 6.23474165306048e+001 3.71095145811753e-001 -1.60487672036210e-001 6.96074936979192e-003 3.92860017105993e-004 -3.53129847055541e-005 -8.00514458652243e-007 1.79780606048375e-007 -1.71832470940463e-009 
1.31749177573587e+005 5.74241241742041e+004 -6.70230622381366e+003 -4.23027267702773e+002 3.33251906677999e+001 2.78831868751698e-001 -8.90138496635084e-002 3.60980090202207e-003 2.26160230782983e-004 -1.88058877838656e-005 -4.93480420603583e-007 9.75803142162293e-008 -6.36039649201940e-010 
-5.54912741817580e+004 -1.62484538732006e+005 2.76266524078627e+003 1.24460673971132e+003 -1.47925734990408e+001 -1.25632421166396e+000 6.26839914007442e-002 -6.74080247205093e-003 -1.72401348972029e-004 1.75222035748628e-005 -5.70231440177949e-007 5.79139331103853e-009 5.38994414465724e-009 
3.34875190323403e+005 -1.99261389749130e+004 -1.58020581035692e+004 1.91232782476617e+002 4.95741413835641e+001 -8.22926479490138e-001 4.02182577953789e-002 3.26905265524433e-003 -3.72209479526138e-004 -1.75520749222192e-006 3.65902963414783e-007 -6.39008980970965e-008 1.43829402344960e-009 
1.83229945032226e+005 -7.56318625633382e+003 -8.65962181750273e+003 7.98108044602717e+001 2.73440913766632e+001 -4.25949265502933e-001 2.04896438348840e-002 1.91729749755910e-003 -1.99416904675036e-004 -1.30473748179623e-006 2.12013120116539e-007 -3.49124834014257e-008 6.75348148888284e-010 
-3.15036600159505e+005 -8.63857304386706e+004 1.55253006857168e+004 8.19735639279644e+002 -4.12495282562259e+001 -2.13697724322166e+000 -1.20175527734535e-001 -2.84048301006763e-003 5.56448480670823e-004 4.08129748133658e-005 1.55975984882200e-006 -4.80523023622174e-008 -1.39828711961314e-008 
1.84816154718986e+005 -1.24535106423145e+005 -9.09585561436742e+003 9.11534031516755e+002 4.30277321282934e+001 -1.56144990108763e-001 -4.43521478804410e-002 -9.77031601411432e-003 -4.29598559075405e-004 7.76296997861728e-006 1.95110527413901e-006 1.75775586770108e-007 4.71503664465800e-009 
1.06815052424142e+005 -6.60090414801488e+004 -5.25372472592536e+003 4.80727771102096e+002 2.42150759933789e+001 -4.84561175612050e-002 -2.18367558006343e-002 -5.25547495372007e-003 -2.44212466344371e-004 3.46073703825069e-006 1.03105545213308e-006 9.64601554258151e-008 2.82957530105992e-009 
-3.43113740062725e+005 6.17569148234413e+004 1.95389531769150e+004 -3.10820572928861e+002 -1.02714657240972e+002 -2.56811720753665e+000 2.54627049088703e-001 3.06116049979946e-002 3.07737639479798e-004 -1.69155959703589e-004 -1.15960199732687e-005 4.21038606302768e-007 1.04881627631554e-007 
-9.48427975817751e+004 -1.42997317492126e+005 5.38478845813561e+003 1.40766254229260e+003 3.26926180216161e+000 -4.92102345157695e+000 -2.87575705720410e-001 6.82951829479634e-003 2.13713373978292e-003 7.75200019836059e-005 -8.91429848372233e-006 -1.03936895124531e-006 -1.44828434169606e-009 
-4.46602635920881e+004 -7.89307334153258e+004 2.55242956486435e+003 7.71901267253209e+002 3.68829382616493e+000 -2.62998252811172e+000 -1.61088891106566e-001 3.13795738980612e-003 1.15624585294374e-003 4.53494984702750e-005 -4.62752230975665e-006 -5.73092921254359e-007 -2.77563413974776e-009 
-6.12433336778005e+005 -8.87397733416555e+002 2.74182972598752e+001 1.66966322476561e-001 -3.04142667891547e-004 -2.35230082531007e-004 -4.21225940260794e-005 -5.02782867800557e-006 -3.66853719355973e-007 3.73294405897222e-009 4.73889609238588e-009 
6.16720656696800e+005 -7.79454600250630e+003 -1.64348434177856e+000 1.12741015866553e-001 6.93175110802491e-003 3.33705099518963e-004 1.71286535109231e-005 -1.14953699218160e-006 -4.06086626931352e-007 -5.69058778898007e-008 -4.97473198502462e-009 
2.68449704200602e+005 -3.29382737226940e+003 -1.58945674918343e+000 4.11869193453665e-002 3.48040776573454e-003 2.02290341968233e-004 1.36184041720424e-005 -9.24923310493524e-008 -1.78871138411234e-007 -3.06498258164246e-008 -3.15913297779525e-009 
-6.13983109171783e+005 -6.61075216528690e+002 2.89339139084490e+001 2.97505310895312e-002 -2.11284458443451e-002 -8.25423424823057e-004 3.14131172729811e-004 5.35731011963378e-005 -1.87574163163711e-006 -1.63644728132536e-006 -1.39909317817542e-007 
6.01124303048305e+005 -7.80000417607210e+003 5.14017533992480e-001 2.36167802219983e-001 5.68304495533781e-005 -2.32797583766212e-003 -2.04018302708022e-004 3.14062776686340e-005 8.82427819073573e-006 1.54810677638266e-007 -2.24412775082954e-007 
2.61851775402171e+005 -3.30331020860303e+003 -6.38987443621396e-001 1.17361480986235e-001 1.98492510984831e-003 -1.15587878505231e-003 -1.41473454558100e-004 1.12167387208332e-005 4.90800148553318e-006 2.52557816960580e-007 -1.05363075469256e-007 
-2.01398809305605e-005 -5.52558178836276e-007 9.13455180932409e-007 1.18675735040309e-007 -7.60130183597695e-008 -1.16728336154697e-008 2.95277716038982e-009 6.29353265140021e-010 -8.50786979419199e-011 -2.39576960889811e-011 
4.52369705515494e-005 -9.12657853597019e-007 -1.37663257777659e-007 1.28773591404987e-007 1.90867174409851e-008 -6.86879733444666e-009 -1.28986181497688e-009 2.11102855151398e-010 5.53857992021085e-011 -5.60738368808137e-012 
-1.94153200652776e-005 -5.60569860869291e-007 -8.12523793121990e-007 1.55278561918262e-007 6.91813737149684e-008 -1.14311580303786e-008 -2.22737395267953e-009 3.99046341699607e-010 3.89858306180124e-011 -6.51079921926160e-012 
4.46979120671712e-005 3.25112259184144e-007 -1.83555402029044e-007 -1.23473859204496e-007 2.09643867514147e-008 6.22084865353486e-009 -1.01499626431090e-009 -1.44082017625039e-010 2.27137780680848e-011 1.63164980830278e-012 
-2.00579585331484e-005 1.05326578573343e-006 3.75136282529683e-007 -1.81143076827210e-007 -1.44242326377161e-008 7.50561316312290e-009 -4.64522355215024e-010 -1.22800916357363e-010 3.69610683619460e-011 1.22854931291618e-012 
4.38277550886778e-005 -7.17483988222785e-007 2.61158856255960e-007 4.66185406816168e-008 -1.85107975047969e-008 -3.45974193468867e-010 3.65531425039110e-010 -6.03840075756664e-011 7.18249272995375e-012 2.09941629510009e-012 
-1.96295385413086e-005 -1.15722772364570e-006 -1.60108537604484e-007 2.26026592300944e-007 3.71795401451622e-008 -4.80784388124881e-009 -2.02891902645505e-009 -3.19087453818429e-010 2.39474573025548e-011 2.28471837939385e-011 
4.34895359616668e-005 -1.67262260613012e-007 -3.25013985398749e-007 -5.26809741138891e-008 1.93004460442218e-008 4.51936281823782e-009 1.45801472848440e-010 -1.60917682069493e-010 -4.57246947689912e-011 1.13366025075213e-012 
-1.43732054274036e-002 5.53920959653686e-004 -1.14808208468572e-006 -2.20025660802180e-005 5.72072694644888e-006 1.00611777731157e-006 -2.20531402327700e-007 -3.60793880816506e-008 4.23848628203918e-009 1.03950108718066e-009 
3.82797872227211e-001 4.98604661096896e-005 -3.28882734528413e-005 6.34965200635029e-006 1.78813826672097e-006 -4.80089747941728e-007 -7.27293764102316e-008 1.22335920693251e-008 2.31555335473599e-009 -1.97880773172796e-010 
1.49612291796539e+003 9.19338808662911e-001 -1.06445076474730e-005 2.12857516688541e-005 -5.02771630832592e-006 -9.42310460910742e-007 1.99650496817742e-007 3.35197704434507e-008 -3.82394544885595e-009 -9.64425235244687e-010 
-1.32563913344427e-002 6.14723260903706e-004 2.18721121561451e-005 -2.03915046517593e-005 -6.63839111361927e-006 7.33641540303510e-007 2.46240720979784e-007 -2.18979144917511e-008 -4.32911744443822e-009 4.02319622257757e-010 
3.82779133165701e-001 -6.93686739976678e-005 -3.48395982812474e-005 -7.90624176450567e-006 1.44790508771594e-006 5.37283759296404e-007 -4.95262753204751e-008 -1.31356296304119e-008 1.20060335199622e-009 1.72187485541884e-010 
1.49796155607701e+003 9.19269300651199e-001 -1.13801459705185e-005 2.01225741734547e-005 5.95387213441900e-006 -6.88449498456478e-007 -2.26447350103495e-007 2.02522999334835e-008 4.01892366274801e-009 -3.73538842870655e-010 
-1.27281245390949e-002 -2.26589964115036e-004 -1.17024408159250e-004 3.33006893931273e-005 5.06057057137303e-006 -1.02333009566631e-006 -7.73520366494931e-008 1.84129956543267e-008 -4.43506409644360e-010 -1.80804603404513e-010 
3.82479221359091e-001 -1.47517565446391e-004 5.42337137610909e-005 1.00327855220174e-005 -2.31826621724024e-006 -2.68728827990218e-007 5.45527585637415e-008 1.51152487515626e-009 -7.38273090615573e-010 6.69573852953886e-011 
1.49980082367666e+003 9.20124824716212e-001 1.13614669078040e-004 -3.23513784129609e-005 -4.76419873935341e-006 9.59341238707224e-007 7.11449542384957e-008 -1.71079129360652e-008 4.26693187022035e-010 1.68316027469725e-010 
-1.29029855038079e-002 2.78760360616865e-004 1.31775658403416e-004 -2.13994993390263e-005 -5.11348852156300e-006 9.39633055280339e-007 1.59681631436395e-007 -6.41526172467100e-009 -3.22724072828504e-009 -4.13754424231630e-010 
3.82552831045225e-001 1.51343108418419e-004 -1.95785635900161e-005 -9.86252572501559e-006 2.04486350955933e-006 3.43971840865647e-007 -4.29543091764644e-008 -9.34794122300529e-009 -3.74389247744747e-010 1.19002145670099e-010 
1.50164079526965e+003 9.19620471330971e-001 -1.35583851586229e-004 1.88282909787364e-005 4.93702672020436e-006 -8.40810448852579e-007 -1.46554606555347e-007 5.52740750524795e-009 2.89081760127571e-009 3.79588506120605e-010 
