-5.67358588723122e+007 -4.22278470376191e+006 1.18560888846934e+006 -2.02710260773884e+004 -1.48262736940990e+003 1.47260506011985e+002 -7.82667984489139e+000 1.46437344579865e-001 1.66475114376588e-002 -2.12882745839568e-003 1.29234915109185e-004 -2.99143793464547e-006 -2.94647842899477e-007 4.24861948979582e-008 
-7.40868177300455e+005 -1.42536988113582e+007 -6.89543585037886e+003 5.01300939087411e+004 -2.21059217479742e+003 4.13748856566156e+001 3.65235884979057e+000 -4.64245387053349e-001 2.75534005005917e-002 -6.57375726986379e-004 -5.49715941533939e-005 8.11804613327496e-006 -5.36179096422511e-007 1.50140106154999e-008 
5.49679004037282e+006 -7.17653639742849e+006 -1.26528788575334e+005 2.88808325660088e+004 -1.02732091208415e+003 6.84505865977412e+000 2.76211317924804e+000 -2.63181891378103e-001 1.29946548084458e-002 -1.30607204009984e-004 -4.27574139030714e-005 4.64677317882938e-006 -2.55907905336217e-007 3.61870921501463e-009 
-5.66402129902883e+007 4.05239984892584e+006 8.69181467828185e+005 -2.87798042874070e+004 3.12152731362194e+001 2.57232118728975e+001 -2.53281413862568e+000 1.33155219098638e-001 -5.06630290851250e-003 7.83966674107284e-005 7.03879851180305e-006 -8.49625892161994e-007 5.59223021522001e-008 -2.53529779561336e-009 
-2.77716991103506e+007 -1.24258946930898e+007 4.16689314140389e+005 2.31793840827659e+004 -1.15621311966258e+003 4.64330290936371e+001 -1.21706447648872e+000 -1.32227442384675e-002 3.94048619244244e-003 -3.09217894005266e-004 1.59954851803633e-005 -5.45012628291823e-007 1.96079753287282e-009 1.44819100789897e-009 
-8.95245715370496e+006 -7.05750845544340e+006 1.32544695044561e+005 1.53648637794653e+004 -6.20905939240370e+002 2.21401523712392e+001 -3.87745280369473e-001 -2.08605596260824e-002 2.63002338200828e-003 -1.73313222694619e-004 7.81578505737452e-006 -2.03123494137629e-007 -4.74682311946397e-009 1.03634368649617e-009 
-4.26542155182578e+007 9.65565400032237e+006 5.35861697347335e+005 -2.64868199599653e+004 1.59348075949200e+002 -5.26087713788868e+000 -5.20417058025132e-001 2.95598048924582e-002 -1.61349962105553e-003 6.50874164042848e-005 -1.96837983776079e-006 3.48611565859980e-008 1.48474980593126e-009 -1.76353093358748e-010 
-4.85910844926299e+007 -8.23392475430210e+006 6.09407423623635e+005 1.05558346184066e+004 -5.06974574182948e+002 2.01154392183857e+001 -8.53987361133355e-001 1.83048026292983e-002 -3.43530805453642e-004 -2.13755491265594e-005 1.84174110260187e-006 -1.15610104065962e-007 5.22531021595103e-009 -1.90218760814034e-010 
-2.15226558053589e+007 -5.39864816827131e+006 2.70034994045993e+005 8.38353268422198e+003 -2.87346361003912e+002 1.12911586271168e+001 -4.02294406600779e-001 6.71597980694245e-003 -1.63401852156893e-005 -1.81631872986679e-005 1.18784527700891e-006 -6.53732756570443e-008 2.63762261449605e-009 -8.33459925536262e-011 
-2.00393206130404e+007 1.27031700165193e+007 2.28214078616228e+005 -2.52581148651707e+004 -2.64007766482534e+001 -1.19468587192754e+001 -1.51812161267014e-001 3.66342573593226e-003 -2.63549547056263e-004 2.12197271568764e-005 -2.89561198555175e-007 3.25929678913311e-008 -8.22729474902388e-011 2.36968429146616e-011 
-5.98638318868291e+007 -2.96578812331350e+006 6.97486469783958e+005 4.69539634640052e+003 -2.76297170637078e+002 4.14284555785811e+000 -5.50714355961477e-001 2.51996569500988e-003 -5.43859895309387e-004 -1.94931667931569e-006 -1.50850890675082e-007 -9.88861499284349e-009 6.54300036953765e-010 -1.84589443307104e-011 
-2.98869218312060e+007 -2.90006891805981e+006 3.48965075336307e+005 5.12546127287243e+003 -1.44867886935781e+002 3.45104514879380e+000 -2.78472640910393e-001 9.66630085268985e-004 -2.63233322812505e-004 -3.24002048285776e-006 -5.05850059816632e-008 -8.65976911960019e-009 3.58064561882529e-010 -1.23164403773393e-011 
4.39525389123275e+007 -2.19145467926356e+007 -5.67764162850616e+005 4.58281614754221e+004 6.50124729147459e+002 -2.86007099251938e+001 -3.68090260009317e-001 8.25798890308851e-003 1.71023069290060e-004 -1.06223454025293e-006 
8.86078158853054e+007 8.58112226068364e+006 -1.13535945704504e+006 -1.88933964370848e+004 1.18576350005323e+003 1.41813570857077e+001 -4.92145480414090e-001 -7.07096010201514e-003 1.00407373575349e-004 3.28493813263907e-006 
3.70820498792727e+007 5.24811972718777e+006 -4.74998186000482e+005 -1.14013668456180e+004 4.92480303060206e+002 8.19105598309672e+000 -1.98238211729015e-001 -3.69922056018815e-003 3.42265592709389e-005 1.52143645842503e-006 
-2.58273235672837e+006 -2.41262326183125e+007 2.43946865075347e+004 5.12631527915632e+004 1.14730648569375e+001 -3.40967157152674e+001 -6.99263768171874e-002 1.25657052663600e-002 8.11866936807961e-005 -3.87065287085870e-006 
9.62083007642173e+007 -1.06902539640064e+006 -1.24113122606962e+006 1.64667828165156e+003 1.33757161800628e+003 4.63926739788387e-001 -6.27988584827629e-001 -2.08033935315483e-003 2.03600280208969e-004 1.98044090948717e-006 
4.34466578904354e+007 1.04543069871990e+006 -5.60057165538756e+005 -2.50194641754217e+003 6.01192346169234e+002 2.36551660601794e+000 -2.78168313968255e-001 -1.73087894374769e-003 8.64370916899978e-005 1.14042465114914e-006 
9.16117247767908e+007 -1.63374190179917e+007 -4.52431310765278e+005 1.29110416448657e+004 2.07853676321459e+002 -3.02111289528045e+000 -5.32091972290570e-002 3.87078933994758e-004 4.99798934458969e-005 -2.14839859775975e-006 -3.31267672270681e-007 4.73023442377600e-008 -1.87238174277813e-008 
1.04684538019961e+008 1.17295282352807e+007 -5.16382319870344e+005 -1.00395130273825e+004 2.03341991532461e+002 3.12891580724317e+000 -3.04215905959754e-002 -4.73153402236882e-004 7.70985620259837e-006 -5.45288342116255e-006 -1.88408186379292e-007 -2.62623616092691e-008 -2.34828470931289e-008 
4.53976589337832e+007 5.08426363038179e+006 -2.23826957078751e+005 -4.35167828269651e+003 8.81322517768877e+001 1.35611214036613e+000 -1.32577255712037e-002 -1.92832517028362e-004 8.74590396310996e-006 -2.76137107129785e-006 -1.82976053436639e-007 -6.45782868455532e-009 -1.18284846285520e-008 
5.58446675948244e+007 -1.92856217052189e+007 -2.79750116207663e+005 1.56888010573686e+004 1.35787562942835e+002 -4.14008669331630e+000 -4.00468543431258e-002 9.72253173028602e-004 3.64838132185355e-005 -2.18701237613838e-005 1.73637277695544e-006 1.09970480860942e-006 -3.21565279491160e-007 
1.23673031734771e+008 7.17635185040873e+006 -6.15415082515974e+005 -6.33118131660282e+003 2.57090821973314e+002 2.16338534014516e+000 -4.84189275466242e-002 -2.40779314900212e-004 -8.08234916942545e-005 -1.14233352958039e-005 6.65406390318716e-006 -4.12275697481765e-007 -3.93469973709390e-007 
5.36284092895715e+007 3.11067685566658e+006 -2.66753885453924e+005 -2.74438009963660e+003 1.11433605550035e+002 9.37485165954665e-001 -2.09794732540042e-002 -5.92710751617552e-005 -3.88905602489528e-005 -7.46493961841709e-006 3.42495375419539e-006 -1.09548009157851e-007 -2.19381225804590e-007 
-2.43009779320477e+008 5.65765443657041e+006 1.04115755085925e+006 -5.91680661434183e+002 -2.91919077950434e+002 -2.61100151229426e+000 -4.53258780977829e-002 1.86435576175577e-004 2.00154367414209e-005 5.76065494064680e-007 -2.10581197737798e-007 
-3.22382046875713e+007 -2.74846137732828e+007 1.36134961755161e+005 2.00967196049373e+004 6.20812024387755e+001 -1.17130356761566e+000 -4.19729463393398e-002 -1.19472411224913e-003 -9.48253896310468e-006 -6.69699274816690e-007 4.77468197032276e-008 
-8.21754940525004e+006 -1.27588359070321e+007 3.43802098856856e+004 9.23396950869409e+003 3.63435356510255e+001 -4.66841493530617e-001 -1.80373960439629e-002 -5.53666748350335e-004 -4.39604862510645e-006 -3.75889051674243e-007 1.21522193691003e-008 
7.20638835763976e+008 -4.30434669198393e+006 -1.12462949671106e+005 1.10608309617185e+002 1.67464218949738e+000 -1.21144277019431e-003 -1.54801042629650e-005 4.77660069066633e-008 
1.60058727090735e+008 1.69054603996970e+007 -2.50514631943387e+004 -4.39938118397640e+002 3.64120243673571e-001 4.93523644931591e-003 -2.86234666543864e-006 -1.30348075956508e-007 
5.10665900058858e+007 7.35077956565229e+006 -8.00031155038935e+003 -1.91260357041881e+002 1.15305353966232e-001 2.14508959519847e-003 -8.07874291381020e-007 -5.91042324421001e-008 
-6.61686217993234e+008 -1.23773702019813e+007 1.68121956181931e+004 5.04220063002329e+001 -5.01624283654419e-002 -8.22452445877518e-005 1.87025985970907e-007 
1.08369138493059e+009 -6.24675039991506e+006 -2.75627064250207e+004 2.98315761841996e+001 6.18759655078382e-002 -7.01787191557555e-005 7.67024027786264e-008 
4.76118418436931e+008 -2.04711307150956e+006 -1.21092110675151e+004 1.01503520035033e+001 2.77245302853790e-002 -2.55391391350889e-005 2.05040886917258e-008 
-3.73492176007493e+008 -9.40112035120103e+006 1.04829660149339e+003 4.48910240823346e+000 2.80782663735529e-004 -7.11265055226745e-007 
2.56409206406726e+009 -1.59261668235049e+006 -7.21187592005467e+003 2.07921642523777e-001 1.77158700284337e-003 2.63666940232068e-007 
1.12827424050755e+009 -5.64644030609120e+005 -3.17341683801924e+003 2.78897038813203e-002 7.70718486832473e-004 1.20983776134365e-007 
4.17331551304928e+009 -2.70251010825633e+006 -2.98044105266250e+003 3.11621893189154e-001 1.93476474078837e-004 1.11413181159480e-008 
1.49725883948148e+009 6.52354154236268e+006 -1.06941173122190e+003 -7.79006134467718e-001 6.87049635045109e-005 -7.40484639995888e-009 
5.08936098130301e+008 2.73740011682518e+006 -3.63513453243020e+002 -3.26586638234685e-001 2.32755762315993e-005 -4.45764912078763e-009 
4.08937662367351e+009 5.41474600052356e+006 -1.44707019049304e+003 -1.03396279972084e-001 7.65718098803714e-005 -1.56127474546040e-008 
-3.18346465552593e+009 4.20034172122362e+006 1.12652133441662e+003 -4.16035347025798e-001 4.90825628999914e-005 1.77743073185801e-008 
-2.22557892091110e+009 -3.20640420627303e+005 7.87571397641151e+002 -9.87799086004991e-002 -8.04948130601904e-006 1.56980254331771e-008 
-3.73928306535914e+005 2.81563101938810e+004 1.80464828965299e+004 -3.58322631322619e+002 -6.04949946484720e+001 1.40130276494565e+000 1.48292246311898e-002 9.94618772367319e-004 -1.95103705386069e-005 -1.84286364590700e-005 1.20924890670829e-006 7.78644669885399e-009 -1.57551579161393e-009 
-7.55359885754312e+004 -1.55154542153719e+005 3.43215356401546e+003 1.20473823754938e+003 -2.42532058856889e+001 -1.71859658567830e+000 4.06098420880550e-002 -1.10438676108311e-003 2.34979645748917e-004 -1.18364269617961e-005 -7.16097121972328e-007 6.28323986998417e-008 -1.01151033423537e-009 
-2.04538740768806e+004 -5.18617543584413e+004 8.92996370531436e+002 4.03282954864058e+002 -7.14349854390779e+000 -5.83983754648925e-001 1.30189499083794e-002 -3.80043563990380e-004 7.82032440161627e-005 -3.67877011711345e-006 -2.52636617155004e-007 2.06163918320444e-008 -3.12379565292323e-010 
-1.96976470548459e+005 1.41154229574800e+005 8.93883789215536e+003 -1.07910588962132e+003 -2.84242237290457e+001 1.73298003005469e+000 -2.09778979445073e-003 -1.61417882446668e-003 6.15164919223349e-005 1.42902470249279e-005 -6.08002924829457e-009 -4.19043411685713e-008 1.08574390862093e-009 
-3.18776733485035e+005 -7.87458306960842e+004 1.45929790084744e+004 5.93435250650098e+002 -4.89878681357724e+001 -7.35408871812851e-001 3.94085473706979e-002 -1.23435571330570e-003 -1.54404327343045e-004 1.07139550710930e-006 8.45919014804416e-007 -6.45359825852312e-009 -1.62883393440087e-009 
-1.03598426623500e+005 -2.80845373515855e+004 4.71435288602848e+003 2.12067316496340e+002 -1.57417603171484e+001 -2.68397534008151e-001 1.28508085126553e-002 -3.87303457592933e-004 -5.21041643427246e-005 1.49514883533519e-007 2.80206866560290e-007 -1.52560590413680e-009 -5.52346976992431e-010 
1.12079027763688e+005 1.55712270932200e+005 -5.62445093873535e+003 -1.26521857342418e+003 5.00287585422608e+000 1.76712809532372e+000 4.16109254314077e-002 5.95488716417707e-003 2.70344269919736e-004 -9.93556108735446e-006 -1.35772389530987e-006 -7.48621897526027e-008 -4.65337637657661e-009 
-3.46961476113117e+005 5.22831606950138e+004 1.66414044620827e+004 -2.75901211785835e+002 -5.90065074465042e+001 -5.20293334872554e-001 -1.82830103034184e-002 -1.15262347578800e-004 3.63606408159599e-004 2.52905912326261e-005 4.92391160569324e-007 -1.17272480381665e-008 -3.37483951306023e-009 
-1.17234873540986e+005 1.51989826567788e+004 5.60841639658507e+003 -7.23005564163320e+001 -1.95995570165251e+001 -2.04003691477798e-001 -6.95415385878723e-003 -1.25137683805143e-004 1.16899319128001e-004 8.56628612766641e-006 1.85914276025501e-007 -2.69292937490461e-009 -1.05406106208177e-009 
3.33579342770797e+005 5.47078714528583e+004 -1.88072569882226e+004 -7.83452993680926e+002 6.54485570516489e+001 4.82884084386096e+000 1.52046815714089e-001 -9.77312145766235e-003 -1.95457940697490e-003 -1.05511879653359e-004 2.84650876677044e-006 9.27552183494232e-007 6.76825254664270e-008 
-1.31619535064876e+005 1.55305533659550e+005 7.32389616000735e+003 -1.29332431806612e+003 -6.35996217809811e+001 1.15493288902133e+000 2.67182038431800e-001 2.17757733381660e-002 3.19302047159686e-004 -1.08907933663070e-004 -1.13180796663333e-005 -3.33989882008376e-007 4.49021789197132e-008 
-4.86989537886733e+004 5.09343278810374e+004 2.71878537020082e+003 -4.17307968917466e+002 -2.21735653283923e+001 3.02984098505988e-001 8.65657625022648e-002 7.41215894591200e-003 1.37093195814977e-004 -3.46073384477340e-005 -3.81427278556065e-006 -1.25826879067980e-007 1.38935396197225e-008 
2.80346746835039e+005 -1.07981531327186e+005 -1.87013794554826e+004 9.97162751472880e+002 1.35901434830495e+002 -2.10270741964902e+000 -8.42821534468335e-001 -1.93037790792949e-002 5.69256447995644e-003 3.86177077048922e-004 -3.40383986857520e-005 -4.86280477298841e-006 1.15837040064682e-007 
1.79341067430288e+005 1.39401718336219e+005 -1.19524207031123e+004 -1.62346170453908e+003 5.39227331424848e+001 9.98838500679681e+000 2.77837349503064e-002 -6.59270230715168e-002 -2.86099063891437e-003 4.32908636117596e-004 4.21240789348932e-005 -2.18864847974612e-006 -4.80142119864464e-007 
5.57581088609363e+004 4.81213967357491e+004 -3.68963163764385e+003 -5.55554182838467e+002 1.57527112460454e+001 3.35555627856753e+000 2.26851095756718e-002 -2.16436881881299e-002 -1.04220715275459e-003 1.38093783680459e-004 1.45616375358178e-005 -6.52632372126969e-007 -1.61715424630782e-007 
-2.74141583939131e+004 -1.82354743204781e+005 1.83591992280976e+003 1.95015822724675e+003 -4.21799228848022e+001 -9.24924291037788e+000 5.68987289478961e-001 3.75214610444619e-002 -5.95797366227173e-003 -5.63746783454918e-005 5.37934028031528e-005 -1.83196510557548e-006 -4.14629406634900e-007 
3.19460766611989e+005 -7.13170925964095e+003 -2.12097268372500e+004 2.88128559749816e+002 1.31886565275323e+002 -4.88712906306976e+000 -5.65988623652949e-001 5.66708437249557e-002 1.88633858034006e-003 -5.47053925786326e-004 7.04967695567288e-006 4.58756112217064e-006 -2.66148820711221e-007 
1.07247107858401e+005 4.80518029837994e+002 -7.09425837706235e+003 6.46673680924144e+001 4.44992062658876e+001 -1.47941070499369e+000 -1.97130416015424e-001 1.82773995234439e-002 7.21080987612735e-004 -1.81270614036567e-004 1.50634791394817e-006 1.55631421530557e-006 -8.21477288995965e-008 
-3.17386600523064e+005 -9.43477554603357e+004 1.76764905528618e+004 5.77986917899506e+002 -9.14352543800334e+001 2.01059982238507e+000 1.11141276263379e-001 -2.26279720049290e-002 1.46881175366815e-003 1.37772022358276e-005 -9.96095796440286e-006 8.25287677905193e-007 -1.20907600634120e-008 
1.65437183679726e+005 -1.36776073286351e+005 -9.32216547693588e+003 1.37019252692989e+003 8.67393532632460e+000 -4.10336703051664e+000 2.68491957361553e-001 -7.03585093001104e-003 -1.10571242134473e-003 1.37854691582380e-004 -5.31636480213146e-006 -3.72331062977926e-007 7.05599409594246e-008 
6.04371791798918e+004 -4.41411686549163e+004 -3.39732822055511e+003 4.45970236336500e+002 4.34626169663121e+000 -1.39148642310118e+000 8.76801904675879e-002 -1.99662542619604e-003 -3.91109864309521e-004 4.56833647721070e-005 -1.61510231848331e-006 -1.36832063915503e-007 2.36871062917492e-008 
-3.58093216660123e+005 5.32230066995315e+004 1.72524434181045e+004 -5.48049329490584e+002 -5.19963534228581e+001 1.44580110557294e+000 -3.66878095954090e-002 3.86778753413303e-003 1.14821594252324e-004 -2.57217735338391e-005 1.15563118017931e-006 -3.48500133494923e-008 5.59794085423919e-010 
-1.31924003917733e+005 -1.47656789645359e+005 6.11861858706617e+003 1.10652228357277e+003 -3.19486049369405e+001 -1.01536414561539e+000 1.53025011433427e-002 -3.97940933736949e-003 4.14399514060225e-004 -8.35457509009334e-006 -6.39238801393939e-007 5.35012875829739e-008 -4.98603998135874e-009 
-3.82572764633130e+004 -5.02488328422403e+004 1.74264476993131e+003 3.77187356663184e+002 -9.68478541006343e+000 -3.56652802939896e-001 5.46033363880753e-003 -1.39418729795639e-003 1.36215511368304e-004 -2.36602736027361e-006 -2.30178146368297e-007 1.83200704105519e-008 -1.67290991208442e-009 
-7.02022091870618e+005 4.09897812514422e+003 2.77541383872273e+001 -1.30673634032752e-001 -9.51292657603236e-004 -3.13876253896328e-004 5.45466708997586e-005 -4.26808054069619e-006 8.43420983820423e-008 4.39706027415055e-008 -8.91872206672591e-009 
-6.44919427012685e+005 -7.39069073717620e+003 1.19268294367176e+001 8.07152107746824e-002 9.30282962458795e-004 -3.31434892405075e-004 1.17560167203082e-006 3.38457081057765e-006 -5.77539076495930e-007 5.83917087802384e-008 -2.65855599430666e-009 
-2.57293451229385e+005 -3.30983560193606e+003 4.51350408155777e+000 3.46238012373149e-002 7.67489618977039e-004 -1.36856406021616e-004 -5.08149799325035e-006 2.24773249853788e-006 -3.17302107107003e-007 2.68141308787674e-008 -5.05289959958762e-010 
-6.93607371476235e+005 4.31430672377617e+003 2.60327022119579e+001 -1.54884726596392e-001 -7.39875296448989e-004 1.46009684829542e-004 3.13450304836232e-006 -2.96522329683374e-007 3.25304314257085e-008 -2.18602835533834e-009 -4.69937782421339e-011 
-6.59602430470353e+005 -7.29157269384649e+003 1.28071189573682e+001 5.59078975060505e-002 -3.11443937520191e-003 -6.86363014636769e-005 8.67494838741517e-006 -2.26234396487996e-007 2.11587500379600e-008 -2.23064361018661e-010 -2.15284986730212e-010 
-2.63875682386822e+005 -3.27205432549946e+003 4.91897599212454e+000 2.77599823208517e-002 -1.28124428986462e-003 -4.63429465024274e-005 4.18511668078254e-006 -9.23271915501060e-008 7.93921324340374e-009 2.57657914852784e-010 -1.16664429726395e-010 
-2.08660519373339e-005 -7.69551715989508e-007 4.69613396868334e-007 4.29373538693714e-008 -2.75406788800505e-008 -3.06214233139029e-010 4.89280491623906e-010 -4.86006874465796e-012 -2.69004624390058e-012 -2.92046025652257e-012 
-4.46970229364977e-005 -7.59255305710123e-007 -6.39437489176233e-008 5.61605880429046e-008 2.25131215835343e-009 -1.80484221315349e-009 8.36688402385302e-011 2.70800106825246e-011 -1.08402080282362e-011 -9.53562409567935e-013 
-2.07413595305416e-005 2.59393868585156e-008 -4.51192247188532e-007 -4.00638772686965e-008 3.25666377979830e-008 4.39751891207162e-009 -2.12452427767036e-010 -4.56019727289139e-011 -5.48734344628014e-012 -9.52045007927480e-012 
-4.54700017654227e-005 8.96456189884580e-008 3.81517512168757e-008 -6.66820943845582e-008 -7.46940699850204e-009 1.48993431364731e-009 3.17959531548503e-010 7.72542831851736e-011 1.16063554471767e-011 -4.59046117855953e-012 
-2.05721568416066e-005 1.31568763893735e-006 6.03416711670392e-007 -1.97320058876033e-007 -7.25274815056811e-008 1.59848041253294e-008 4.99132997786864e-009 -9.63821209126950e-010 -2.72768540906771e-010 4.75606418785670e-011 
-4.61555800135462e-005 -6.59070465644089e-007 1.92079800740510e-007 9.62730002873237e-008 -2.26283612126636e-008 -7.89321561161302e-009 1.45684711935031e-009 4.31696196304637e-010 -6.89978979963955e-011 -1.80074471740603e-011 
-1.92649566528202e-005 -6.44699326447352e-007 -1.07606474784515e-007 1.73759221932923e-007 -7.36979080429612e-009 -5.17233722427140e-009 6.42468598042393e-010 -4.35754725935361e-011 2.04999290979410e-011 -1.00628509812091e-012 
-4.64646116572493e-005 -1.07210760866931e-007 -2.13292752370887e-007 1.86610950919207e-010 1.45470171398515e-008 -1.38116981479044e-009 -3.78799321415089e-012 3.15413868729931e-011 -2.64069214484064e-011 3.90796519631342e-012 
-1.09637783911353e-002 2.25386143039114e-004 1.08397944955193e-004 -1.29936111713717e-005 -5.72225329209051e-006 7.92203635343079e-008 1.24708655339257e-007 -1.28685908719857e-009 -1.27678637441967e-009 2.03956139509347e-011 
4.35733374644743e-001 1.08223473364429e-004 -3.96234977775952e-005 -1.18505423306634e-005 4.75617308099802e-007 3.95242520951781e-007 -3.22692548061220e-009 -5.81462120160611e-009 8.12007652022724e-011 4.65641236555414e-011 
5.49209191014506e+003 9.19771187485568e-001 -9.27780259461115e-005 9.89286327749758e-006 5.16741745620650e-006 -6.39623139229996e-008 -1.13715623370442e-007 1.20562121605624e-009 1.15595430816188e-009 -1.79635766493705e-011 
-1.06796900528953e-002 -2.20172919876402e-004 -1.94896978202257e-004 1.69842242931312e-006 7.86587192226347e-006 1.21584702275808e-007 -1.51259818337882e-007 -1.05629348730121e-008 3.01203501112154e-010 1.39724959530056e-010 
4.35526756286573e-001 -2.79075827027178e-004 2.53824376872270e-006 1.78121801956460e-005 -5.94668545830355e-008 -5.11430618703507e-007 -1.90031383359438e-008 5.71057442904005e-009 6.65384858158162e-010 6.85636740264823e-011 
5.49393157781895e+003 9.20131803458095e-001 1.61416481869687e-004 -2.78180008536176e-006 -6.99164149271604e-006 -8.68513150348592e-008 1.40424899681212e-007 9.76327729582261e-009 -3.20385586657913e-010 -1.39604638070644e-010 
-1.17819647773502e-002 -6.21969143351969e-004 7.57766189947013e-005 -6.02339069481982e-006 -6.03624031269792e-006 1.32034238338798e-006 2.68192864724602e-007 -6.05413411749861e-008 -9.70951868693529e-009 2.27142736215362e-009 
4.35292721626569e-001 5.49636524481038e-005 1.84613929745218e-005 -9.87982689273777e-006 2.00677236834753e-006 5.56150615957070e-007 -1.28290086490774e-007 -2.16360679572708e-008 5.03399868259958e-009 7.68299188143514e-010 
5.49577232833060e+003 9.20395946533985e-001 -6.81276011593561e-005 9.41340080750817e-006 5.47145020026706e-006 -1.30420857378893e-006 -2.43023950466947e-007 5.83314689355162e-008 8.78113620643400e-009 -2.18169690465555e-009 
-1.26114491029903e-002 -1.87439935204762e-004 1.04887273220569e-004 1.81846234442851e-005 -2.37214861535696e-006 -9.23062668748156e-007 7.16065291706286e-008 1.07338829851916e-008 -1.48748395814714e-009 1.58105677557305e-010 
4.35505594197054e-001 1.66811780945089e-004 1.53905378507235e-005 -6.75392985102291e-006 -2.13242701582505e-006 1.66261002777922e-007 5.24737341592043e-008 -5.05532741711061e-009 -4.00089166991162e-011 4.06173735016804e-011 
5.49761283989695e+003 9.20110076354473e-001 -7.92141163122558e-005 -1.78651190947090e-005 2.00037240273147e-006 8.63294693158636e-007 -6.77644122567969e-008 -9.62884496789788e-009 1.39088656405648e-009 -1.53888257681139e-010 
