-5.52429747238873e+007 -4.95910531973294e+006 1.20312207368266e+006 -1.82921758490647e+004 -1.71991892249110e+003 1.61886240593291e+002 -8.08690366844173e+000 9.76154324028450e-002 2.30903021071672e-002 -2.53758942131763e-003 1.36993441123313e-004 -1.55856288105451e-006 -4.89390846925509e-007 5.51651036784836e-008 
2.11233335468431e+006 -1.42262210232737e+007 -5.44171991347826e+004 5.28722449532986e+004 -2.26746186315815e+003 3.36344463845351e+001 4.72446242937065e+000 -5.33717255318670e-001 2.90726225033267e-002 -4.41808261987535e-004 -8.58401723020983e-005 1.01843854260270e-005 -5.83222871693737e-007 8.52238771754851e-009 
6.86257324996565e+006 -7.08626766871534e+006 -1.53749032295219e+005 3.01405351468221e+004 -1.03306897877619e+003 1.19173628170646e+000 3.36189973182115e+000 -2.95233513097372e-001 1.31380958568497e-002 2.69484995727072e-005 -6.00532280202976e-005 5.60212433570404e-006 -2.60849517552594e-007 -1.16393358961621e-009 
-5.64376540269327e+007 3.50553829969160e+006 8.95637050725568e+005 -2.87850049133821e+004 -1.22257815065202e+001 3.06667380974562e+001 -2.83246170988332e+000 1.45815001141546e-001 -5.24690179472903e-003 5.19006008441839e-005 1.02819248033527e-005 -1.07492047140621e-006 6.65168182753176e-008 -2.77108832542738e-009 
-2.51541472266705e+007 -1.26678585298645e+007 3.94550444862124e+005 2.46451329763906e+004 -1.22906578261251e+003 4.86325905933605e+001 -1.17687258434785e+000 -2.40327303768242e-002 4.86602729768399e-003 -3.61139726435023e-004 1.78315133153318e-005 -5.39800443635466e-007 -5.18125321028521e-009 2.13737425608776e-009 
-7.58042258761864e+006 -7.13095913302011e+006 1.17958828135290e+005 1.61486674997718e+004 -6.55313439959195e+002 2.28020881043905e+001 -3.35172339392451e-001 -2.79492413603415e-002 3.14321733854669e-003 -1.98303232574497e-004 8.46028513422211e-006 -1.76974487939763e-007 -9.66094050686212e-009 1.42897273275266e-009 
-4.33385944440314e+007 9.31387728558624e+006 5.60370150918614e+005 -2.66834565685111e+004 1.66575052138396e+002 -4.23884358191504e+000 -5.88444333694857e-001 3.37504404066504e-002 -1.80187568099535e-003 7.12980383633610e-005 -2.07522589738646e-006 2.79635326522952e-008 2.29973904269530e-009 -2.32826128499213e-010 
-4.65906446601942e+007 -8.59910455899356e+006 5.99310067426224e+005 1.12000947866262e+004 -5.39041256283063e+002 2.17250492558784e+001 -8.94092321473694e-001 1.90668402289399e-002 -2.75968719948127e-004 -2.76687031718214e-005 2.26646921251096e-006 -1.36311833386080e-007 6.02279499612883e-009 -2.09145605064019e-010 
-2.03902293296206e+007 -5.55930121737139e+006 2.62087106551328e+005 8.74839868636678e+003 -3.05223835500483e+002 1.20450251491959e+001 -4.16653805248651e-001 6.68818185127286e-003 3.93014569481171e-005 -2.21694808989390e-005 1.42582659077695e-006 -7.57171085353055e-008 2.97912313987384e-009 -8.76003289609688e-011 
-2.12165129705058e+007 1.25511217016656e+007 2.51528457294139e+005 -2.52343649298194e+004 -8.32912667321926e+000 -1.16600114514046e+001 -1.60523145437562e-001 4.38078237957198e-003 -3.23663259209874e-004 2.22751673569245e-005 -4.00406021555485e-007 3.30666488908327e-008 -1.72195501242089e-010 2.13482674562053e-011 
-5.86547778793880e+007 -3.38739029315066e+006 6.92961114227866e+005 5.04167138909656e+003 -2.83378778244150e+002 5.16443054090585e+000 -5.57514722602951e-001 3.84915916460311e-003 -5.39103621476478e-004 -1.54418774694372e-006 -1.13378331628996e-007 -1.24549928421046e-008 7.41672883474997e-010 -2.54621975457627e-011 
-2.91282679765405e+007 -3.11062091497687e+006 3.44121534466032e+005 5.30833216958538e+003 -1.50520982821825e+002 3.96721264195446e+000 -2.81195524797064e-001 1.60228613032650e-003 -2.54454001255851e-004 -3.13327745795036e-006 -1.90741075707723e-008 -1.00802607904647e-008 4.14054281728427e-010 -1.58144806249189e-011 
-6.22979945444782e+007 -1.95350796406735e+007 8.02990996760723e+005 4.17368721479780e+004 -8.68401780743334e+002 -2.84172097291332e+001 4.14495970257204e-001 1.13283413841938e-002 -1.44414511317243e-004 -3.89858799161796e-006 
7.67931405005992e+007 -1.34702477470330e+007 -9.87987097411870e+005 2.86844004338238e+004 1.07680290154725e+003 -1.92497220656598e+001 -5.27911693361783e-001 7.34415949177236e-003 1.97314417046973e-004 -2.59986900941121e-006 
3.85071505817078e+007 -4.82576792925805e+006 -4.95383131358771e+005 1.02671378238311e+004 5.39498611546363e+002 -6.86556733779487e+000 -2.63785005992212e-001 2.59958346314615e-003 9.71089034799958e-005 -9.68812035216944e-007 
-9.35509195763207e+007 -1.13831777550829e+007 1.20373105348494e+006 2.39331118736457e+004 -1.31477469808590e+003 -1.53011596628867e+001 6.48731528804446e-001 4.88391348696834e-003 -2.41251687634342e-004 -1.02914526693080e-006 
4.32236364307624e+007 -1.97377402464761e+007 -5.55116856988192e+005 4.22263201799070e+004 5.85006591828947e+002 -2.88463168551731e+001 -2.52017879839794e-001 1.16315061250843e-002 6.06462717650396e-005 -4.36817577436147e-006 
2.53780869650306e+007 -8.16179036798158e+006 -3.25949360938746e+005 1.74872154578931e+004 3.46420901738043e+002 -1.20126439500353e+001 -1.54413161553348e-001 4.92278673455169e-003 4.26011298024796e-005 -1.89206581903837e-006 
-6.98642218895688e+007 -1.83839826405169e+007 3.48737152872190e+005 1.51341664176667e+004 -1.58571551690079e+002 -4.18777807852075e+000 4.05921024929706e-002 6.61837515012709e-004 -6.75569041307904e-005 -7.45216804232624e-007 2.23765365573415e-006 3.06102758165448e-007 -6.47450155955895e-008 
1.18116938473438e+008 -9.06462299806891e+006 -5.88833053799958e+005 7.70543869020091e+003 2.52197935981816e+002 -2.37887973979064e+000 -5.41902670800058e-002 3.91239569144394e-004 5.89634804082614e-005 1.11684900548867e-005 -7.05343514600747e-007 -5.48054609665329e-007 -3.02658443050257e-008 
5.12072191683357e+007 -3.92907722340401e+006 -2.55242064102374e+005 3.33995753388153e+003 1.09311075810721e+002 -1.02983034212471e+000 -2.35196502108562e-002 1.24246723340019e-004 2.74409961636209e-005 6.63935672509261e-006 -2.12405808123441e-007 -2.94520157794267e-007 -2.42958641250037e-008 
-1.03301601734388e+008 -1.49167734456164e+007 5.12545692064927e+005 1.19851060058625e+004 -2.31294551425493e+002 -3.01121770155028e+000 5.72130921837569e-002 5.45888472377201e-005 -3.24013268718411e-005 1.76206468304077e-005 -1.13098358080462e-006 -7.19587776881472e-007 1.55414517585914e-007 
9.56156043956331e+007 -1.33408697782940e+007 -4.73936910408468e+005 1.12963427390599e+004 1.93307960575836e+002 -3.43274689487500e+000 -3.51615849352167e-002 8.22366743528874e-004 7.51380684959125e-005 -9.66759078303646e-006 -2.21279747568685e-006 7.79767605986897e-007 2.10826974147848e-008 
4.14538854685720e+007 -5.78271365268990e+006 -2.05439816749942e+005 4.89647775690479e+003 8.37975445818956e+001 -1.48767347769096e+000 -1.54159988789170e-002 3.55589246604727e-004 4.22734151127695e-005 -4.81730182973216e-006 -1.36416415685758e-006 4.19517297586504e-007 2.01269254683383e-008 
2.05024571089807e+008 4.60139022874543e+006 -1.46006377262433e+006 -2.06597315341575e+003 1.10328706124614e+003 -4.15618560389898e+000 -7.07502723244239e-001 7.95389297342548e-003 5.04198501122562e-004 -1.03131869461896e-005 -3.70380861243332e-007 
-1.66160002522584e+007 3.28393483872166e+007 1.19277658222740e+005 -3.91118041466976e+004 4.64609654394208e+001 2.49864896336906e+001 -1.88348204681869e-001 -1.69456869913694e-002 2.70854208603465e-004 1.22500153423376e-005 -3.25617317962794e-007 
-1.31431098733313e+007 1.49383803734100e+007 9.40825443379037e+004 -1.78840973411878e+004 -8.43978032156633e+000 1.15728758675007e+001 -6.73131218418516e-002 -7.98715507563655e-003 1.10632003891524e-004 5.90004325428915e-006 -1.39788081813372e-007 
-5.81194856795571e+008 1.23680607195909e+007 6.92525761473774e+004 -2.27172477712560e+002 -6.95828118450847e-001 4.09225742303649e-004 1.48879505899896e-006 5.52361115647326e-009 
-5.23839805197602e+008 -1.10298762006102e+007 6.24187668125044e+004 2.35905265029158e+002 -4.49837998865743e-001 -1.22367387942500e-003 -1.71907418643641e-006 -5.76179597604409e-008 
-2.10374432733067e+008 -5.02875898901500e+006 2.50683807559614e+004 1.06644669077275e+002 -1.75875620889312e-001 -5.34520618538807e-004 -7.82942632164273e-007 -3.19044120650111e-008 
8.04909937570839e+008 -1.14960775438319e+007 -2.01127742655516e+004 4.44807962948507e+001 5.86037228865382e-002 -5.76843643657416e-005 -2.55290393552659e-008 
1.02976740648762e+009 7.08474332973683e+006 -2.57304347557128e+004 -3.37910754170387e+001 5.22146301916257e-002 8.04240786121470e-005 2.89268746756878e-008 
3.90673863206306e+008 3.42150868172901e+006 -9.76139363078839e+003 -1.58732816228611e+001 1.90396419078324e-002 3.57061412292937e-005 9.71727009270239e-009 
6.62591809838076e+008 -9.22977707526003e+006 -1.76949165520961e+003 3.96987897243658e+000 8.41740227582179e-004 -4.67478410526843e-007 
2.56567347073435e+009 1.53767487346747e+006 -6.85843677519575e+003 -1.22311851808687e+000 1.39813183443298e-003 4.06425416912598e-007 
1.11432067502694e+009 8.03961142513113e+005 -2.97892238682396e+003 -5.92078909094184e-001 6.01099595140564e-004 1.88968473291500e-007 
4.39702220563802e+009 -1.35370186210681e+006 -3.13285223120008e+003 1.49363292399071e-001 1.92762839921491e-004 1.53957041495651e-009 
7.58008104119702e+008 6.87851181969606e+006 -5.39800319146235e+002 -8.18732506487209e-001 2.53147201408009e-005 3.08043687982318e-008 
2.00787643071713e+008 2.84911107156351e+006 -1.42946131450319e+002 -3.38813768165088e-001 5.47840227983758e-006 1.24644444336802e-008 
3.45938448915574e+009 6.03278522740520e+006 -1.35311291258464e+003 -1.85123838615533e-001 1.02810582278374e-004 -2.60487516828003e-008 
-3.61597151139868e+009 3.64231822826026e+006 1.41430684471749e+003 -4.55767922782400e-001 4.22402483575254e-005 1.68832565233187e-008 
-2.17073695366365e+009 -6.80996786308500e+005 8.49044247491192e+002 -8.65920023036278e-002 -1.75782176226665e-005 1.46930764462811e-008 
3.04688522215184e+005 -9.83508905168669e+004 -1.44862030127257e+004 7.72817903480981e+002 4.32667869865514e+001 -6.89454643239750e-001 4.20059042025892e-002 -6.36029435252660e-003 -2.36566123830999e-004 1.25944863776914e-005 -3.26546918052017e-007 7.63789058890751e-008 1.03188648710273e-009 
2.06164953691248e+005 1.23118120321322e+005 -9.67839267127730e+003 -9.26677712637222e+002 3.11912841266452e+001 7.78274631852310e-001 4.37122649719373e-002 4.78761462836605e-003 -3.54484150173177e-004 -4.07656583001194e-006 -2.67514155231032e-007 -3.15012650801000e-008 5.49993436235327e-009 
1.17597252065990e+005 4.23981926975182e+004 -5.53396369844770e+003 -3.14781482637611e+002 1.74947137556859e+001 2.56484782529075e-001 2.26621241369695e-002 1.39770162395327e-003 -1.73440020519605e-004 -4.51072168899012e-007 -1.46214036457944e-007 -5.77887680755714e-009 2.42994839860072e-009 
2.90955722832290e+004 -1.66412509227441e+005 -1.52659647041680e+003 1.33932440853551e+003 2.26578382093155e+001 -2.19460063034475e+000 -1.57995170170561e-001 -3.73490632655802e-003 5.65401504337622e-004 3.23971769858720e-005 -6.59518001287381e-007 -1.72328622342879e-007 -5.68967655786058e-009 
3.46839490719430e+005 1.13720783081548e+004 -1.70421080872601e+004 -2.26018231719136e+002 6.06613999293965e+001 1.95963694295564e+000 -1.19477550100604e-002 -9.37287221567553e-003 -3.95816989933659e-004 2.18050445727449e-005 2.26132978735289e-006 2.73702334839565e-008 -1.01000004697739e-008 
1.49909237550579e+005 -1.16239508257901e+004 -7.35864200200478e+003 3.72873419578317e+001 2.78406219955456e+001 6.08633222078232e-001 -2.05580880237080e-002 -4.32646947766543e-003 -1.11293665480455e-004 1.24116360045592e-005 8.89881269232264e-007 -5.44565411338055e-009 -4.82959038345516e-009 
-2.63738249306909e+005 -1.12842043044540e+005 1.46169119196634e+004 1.15497553053320e+003 -5.43312173452392e+001 -4.65993018915383e+000 4.94013485820682e-002 1.51364538690916e-002 -6.80487255267076e-005 -6.13851818001289e-005 8.81038249499663e-007 3.44608492221106e-007 -2.82290951110022e-009 
2.37901173284492e+005 -1.16934754289594e+005 -1.29624840540096e+004 9.42162959648078e+002 7.33170517679436e+001 -1.68966864923811e+000 -2.45764884124967e-001 3.16522030848763e-004 8.51304157803159e-004 -6.58157193869870e-006 -4.18929743914037e-006 4.20219405012411e-008 2.45105873223949e-008 
7.49265746902489e+004 -6.05894385267970e+004 -4.03834045326057e+003 5.11951830139225e+002 2.55620805562496e+001 -1.17336661667389e+000 -9.87719679524055e-002 1.63138853976573e-003 3.52805419562072e-004 -8.85639079389902e-006 -1.68334147371027e-006 5.17828811178485e-008 1.00774877214140e-008 
-3.43051275962961e+005 3.87161361435386e+004 2.07334250408359e+004 -2.75109091618061e+002 -1.08640334117294e+002 8.15211401767686e-002 2.69089927668383e-001 7.20613265202460e-004 -1.49410610026971e-004 2.75945242625607e-005 -2.50784970683135e-006 -2.91912326477988e-007 1.41790538610765e-008 
-5.26721756264307e+004 -1.59916237781291e+005 3.34630546824390e+003 1.57145684231593e+003 -6.78692680908448e+000 -5.39187277161230e+000 -2.59056328019029e-002 9.01485316904427e-003 -1.17964299789042e-004 1.56473884287926e-005 3.07587773569594e-006 -1.84395393771156e-007 -2.06870770972723e-008 
-5.58104392034959e+004 -6.38422784054617e+004 3.45069235034711e+003 6.36183754988869e+002 -1.35851262009160e+001 -2.26499019284896e+000 1.57364524780981e-002 3.86824933948207e-003 -6.53209445455356e-005 9.33314862013542e-006 1.05406976970093e-006 -1.06575404543173e-007 -7.33705723064063e-009 
-1.29542780559996e+005 1.64238010879736e+005 8.19480998758663e+003 -1.65012485963443e+003 -4.32719703233621e+001 6.17511975714771e+000 1.77874633514309e-001 -1.39415716821413e-002 -1.14477084968762e-003 -6.83338134807682e-006 7.49594317165611e-006 3.78456579066965e-007 -3.62094085881007e-008 
-2.92600523473058e+005 -6.75459647637205e+004 1.81229187199729e+004 6.54918834157682e+002 -9.92009273475923e+001 -2.64110484394382e+000 2.85192191482282e-001 1.31584674630948e-002 -3.58812005101914e-004 -8.76261717319755e-005 -3.02258533213762e-006 4.94093874675850e-007 3.63723255129186e-008 
-1.36397554378163e+005 -1.25225224374628e+004 8.45293573707736e+003 1.14127755408805e+002 -4.60855903698724e+001 -5.04196414376459e-001 1.37680971727577e-001 4.17203761516571e-003 -2.63142816976900e-004 -3.76106245160856e-005 -5.41881619437027e-007 2.45462648086786e-007 1.17943372637119e-008 
2.00066422194396e+005 1.48809220846018e+005 -1.14382252268284e+004 -1.31103801026024e+003 7.68181432746876e+001 3.49032998040248e+000 -3.68220280612950e-001 -5.80775500410677e-003 1.87467379011507e-003 9.86319217360336e-006 -1.09634253294502e-005 7.34778118709720e-008 6.93377800573374e-008 
-2.77744772352339e+005 8.06929645770390e+004 1.61275459430620e+004 -9.16396310018621e+002 -7.17175029752587e+001 4.85052208378497e+000 1.44568711993726e-001 -2.37470450870263e-002 -2.98477486202241e-004 1.30229334345317e-004 3.78078259603015e-007 -8.07572095015151e-007 8.93742689177003e-009 
-9.80504434797440e+004 4.85237037169363e+004 5.68484872525199e+003 -5.14851224027460e+002 -2.26604029218507e+001 2.38920401282788e+000 2.47094692875627e-002 -1.05854152064785e-002 5.79492262616500e-005 5.58809698931724e-005 -9.14247665684856e-007 -3.33391707408525e-007 1.05577619762612e-008 
3.72734235972873e+005 1.76151468068064e+004 -1.89443498352329e+004 4.39062126557444e+001 7.31802998234547e+001 -2.34401055405740e+000 -2.65385170396144e-002 1.40882938742249e-002 -7.10594126114343e-004 -2.63699868203169e-005 4.58688496907856e-006 -1.68322548410905e-007 -1.47107857211393e-008 
-3.09334995170388e+004 1.53781561533979e+005 1.49642915839652e+003 -1.29869696560219e+003 1.52120092651476e+001 2.48705217686008e+000 -1.90571844361992e-001 4.70684951352488e-003 7.22220281859645e-004 -5.64320539663378e-005 1.17271393244606e-007 2.76348617986702e-007 -1.83057619725168e-008 
2.28282216250576e+004 6.65461336855400e+004 -1.21418907171891e+003 -5.42373260363218e+002 1.36312199394023e+001 8.16313958071948e-001 -8.31537630726837e-002 3.36594393042049e-003 2.34942093794918e-004 -2.63866990905934e-005 4.99238210688149e-007 1.00096146613891e-007 -9.16125090343200e-009 
2.69926452302933e+005 -1.15247156847351e+005 -1.28020745444227e+004 8.90791254829491e+002 3.80945571535322e+001 -8.60213057144159e-001 5.91312415312996e-002 -5.36909572632949e-003 -3.47465019152242e-004 9.92629883027498e-006 -5.58496449293140e-007 4.68442388031108e-008 5.18317200993509e-009 
2.43852050450600e+005 1.10057948179604e+005 -1.16018554530674e+004 -8.34973474440925e+002 3.66422541192030e+001 5.81493492091481e-001 3.35109771528478e-002 6.21753529647946e-003 -2.81496350733318e-004 -7.44981676347121e-006 -1.25162348360553e-007 -7.49565293025968e-008 3.20475594864200e-009 
1.28703177242131e+005 3.52315039460451e+004 -6.12230224756950e+003 -2.63795618100367e+002 1.91305923130054e+001 1.53845206221719e-001 1.97703200631009e-002 2.10010609642047e-003 -1.52248702833591e-004 -2.12819123086534e-006 -1.06110584382983e-007 -2.70602330233521e-008 1.85250813125558e-009 
7.36921185451630e+004 -3.86191292969616e+003 -1.87964296681680e+001 -8.87100683698222e-002 4.31711431804082e-003 -3.62213783676585e-004 5.68847718346160e-005 -4.32639295283816e-006 1.77658851093981e-008 5.11658060056546e-008 -1.05526416798787e-008 
5.01534975474250e+004 4.15375685513799e+003 -8.75388678234416e+000 -1.68894617001567e-001 1.31374221085806e-003 -2.30274038078126e-004 -2.75924002266482e-006 4.11088065745455e-006 -6.61724694350319e-007 5.72893938856968e-008 -1.97482086004478e-009 
2.81357381641964e+004 1.86542703078904e+003 -3.19708925672370e+000 -7.68771814432082e-002 6.88153821771807e-004 -8.60351209940588e-005 -7.54776964519357e-006 2.64483132687049e-006 -3.55245986515186e-007 2.52972982043592e-008 4.76600286330419e-011 
6.58152171113774e+004 -4.01560410828029e+003 -1.95354537316843e+001 -3.51123870622659e-002 3.69696616340037e-003 9.37854267864976e-005 1.38933992672346e-006 -3.16795845858875e-007 3.80332951909323e-008 -9.49683134965762e-009 1.22768562030653e-010 
5.83846238398105e+004 4.07569118404635e+003 -1.07722014152233e+001 -1.73237059798562e-001 -9.80839804874167e-004 1.34839712976517e-005 7.97947367084495e-006 -2.87659233793772e-007 2.04581108793121e-008 -4.83908946909146e-009 -2.55250571981086e-010 
3.18381398039520e+004 1.83621727721236e+003 -4.10831320451135e+000 -7.81261983945830e-002 -5.25436522858448e-004 -7.03447117021407e-006 3.97446526210417e-006 -1.18697650441006e-007 7.03242083316497e-009 -1.56611968713645e-009 -1.38384036797670e-010 
8.79246853242378e-005 1.26620365780546e-006 4.33839051392217e-007 -1.05629200861615e-007 -2.94415641797667e-008 1.36930681368168e-009 5.30002572214900e-010 1.40863910799744e-010 7.78256021370414e-012 -7.57072716517705e-012 
-6.14380584382645e-006 -2.01737238296986e-007 1.90944576452391e-007 5.40874445834391e-008 -8.67619319669802e-009 -1.83671758519548e-009 -8.26133932978112e-011 2.04300493151874e-012 9.95586216497857e-012 2.02982045909830e-012 
8.91753804252418e-005 -7.72063361209774e-007 -2.64847784231942e-007 2.34354714316694e-007 3.40336914157472e-008 -1.13937267256224e-008 -1.76478241290347e-009 2.58231524444419e-010 4.80804531161379e-011 -3.88096383709194e-012 
-5.52245308951016e-006 3.51783756446876e-007 -3.02540583056217e-007 -4.40321071158687e-008 2.57497623863649e-008 3.38770128908050e-009 -8.37421396087876e-010 -1.13482632778203e-010 1.55738717734733e-011 9.30883598955917e-013 
9.00536700346781e-005 1.57196957127956e-006 -3.75408784829096e-007 -2.65694442345459e-007 3.87843497736309e-008 1.52467594142390e-008 -2.13279731655708e-009 -5.55590925795828e-010 7.35430555246111e-011 1.84405313925109e-011 
-5.38004906538856e-006 4.43264742162634e-007 3.08334748018384e-007 -5.71512085569179e-008 -2.80751979912469e-008 4.44860740060203e-009 1.15304312343698e-009 -2.01163954433314e-010 -3.49065929750618e-011 6.60295057385716e-012 
8.96350962435952e-005 -1.10478243825117e-006 4.30360471059481e-007 1.02765712187226e-007 -3.26258188301219e-008 -4.26026990558922e-010 5.54492541080629e-010 -1.35912472803718e-010 9.41909370212547e-012 2.38967103383031e-012 
-4.67769484495913e-006 -1.74851968459460e-007 -1.47678918632260e-007 6.60986751022023e-008 5.79231250376411e-009 -2.41139826008437e-009 1.42530330694948e-010 2.32172372795826e-011 -6.04215469442356e-012 3.10296943119904e-013 
6.70531270926529e-002 1.31809942338475e-004 -5.43559940030223e-005 9.57115227261861e-006 -1.37047311915888e-006 -6.94992244085552e-007 3.86018447828473e-008 1.19580573728553e-008 5.38966343430849e-010 -5.08044566289349e-011 
4.12885528366445e-001 -4.67196244228383e-005 -1.35433425424155e-006 5.75339452933144e-007 -1.38020335125064e-006 1.28661799870509e-007 4.18652086760326e-008 -4.99048290015978e-010 -4.09110583734993e-010 -5.93796252962555e-011 
5.08727234960566e+003 9.19839087222323e-001 4.75751272113326e-005 -1.05541055915083e-005 1.28256222459634e-006 6.51584794820564e-007 -3.43582429042839e-008 -1.09671747506594e-008 -5.24005192975188e-010 4.58092525443825e-011 
6.67823834962110e-002 -4.77508741711312e-004 -1.23759858755633e-004 4.41613974592624e-006 7.21871917451108e-006 6.23500777658270e-007 -2.00774361859771e-007 -2.42700940114957e-008 3.29176206962878e-009 4.69350098130305e-010 
4.12785806846412e-001 -2.99199712219745e-005 3.32667470638497e-005 1.32683425104070e-005 6.37353087757793e-007 -5.21522222669082e-007 -5.57262001496736e-008 1.08673841262185e-008 1.44568676995319e-009 -1.53739349008945e-010 
5.08911245299887e+003 9.20325395296326e-001 1.02463217709281e-004 -3.21158388974598e-006 -6.41762364643209e-006 -5.83955743292466e-007 1.82620250006971e-007 2.25063575964665e-008 -3.01488679216372e-009 -4.37139498376482e-010 
6.59116636132080e-002 -7.42703717316519e-005 2.12337066404813e-004 -4.76678814985410e-006 -9.68845961136400e-006 4.93584249377306e-007 2.83170201265354e-007 -1.98991447685875e-008 -6.39303772763394e-009 4.99843432043177e-010 
4.13166378039318e-001 3.81293496091038e-004 -2.51068558134732e-006 -1.98841342731607e-005 7.60062228075735e-007 6.99910202385238e-007 -4.24742079416904e-008 -1.76361865399524e-008 1.30501594872614e-009 3.82178446467775e-010 
5.09095299312564e+003 9.19938484549329e-001 -1.86975363802741e-004 5.74455678684039e-006 8.72329565367617e-006 -4.72034962437928e-007 -2.58317034572426e-007 1.86101410141868e-008 5.85812452397665e-009 -4.68908491514267e-010 
6.65057703085853e-002 4.04557650679062e-004 -7.16829537906280e-005 -2.04255714476339e-006 3.97903352797608e-006 -5.48677465034116e-007 -6.19675291269883e-008 1.13971650566581e-008 -6.01593952936965e-010 -1.62662682371908e-011 
4.13584980046865e-001 1.90726100785529e-005 -3.05743654986637e-005 8.18160438544198e-006 -7.54215300816404e-007 -2.44674343313149e-007 3.77715269107763e-008 9.78036586283549e-010 -3.84966464432300e-010 6.96841294606608e-011 
5.09279226464960e+003 9.19572697476907e-001 7.09745729635811e-005 3.45367516913823e-007 -3.73736263158408e-006 5.14964200162568e-007 5.63724083084661e-008 -1.03840105164333e-008 5.75114842237223e-010 1.25233812971070e-011 
