3.59782754343896e+007 -1.36682080162294e+007 -1.32113633635159e+006 5.31543370658705e+004 7.95781688063467e+003 8.70378593690837e+001 -4.14659822227167e+001 -2.76148287783480e+000 1.37642489662895e-001 2.80582288026738e-002 5.46605133424221e-004 -1.91755759623444e-004 -1.57309898100163e-005 6.66729580438525e-007 
2.61751053371668e+007 1.14934197727073e+007 -1.00123420912384e+006 -9.14571491084809e+004 1.65348453035507e+003 5.27077217120497e+002 1.71255533272722e+001 -2.48655086439368e+000 -2.55165972079244e-001 3.98175970957838e-003 2.19013401020280e-003 9.56911489786346e-005 -1.23013640169333e-005 -1.54323910409895e-006 
1.03256992443663e+007 7.55634824712392e+006 -3.97950903803532e+005 -5.43656242528530e+004 5.85974511798915e+001 2.72547859607039e+002 1.34458887617720e+001 -1.04214627368306e+000 -1.50575802313378e-001 -7.80720298897169e-004 1.11333633228955e-003 7.09913410262900e-005 -4.94119185114888e-006 -8.93505773960360e-007 
1.44923729112702e+006 -1.97992944336411e+007 -6.56482358775144e+004 1.32539240987067e+005 -1.00168274745767e+003 -7.31281469851904e+002 1.74692640683994e+001 4.92711023927048e+000 -2.15233873670804e-001 -3.64911291644517e-002 2.45638680593994e-003 2.78499964374999e-004 -2.70867222402571e-005 -2.10560404661682e-006 
3.85157154960804e+007 3.28493907268643e+005 -1.60903077656746e+006 8.76480300696215e+003 8.49410192426204e+003 -1.61845082776795e+002 -5.16665776612854e+001 1.97015481955671e+000 3.64759763166564e-001 -2.21477364800995e-002 -2.72058028572222e-003 2.42266534687933e-004 2.03199278325078e-005 -2.62334388628910e-006 
2.04965114665471e+007 2.22736118337993e+006 -8.52751711976520e+005 -9.05343553591420e+003 4.64141240535004e+003 -1.06726418772542e+001 -2.94110330324518e+001 5.41850364835185e-001 2.17162647288721e-001 -8.04972006460243e-003 -1.70791779503129e-003 1.00558106644534e-004 1.36621545829397e-005 -1.18319367188023e-006 
-3.43785727278474e+007 -1.50510249323845e+007 1.09715121125788e+006 4.79495228071267e+004 -6.37731538331038e+003 1.76066136027311e+002 2.00531115171831e+001 -2.43583470488037e+000 5.78989541049529e-002 1.13035925102751e-002 -1.26445794142425e-003 2.06039628271303e-005 7.42927269386203e-006 -7.52193859307506e-007 
2.79157581899858e+007 -1.03494905531104e+007 -9.31861315551385e+005 8.16516283099178e+004 1.17569657444108e+002 -3.50068816388777e+002 2.33701001076420e+001 3.02776402983398e-001 -1.64544904609447e-001 1.05236975078552e-002 2.93063700535411e-004 -9.63494382633987e-005 5.55486999045920e-006 2.56936684823787e-007 
1.85469137573506e+007 -3.96897625475259e+006 -6.11509706364688e+005 3.86495918358477e+004 7.23717023648729e+002 -2.05255516937088e+002 1.04062603431192e+001 4.14181691806238e-001 -9.39012629437947e-002 4.45038340170086e-003 2.87598002370892e-004 -5.36057640372552e-005 2.19751761118474e-006 2.15210471797928e-007 
-5.48785867686634e+007 -5.36097298643453e+006 1.21190130312251e+006 -1.70703814101405e+004 -1.86012515572800e+003 1.70058741911496e+002 -8.17522810176746e+000 6.33742907347699e-002 2.71177778445817e-002 -2.76808212608569e-003 1.38636198441578e-004 -4.29468744702131e-007 -6.18192418220071e-007 6.23785025651737e-008 
2.65278973506792e+006 -1.42014030652073e+007 -8.16240707116904e+004 5.44046923360251e+004 -2.29259236613268e+003 2.84566191712715e+001 5.37853389455822e+000 -5.73009426755318e-001 2.95866583287517e-002 -2.78401705777448e-004 -1.05834886377717e-004 1.13678795180715e-005 -5.94366069217515e-007 2.95708627432451e-009 
7.17574204172379e+006 -7.03092203687770e+006 -1.69199602410825e+005 3.08324197333718e+004 -1.03194384929760e+003 -2.42225987848371e+000 3.72048291932528e+000 -3.12673021964622e-001 1.29950416109660e-002 1.38144919871500e-004 -7.09051647437176e-005 6.11730115831316e-006 -2.53448049020891e-007 -4.88487244609554e-009 
9.84372281369114e+007 9.46133239510620e+006 -1.21958758233066e+006 -1.98061027132399e+004 1.21878399174434e+003 1.24456049777788e+001 -4.20131526069445e-001 -3.69250143242070e-003 2.07125326659449e-005 5.42270745949426e-007 
-3.73835718291010e+007 2.02508800201812e+007 4.55452815201949e+005 -4.14463975280625e+004 -4.78118746232884e+002 2.37423792796823e+001 2.02308442324529e-001 -4.57050824016340e-003 -4.49936423105740e-005 -7.49925708171977e-007 
-2.30290003925910e+007 8.51400036049312e+006 2.82101067907847e+005 -1.73969048187495e+004 -2.92250773063269e+002 9.89618800158674e+000 1.17612007598467e-001 -1.82296596497690e-003 -2.15573100377824e-005 -3.70869092194413e-007 
1.07094693039800e+008 -8.99361976998431e+005 -1.33391022330898e+006 1.10439461686719e+003 1.35898405428057e+003 1.22305442873630e+000 -5.09651260102685e-001 -2.48732540027626e-003 6.13080765409934e-005 1.66089216960829e-006 
5.11977882354090e+006 2.18126005668787e+007 -7.14054307652368e+004 -4.50804465345447e+004 3.39773178788872e+001 2.68765634424955e+001 5.05911891341564e-002 -6.36514609461553e-003 -6.31228284628452e-005 -7.70981841407672e-008 
-4.45089833404640e+006 9.87221147772724e+006 5.22592779553012e+004 -2.03550734280181e+004 -7.06886418434182e+001 1.20164776386562e+001 5.50084429321442e-002 -2.70676461181508e-003 -3.22875420275400e-005 -1.39538951881065e-007 
-1.11582646347833e+008 1.34091599669090e+007 5.17614418575924e+005 -1.08592896473219e+004 -1.78799765902910e+002 2.77756053791972e+000 1.18219473530267e-002 -6.80941648305759e-005 4.96802022484756e-005 -7.47487745372065e-006 -3.03262520379230e-006 -2.56952554663747e-007 1.33399832963894e-007 
-9.27096399202547e+007 -1.40792382930982e+007 4.27196662386001e+005 1.04427139730444e+004 -1.76572081570951e+002 -1.83455625336820e+000 3.22385404935331e-002 1.95729084233906e-004 -2.27466549383559e-005 -1.40739556218390e-005 -1.43635559877381e-006 4.42899452561523e-007 1.71884837011149e-007 
-4.01756869506731e+007 -6.10325880943733e+006 1.85177578007729e+005 4.52674395259611e+003 -7.65389068863468e+001 -7.94849198050073e-001 1.39678477178563e-002 5.01075706732064e-005 -1.15172405909481e-005 -4.58437937728908e-006 -3.49095727933107e-007 1.71108596218768e-007 5.46556846253769e-008 
-8.10675516159512e+007 1.69845108107700e+007 3.72016954545289e+005 -1.32621208863000e+004 -1.20948412296364e+002 2.96688003297986e+000 4.22561728204003e-003 3.65864226444587e-005 -2.55871115283838e-005 -8.60221748228318e-006 1.84041314077854e-006 1.00193702504513e-007 -6.37562282597741e-008 
-1.17089290809097e+008 -1.02109623684827e+007 5.34480775222785e+005 7.36481993580647e+003 -2.05866514494799e+002 -1.11082167177023e+000 2.97876028859876e-002 -6.78414663497641e-005 -7.08160940509575e-005 2.03840294892275e-006 2.24538623190834e-006 -2.61920523289852e-007 -4.97341637279097e-008 
-5.07441865421374e+007 -4.42646540589046e+006 2.31683681759634e+005 3.19256068419763e+003 -8.92369035141989e+001 -4.81358618669118e-001 1.27949538564630e-002 -4.02894492620560e-005 -2.31925373467707e-005 9.33149059176158e-007 6.82238166020948e-007 -9.00683160340314e-008 -1.40849859082054e-008 
-2.43638503796203e+008 4.59464224584514e+006 1.04137187452367e+006 -8.29632390758202e-002 -2.85244307555867e+002 -2.46708582379050e+000 -4.61131996803427e-002 1.20608108333715e-004 1.83664016416591e-005 1.05223876202895e-006 -7.19385302758635e-008 
-2.51664064065086e+007 -2.75827036732391e+007 1.05465902318755e+005 1.99616092794584e+004 6.48416449568822e+001 -1.04390951792911e+000 -3.75522458803699e-002 -1.15069805494759e-003 -8.00095149692283e-006 -1.63377830997751e-007 -8.91089465348830e-008 
-4.94695584972018e+006 -1.27757767302171e+007 2.02888931206379e+004 9.15609246701939e+003 3.74330438046588e+001 -4.12310891545653e-001 -1.59917315214052e-002 -5.30575309815371e-004 -3.62833328400745e-006 -7.51797565741325e-008 -5.37934406203736e-008 
-6.85911316215605e+008 -9.61303980087112e+006 8.37880521530068e+004 1.63488613269026e+002 -8.68183811941226e-001 1.01641013447898e-004 2.74284148831142e-006 2.99395939266185e-007 
3.77909048843691e+008 -1.34858613995903e+007 -4.62362658171969e+004 2.92629331132724e+002 2.56902053310581e-001 -1.58034943277754e-003 3.10818042817998e-006 -2.34182470117657e-007 
1.78686649342291e+008 -5.54635792043569e+006 -2.18577743510071e+004 1.21449028926514e+002 1.31242737507052e-001 -6.80232008647868e-004 1.33034623303048e-006 -7.78078779012595e-008 
1.32816243336290e+009 -4.94834251125954e+006 -3.06110274478898e+004 1.13355821434410e+001 6.67072178552421e-002 2.39717762483137e-005 4.38619751277989e-008 
4.29885303154616e+008 1.16064746865395e+007 -9.91698680793396e+003 -4.70581477590953e+001 2.59998675330146e-003 6.81548309734197e-005 -1.10696203876984e-008 
1.20356835602091e+008 5.00714792663031e+006 -2.77777319346919e+003 -1.99243776478662e+001 -1.79862546062836e-003 2.71510503590885e-005 -1.07371682662300e-008 
1.21755367179000e+009 -8.61465790461460e+006 -3.16204886365897e+003 3.50134040498135e+000 1.03107790151472e-003 -2.64266501073168e-007 
2.41893456113160e+009 3.17205057222528e+006 -6.28363198340543e+003 -1.84218109223610e+000 1.09539329035345e-003 5.27225311069025e-007 
1.04220558502622e+009 1.51109524969329e+006 -2.70737682852358e+003 -8.56549228304237e-001 4.64548233755684e-004 2.39791127636623e-007 
4.45674693586091e+009 -5.71350127060367e+005 -3.17041029273853e+003 5.22915769321814e-002 1.96152221647801e-004 1.22535368268578e-008 
3.28173647738058e+008 6.97445404672306e+006 -2.33396167010784e+002 -8.27304127300727e-001 9.49692031744202e-006 1.86294810731250e-008 
2.33673292764286e+007 2.86890413713138e+006 -1.66085458939983e+001 -3.39897455644435e-001 -9.12411581983601e-007 7.39223720154960e-009 
3.07513810104140e+009 6.35900446122599e+006 -1.27427390278978e+003 -2.40237593215785e-001 1.20452858232575e-004 -3.28410790602049e-008 
-3.83048276563998e+009 3.27024761633382e+006 1.58736684707043e+003 -4.73575408859185e-001 2.93467051407694e-005 2.45086246296066e-008 
-2.12190744337561e+009 -8.95401350273654e+005 8.79330570771698e+002 -7.53986904268142e-002 -2.75142385222721e-005 1.71127417779028e-008 
1.06709253351668e+005 1.57577763938927e+005 -5.16793532594962e+003 -1.20198694112662e+003 2.13952089665325e+001 9.93377267389444e-001 -3.53048043589460e-002 8.19462203475244e-003 -1.11690914272831e-005 -1.53629622655078e-005 7.15804070440741e-007 -6.64715232592650e-008 -2.88369950710405e-009 
-3.32480211643824e+005 3.41493554676295e+004 1.57929405317577e+004 -2.98126370927116e+002 -4.84032812390379e+001 7.92008079416410e-001 -5.85708566678745e-002 -1.10788218553935e-003 4.25460543961285e-004 -4.94824911108311e-006 1.37201814417938e-007 5.13304599447560e-008 -4.85553139749583e-009 
-1.62827949301795e+005 2.82291471984146e+004 7.73957775086010e+003 -2.36596649707665e+002 -2.33920675037100e+001 4.81790464283695e-001 -3.23128711651760e-002 -1.06925148199771e-005 2.17665458163485e-004 -3.62366810232764e-006 1.17615899268741e-007 2.18131136290976e-008 -2.69011360873598e-009 
3.39983187899386e+005 6.59333226292606e+004 -1.68326730022673e+004 -6.75335098676665e+002 4.92071696547114e+001 2.38781832131626e+000 1.08833722596248e-001 -1.64924705960058e-003 -7.62700602278477e-004 -3.57724176932576e-005 -6.03144747550332e-008 1.80219784535760e-007 1.54699815604328e-008 
-1.57947200001435e+005 1.33779703968297e+005 7.87869721397023e+003 -1.00649421995128e+003 -4.16195217030408e+001 4.56218260802216e-001 8.63081239097473e-002 1.08387647479270e-002 2.36899543038929e-004 -2.55264563437028e-005 -2.71202278786433e-006 -1.29047777522874e-007 4.86442049201964e-009 
-5.75931312149324e+004 7.29379887425676e+004 2.86755530257323e+003 -5.62994391253516e+002 -1.78328118650441e+001 4.06575421293119e-001 5.16009924470248e-002 5.42058285321446e-003 6.76653675903511e-005 -1.55645634423167e-005 -1.38906088409841e-006 -5.33277785283743e-008 3.56778836439289e-009 
3.23755079514759e+005 -8.35290938182341e+004 -1.83647309859321e+004 5.59679993952037e+002 1.01817547264004e+002 1.06220819282069e+000 -3.37518345810181e-001 -2.29814879419004e-002 8.09903278487675e-004 1.66520797292996e-004 2.22146239051761e-006 -9.46662568514940e-007 -5.71828311467698e-008 
1.27634537555821e+005 1.39113262665917e+005 -7.25048918146815e+003 -1.38741232082969e+003 1.05873868221126e+001 5.36107914273129e+000 2.03179059841483e-001 -1.53397974670117e-002 -1.84264116668490e-003 1.12691235596667e-005 1.14645464352133e-005 4.35904521999763e-007 -5.55689220572333e-008 
8.72346730571137e+004 6.52981446916578e+004 -4.98489568496434e+003 -6.70526743445173e+002 1.26174416475184e+001 2.81611457529655e+000 7.99679327042665e-002 -9.45226339458734e-003 -8.84852050426219e-004 1.74299342477779e-005 6.01433557602492e-006 1.56467534011591e-007 -3.23982724075948e-008 
4.94503463303284e+004 -1.77790129868693e+005 -2.93685216338050e+003 1.81150638782078e+003 2.35843176850313e+001 -7.88064442046822e+000 -9.18773633827951e-002 3.59340699121687e-002 -7.68924598784156e-005 -2.12874772688136e-004 4.78139813534893e-006 1.38806700145051e-006 -5.78033747330043e-008 
3.02957603073052e+005 2.61642537156261e+004 -1.91009622933377e+004 -3.25781882872863e+002 1.10022340146178e+002 1.71015828285294e+000 -4.54410285948964e-001 -4.06258974739132e-003 2.41591784850019e-003 -2.38537508374513e-005 -1.54098967549477e-005 4.51695407222716e-007 1.01801319807115e-007 
1.57773402640746e+005 1.01570015400160e+003 -9.96128400363950e+003 -3.91020042123689e+001 5.79341831497104e+001 3.18054469996637e-001 -2.38888120639291e-001 4.45931195298682e-004 1.22975750185180e-003 -2.70888406941115e-005 -7.54130593759802e-006 3.27952051202935e-007 4.79802654010002e-008 
-2.63759645140745e+005 -1.19229823300069e+005 1.62551942806106e+004 1.08194064172282e+003 -9.56990085688446e+001 -2.46101049390696e+000 3.18594152256331e-001 -6.29856426678426e-003 -4.74562447165379e-004 8.22711229707592e-005 -3.98971883660319e-006 -3.20036155997501e-007 4.20838966663730e-008 
2.10701640555748e+005 -1.13284594249854e+005 -1.30467478506266e+004 1.19606465581995e+003 5.79406906417475e+001 -5.08018398229392e+000 -3.97435184497943e-002 1.36189660044795e-002 -7.93625134757328e-004 8.18279972061969e-006 5.33885002369645e-006 -4.13029505745345e-007 -9.66852370188801e-009 
8.89553117189756e+004 -6.60683491479151e+004 -5.51497022045896e+003 6.87579418698733e+002 2.28509321206138e+001 -2.77447452350691e+000 2.12452075146129e-003 6.53488063717410e-003 -4.38962530715087e-004 9.90541980376853e-006 2.44870139527064e-006 -2.33436964308106e-007 -1.99267287128609e-009 
-3.50411419761749e+005 3.53330510580322e+004 1.95856731835137e+004 -4.95957595747577e+002 -8.46505842496886e+001 2.82696206782664e+000 1.29462195451858e-001 -6.63099854138820e-003 -1.58164322828053e-004 -1.15118615656439e-005 1.89646479807769e-006 1.01094004586861e-007 -1.37031531057730e-008 
-6.86793187727684e+004 -1.52074519972692e+005 3.60149868177293e+003 1.34772004385155e+003 -3.33207754480521e+001 -3.40349726298067e+000 1.37799558488663e-001 3.56422057224343e-003 -9.51251305436548e-005 -1.43174158061325e-005 -1.36922103183054e-006 1.56950997600008e-007 4.67713677861368e-009 
-5.94205717546658e+004 -7.49501543892652e+004 3.22453082596705e+003 6.53001695646268e+002 -2.30743625091971e+001 -1.54065041369310e+000 7.98107648759715e-002 1.35104941692457e-003 -6.05315904425601e-005 -8.09592501535341e-006 -5.63744923552645e-007 8.72428341256688e-008 1.41711916098901e-009 
-1.54851887821792e+005 1.50226078069376e+005 7.72356903375809e+003 -1.30206258921580e+003 -1.46476997788932e+001 3.29139766639964e+000 -8.62021554882404e-002 -5.08190463556120e-003 4.26388990977267e-004 1.35526284549438e-005 -1.61356206813012e-006 -3.04333151225260e-008 8.61182362157001e-009 
-3.01802521943590e+005 -7.15228770181256e+004 1.49732110157293e+004 4.70326083260683e+002 -6.43340785667656e+001 2.31555597416281e-001 1.16791232856302e-001 -6.04550439275646e-003 -2.28007527608563e-004 2.17933343395436e-005 7.02167222406711e-007 -1.03776891052408e-007 -5.58186874562426e-010 
-1.64236764727523e+005 -2.57165927127676e+004 8.18341179354416e+003 1.46717891085363e+002 -3.39527424824048e+001 3.53719295243627e-001 5.36784864981012e-002 -3.45073717515328e-003 -8.58765987584942e-005 1.20998398680912e-005 2.42777724734289e-007 -5.51329931097399e-008 3.28947835233403e-010 
1.57860935581127e+005 1.49683655908723e+005 -7.56044589022367e+003 -1.14123613702376e+003 2.73289779263760e+001 1.10155173674439e+000 -4.15980330015016e-002 6.33816271734300e-003 1.20038780917866e-004 -1.47992434552229e-005 2.21866718170952e-007 -6.27086631778840e-009 -4.18973166886348e-009 
-3.18877456311897e+005 5.43687665053484e+004 1.49153751722052e+004 -4.32423615333984e+002 -4.64813776048194e+001 9.11107498571730e-001 -3.97211411139666e-002 -2.05650225269904e-003 3.38128250276918e-004 3.95089748117235e-006 -2.68671291416106e-007 4.23111975471823e-008 -6.65654619395329e-010 
-1.50608010373903e+005 3.83823805423722e+004 7.05263340206697e+003 -3.03335099769630e+002 -2.17827719457847e+001 5.49179400230285e-001 -2.30349433033462e-002 -5.95967704036457e-004 1.81158749904265e-004 9.41388421765564e-007 -1.22775506455620e-007 2.10856426706180e-008 -6.40249441452924e-010 
-1.28756085705106e+004 5.51154047517807e+003 -1.57870574410924e+001 -7.78480549502939e-002 -1.59368609303190e-002 2.44729666055761e-003 4.14434776345936e-004 -5.00269433575228e-005 -1.38505504825043e-005 9.57149924174141e-007 4.60989495245707e-007 
-6.10386693304198e+005 4.47847039814699e+003 1.05168536811082e+001 1.03083644503053e-001 -1.52433913917258e-002 -2.00815336152983e-003 3.29788588059203e-004 6.45860290594113e-005 -6.89303519341413e-006 -2.16011535530429e-006 1.24184480676840e-007 
-2.53365318303634e+005 1.80148879097450e+003 4.71376954413342e+000 6.50868010183544e-002 -6.70203339362303e-003 -1.32416535755601e-003 1.33313486700411e-004 3.96860375211266e-005 -2.24694374431170e-006 -1.25132605192669e-006 1.85513473044765e-008 
-1.98214668286644e+003 5.38119841595710e+003 -1.66047252364193e+001 5.43641130090552e-003 7.87451079966632e-003 -1.25425998574866e-003 1.74360718973205e-005 2.03152748063696e-005 -3.68032675283718e-006 2.03988617422592e-007 4.66054538165611e-008 
-6.01344625511158e+005 4.56351499106541e+003 1.04758903859518e+001 -4.03061834292433e-002 5.19929093825399e-003 5.43257774105404e-004 -1.70206866872703e-004 1.61906540033406e-005 6.73242114247264e-007 -4.58394837055867e-007 6.25676797031340e-008 
-2.49723719795451e+005 1.84014471490601e+003 4.78165850695685e+000 -2.30460120194742e-002 1.81535393541280e-003 4.24337382737723e-004 -9.26626466607300e-005 6.54237584611560e-006 7.40996430460491e-007 -2.64257023806091e-007 2.85806653539106e-008 
5.11960164665115e-005 -1.80032985904491e-007 -6.22586396368789e-007 -1.18870740933397e-008 3.55952247343815e-008 1.37469218902561e-009 -7.28065268392017e-011 -4.62390420417842e-012 -1.71829309635375e-011 -1.89993087001613e-012 
3.30451254148072e-005 1.48697731960890e-007 1.14206267564591e-008 -8.53059710882226e-008 -2.41416767597018e-009 1.88873137243886e-009 1.74146559965855e-011 3.09228489883103e-011 1.17457662321847e-011 -4.57751766824159e-013 
5.05674843530973e-005 1.06870052669485e-006 8.95609077871067e-007 -1.11528155802073e-007 -8.95970456397331e-008 2.36797658707850e-009 4.73597780807747e-009 1.28043223529559e-010 -1.90568944590652e-010 -1.00102866529231e-011 
3.20162097884172e-005 -1.08105599885535e-006 1.57163126214868e-007 1.34166012640815e-007 -9.74100496024018e-009 -9.30005841435076e-009 3.16538735781618e-011 4.07417491153999e-010 1.18018162733718e-011 -1.39991528839181e-011 
5.21189825757518e-005 -7.94862097783022e-007 -3.20751435359458e-007 2.85440387631921e-007 1.38278062252005e-008 -1.62537915346039e-008 4.08796995911056e-010 4.18768726260518e-010 -2.92167890562362e-011 -4.91482511876355e-012 
3.12663196540575e-005 -2.26283589445254e-007 -3.49573187904813e-007 -3.23043825175831e-008 3.39235655906122e-008 8.46410161825641e-011 -1.24997241384075e-009 6.51252641763571e-011 1.86482294252601e-011 -1.82582972974621e-012 
5.29351696760002e-005 1.76025450973878e-006 -8.60446137267684e-008 -1.91625936227481e-007 1.32363856502968e-008 5.80725225370481e-009 -8.03396125847750e-010 -2.30649682421444e-011 3.12955483039602e-011 -2.92490391489528e-013 
3.00478473270956e-005 -3.41303078967590e-007 3.02195086152884e-007 -1.80866462608415e-008 -1.73341050695597e-008 1.32782203118118e-009 1.92776172740220e-010 -2.57861059659332e-011 8.38704901683560e-012 -1.51534277334255e-012 
4.87275763125600e-002 -1.20500889843657e-003 1.27706325062553e-004 4.04678717997222e-005 -6.15773979749136e-006 -1.28627074137158e-007 1.20365661726498e-007 1.69981788565349e-010 -4.79661102198022e-010 -7.52851703173493e-011 
3.89434711288260e-001 2.03272571247159e-004 1.14721744630238e-004 -1.17236784278318e-005 -1.25041759761025e-006 3.63432797475690e-007 -1.75525082365445e-009 -4.10435364626170e-009 -1.39856936792979e-010 -2.22173403880428e-011 
4.85915822507226e+003 9.21024977607227e-001 -1.22450143933691e-004 -3.92564271667093e-005 5.72673513321278e-006 1.35749193791533e-007 -1.10703343976872e-007 -4.12301856032957e-011 4.40150822840273e-010 6.59982304473441e-011 
4.80407664466412e-002 6.24921756752797e-004 2.73989016433853e-004 4.96416383720336e-006 -1.19769769211271e-006 -1.10172037252291e-006 -1.74252495722688e-007 3.17735617281645e-008 7.15642381439400e-009 -5.29279521138541e-010 
3.90304607430465e-001 5.54461521959543e-004 -2.12764022856003e-005 -1.26052684243613e-005 -1.64790394165432e-006 -1.98509822516228e-007 7.93390119062115e-008 1.46449898640393e-008 -1.64023932221426e-009 -4.84922119552870e-010 
4.86099860276982e+003 9.19248342610261e-001 -2.63938926595381e-004 -3.05265856718387e-006 1.36727577361561e-006 9.90422396649623e-007 1.55802617642556e-007 -2.89001686604464e-008 -6.47320316627508e-009 4.81904138811204e-010 
5.05709179836551e-002 1.47112300378451e-003 -2.33011533842481e-004 -7.14004001209245e-005 5.98808971682786e-006 1.86225198892357e-006 -1.38358197370558e-007 -3.18039959950120e-008 3.22894867727710e-009 2.44813475754092e-010 
3.90694623984341e-001 -2.75531541014667e-004 -1.36392957521160e-004 1.52083089486745e-005 4.64589454681407e-006 -3.39245072317795e-007 -9.95050398327363e-008 8.59105290646081e-009 1.26146480176036e-009 -1.62914049199744e-010 
4.86283590370510e+003 9.18472261196802e-001 2.25869790900259e-004 6.68162758464543e-005 -5.71189064681592e-006 -1.71813055185332e-006 1.27649159902029e-007 2.91500485145771e-008 -2.92554361241682e-009 -2.25129769860414e-010 
5.08527312482531e-002 -1.10415416026486e-003 -1.50027683507916e-004 6.23312825352891e-005 -4.52262011879234e-007 -1.16086885845981e-006 8.86544830260375e-008 9.32152119603635e-009 -1.60613966347465e-009 6.93927812389269e-011 
3.89963594767494e-001 -2.20723941868547e-004 1.26788388514839e-004 5.38440416552888e-006 -3.48773561913667e-006 1.60600670924482e-007 4.53818712094419e-008 -5.03896147586335e-009 -8.61743177498085e-011 6.32879750082720e-011 
4.86467538999147e+003 9.20930180050616e-001 1.43116236732592e-004 -5.92831373241174e-005 3.22268929079266e-007 1.08596376671693e-006 -8.13986473106630e-008 -8.73892928114134e-009 1.48858253794984e-009 -6.11462979624711e-011 
