-2.65148230554737e+007 1.20161541075464e+007 3.22688435358127e+005 -2.52992818377777e+004 4.37096691257303e+001 -1.06531592566738e+001 -1.99240382072850e-001 7.56265315222024e-003 -5.31977108647507e-004 2.76561892701110e-005 -7.54802746627351e-007 3.61937293832817e-008 -3.68199334376851e-010 9.92098803077821e-012 
-5.68216392616328e+007 -4.67033465404511e+006 6.77187558939305e+005 6.16782602205142e+003 -3.15082892463434e+002 8.39426218004482e+000 -5.95770558253677e-001 7.83576724962600e-003 -5.28086474591507e-004 -1.25903395048377e-006 6.57161558476949e-008 -2.30902444357365e-008 1.20026497663964e-009 -5.09155183150014e-011 
-2.75780473419283e+007 -3.74075598723654e+006 3.28290964825892e+005 5.91754146565887e+003 -1.72845057039618e+002 5.58848500084701e+000 -2.97596436900879e-001 3.40183884745135e-003 -2.26951225685537e-004 -3.54021217033552e-006 1.13381737186297e-007 -1.60840554379574e-008 6.79223279019873e-010 -2.82442844240372e-011 
-8.65569920378500e+005 1.33775574964172e+007 1.55566021864399e+004 -2.65165349646440e+004 -2.06579217085424e+002 -1.40327341770584e+001 -1.00630795598352e-001 3.57574370586065e-003 2.81055213217276e-004 2.76305308649587e-005 8.24715654937003e-007 4.68548458015841e-008 1.00516986678332e-009 3.35229480950716e-011 
-6.05655530750953e+007 9.65459505871645e+005 7.24096944560273e+005 1.73228987257243e+003 -2.82506850230996e+002 -5.23931099129155e+000 -6.23855751338309e-001 -1.05170754096747e-002 -6.61096688537974e-004 -7.48476242483231e-006 -1.42881677275675e-007 1.27915752675946e-008 1.11361623576299e-009 5.09113679352749e-011 
-3.22374801010844e+007 -8.71330961407992e+005 3.85189552370099e+005 3.67431714621851e+003 -1.29496203837703e+002 -1.34399501451670e+000 -3.22822226417737e-001 -5.98885737783899e-003 -3.82285925234173e-004 -6.86230175085314e-006 -1.61837603367512e-007 1.97443591209308e-009 4.90807105175481e-010 2.37213272354346e-011 
2.49522850330433e+007 1.21511383262535e+007 -3.31991147744982e+005 -3.21310174839025e+004 -4.92917920555760e+002 -1.29647091774133e+001 3.48766163402560e-001 3.99322416818756e-002 2.52800149502486e-003 1.19635360328114e-004 4.14464267640908e-006 8.32343396577749e-008 -2.77876329140659e-009 -4.17203587637500e-010 
-5.28392650322573e+007 6.75061102340988e+006 7.11286501697153e+005 -4.58594812005264e+003 -5.74266305753215e+002 -2.63717770018406e+001 -1.24938597729407e+000 -3.44369526369530e-002 -6.37927582815450e-004 3.11780315965480e-005 3.57043760255313e-006 2.32461651210182e-007 1.10873254223622e-008 3.95197945732851e-010 
-3.07871732894556e+007 2.34615659051770e+006 4.14376359904113e+005 8.81238677223929e+002 -2.55665393000302e+002 -1.27433962723576e+001 -7.03561923666261e-001 -2.25354939165602e-002 -6.02845439894238e-004 4.25230945093006e-006 1.47760941499561e-006 1.15549461821735e-007 6.21074413205738e-009 2.54360926983421e-010 
4.52735564076794e+007 7.80486414259754e+006 -7.70397039572245e+005 -4.10297517628855e+004 -5.09399411810247e+002 2.31443924199024e+001 3.48086227903647e+000 2.20550857478426e-001 9.16014687529014e-003 1.36240065828384e-004 -1.69839110659445e-005 -2.01486192516542e-006 -1.30196401587844e-007 -5.25350313669845e-009 
-3.39664077406903e+007 1.20122012886163e+007 5.77505553643626e+005 -1.99639428034888e+004 -1.48136852285878e+003 -6.74988656071212e+001 -1.95912302140904e+000 2.30281072197975e-002 7.45735155475877e-003 5.97850815135446e-004 3.01765402645564e-005 8.02370581910938e-007 -2.82142835882040e-008 -5.44152059207521e-009 
-2.28127021326852e+007 5.60739705742594e+006 3.88361449886900e+005 -6.41096052631300e+003 -7.38518391787165e+002 -3.84563351083926e+001 -1.40739458769379e+000 -1.05629461124107e-002 3.03399432885716e-003 3.05239989789103e-004 1.78806064202799e-005 6.37493992454678e-007 -1.57437177338137e-009 -2.36216208861757e-009 
-9.59125120329660e+007 1.00654077823152e+007 1.22350288640310e+006 -2.20529309226226e+004 -1.26864445687007e+003 1.63418026935222e+001 5.10594655797302e-001 -7.91142136042597e-003 -8.96603926926519e-005 3.50548072949089e-006 
-4.35250688820520e+007 -1.97191839011874e+007 5.52284601426572e+005 4.10972498122713e+004 -6.28074125981296e+002 -2.52674754526021e+001 3.48211456403747e-001 6.80908539595187e-003 -1.55220471822455e-004 -4.23760610850461e-007 
-1.35074474700301e+007 -9.50920220954615e+006 1.71072626644763e+005 1.98864340665827e+004 -2.02316957259308e+002 -1.24027143205120e+001 1.24365874587547e-001 3.56421801728721e-003 -6.41611253507882e-005 -4.12497240792115e-007 
-6.70564045753285e+007 1.84785916239034e+007 8.49803517498848e+005 -3.91504441735059e+004 -8.38408611691967e+002 2.57247124037729e+001 2.66697544222724e-001 -8.94370959113671e-003 1.70626217315431e-005 2.18241463846881e-006 
-7.71273428471226e+007 -1.35342510934388e+007 9.70103537266637e+005 2.75140413577362e+004 -1.03731067742720e+003 -1.51816568445066e+001 4.70224813118670e-001 2.03277569485113e-003 -1.32110144794788e-004 1.44106120429015e-006 
-3.04521027486276e+007 -7.25874994257739e+006 3.82709371872259e+005 1.48567591096221e+004 -4.13668957325377e+002 -8.45841789238477e+000 1.94697751310171e-001 1.48063231971114e-003 -6.05170796529798e-005 5.10231825742229e-007 
-4.63754513660952e+007 1.91974094665351e+007 2.13430309143122e+005 -1.46608554327751e+004 -6.45304811020409e+001 2.99916195475276e+000 -1.46156109344499e-004 8.25144329509400e-005 -2.18229248495939e-005 -1.10813254667885e-005 2.63452722474492e-009 4.67793854492638e-007 4.12922191745826e-008 
-1.31721423808036e+008 -5.91496698141953e+006 5.99674359456473e+005 4.13450453407767e+003 -2.20955331123629e+002 -5.01994345682766e-001 2.64771298185195e-002 -2.25988772482440e-004 -7.99085146520376e-005 -9.74078780755311e-007 3.38113679389987e-006 3.83232863832181e-007 -1.17471400393887e-007 
-5.71273971928536e+007 -2.56437447312839e+006 2.59966800878026e+005 1.79241140331673e+003 -9.57877272459921e+001 -2.17709356385610e-001 1.15987377251959e-002 -8.66784523600766e-005 -4.21761143375895e-005 -1.49820813580733e-006 1.72429672731443e-006 2.38054078959944e-007 -5.59135615749247e-008 
-6.83969155880856e+006 2.01881299913293e+007 3.32803700927745e+004 -1.52150960653149e+004 -4.94649284327911e+000 2.94399094586945e+000 -2.75198996341217e-003 7.23782680072888e-006 -4.24181882537214e-005 1.50286325558102e-006 1.40772286411040e-006 -3.34043409488636e-007 -1.99847930444023e-008 
-1.38639646911083e+008 -9.79770788177877e+005 6.27848520221131e+005 5.50461386627457e+002 -2.25248449593449e+002 6.75384187422921e-002 2.30974334526087e-002 -3.76328440185329e-004 -1.63228938949120e-005 1.37784113737993e-005 -1.17267522505521e-006 -4.01422007645341e-007 1.30112263866755e-007 
-6.01268523780062e+007 -4.24899014594413e+005 2.72181262691298e+005 2.38678087187627e+002 -9.76496478034575e+001 2.94788323831651e-002 1.00969705776568e-002 -1.88790574024365e-004 -1.07547830939965e-005 7.42050591844489e-006 -5.28006566783432e-007 -2.31079286822086e-007 6.72898071480470e-008 
3.56037836450574e+007 -3.17404156610972e+007 -1.80944696094994e+005 2.82227187472910e+004 -2.00480487886292e+002 -4.67055027932791e+000 1.89747274369468e-001 -3.30401795005637e-003 -5.94605883302621e-006 1.83056795106146e-006 -5.36648604809572e-008 
2.07383401625464e+008 6.93170317229653e+006 -1.06187433619114e+006 1.02047647236437e+003 4.31562196233193e+002 -7.16646852356498e+000 3.60073446917283e-002 2.57785068213216e-003 -8.91045855000943e-005 1.19194630256753e-006 1.23346337474222e-008 
9.41485574959081e+007 4.03592883798543e+006 -4.82170160275145e+005 -2.93892375803552e+002 2.03358527788562e+002 -3.16097292430795e+000 1.13932471435567e-002 1.27167374768943e-003 -4.06947710632706e-005 4.99279184273562e-007 7.37046653069621e-009 
-6.74123701263104e+008 -1.00107765393192e+007 8.25888411017931e+004 1.71063218770157e+002 -8.69200006741707e-001 8.97481697075626e-005 1.46281817055853e-006 5.15313466621781e-008 
3.94131323036422e+008 -1.32530185129266e+007 -4.82539776077969e+004 2.90135537506066e+002 2.71627448352424e-001 -1.62099460589153e-003 3.33578425778403e-006 1.11697404181914e-009 
1.85335260096229e+008 -5.43687174989001e+006 -2.26935471246508e+004 1.20196015038395e+002 1.37591524578167e-001 -6.96951606077444e-004 1.36800374575094e-006 1.56238695808401e-009 
-7.00155215775898e+008 1.10613717937160e+007 1.33444036393317e+004 -3.68154057046944e+001 -1.15904122602714e-002 2.41803028619049e-005 8.89881612183636e-009 
-1.22905829424079e+009 -5.65295699852278e+006 2.34255829465125e+004 1.50552782137011e+001 -3.50038030172612e-002 2.47915633565210e-006 9.45792746970536e-008 
-4.77521129987179e+008 -2.81118910904988e+006 9.10135187287042e+003 7.80390031417879e+000 -1.39629725672355e-002 -3.15268757001144e-008 3.73735971906935e-008 
2.86128168178108e+009 -2.81338823212175e+006 -6.78472603951094e+003 8.87138438734895e-001 1.21762071264859e-003 1.98840949245854e-008 
8.13563797923183e+008 7.83231320462729e+006 -1.92927825581756e+003 -3.15847415852399e+000 1.88134399730324e-004 2.18871585534324e-007 
3.15850840040703e+008 3.47013446366132e+006 -7.49037767644905e+002 -1.39589792726663e+000 6.51783615099870e-005 9.53048785174700e-008 
4.14717116334288e+009 2.80226808072044e+006 -2.92177591535614e+003 -3.48681219265454e-001 1.73598964273938e-004 1.22048715183397e-008 
-1.53715792878295e+009 6.50161611660299e+006 1.08315034077622e+003 -7.55828833956179e-001 -7.27417449217596e-005 2.91929813029414e-008 
-7.32416005071604e+008 2.59138148949218e+006 5.16082908041717e+002 -3.00672378322800e-001 -3.40676018893331e-005 1.14976139786916e-008 
1.18214644821686e+009 7.44387045547379e+006 -6.30183885962871e+002 -5.68240303987860e-001 1.70020461506687e-004 -3.48535694105184e-009 
-4.44623300262959e+009 1.11430311750491e+006 2.37007230627691e+003 -4.49185787403330e-001 -7.23339942206188e-005 5.73305565227913e-008 
-1.74370919178711e+009 -1.89508185306635e+006 9.29481244143552e+002 3.10532918321967e-002 -7.42655263443221e-005 1.86854302611204e-008 
-3.85082255026896e+005 5.11585864141262e+003 1.83178937641137e+004 9.66678443583053e+000 -5.81434660226182e+001 -7.01120319152726e-001 -4.69898232506134e-002 3.99592473746242e-003 4.47697449435478e-004 6.58083868202104e-008 -2.48900415040130e-007 -7.89860383829560e-008 -3.38524515756023e-009 
-3.97938769989463e+003 -1.55448787878480e+005 8.98250891836056e+001 1.20051735016628e+003 5.71984857443534e+000 -1.22880361869880e+000 -5.94640087491537e-002 -6.78320643524921e-003 1.53914354157733e-004 1.66980337227811e-005 7.07960838102789e-007 2.74757091092829e-008 -4.83065708368803e-009 
-6.49038667267346e+003 -5.15483321494351e+004 2.63973336194523e+002 3.97162818032122e+002 1.19430945808763e+000 -4.10177992411912e-001 -2.04021863927547e-002 -2.20306921258037e-003 5.64160885054379e-005 5.51452088723961e-006 2.33078799136768e-007 8.15660051300627e-009 -1.64242995356194e-009 
-2.39874838748851e+005 1.35145217228779e+005 1.23608147949035e+004 -1.02905982284675e+003 -6.68617094309940e+001 8.79338381544250e-001 2.09244774517396e-001 9.34958917416106e-003 -5.13670411015562e-004 -5.65628584844788e-005 1.28617895293193e-007 2.66718012918212e-007 1.06575251454875e-008 
-2.69142654699386e+005 -9.81707324925930e+004 1.38497684229252e+004 9.72191447899559e+002 -4.26554562088533e+001 -3.66534639840830e+000 -6.33257178307735e-002 1.02598258841033e-002 7.43085561384683e-004 -1.77482270437948e-005 -3.74031923987193e-006 -7.10076819008217e-008 1.61296581712560e-008 
-9.27224464854945e+004 -3.09234595442709e+004 4.74550148275959e+003 3.09644659700369e+002 -1.48720180491690e+001 -1.20303000477376e+000 -1.87098505655068e-002 3.50906177037240e-003 2.40288930765735e-004 -6.54290949032037e-006 -1.23831351824826e-006 -2.04181933393214e-008 5.47401329618205e-009 
7.95059353857067e+004 1.69796529728382e+005 -4.82252834057673e+003 -1.64872394833586e+003 6.59593835828667e+000 5.91787563074138e+000 7.24376833129381e-002 -1.76311872850664e-002 -2.16690624301175e-004 7.44961950610217e-005 -4.63583403083741e-007 -4.34415129918639e-007 5.36616243727418e-009 
-3.29562909860437e+005 4.22082038995738e+004 1.90821850284833e+004 -2.50182355602495e+002 -9.98689302952183e+001 -5.20903083245769e-001 2.99763898257637e-001 4.81169456466855e-003 -1.02587511580734e-003 -3.36920812935226e-006 5.30185465366852e-006 -5.77623270782105e-008 -3.20360128353826e-008 
-1.08871827566531e+005 1.60813097570418e+004 6.27710509607501e+003 -1.01964978457089e+002 -3.29870924536263e+001 -1.06144039111798e-001 1.00023974513597e-001 1.38986718121479e-003 -3.42298122717479e-004 -2.24128401816049e-007 1.75251093373695e-006 -2.42934806291966e-008 -1.05616499634222e-008 
3.24960944817855e+005 6.26805080266359e+004 -2.01987681714077e+004 -6.58861200720554e+002 1.06186267130709e+002 2.66405680649621e+000 -2.76426834757036e-001 -5.42063633916901e-003 2.57154867209079e-004 -1.85677795380690e-005 2.47565462985347e-006 2.63069047140666e-007 -1.89549064024657e-008 
-1.20098661866681e+005 1.57426494035020e+005 7.39884815364960e+003 -1.55205922094478e+003 -4.32300735181051e+001 5.45193914488284e+000 1.30617544118122e-001 -1.04004451942756e-002 -5.68174206547049e-005 -1.15993770086210e-005 -2.58957149293318e-006 2.31484164000655e-007 1.97163305868176e-008 
-3.62806229748251e+004 5.31035982152447e+004 2.22884974935925e+003 -5.21927144810500e+002 -1.31359553283976e+001 1.83321643125560e+000 4.01317324623305e-002 -3.49288249111445e-003 -1.54862901991097e-005 -4.11082673791664e-006 -8.32902210024291e-007 7.98363643689140e-008 6.32781143109244e-009 
2.85160667629762e+005 -1.00134029318644e+005 -1.74211033854737e+004 1.07176114795320e+003 8.62021030213414e+001 -4.61813805607904e+000 -2.48472717757152e-001 1.30355906327558e-002 1.03422427338520e-003 -1.45396604952096e-005 -6.53428905352812e-006 -1.18302076817314e-007 4.01723305610188e-008 
1.92503341859939e+005 1.39221942345923e+005 -1.15208543552221e+004 -1.31075800128945e+003 7.03098991845877e+001 4.42043996837922e+000 -2.44003947846703e-001 -1.40566019712170e-002 5.16847305094734e-004 7.67083090470023e-005 4.39914598485607e-007 -4.95048396321286e-007 -1.32473050028248e-008 
6.73450951814417e+004 4.52578673620852e+004 -4.01435935011365e+003 -4.23037131140835e+002 2.42176752956712e+001 1.41279113088461e+000 -8.34331581210529e-002 -4.51636839205328e-003 1.81878242542590e-004 2.52991974202305e-005 7.79892497055870e-008 -1.65558593820190e-007 -3.97000092257394e-009 
-2.65448368329758e+003 -1.72917332761281e+005 7.34186490940836e+001 1.55770818110573e+003 -2.45412423677606e+001 -4.39767589598080e+000 2.38038668986688e-001 7.11348911711632e-003 -1.29732462201956e-003 -6.16004552377912e-007 6.40143454524857e-006 -1.66522418262440e-007 -3.13543431750154e-008 
3.45330330022444e+005 7.48209127411436e+003 -1.88394337734568e+004 1.29098163708887e+002 8.60717853511272e+001 -2.55854416742995e+000 -1.75499470583662e-001 1.72256297503832e-002 2.19100815325639e-004 -8.61999609515365e-005 1.00502170833145e-006 4.29857962389288e-007 -1.79077580263223e-008 
1.15207279827322e+005 7.30396794041033e+002 -6.25590077741590e+003 5.89324510579055e+001 2.82249302220433e+001 -8.95236910192722e-001 -5.54848117235998e-002 5.78856917942949e-003 5.88517752159283e-005 -2.85938912807171e-005 4.00983428459648e-007 1.40853295863979e-007 -6.27338977328351e-009 
-2.96533262723233e+005 -1.08870101266032e+005 1.45204476184314e+004 7.67527291848564e+002 -5.90628950831294e+001 1.52169500398329e-001 6.09537590204774e-002 -1.03355059115953e-002 2.58696672811878e-004 2.28352582527473e-005 -2.07851504625241e-006 7.44328914993894e-008 6.32876210699782e-009 
2.27979429871497e+005 -1.18234323942369e+005 -1.10402478382772e+004 1.01706350429981e+003 2.66518820500621e+001 -2.23746422988215e+000 1.08914636267992e-001 -6.50866817879747e-004 -5.69757789388960e-004 2.51064788285520e-005 1.29513673312226e-007 -1.26204104790626e-007 8.36143827355222e-009 
7.32421889201657e+004 -4.03870956712392e+004 -3.52594442156249e+003 3.44322402441656e+002 8.19757957154853e+000 -7.35891964169156e-001 3.69525093065139e-002 -3.26156625043880e-004 -1.86234380985706e-004 8.56377405948051e-006 1.99852896640194e-008 -4.11127598875370e-008 2.84092993885090e-009 
-3.80051113899800e+005 2.84180492617992e+004 1.82031001023444e+004 -1.49564906718818e+002 -5.82308003552816e+001 -5.39993043188435e-001 -5.76034535838658e-002 2.84401072399919e-003 5.08893500065514e-004 8.63184636223780e-006 2.16541954976305e-007 -6.13006205977449e-008 -7.07783193967715e-009 
-5.47945383590918e+004 -1.53112982571345e+005 2.62179082220136e+003 1.19401463539379e+003 -9.09065222081784e-001 -1.17653375731130e+000 -5.19866087088979e-002 -7.83339009686766e-003 3.31359658780425e-005 1.62832494038609e-005 9.51325003122448e-007 7.90713817056860e-008 -1.58312604888439e-009 
-2.16534182292888e+004 -5.06959085299835e+004 1.03290476823471e+003 3.93995551081836e+002 -8.02694650920431e-001 -3.87741433184903e-001 -1.77904818344994e-002 -2.58183019344254e-003 1.52459048241962e-005 5.43904822136874e-006 3.18122067000360e-007 2.58051820155311e-008 -5.83280977400708e-010 
5.02430886273484e+005 3.18714456205598e+003 -2.41758580085024e+001 1.11860118991239e-001 3.55805562671332e-003 1.75319235006539e-005 2.25903360191998e-007 -4.90866443943889e-008 5.53875524520613e-009 1.23785402883051e-008 -5.44292109647232e-011 
1.23973545338004e+004 6.82243190735642e+003 6.50479468277839e+000 -1.53348743065027e-001 2.91489644356230e-003 5.48179512451822e-005 5.01387827003071e-006 5.30982947152684e-009 2.47486794969186e-008 -6.38601843689498e-009 2.09121577816315e-011 
-1.91660325958043e+004 2.86680537827135e+003 3.44712931434874e+000 -7.49306358438227e-002 1.14365437185452e-003 1.95302998111755e-005 2.68402521196125e-006 9.54566481624359e-009 1.26222393490529e-008 -2.89809361596100e-009 4.35749254535858e-012 
5.08616718814462e+005 3.00009940160053e+003 -2.24818391165443e+001 1.70823514991098e-001 3.61417495177585e-003 -6.27601759072608e-005 -1.57626066684986e-005 -2.26470320325898e-006 -2.36723154289844e-007 -2.45836148710959e-009 -2.74428673942088e-010 
2.60890751221400e+004 6.86803545907856e+003 5.00612852677207e+000 -8.95926874100361e-002 5.73772183229712e-003 2.76680125045035e-004 1.71987280742873e-005 6.30935121961585e-007 -5.82455318358605e-008 -2.37900090517983e-008 -2.19442866625173e-009 
-1.34074360827497e+004 2.89115363881894e+003 2.68459622158323e+000 -4.89111899441701e-002 2.49857236650904e-003 1.47711676224549e-004 1.08996307318943e-005 5.72655840670427e-007 -6.58839070447669e-009 -1.07172275847355e-008 -1.15611269350273e-009 
6.13239740824892e-006 -4.75847118262449e-007 4.52162297529186e-007 1.08696510304136e-007 -2.04610992794496e-008 -4.96031216442276e-009 -1.75411223175896e-010 1.08844438322024e-010 2.94468393924579e-011 -2.00037637559656e-012 
-4.66122515112939e-005 -6.27578538440078e-007 -1.20981222606354e-007 4.74192020881654e-008 1.07532174279846e-008 -8.14160923082312e-010 -3.67624409870022e-010 -3.99776307072911e-011 7.52840491494944e-012 1.84528204296897e-012 
7.31625213084808e-006 6.16230110433256e-007 -6.04682574358835e-007 -4.21105154714854e-008 6.07378081804455e-008 4.02639553734373e-009 -2.46182505418164e-009 -1.89542577406122e-010 6.38231788799127e-011 4.34881860343080e-012 
-4.71679209669977e-005 2.59496934297331e-007 3.93132602834797e-008 -9.46308841377544e-008 -5.56870138137328e-009 5.35775487342606e-009 4.12455706746233e-010 -1.55686281197575e-010 -1.64762126517624e-011 2.69474752266107e-012 
7.96981216752451e-006 1.17761555813712e-006 4.47796556064128e-007 -1.53247263156470e-007 -3.60336031885097e-008 1.06809736349361e-008 9.28762187845170e-010 -4.35568019825157e-010 -6.81541759051550e-012 1.32070399153836e-011 
-4.75257204365818e-005 -4.68555267142647e-007 1.73177281345068e-007 6.54978297824610e-008 -1.77630589879786e-008 -2.73182628211869e-009 8.71309681135026e-010 3.76674051724452e-011 -2.57955609223321e-011 5.11234856858965e-013 
9.17389355511193e-006 -6.02161539659164e-007 -2.40430330463433e-007 1.33069760847850e-007 1.12175292152989e-008 -3.25820866093194e-009 6.83344942691075e-011 -3.58143130528899e-011 -7.75599438921368e-012 3.15934291640074e-012 
-4.74374398437248e-005 2.04450418245419e-007 -1.69470965719771e-007 -2.62513637996798e-008 1.02510698170966e-008 2.37646809049925e-010 -7.18629603314061e-011 4.03508741360639e-011 -4.75353858297561e-012 -1.62314859459711e-012 
8.62767290651725e-003 -2.61998967969807e-004 -2.36096736557977e-004 1.54529221584555e-005 1.61729556977587e-006 -7.61327212501500e-007 2.29249711641664e-008 1.53721375899832e-008 7.12248515795287e-010 -1.32037881581853e-010 
4.35780355264531e-001 -4.56280250066182e-004 1.78514662867651e-005 1.18092785801367e-005 -1.69533980614393e-006 3.63546028322450e-008 5.02054723219828e-008 -1.10070534889791e-010 -6.91074004894074e-010 -7.89376360499459e-011 
3.85836208107263e+003 9.20131973238398e-001 2.07177381956769e-004 -1.55460036208174e-005 -1.35597210311757e-006 7.08527347333807e-007 -2.05705550427157e-008 -1.41204829054170e-008 -6.74260298423658e-010 1.21364477776677e-010 
6.81233704016245e-003 -1.38544721659194e-003 -2.09099962318399e-005 3.66095426071366e-005 5.87941225723691e-006 3.89153887800122e-009 -2.34087593450612e-007 -1.42433125969172e-008 4.90556303135976e-009 3.30091356872879e-010 
4.35310070936833e-001 5.91138914421389e-005 1.09428340135474e-004 7.51144957757582e-006 -1.25969690918422e-006 -5.50562943367547e-007 -2.48973309378488e-008 1.50742458280613e-008 1.00784719130587e-009 -2.61264976749316e-010 
3.86020343649585e+003 9.21070709016874e-001 1.14610262061474e-005 -3.17456272660122e-005 -5.21569130357820e-006 -2.14627845294359e-008 2.12616381867638e-007 1.31244921612393e-008 -4.49285150783479e-009 -3.03862632383658e-010 
5.46332492081973e-003 3.62621861308436e-004 3.25641709967763e-004 -3.30784701594335e-005 -1.03933817870823e-005 1.03628558620312e-006 2.09812325105996e-007 -2.99590045913918e-008 -3.03485371935609e-009 7.30250925821273e-010 
4.36037872532164e-001 5.12075931896423e-004 -6.98719263484525e-005 -2.65752106002164e-005 2.51739206297553e-006 6.49812517465971e-007 -7.52683495381468e-008 -1.12243566340337e-008 2.00502504617035e-009 1.43464411663507e-010 
3.86204428990570e+003 9.19502430065063e-001 -2.84790913295933e-004 3.07386653215350e-005 9.21831852295949e-006 -9.51729540858957e-007 -1.87997223614888e-007 2.74306576958423e-008 2.70644030531857e-009 -6.68901508431764e-010 
6.86178416167987e-003 5.42867594135281e-004 -2.29629408470570e-004 -1.34118153926090e-005 6.34647001076744e-006 -3.70855109840937e-007 -7.88750123390708e-008 6.87948798006276e-009 -3.73687369103604e-011 3.32648391109178e-011 
4.36179428194578e-001 -3.56570394769006e-004 -6.14122110774813e-005 1.81144727901728e-005 -2.48592770140839e-007 -3.35119587055528e-007 2.81367178299731e-008 2.20178233356184e-009 -1.48227513447687e-010 3.15290755093879e-011 
3.86388275722051e+003 9.19403677799544e-001 2.09268912784237e-004 1.03614021103622e-005 -5.78606746017361e-006 3.50248135838744e-007 7.14667203712207e-008 -6.12725015419336e-009 4.48655985266645e-011 -3.27236519535811e-011 
