5.16584654456877e+007 -4.53111024473411e+006 -1.41946491139361e+006 -2.35719832507487e+004 3.44092822906841e+003 3.11170320305235e+002 9.32608756083833e+000 -7.68968290730999e-001 -1.13507058713711e-001 -5.48932580742204e-003 1.78637609500829e-004 4.90238646167961e-005 3.31912057667935e-006 -6.21118451318701e-009 
4.61816400132862e+006 1.51420056638170e+007 -1.55765840613713e+005 -7.47201812910989e+004 -3.01330941134431e+003 5.96504387962315e+001 1.77817758380801e+001 1.15505477811957e+000 3.34914362177989e-003 -6.13928493763323e-003 -5.58767799895320e-004 -1.28832725750895e-005 2.30158398580665e-006 2.92309699020631e-007 
-2.76493907771495e+006 8.55834983752941e+006 6.38402730342172e+004 -3.74755173238353e+004 -1.96626687895657e+003 -3.70034767892642e-001 8.53333182086661e+000 6.96725682976001e-001 1.35484019677967e-002 -2.71108357792900e-003 -3.17015467138771e-004 -1.19614078623321e-005 8.85711138120634e-007 1.56803186518624e-007 
3.13247581018604e+007 -1.56004477491806e+007 -1.16716057718137e+006 7.79182829775312e+004 7.86715453324001e+003 -1.36005168097359e+002 -5.29010772076987e+001 -1.28945126587398e+000 3.30038906808868e-001 2.45018459266574e-002 -1.55574087399277e-003 -2.75518503972121e-004 6.11472711649838e-007 2.45649047381653e-006 
3.04188608854918e+007 9.77320001169996e+006 -1.20506026948372e+006 -8.29095630809542e+004 3.80332352926885e+003 5.67869444767162e+002 -3.63053023703839e-001 -3.84212437766304e+000 -1.62763955395663e-001 2.24187156211533e-002 2.31985593976428e-003 -8.07430976595400e-005 -2.35882214975142e-005 -4.05545747944332e-007 
1.31243630408642e+007 6.83695646654291e+006 -5.22859656837690e+005 -5.23647765965389e+004 1.21680989254042e+003 3.17461134510303e+002 5.28653908178088e+000 -1.91898070584753e+000 -1.21144545510904e-001 9.43831886800003e-003 1.40050253195537e-003 -1.45917371820063e-005 -1.26648114595616e-005 -4.71143067400322e-007 
-5.13740038192115e+006 -1.96723158802845e+007 2.36137888976188e+005 1.25331838398563e+005 -3.60794877281459e+003 -5.95705802498571e+002 3.94116276813030e+001 2.97459251468089e+000 -3.88028846580539e-001 -1.14653062941521e-002 3.59670181236118e-003 -1.86838938981238e-005 -3.11873004673865e-005 1.22507286704009e-006 
3.83606805906422e+007 -2.13332745991968e+006 -1.55961425857625e+006 3.37137794241050e+004 7.44803822961049e+003 -3.69254795694104e+002 -3.59452067050096e+001 3.63806264977712e+000 1.58571204435013e-001 -3.39385788530795e-002 -2.28590384783248e-004 2.99643863003632e-004 -7.83896492783611e-006 -2.46329318571091e-006 
2.11438530735164e+007 8.98005239558881e+005 -8.57652156906863e+005 5.02656847007474e+003 4.35272231355538e+003 -1.35551415549421e+002 -2.32858973821055e+001 1.63538669134033e+000 1.24912354263744e-001 -1.69431107209789e-002 -4.94733327597665e-004 1.62013456341685e-004 -9.56817748213209e-007 -1.44287374713573e-006 
-3.88811863227185e+007 -1.32755024171006e+007 1.18833447987646e+006 2.92718732952370e+004 -5.55542977520711e+003 2.41570360305731e+002 8.09658349564754e+000 -1.90122786140233e+000 1.05888975470916e-001 2.71395967704053e-003 -8.89770378881479e-004 5.79643074000428e-005 9.55952271757169e-007 -4.78223637518301e-007 
2.38714394644056e+007 -1.16603138015378e+007 -7.42257791006076e+005 8.02218806043413e+004 -1.03853086662961e+003 -2.41076029907535e+002 2.27222997316087e+001 -4.90626573892684e-001 -8.93647581625233e-002 1.02535378287030e-002 -2.97629552571679e-004 -4.11552405971518e-005 5.51826907084212e-006 -2.01233538716004e-007 
1.68984365161033e+007 -4.85427497966397e+006 -5.19644828913025e+005 3.98241565167999e+004 2.07253349346146e+001 -1.53815722720872e+002 1.13000675116642e+001 -6.51409104266675e-002 -5.87110368779343e-002 5.19655306500721e-003 -6.68225400331434e-005 -2.79912741173773e-005 2.84897249197232e-006 -5.79609601294739e-008 
7.60611950047300e+007 1.70625164302781e+007 -9.28133497969232e+005 -3.50085848368940e+004 9.28964347697159e+002 2.02845200786255e+001 -3.22959181679730e-001 -4.23103123025618e-003 1.67709038196403e-005 -8.45528667428369e-008 
-6.88562112779866e+007 1.56466665348148e+007 8.45772516958193e+005 -3.20286711479360e+004 -8.50144230651540e+002 1.84025673753947e+001 3.01500220682658e-001 -3.66430201247670e-003 -2.16453603600159e-005 -1.13570759004260e-007 
-3.57552290193720e+007 5.96187278345801e+006 4.39321388634640e+005 -1.21988365281904e+004 -4.41363843235806e+002 6.99764398443533e+000 1.56286919652395e-001 -1.37419254881164e-003 -1.25337594868214e-005 -1.22305233472821e-007 
1.01627677405906e+008 8.23761565215149e+006 -1.24713966126188e+006 -1.73599074120566e+004 1.24788087409988e+003 1.11774873413248e+001 -4.33004754160693e-001 -3.58462293783165e-003 2.49856474252970e-005 4.40504363523752e-007 
-3.21570764113947e+007 2.06745779480355e+007 3.93134766670581e+005 -4.23298859495934e+004 -4.18513016149438e+002 2.43121584914924e+001 1.86081092189165e-001 -4.74173514118120e-003 -4.95176574968023e-005 -7.35895786176985e-007 
-2.08574061103835e+007 8.78274075075627e+006 2.55805158927473e+005 -1.79512075186388e+004 -2.67278210055557e+002 1.02351624178739e+001 1.11070028959313e-001 -1.91193818597903e-003 -2.29686234728176e-005 -3.90661720149475e-007 
1.07410855850695e+008 1.42444195809047e+007 -4.84693915237455e+005 -1.10770472333430e+004 1.65910823120477e+002 2.43840445851435e+000 -1.11037439531104e-002 1.05479291889110e-004 -5.41190121947565e-005 -6.25549702438852e-006 3.25283222432439e-006 -3.66109082240175e-007 -1.31916970254980e-007 
-9.87563710642666e+007 1.32212148935370e+007 4.47680387634177e+005 -9.74295762744269e+003 -1.71095241046675e+002 1.68786406158300e+000 2.39177540576189e-002 -2.22422119699293e-004 -1.60794832652611e-005 1.50969896139184e-005 -1.89227628994469e-006 -4.40747356811809e-007 2.08266518495884e-007 
-4.28344840422085e+007 5.73041881093563e+006 1.94048570013231e+005 -4.22302886023498e+003 -7.41473031487003e+001 7.31910160675572e-001 1.01739398207896e-002 -7.25700456344177e-005 -2.69610127761655e-006 4.79830773170840e-006 -7.26174495941819e-007 -1.21808608994309e-007 6.96350057026661e-008 
1.31635450322447e+008 9.88390248144890e+006 -6.00133095474812e+005 -8.04865717454083e+003 2.11511919660335e+002 2.09028861777157e+000 -1.69093338415015e-002 9.41969681846647e-005 -4.57181887328088e-005 -2.12417779417218e-005 7.50507549461263e-007 8.44699196532855e-007 5.91409039451014e-009 
-6.91337655010495e+007 1.62912207128049e+007 3.15551985901828e+005 -1.21800572657846e+004 -1.31719238664564e+002 2.25934723338119e+000 2.46501562806999e-002 -2.69965203133536e-004 -4.60747650126146e-005 1.15415418076782e-005 2.32051633030853e-006 -3.42575315927657e-007 -8.30460239693197e-008 
-2.99951825418390e+007 7.06113109123874e+006 1.36779378260302e+005 -5.27921730262582e+003 -5.70906792940059e+001 9.77979220247451e-001 1.07107145215336e-002 -7.31387489865813e-005 -1.87399774744082e-005 2.82892496838713e-006 8.31737426849342e-007 -6.61636236354265e-008 -2.67059517406430e-008 
1.89911006715788e+008 -1.38170617739357e+007 -1.23999719713246e+006 2.20897851478614e+004 6.27352065746230e+002 -1.99669934664283e+001 -3.93527393457438e-002 1.40046853544982e-002 -2.57486287111771e-004 -1.00066066698246e-005 3.35046643421348e-006 
8.86437847960625e+007 2.95538954759566e+007 -5.83293256721672e+005 -2.88874217848970e+004 6.28885425016385e+002 8.00704568078594e+000 -4.96862902332467e-001 3.70389267373882e-003 2.73754402563422e-004 -3.38457929519052e-006 5.68774387837043e-007 
3.55536788504979e+007 1.39276317550683e+007 -2.34145834239192e+005 -1.38453455750419e+004 2.71560147451435e+002 4.21058531314013e+000 -2.26809833855046e-001 1.31547961212755e-003 1.30297270064945e-004 -3.44645595904948e-007 2.37226292821124e-007 
-7.58571809928599e+008 -6.38634190662071e+006 9.11124247698783e+004 1.00024709237298e+002 -8.55114560562254e-001 2.50648865199248e-004 6.23743244398369e-008 3.56317583010695e-010 
2.46659394474436e+008 -1.48870346222997e+007 -2.96637835722709e+004 3.07050278961267e+002 1.23462283050895e-001 -1.34180788691328e-003 2.30352082575797e-006 2.02927715084906e-007 
1.24183622123881e+008 -6.22546827692315e+006 -1.49311765757208e+004 1.29180457882262e+002 7.37381323720038e-002 -5.81626041643847e-004 8.92212096524612e-007 9.53994824758904e-008 
-1.41915767070672e+009 -5.94154583308718e+005 3.14629581432470e+004 -5.61731703734875e+000 -5.62981663906078e-002 3.66115593381192e-005 -9.29585036781332e-008 
-3.54336521426446e+007 -1.23766505939022e+007 8.18463712488713e+002 4.55426494269956e+001 -1.97876598280920e-002 -5.02302273808216e-005 3.74320646612767e-008 
4.64855096534874e+007 -5.08667485244693e+006 -1.01853260697515e+003 1.90381271087230e+001 -5.80341276815653e-003 -2.20341377140583e-005 1.49414976010654e-008 
-1.34163679501200e+009 -8.31821092615016e+006 3.94689434097879e+003 4.32923763069721e+000 -6.04922715703596e-004 -9.01306372361136e-007 
2.22687614458317e+009 -4.60511153803475e+006 -6.55575494840619e+003 1.85547023820907e+000 1.92852812942595e-003 -3.44954731319521e-007 
9.94267651553428e+008 -1.89932393762125e+006 -2.92696599260581e+003 7.51398587842853e-001 8.52296144823284e-004 -1.38118286748262e-007 
3.81369159223683e+009 -3.93896571159402e+006 -2.72761379154419e+003 4.63710352860057e-001 1.66442475640078e-004 3.52533973042943e-009 
2.17300237776079e+009 5.95528699763127e+006 -1.55441863077592e+003 -7.13162666954281e-001 9.60327191290914e-005 4.71624221450602e-008 
7.94474553580053e+008 2.53559326638033e+006 -5.68328452628665e+002 -3.03438731641854e-001 3.52337066293537e-005 1.93175966682410e-008 
4.63997094138163e+009 4.77807645451614e+006 -1.49400432226682e+003 -4.37130883165255e-002 5.98470848740431e-005 -2.44321327427728e-008 
-2.70558933050424e+009 4.63082232955197e+006 8.71201048365250e+002 -3.72225069474399e-001 4.92885151236432e-005 -5.38659366798687e-009 
-2.24233993761892e+009 5.53215347689655e+003 7.22046935327419e+002 -1.02946953046348e-001 -3.05687036861221e-006 3.88814718512143e-009 
3.66494787714861e+004 1.79304297341516e+005 -2.22213119511227e+003 -1.88064433996911e+003 1.41288455688756e+001 8.90825110280143e+000 -6.05782437382467e-003 -4.55056719646744e-002 -8.18292409296841e-004 2.85982912641068e-004 1.18938846262323e-005 -1.89837045059944e-006 -1.29153212146093e-007 
-3.08315765110139e+005 2.40605940348783e+004 1.99435457267002e+004 -2.68435838043259e+002 -1.21325417714678e+002 1.00249065891639e+000 5.62540728849549e-001 2.45273740545033e-003 -3.28206599198001e-003 -8.59114975482234e-005 2.17360997777471e-005 1.08734638322007e-006 -1.45134221332977e-007 
-1.42629564709800e+005 -6.60158265096042e+003 9.23120727956705e+003 6.30643120443200e+001 -5.62788496944045e+001 -4.21637456021984e-001 2.55081261510055e-001 5.56656145900195e-003 -1.40414057530175e-003 -6.68205814904604e-005 8.66442411315427e-006 6.77287838948464e-007 -5.29859872932014e-008 
3.16430709355418e+005 8.66445427276692e+004 -1.86282165324688e+004 -6.05056810670573e+002 1.10399767778054e+002 -1.02643928393416e+000 -4.21389532385033e-001 2.75899482810937e-002 1.22374820816283e-003 -2.30534003495398e-004 2.40231601210404e-006 1.47590363020015e-006 -8.74712450015632e-008 
-1.30546864898128e+005 1.43321577186691e+005 7.70496375529512e+003 -1.48266720742425e+003 -1.24580162212540e+001 6.34136970871557e+000 -2.35668852747198e-001 -2.12986014756055e-002 2.45557482012875e-003 2.49177167643091e-005 -1.73210322191910e-005 6.40890523289440e-007 9.34043463991103e-008 
-8.95229636715098e+004 5.63651800724710e+004 5.30264725092338e+003 -6.11699226422384e+002 -1.64992697167818e+001 2.96868051749935e+000 -6.51322935248995e-002 -1.23306464823503e-002 9.90355957850908e-004 3.38279539570255e-005 -8.06593130767929e-006 1.45349434311286e-007 5.07835939361627e-008 
3.36445808673540e+005 -6.51763340829507e+004 -1.70109312766595e+004 7.12939434583790e+002 4.97533527690604e+001 -2.81075888880773e+000 1.25879721125721e-001 1.81888986110274e-003 -9.01711157668061e-004 5.01356811099268e-005 -2.87202295846394e-007 -2.37794872879212e-007 2.25696611319797e-008 
1.63833904439075e+005 1.37623693441423e+005 -8.30565793640682e+003 -1.03891823356621e+003 4.76514041793670e+001 3.64683373154856e-001 -1.07138651561468e-001 1.28719752059002e-002 -3.52971567088707e-004 -3.03442959340269e-005 3.81865703979476e-006 -1.95992182995195e-007 -4.94441427126066e-009 
4.16425565930576e+004 6.85741183967419e+004 -2.10569613780363e+003 -5.40651304946587e+002 1.66751826445990e+001 4.44832286321018e-001 -6.06339323263152e-002 5.63931090335912e-003 -7.13859977552556e-005 -1.86346021774627e-005 1.75374349119451e-006 -6.53382761585021e-008 -4.44237227547859e-009 
1.04454392501419e+005 -1.56802390316410e+005 -5.05577915683763e+003 1.20051261340832e+003 1.69876537675923e+001 -1.08665050077961e+000 -2.06142114443959e-002 -7.39502578558320e-003 6.95411128655143e-005 1.34844053771111e-005 2.58170321179778e-007 5.03041045158012e-008 -3.53026265377619e-009 
3.42402255081775e+005 3.44111250738464e+004 -1.61439074300783e+004 -2.64068400704467e+002 5.00922848454406e+001 4.92276611271108e-001 5.12939402397441e-002 -1.26162463525016e-003 -3.88280787131687e-004 2.21949099550399e-006 -1.12388408338850e-007 4.10858752341468e-008 3.33170926214077e-009 
1.44865878219190e+005 3.07066050089798e+004 -6.82980346167332e+003 -2.37128589563919e+002 2.11046316822493e+001 3.35328879549319e-001 2.51605450450408e-002 1.39615900174075e-004 -1.83051316511601e-004 -3.26823243831244e-007 -7.43128001175242e-008 1.37877972884828e-008 1.85406862600957e-009 
-2.02102911477572e+005 -1.37137567068738e+005 1.00101889908670e+004 1.21252559595758e+003 -2.28612935419176e+001 -3.25881783443123e+000 -1.03519261458914e-001 4.92595845650761e-003 6.55890917666176e-004 -1.52894129706738e-007 -2.35225536782847e-006 -9.32066478590112e-008 7.49774832340825e-009 
2.82328749817963e+005 -9.27648558991619e+004 -1.40527579186878e+004 6.47343141554691e+002 6.27049330029319e+001 5.50282003445918e-002 -1.24740586124294e-001 -8.58365472522701e-003 1.63439298593058e-004 3.63666779468608e-005 5.34519315196779e-007 -1.28910302887403e-007 -8.09849475937668e-009 
1.47127311597606e+005 -2.88925212369726e+004 -7.34674797419625e+003 1.76464513242965e+002 3.07807934298285e+001 3.42352340791328e-001 -4.69108033873214e-002 -4.38199112603974e-003 1.08450718220983e-005 1.65580814983153e-005 4.70847900818341e-007 -4.96220814501254e-008 -4.40646892542243e-009 
-3.58194852994202e+005 -1.05186724374003e+004 1.99946277523390e+004 2.73039398215700e+002 -9.19720526489777e+001 -2.39315323828441e+000 1.99029678550706e-001 9.41108909263712e-003 -5.50980615587100e-004 -2.03375756495819e-005 3.37132542055652e-006 7.27876753153893e-008 -2.04131363170445e-008 
2.02130946141699e+004 -1.58343369614253e+005 -9.21478362888321e+002 1.43998986458022e+003 2.20549026746128e+001 -4.20574642856852e+000 -1.42212253263582e-001 8.89358933963734e-003 3.97201507568485e-004 -3.84738016753726e-005 -8.12752656316993e-007 2.49357668288609e-007 5.04042653629264e-009 
4.31667764774923e+004 -7.08798654010446e+004 -2.34290545294617e+003 6.28725242246739e+002 1.89703213615197e+001 -1.68431591278424e+000 -8.41532570914429e-002 3.13588761819045e-003 2.34290930791173e-004 -1.55084134234606e-005 -6.95176308819643e-007 1.06330371564264e-007 4.26231089788774e-009 
-2.27712187172589e+005 1.35871654640552e+005 1.38596310299438e+004 -1.26850333104331e+003 -8.09001847826950e+001 3.65980641374001e+000 2.49182385827800e-001 -2.84436450970630e-003 -2.14969377867295e-004 -2.11002108275405e-005 -3.54123860529646e-006 7.86548444551719e-008 2.65271469810773e-008 
-2.49576501926099e+005 -9.77217375630165e+004 1.53599651106656e+004 1.03031232178117e+003 -7.32936813938426e+001 -4.23203150693741e+000 1.35308274992995e-001 9.47418009324089e-003 1.06599197157613e-004 1.79686028164364e-005 -1.59635631601240e-006 -3.13765359942840e-007 1.98867693330245e-009 
-9.18256580086771e+004 -5.73709160868067e+004 5.65940689087573e+003 5.91480106716767e+002 -2.55664140061826e+001 -2.28465066809997e+000 3.75200949772295e-002 4.60644620300551e-003 6.98276182042000e-005 1.01615324915133e-005 -3.88561368831601e-007 -1.50395177954271e-007 -1.64517409861127e-009 
9.60238516574998e+004 1.71287999614695e+005 -5.80032144028391e+003 -1.70818071369071e+003 3.67311768937974e+001 6.76316985428145e+000 -1.02596173299459e-001 -2.45437201294925e-002 -2.80656766684564e-004 1.09818776830608e-004 6.22994851534196e-006 -5.13544929479621e-007 -5.55490431008821e-008 
-3.00288341938715e+005 4.98682344339882e+004 1.87290910530937e+004 -5.46704279774590e+002 -1.02647017862376e+002 2.27644080143740e+000 3.60164128674135e-001 -2.89727489000975e-003 -1.47878710383381e-003 -4.48494130704676e-005 7.15265407278416e-006 5.42567275166348e-007 -3.18378410798168e-008 
-1.45666739617473e+005 6.42815428944067e+003 9.08718933201213e+003 -8.47630947748878e+001 -5.03431159913501e+001 3.83897814886048e-001 1.74194543645027e-001 1.04271087916117e-003 -6.47814219473376e-004 -3.09796946832899e-005 2.66487041776600e-006 2.96568350711175e-007 -9.19063936824308e-009 
9.88106237796853e+005 3.43287647696040e+003 -1.91726853877334e+001 7.84933638625411e-002 -1.97533061098577e-002 -1.34581300928372e-003 1.90260149308611e-004 5.32234297220719e-005 2.28026018716987e-006 -1.05718638484549e-006 -2.01693646041357e-007 
-4.42917377944272e+005 8.70704287955959e+003 4.39834674888426e+000 1.87199296120780e-001 4.16898025726800e-003 -1.88025257774831e-003 -2.53147332276483e-004 9.69818522617829e-006 7.43316900164450e-006 6.99149332795894e-007 -1.02149740971780e-007 
-2.19652383920284e+005 3.62357604487125e+003 2.26699492567086e+000 9.21699808511785e-002 3.90660188317631e-003 -8.63498966375385e-004 -1.54844243519499e-004 -3.33724270206097e-007 3.73475930628680e-006 4.84501682009112e-007 -3.36879218010320e-008 
9.94818245261634e+005 3.27868297792373e+003 -1.96256166382184e+001 -5.07491662387679e-002 1.26414065438125e-002 4.12525466937938e-004 -3.93074062463777e-004 3.28655348153315e-005 6.41285313618000e-006 -1.57643818047704e-006 6.65928226646589e-009 
-4.25462257297030e+005 8.74927187988074e+003 5.80317352880451e+000 1.29085665610062e-002 -6.23542233549023e-003 2.28662651414955e-003 -8.49542440132548e-005 -4.67765743802704e-005 7.48877026830013e-006 4.17879605919595e-007 -2.54835544619139e-007 
-2.12383991088281e+005 3.64547584532113e+003 3.03418265316474e+000 6.95902962822239e-003 -4.95225987026067e-003 1.18279555194431e-003 -4.56874045069981e-006 -2.83953231741816e-005 3.33631441098298e-006 3.87989303056342e-007 -1.36840646036457e-007 
-7.52931963806754e-005 1.06963464482381e-006 -8.28427627333592e-007 -1.41936914066831e-007 8.88826484825258e-008 5.45104761656110e-009 -5.21577567876972e-009 -3.42265113771022e-011 2.36277097066840e-010 -4.62209427283961e-012 
8.27250808514528e-006 1.06340849243972e-006 1.79628795664841e-007 -1.25314611646445e-007 -1.44421773601460e-008 9.37831367768052e-009 4.11789109945096e-010 -4.50171047521767e-010 -5.54547221675372e-012 1.65080157498939e-011 
-7.59659068924544e-005 -3.07574557385734e-007 5.76874894748907e-007 -1.31835418089516e-008 -3.44159203178573e-008 2.09210585324307e-009 1.17856556271422e-010 -4.07713676156953e-011 1.19948368097951e-011 -3.73580922279727e-013 
9.41005937858808e-006 -5.30065894087247e-008 2.58219334299204e-009 7.93088716526626e-008 -2.98662330516166e-009 -1.66016050167397e-009 6.49651067325610e-011 -5.01225194708255e-011 1.34370815949243e-011 1.87306455051118e-012 
-7.59793663542556e-005 -8.85729394830551e-007 -6.48683269749473e-007 5.13290750063817e-008 5.46469061639214e-008 1.51385036235682e-009 -1.71799347926411e-009 -1.91655837950234e-010 2.31550217591508e-011 5.77392130988711e-012 
1.04575183494071e-005 1.03151686518852e-006 -8.57694406207852e-008 -9.75768515442924e-008 5.32311767748325e-010 4.47684802564610e-009 4.01298514207033e-010 -8.53481409993837e-011 -2.34278186840422e-011 3.54619088590354e-013 
-7.71199818465746e-005 9.34082709266714e-007 4.40065927913645e-007 -2.66419262455636e-007 -4.82699407720427e-008 1.49463071246694e-008 2.30138547548690e-009 -3.96587874291448e-010 -6.98056893337667e-011 2.46196883821725e-012 
1.12376368060017e-005 1.22411491191744e-007 2.95236309461261e-007 7.60408186919127e-008 -2.93803629540159e-008 -4.99826330131833e-009 1.15221281666019e-009 1.81840828409785e-010 -2.24309601209633e-011 -4.31244272234458e-012 
-6.70420918608655e-002 -1.33035345400381e-003 -4.93855847051197e-005 7.60019758310776e-005 1.19941218482421e-006 -2.27818717257996e-006 2.55082324977600e-008 6.23096759560342e-008 -3.28331015857737e-009 -1.63704893275428e-009 
4.04047080678539e-001 -1.79260663370943e-004 1.49154095567923e-004 3.87363169861314e-006 -5.33942433909320e-006 -2.98771949866532e-008 1.49499812465319e-007 -4.56910321465087e-009 -3.97356588401836e-009 3.00639196085465e-010 
5.88953343553067e+003 9.21028772633965e-001 5.43442524236024e-005 -6.78562895405807e-005 -1.34301397824057e-006 2.05832680035967e-006 -1.79158744784631e-008 -5.66072263524027e-008 2.84803131445053e-009 1.49099244881794e-009 
-6.83009668934851e-002 3.21118268913179e-004 2.49199676451364e-004 -2.94477322274571e-005 -2.46480683841442e-006 8.93649273332706e-007 -3.63445360313970e-008 -7.21046782906585e-009 4.35201363726285e-010 -1.07516279269692e-010 
4.04396025421286e-001 3.52684643917643e-004 -4.32530217464530e-005 -1.32754832761695e-005 2.29595173578420e-006 -3.14477476556565e-009 -4.03461202692092e-008 2.26123304657194e-009 -1.99149033599106e-011 9.45751382008021e-012 
5.89137429803989e+003 9.19602324608645e-001 -2.21945530574382e-004 2.53541393235225e-005 2.18914234201244e-006 -8.05951262130712e-007 3.29375831077559e-008 6.75304942487164e-009 -3.98434788779985e-010 9.54430318859631e-011 
-6.67174996309830e-002 1.01905829582930e-003 -4.33591981072885e-005 -1.98552734748246e-005 -2.29264091670146e-006 -5.94578874744993e-007 7.23634214078417e-008 2.39237327243431e-008 -2.12186871111371e-011 -4.29784867919566e-010 
4.04553345040847e-001 -2.20281147360559e-004 -7.99376537922659e-005 -1.04206103877859e-006 -1.46777363989043e-007 2.04286771020842e-007 5.55969045081537e-008 -2.43480625806224e-009 -1.33375794683218e-009 -4.25253628892442e-011 
5.89321262974974e+003 9.18937564279771e-001 2.89919206286761e-005 1.76889024490789e-005 2.30521717556570e-006 5.51412925269298e-007 -6.82605262787677e-008 -2.20180317394578e-008 4.71199202999986e-011 3.95954495348082e-010 
-6.60707904404931e-002 -6.24734252617787e-004 -3.09321373515603e-004 2.06648029679648e-005 1.19390198771294e-005 4.20333414901869e-008 -3.19413891922854e-007 -1.18345184812099e-008 6.21242067044199e-009 4.45600673403618e-010 
4.03686000743174e-001 -5.32778489483377e-004 5.91529554118934e-005 2.58606319459151e-005 -6.38420211544710e-007 -7.94978950597156e-007 -1.75527467148263e-008 1.82971927003796e-008 9.19741067274830e-010 -2.89213976481455e-010 
5.89505171123747e+003 9.20384547434467e-001 2.83511336344874e-004 -1.71575609297460e-005 -1.09290463309082e-005 -5.57077446583596e-008 2.92105263084238e-007 1.07912136386958e-008 -5.67705283900929e-009 -4.03605197373499e-010 
