-5.92838214697481e+007 -4.44071841412123e+005 1.06491104309314e+006 -2.68002497527221e+004 -5.43483976335455e+002 7.95875461436600e+001 -5.44379679209878e+000 2.18512560580545e-001 -2.13939362533799e-003 -5.47214093728390e-004 5.79431989181903e-005 -3.43705917356294e-006 1.08900768620664e-007 2.69823846726104e-009 
-1.16028595296761e+007 -1.39046443274548e+007 2.10859413067129e+005 3.66673423728885e+004 -1.77181482229272e+003 5.73770740076275e+001 4.18964042763143e-002 -1.74913823457654e-001 1.51509231572573e-002 -7.84606273780408e-004 1.89308200339118e-005 1.08127211201781e-006 -1.73868917633331e-007 1.25249343836292e-008 
-1.69395409354688e+005 -7.38075563592256e+006 2.18341592511764e+003 2.23658200427685e+004 -8.90060914859235e+002 2.23938438939093e+001 5.86994944471851e-001 -1.16095207924071e-001 8.31488475131600e-003 -3.62348493195583e-004 4.10234771934225e-006 9.34052859661570e-007 -1.04168408540442e-007 6.41042233849391e-009 
-5.27190475431031e+007 6.72513244337561e+006 7.25734385055691e+005 -2.80424124822909e+004 1.59726832878970e+002 6.77634132366098e+000 -1.32499614185015e+000 7.51422942560447e-002 -3.46706399429952e-003 1.10583804664839e-004 -1.18598948894831e-006 -1.64783337058467e-007 1.71906251487233e-008 -1.06432120643989e-009 
-3.66176218325319e+007 -1.08573509341915e+007 5.16028856576340e+005 1.65971135693002e+004 -8.17189676371232e+002 3.41367929514207e+001 -1.16111475959824e+000 1.61633120857812e-002 8.85496417687077e-004 -1.17107659569305e-004 7.41005727589501e-006 -3.52350207803262e-007 1.16313100752748e-008 -1.19940278364158e-010 
-1.42111770557779e+007 -6.49658236231381e+006 2.00370760676784e+005 1.17739754020301e+004 -4.53074979636564e+002 1.75316305047572e+001 -4.82794262577758e-001 8.40213743788367e-004 8.32589496715122e-004 -7.40234934171372e-005 4.08115155991454e-006 -1.71119957471785e-007 4.42999758913602e-009 4.63213587276098e-011 
-3.44964244337212e+007 1.12302769848497e+007 4.04939801115614e+005 -2.55981860449175e+004 9.67136817410602e+001 -9.13185819243875e+000 -2.77013390331776e-001 1.34218729408035e-002 -8.46360119279322e-004 3.81462736486390e-005 -1.21073682782150e-006 4.10437720723977e-008 -3.20115855010455e-010 -2.07642665202761e-011 
-5.37017622436479e+007 -6.11181081156231e+006 6.54851211774712e+005 7.64668495804354e+003 -3.70941668038161e+002 1.24625908465765e+001 -6.71324870954915e-001 1.22827772408389e-002 -5.06047311294657e-004 -3.85274916170892e-006 4.52418966068495e-007 -4.42843301115259e-008 2.18260866009355e-009 -9.24878525151363e-011 
-2.52258578003653e+007 -4.42896682174837e+006 3.07795906736274e+005 6.73952300260911e+003 -2.08172336699566e+002 7.60412567241654e+000 -3.29862993685994e-001 5.16885311093719e-003 -1.82528001557153e-004 -6.01443068717189e-006 3.67237150502705e-007 -2.79117768929919e-008 1.19906275203241e-009 -4.72493775579109e-011 
-9.76086044643987e+006 1.32516202821413e+007 1.00095621902729e+005 -2.57867495644171e+004 -1.33349807535108e+002 -1.33143009757414e+001 -1.21582586313754e-001 2.20110697925482e-003 4.73299642209896e-005 2.15005682508957e-005 3.35867318792030e-007 3.69168436402377e-008 5.40580993943580e-010 3.22374068511579e-011 
-6.04580433275756e+007 -5.93157428241446e+005 7.16628714263084e+005 2.91325165462476e+003 -2.64723189822719e+002 -1.42367104487231e+000 -5.65396329587583e-001 -5.12759748912206e-003 -5.98205193962674e-004 -5.41840028753576e-006 -2.24392376408367e-007 1.91749469145596e-009 6.45457007540491e-010 1.83452949709212e-011 
-3.13993160135876e+007 -1.69077249562935e+006 3.72412591628858e+005 4.23067847965790e+003 -1.27573465760979e+002 6.20439079601044e-001 -2.89402136845296e-001 -2.96729441992896e-003 -3.24446438174488e-004 -5.12421016913395e-006 -1.54688305240207e-007 -2.80419041371063e-009 2.88719987609932e-010 6.45492492830092e-012 
9.23391212903594e+007 -1.17100953786656e+007 -1.17551748626423e+006 2.35238164991205e+004 1.24331546308918e+003 -1.23037225557813e+001 -5.41507387911004e-001 7.68738416970713e-004 1.34030844918064e-004 1.87291118870177e-006 
4.95414423022030e+007 1.88312663603959e+007 -6.19367599786133e+005 -3.96971531151964e+004 5.97708861601319e+002 2.55222243606643e+001 -1.67217276616587e-001 -8.24138213922517e-003 -3.63012569633784e-005 1.62665883802006e-006 
1.63955017183132e+007 9.21306482368992e+006 -2.04242901991361e+005 -1.93477155036971e+004 1.90209226178085e+002 1.22606328968589e+001 -4.09566979384523e-002 -3.75632055528090e-003 -2.48124809005826e-005 6.13325114851269e-007 
6.06322391537616e+007 -1.96701252475715e+007 -7.84238585601713e+005 4.07589148118113e+004 8.71767527699417e+002 -2.45016331864756e+001 -4.51280975993023e-001 5.91016361101430e-003 1.77380616246494e-004 2.13936712258508e-007 
8.08797419489663e+007 1.21704198029907e+007 -1.02243334976344e+006 -2.63483134038160e+004 1.04892544561297e+003 1.86749302616960e+001 -4.03023106183879e-001 -8.13282359672371e-003 5.22918678567493e-005 3.13988637458135e-006 
3.25009502383866e+007 6.72027434058365e+006 -4.10337293951591e+005 -1.44331292670171e+004 4.16717368282404e+002 9.95214888028015e+000 -1.52751655946364e-001 -4.03283197227930e-003 1.22998437458403e-005 1.39900292930684e-006 
3.48040394710257e+007 1.96168692893505e+007 -1.62889324322461e+005 -1.47511966886358e+004 5.78103765646692e+001 2.82784185856056e+000 -6.25563890425638e-003 -1.43029122804034e-004 2.93787816975327e-005 5.38091578209065e-006 1.42155329724806e-007 -2.24278742897100e-007 -5.45108016105679e-008 
-1.34671921049211e+008 4.40738855572690e+006 6.09699390411461e+005 -3.31141045137733e+003 -2.17667290121776e+002 6.20931581217070e-001 2.09708824247787e-002 2.85288454032564e-004 2.05303573720245e-005 -7.47434331400267e-006 -1.58506890844451e-006 -1.04560244343002e-007 7.31031538030250e-008 
-5.83531795368626e+007 1.91093464425421e+006 2.64339473774791e+005 -1.43569254035164e+003 -9.43724369235018e+001 2.68952502323885e-001 9.17942394667511e-003 1.45814116401777e-004 5.25923880347564e-006 -4.29712659085183e-006 -7.05982687907244e-007 -1.52903745348677e-008 4.04625292825290e-008 
7.21880182337006e+007 1.76256679526668e+007 -3.32513324996827e+005 -1.33816861517412e+004 1.12912291611827e+002 2.67466904457860e+000 -8.71298003234225e-003 -4.91610351236923e-005 6.93783778403139e-005 -5.89824391471026e-006 -2.92623805806458e-006 4.36074768726662e-007 1.12765281217297e-007 
-1.21146436250296e+008 9.06795860621764e+006 5.49568035945561e+005 -6.66647782329887e+003 -2.00087157727538e+002 1.13057335498558e+000 2.22676173006216e-002 3.66599894351243e-004 -5.66007852575568e-005 -1.37550425836579e-005 3.59277706337923e-006 4.03775860909855e-007 -1.83655197415139e-007 
-5.24889501046009e+007 3.93155714028561e+006 2.38268956268874e+005 -2.89031434233156e+003 -8.67506068481224e+001 4.90268491350370e-001 9.79149300493752e-003 1.46766183487592e-004 -3.35904173504882e-005 -4.82532698460504e-006 1.94943066967378e-006 9.74336082113591e-008 -9.36727367052209e-008 
2.03439848886166e+007 -3.19943473488163e+007 -1.09708972533249e+005 2.75028818647777e+004 -2.17971281108871e+002 -3.75171833801916e+000 1.69577937546699e-001 -3.29732920825420e-003 7.53781156493777e-006 1.61969470114455e-006 -1.76387203785251e-008 
2.10181048360973e+008 5.09508315302506e+006 -1.05737910370676e+006 2.43166857655178e+003 4.01311087415973e+002 -6.93540101479714e+000 4.96167782347636e-002 2.01999780658401e-003 -7.78897549398379e-005 1.26617279003021e-006 -1.79763727378958e-008 
9.58485383065107e+007 3.20265673667038e+006 -4.82019889375515e+005 3.71648582293263e+002 1.89963667894146e+002 -3.07952440234744e+000 1.81813762424373e-002 1.01563559966106e-003 -3.60531407009352e-005 5.22670054804695e-007 -9.72860243726781e-009 
7.24836458012867e+008 3.74798868639002e+006 -1.11459038375742e+005 -1.27176520601752e+002 1.56078291459082e+000 2.35493700216591e-003 -1.11566908333707e-005 -3.67728117470926e-009 
-1.44330084668043e+008 1.69977626997942e+007 2.22095227314786e+004 -4.29102212489208e+002 -5.01838370186230e-001 4.31568894163983e-003 8.99927328692601e-006 -1.40535295755216e-007 
-7.95217677108728e+007 7.19467265246799e+006 1.22350835277703e+004 -1.80837427707512e+002 -2.53157772050799e-001 1.79197052621059e-003 4.20100304067502e-006 -5.97637652932430e-008 
1.24354278317556e+009 -6.68503766793292e+006 -2.92150619321693e+004 1.93498156697649e+001 6.78102725423110e-002 2.73082661001173e-006 -2.58770995940752e-007 
5.95852990241243e+008 1.09072254929709e+007 -1.40148685246690e+004 -4.61173449555956e+001 1.29667708196839e-002 7.36847765847204e-005 7.45568953322698e-008 
1.92605485129820e+008 4.79222878317230e+006 -4.53118047350669e+003 -1.98713562148854e+001 2.49074831872073e-003 3.04278537563666e-005 4.52512867199874e-008 
1.93125984211965e+009 7.08403309294985e+006 -4.67274706885203e+003 -2.62590841451015e+000 9.99679733523514e-004 6.67600260681055e-008 
-2.05789315489485e+009 5.24160920542637e+006 4.97974851896865e+003 -2.36340791146139e+000 -7.40221286608246e-004 5.69069488018773e-007 
-9.28620067219372e+008 2.19548162616716e+006 2.24712642339230e+003 -9.97952872394354e-001 -3.37731798712901e-004 2.44500040028752e-007 
2.30272384005613e+009 6.41059710699620e+006 -1.59568030285111e+003 -7.51101874507494e-001 7.60163197650948e-005 3.23875965581587e-008 
-3.56610126320310e+009 3.65141150231134e+006 2.47189821236446e+003 -4.06247422898743e-001 -1.44952611804807e-004 5.18738396206020e-008 
-1.51695416383517e+009 1.33494971605203e+006 1.05146578490489e+003 -1.47525185000676e-001 -6.13730173192168e-005 2.01105889556162e-008 
-1.71949418119772e+009 7.11397348111285e+006 1.19810047277328e+003 -9.09081635988997e-001 -2.19145106472425e-005 9.71727640311207e-008 
-4.08848141034802e+009 -3.09909804342427e+006 2.84897870536288e+003 1.64373289196656e-001 -3.00989108965469e-004 -3.69999075317194e-009 
-7.57812257388480e+008 -3.11052689522081e+006 5.28049514835142e+002 3.24974167016241e-001 -8.72775142451236e-005 -2.42567073720362e-008 
-3.73000447134237e+005 -3.93196198959706e+004 1.83196850195954e+004 1.71083193086872e+002 -6.42189127468531e+001 1.31037570148951e+000 -3.46494929397538e-002 -7.10591169672359e-003 6.85445237916799e-004 -1.21852501003474e-005 -1.11147107193704e-006 1.83201749241858e-007 -9.15525522972119e-009 
6.62138755585945e+004 -1.52512298164554e+005 -3.21464200176323e+003 1.23746245706298e+003 -4.57479707666260e+000 -1.62732647148639e+000 1.17247557459149e-001 -8.19006287788453e-003 -1.69755227183326e-004 3.47397951347090e-005 -2.09626642155646e-006 3.76863736506758e-008 9.21087732697112e-009 
3.86821640337628e+004 -5.04468843401869e+004 -1.87812765459296e+003 4.14071431514998e+002 1.14417557246871e+000 -6.04755555812735e-001 4.15081943451370e-002 -2.50032247907109e-003 -8.65614160721261e-005 1.23447871981097e-005 -6.69500174232940e-007 5.22151064961408e-009 3.52536170987151e-009 
-3.09892319318505e+005 9.95046479548334e+004 1.48354034949519e+004 -7.21056754776306e+002 -5.16277318191556e+001 1.06952604834954e-001 5.51874525500382e-004 7.58584171973921e-003 2.95588174771463e-004 -9.42480754859710e-006 -7.51654034385024e-007 -8.77047442489226e-008 -1.75100796035463e-010 
-2.19628454467521e+005 -1.21950546062810e+005 1.04003521011290e+004 9.78065151026378e+002 -2.74471629205351e+001 -1.44830656366043e+000 -7.87212126116721e-002 -3.31631946337386e-003 3.77177681261711e-004 1.56233143023939e-005 5.08677134597350e-007 -2.40293211547746e-008 -6.18945926332482e-009 
-6.17444183852375e+004 -4.59803343531999e+004 2.90656082992168e+003 3.64066061812691e+002 -7.07717916974575e+000 -4.93717545528870e-001 -2.70251671570010e-002 -1.46414236915842e-003 1.15599062929698e-004 5.72240384448808e-006 2.07754125145711e-007 -4.35378437157883e-009 -2.10226618471041e-009 
-2.91510872997373e+004 1.70114529949996e+005 1.52771843185479e+003 -1.44511813900132e+003 -2.92035948753295e+001 3.07264118008746e+000 2.22176229796488e-001 1.32979636843441e-003 -9.53641880391174e-004 -4.01342288198527e-005 2.63994565758117e-006 3.03380201039734e-007 -5.76689178837983e-010 
-3.50323296480079e+005 -2.16712074810108e+003 1.82019580982438e+004 2.04462329850236e+002 -7.35156642349911e+001 -2.57703249736489e+000 7.24091579468665e-002 1.45947570605543e-002 3.41454742318342e-004 -5.10427072929265e-005 -3.41171233366412e-006 9.93150057803466e-008 2.21675010598285e-008 
-1.18634352574806e+005 -8.18633914365047e+003 6.14184844092338e+003 1.32868782710538e+002 -2.37144138313772e+001 -1.01309708555118e+000 1.47211661343019e-002 4.91544814243481e-003 1.58437073156126e-004 -1.56204849648046e-005 -1.27909832464062e-006 2.04572619572096e-008 7.58157432691334e-009 
2.66915322446654e+005 1.11364740643742e+005 -1.57807741589056e+004 -1.18640056434192e+003 6.92983288904576e+001 5.24539580609873e+000 -1.45741385621771e-001 -1.86185621469826e-002 5.61625223700720e-004 7.17949281698870e-005 -4.22807158078033e-006 -3.70030754200633e-007 2.83018901223031e-008 
-2.17163644746601e+005 1.30648986459016e+005 1.25769877711266e+004 -1.15576124367239e+003 -7.72518482246867e+001 3.16957196364445e+000 2.94935139919816e-001 -7.56829350408401e-003 -1.05625599538567e-003 4.69242389136939e-005 4.65876978261529e-006 -3.39788582037679e-007 -2.64937935423147e-008 
-8.61643908315114e+004 3.97039895089086e+004 4.98642006134119e+003 -3.41370820079397e+002 -2.93549244000680e+001 8.46026731898145e-001 1.06823715381328e-001 -1.75432403763729e-003 -3.84496863188608e-004 1.28344113222792e-005 1.77413796319555e-006 -9.95183464084375e-008 -1.02797491610784e-008 
3.35687747106512e+005 -4.69100094328443e+004 -2.08767886261999e+004 4.47298059614872e+002 1.12392275427851e+002 -1.51426131702322e+000 -3.04182986973271e-001 4.11054604930440e-003 2.44623610672348e-004 -1.57932729003891e-005 3.67729987881417e-006 7.14591014156943e-008 -2.88668050451257e-008 
9.04164873395211e+004 1.61544568040510e+005 -5.67685430679530e+003 -1.61511480632736e+003 2.85294333942366e+001 5.87040676912798e+000 -7.81648118166447e-002 -1.14127903416109e-002 2.33381155299042e-004 -2.02071553539609e-005 -9.76812020728840e-007 3.46107560211104e-007 3.48097606234747e-009 
1.58495336658552e+004 5.72590698605295e+004 -1.00693090759560e+003 -5.70059816391278e+002 4.72408932226665e+000 2.06411261445846e+000 -1.31034972831018e-002 -4.05869741684601e-003 6.87372167548212e-005 -6.22653613513479e-006 -4.96761150829524e-007 1.14852980565438e-007 2.46840250265273e-009 
1.10448432638744e+005 -1.66499572618674e+005 -6.85580084680173e+003 1.66341714040093e+003 2.37830794002709e+001 -6.30054917579784e+000 -2.81580227757326e-002 1.78910409339550e-002 3.84144796148503e-004 -5.23409834399841e-005 -4.75218467037021e-006 1.93814948858738e-007 3.49991935412192e-008 
3.17353142103167e+005 5.41238292442839e+004 -1.90496707033094e+004 -4.20881528443562e+002 1.03864838749503e+002 6.73137473576184e-001 -3.21695812067491e-001 -2.19424190395608e-003 9.04488870484807e-004 4.36190528144086e-005 -2.98895080211033e-006 -4.00766867783268e-007 1.20535366038182e-008 
1.03444322217219e+005 2.59702608105861e+004 -6.18699868337142e+003 -2.17646894548891e+002 3.42900767769189e+001 5.09445781143275e-001 -1.08163999895803e-001 -1.54692274986579e-003 2.90414563673661e-004 1.72163272316555e-005 -8.04167612948823e-007 -1.45259944228281e-007 2.53579821410603e-009 
-2.15567405811442e+005 -1.44002428962448e+005 1.15728676701473e+004 1.16510784353834e+003 -7.09857455305072e+001 -1.86598215840457e+000 2.81918521686859e-001 -4.87599664845470e-003 -1.06145837583162e-003 4.74006017279866e-005 3.95757223865628e-006 -3.44370785699964e-007 -1.22572730404821e-008 
2.76205054281984e+005 -9.17644482679983e+004 -1.49434528205941e+004 9.73305219590177e+002 5.35520536519998e+001 -4.35479574173159e+000 -4.14233614553755e-004 1.63362381511223e-002 -5.26798684551068e-004 -6.10288257941389e-005 3.88941829824930e-006 2.14875222287015e-007 -2.73868720558139e-008 
1.04144522052156e+005 -2.47704679570579e+004 -5.61407775607541e+003 2.79055393403752e+002 2.13906389175111e+001 -1.39863297965861e+000 -1.26755520792007e-002 5.78002164223151e-003 -1.31810982196601e-004 -2.29075386232654e-005 1.14688807277796e-006 8.86485343115457e-008 -8.77836680533756e-009 
-3.80966634949789e+005 -1.56744849163625e+004 1.84603284931330e+004 8.00923640349020e+000 -6.32163821577729e+001 1.37792662790778e+000 -1.79524302230535e-002 -7.56967473277227e-003 5.18077855096546e-004 3.97492132969979e-006 -1.56849736754382e-006 1.21839719976838e-007 3.12029479303377e-010 
1.63860945608832e+004 -1.56071827677806e+005 -6.89592008683661e+002 1.23964253688854e+003 -1.07949106057217e+001 -1.65829219076963e+000 1.14192772304549e-001 -6.07487961223107e-003 -3.02522321324601e-004 2.98313954764384e-005 -9.17628327268064e-007 -5.39552448533423e-008 9.14957279186267e-009 
2.30655894871806e+004 -5.24876407989582e+004 -1.07263837673641e+003 4.21405044836754e+002 -8.35391980128640e-001 -6.23874456256015e-001 3.97475964584827e-002 -1.73115950819426e-003 -1.26263081012868e-004 9.97671276950450e-006 -2.42631032264258e-007 -2.38544813044098e-008 3.10247907250994e-009 
-1.24972238316076e+006 -1.29542933988269e+003 3.14697917635693e+001 3.89210318490333e-002 -3.13000348262738e-003 -1.58762133679274e-004 3.28140037592160e-005 -3.12488946547475e-006 2.07156650979559e-007 1.29858440657998e-008 -2.46518156549299e-009 
2.51157432346098e+005 -9.92106925487169e+003 -5.20589541230011e+000 1.26069652486932e-001 2.54290370686471e-003 -3.19482958003252e-004 1.14765072517094e-005 7.53099226443586e-007 -2.30477648184946e-007 3.13685654043322e-008 -2.82338130815899e-009 
1.43871841646722e+005 -4.21813674807765e+003 -3.10565085495365e+000 5.19847271003124e-002 1.58870262529943e-003 -1.48401312106603e-004 2.75392240148904e-006 7.24416034786901e-007 -1.44617837651033e-007 1.65057410316048e-008 -1.26861598275978e-009 
-1.25206065203871e+006 -1.04271923308246e+003 3.16157364897911e+001 -1.26703040724233e-002 -2.53781474488974e-003 1.13116041624787e-004 2.92997566944928e-006 -1.24245859547504e-007 1.36386490522338e-008 1.07576258547274e-008 -7.07373322474999e-011 
2.31278669651653e+005 -9.95635729707161e+003 -3.60949629084094e+000 1.30878135553757e-001 -1.15770837194881e-003 -7.72576656099346e-005 6.98133560181229e-006 -6.23782316455742e-008 2.30508752018787e-008 -5.51928835667810e-010 -1.45110485730613e-011 
1.35412877422167e+005 -4.24024392920706e+003 -2.40905446447526e+000 5.93399307577966e-002 -3.31457022354259e-004 -4.72156297426951e-005 3.39611845223783e-006 -2.27663116267278e-008 1.08722609593984e-008 -3.86522513015889e-010 -1.46529238047649e-011 
-3.50792920950939e-005 -7.29060157644805e-007 1.45663754612235e-007 1.43138494715298e-007 -1.10145576484911e-008 -2.99518314251494e-009 1.81731318754698e-010 -4.85530754542716e-011 -2.21132779530398e-012 1.58891602374579e-012 
-4.28410878223489e-005 6.02431474996008e-008 -1.90392600674089e-007 2.07733948599539e-008 1.04222829015019e-008 -5.45678941842313e-010 1.71611766014344e-011 -2.26075958748493e-011 -8.72266302329936e-012 1.88982309272612e-012 
-3.41779679072757e-005 1.20551794159003e-006 -3.36102420915575e-007 -1.76893056436617e-007 1.95844951251583e-008 1.07031123918822e-008 7.60929560218301e-011 -3.50269249240030e-010 -3.24450772218616e-011 7.27488728491714e-012 
-4.25951970191463e-005 5.85091362117683e-007 2.15060001371148e-007 -4.46217972144480e-008 -1.97556647716817e-008 9.92672148646409e-010 8.08229520329946e-010 3.69501456393914e-011 -1.84343651087220e-011 -2.51862617203013e-012 
-3.38239747946236e-005 1.74214548567188e-007 6.33980592151515e-007 2.86840798552791e-008 -6.64920940851593e-008 -1.18427010933180e-009 2.83044129409502e-009 1.82576939121491e-011 -7.00320711934567e-011 -1.32133739370778e-012 
-4.18186554376092e-005 -9.41947269615490e-008 -4.19517984798987e-008 1.00406981270068e-007 3.33620999866573e-009 -6.10543106504503e-009 -3.01265706810421e-011 1.98471066390657e-010 -3.93814991614964e-012 -4.16630065883112e-012 
-3.29502670549869e-005 -5.14022148562568e-007 -5.52835590773864e-007 9.77743082761787e-008 2.88886744135975e-008 -6.32899898024749e-009 -1.20253560909202e-010 2.17592987828483e-010 -2.41373459167328e-011 -4.52331050598659e-012 
-4.10064513745512e-005 8.21465599482307e-007 -9.89389450534714e-008 -6.08082259676884e-008 1.12025588190902e-008 1.60798890975133e-009 -5.48750511812783e-010 2.05957016536741e-011 1.67181515956931e-011 -1.78846996148933e-012 
-2.81021756596894e-002 1.11537220473259e-004 5.98742952645073e-005 -3.29434782089186e-007 -4.17397782585054e-006 -3.48099946271765e-007 9.01729770495208e-008 3.31892876616444e-009 -2.95446983492361e-010 6.10654487354116e-011 
4.33589471780025e-001 9.38075290794244e-006 -1.93091701747484e-005 -7.91356954014215e-006 -6.44557038794816e-007 2.97556620512533e-007 1.95698985041085e-008 -3.39226908965197e-009 3.64641276198308e-011 -2.33051930119461e-011 
2.43809534616835e+003 9.19794767298322e-001 -5.17392740821562e-005 -1.45900199300161e-006 3.79064033761226e-006 3.28305792913274e-007 -8.28239651883177e-008 -2.84423763280393e-009 2.72444178824116e-010 -5.85547502546086e-011 
-2.80463479762278e-002 -2.72287342710921e-004 -1.72389938417546e-004 -3.70381552049403e-006 7.90366397434274e-006 5.10479376503014e-007 -1.93609483465588e-007 -2.28031603305920e-008 2.61941911654090e-009 6.40261441986733e-010 
4.33320280890865e-001 -2.65962314475258e-004 5.26926380472847e-007 1.67311706191749e-005 7.62742222531641e-007 -5.54585370036833e-007 -4.88692172751553e-008 1.01913008872176e-008 1.65925889467696e-009 -9.61527908982672e-011 
2.43993505269323e+003 9.20096456982896e-001 1.45222819704740e-004 3.32614081271509e-006 -6.97362050636251e-006 -4.59818999497016e-007 1.74143729803611e-007 2.06316622218680e-008 -2.35226157577702e-009 -5.80358523876849e-010 
-2.91116621009760e-002 -5.13654430956284e-004 1.19541109523321e-004 1.31809754373205e-007 -7.60667228172637e-006 5.83963346190273e-007 2.46061918051872e-007 -2.01122025283673e-008 -4.90949788821377e-009 3.41233117921284e-010 
4.33120427876614e-001 8.18452820070023e-005 1.91332153862120e-005 -1.38739013783437e-005 8.06354919766264e-007 6.14562145027179e-007 -5.01649933385980e-008 -1.54539615373799e-008 1.17547788408315e-009 2.53160701246026e-010 
2.44177566098017e+003 9.20271154813777e-001 -1.04763729013110e-004 1.77650148919909e-006 6.85464550598454e-006 -5.55399626675100e-007 -2.23955174333864e-007 1.84476778059833e-008 4.49155363572301e-009 -3.09748692133386e-010 
-2.96210621722604e-002 -8.96008073897804e-005 2.99662552369247e-005 1.31933727025277e-005 1.36095098142963e-006 -9.22725160310361e-007 -1.82414046305525e-008 2.07146809864294e-008 -1.38309396996005e-009 -2.05234649025324e-010 
4.33253464843624e-001 4.70629365147299e-005 5.04842856319856e-006 8.98038663433891e-007 -1.83614293968896e-006 -1.08592488098260e-007 6.42777610382555e-008 -1.28576518443354e-009 -9.82009463430768e-010 1.28696727221333e-010 
2.44361580502807e+003 9.19963141547301e-001 -1.76241609346005e-005 -1.31952087786415e-005 -1.39043396071312e-006 8.58452463194943e-007 1.67596556836758e-008 -1.91438896220916e-008 1.28078141431961e-009 1.90981542363332e-010 
