-1.41295786562941e+007 1.29917841770735e+007 1.72220208746815e+005 -2.53981894846878e+004 -7.28928340455081e+001 -1.25898923500628e+001 -1.36679994112337e-001 2.49698471647932e-003 -1.25814276076849e-004 2.00471330857149e-005 -2.04652391866315e-008 3.29561630638773e-008 1.72584908100267e-010 2.81291876325039e-011 
-5.88498224330660e+007 -1.92237237346222e+006 7.07008798175534e+005 3.91224954383070e+003 -2.65310046459208e+002 1.68999489159520e+000 -5.46031513723692e-001 -7.99713242681260e-004 -5.61402741435367e-004 -3.34984382984859e-006 -2.10020152356081e-007 -4.59501725324317e-009 5.52278392088516e-010 -2.54800893063049e-012 
-3.00713547491486e+007 -2.37535608030666e+006 3.59767438292283e+005 4.72500143671842e+003 -1.34147745126539e+002 2.20901915432288e+000 -2.77471264544779e-001 -6.86243013755129e-004 -2.86809052658242e-004 -3.86937207154541e-006 -1.10054875877336e-007 -5.87392931210947e-009 2.77103739732658e-010 -4.29281737184417e-012 
1.22393506708122e+007 1.31104272307423e+007 -1.48377550287337e+005 -2.87324240435117e+004 -3.51129762755288e+002 -1.47487221907815e+001 2.37449774240935e-003 1.30740701245452e-002 9.94781320553516e-004 5.64084629145829e-005 2.18121209917175e-006 7.90133842238621e-008 1.48308201433646e-009 -1.69958851397554e-011 
-5.69421063102075e+007 3.84707157075506e+006 7.27181965528167e+005 -8.20485094537724e+002 -3.75551123748398e+002 -1.38831389106644e+001 -8.49303630175457e-001 -2.21586950748950e-002 -7.92305956631848e-004 -4.79305305498848e-006 5.97933544805795e-007 6.51209258262606e-008 3.77733790483768e-009 1.71865866075105e-010 
-3.17894697051140e+007 6.93987218807486e+005 4.03808083859185e+005 2.54304970351068e+003 -1.64161021425896e+002 -5.88509968909284e+000 -4.53887295590416e-001 -1.31922637073582e-002 -5.26415882346339e-004 -8.41310672026738e-006 9.30520023440811e-008 2.65847415939610e-008 1.86371478542818e-009 9.35627126511492e-011 
3.60997646742737e+007 1.04273316755711e+007 -5.36036241528317e+005 -3.64866290504411e+004 -5.86546818458901e+002 -4.03979348063210e+000 1.28235995295507e+000 1.01587777125042e-001 5.47299924875727e-003 2.07961102617920e-004 3.62745058245754e-006 -2.39126885226169e-007 -3.13927492528662e-008 -2.12577505926260e-009 
-4.35529963184955e+007 9.49344201737412e+006 6.67834262448250e+005 -1.04193869812339e+004 -9.21501822873434e+002 -4.43490089000564e+001 -1.76218112920814e+000 -3.50865862989871e-002 9.73901272165137e-004 1.77369913388405e-004 1.25128672879018e-005 6.22749389205348e-007 2.04139342239369e-008 7.05532881293800e-011 
-2.71147010458208e+007 3.98830341461341e+006 4.12332252493463e+005 -1.77946162081629e+003 -4.31344115715021e+002 -2.32690870622959e+001 -1.07429739840159e+000 -2.92817180680170e-002 -4.76894087175174e-005 7.31609181195607e-005 6.30714697848194e-006 3.57442884525927e-007 1.41610861869982e-008 2.58256687613080e-010 
5.11737951580507e+007 4.23942848180488e+006 -1.02373756191861e+006 -4.34330232546284e+004 2.19630095265940e+000 8.72600113646777e+001 7.55699639606942e+000 3.54030557020148e-001 4.62320310316197e-003 -9.24491206764446e-004 -1.04838265455211e-004 -6.16145912401863e-006 -1.49198831917519e-007 1.20629937727137e-008 
-1.98507695641693e+007 1.40019968818737e+007 4.17120017500093e+005 -3.47060297022541e+004 -2.25012837454983e+003 -8.39793105426913e+001 -2.88677389714464e-001 2.58825641057224e-001 2.40199006825903e-002 1.22336652352268e-003 1.89518322144240e-005 -3.22705898512355e-006 -3.91300180691167e-007 -2.41322787473365e-008 
-1.60196680985839e+007 7.03853595467284e+006 3.29021713966074e+005 -1.40309956687757e+004 -1.20209552532840e+003 -5.39102640357756e+001 -9.38311194923440e-001 1.01512831264835e-001 1.23501118846380e-002 7.49366108882410e-004 2.10008863432513e-005 -1.08436104143326e-006 -1.93525309357345e-007 -1.41415070817590e-008 
-3.13564784933773e+007 -2.30331958496644e+007 4.09676902661054e+005 4.91828202488665e+004 -4.21051431085259e+002 -3.34268552052788e+001 1.62553227897884e-001 1.32560093778333e-002 -2.05722360569317e-005 -4.84816052112688e-006 
9.28446162410168e+007 -7.23691267350276e+006 -1.17733059610712e+006 1.50605403962042e+004 1.28254667204416e+003 -9.19805510792900e+000 -6.26943475087783e-001 2.38407995660172e-003 2.28320539924545e-004 -2.98005713300053e-008 
4.37299031282039e+007 -1.79782076485713e+006 -5.55533298218054e+005 3.66142246874605e+003 6.03583732393764e+002 -2.02166647109636e+000 -2.92308410812668e-001 2.33310299405439e-004 1.04008934257219e-004 2.93481126190117e-007 
-7.23896014679562e+007 -1.75583489985584e+007 9.38411795936879e+005 3.74324661324272e+004 -1.02157771618475e+003 -2.53061047596476e+001 4.98639189620886e-001 9.89021148218161e-003 -1.81963814204621e-004 -3.55082326889015e-006 
6.97582379363773e+007 -1.56029190850732e+007 -8.82101295124676e+005 3.33293617862372e+004 9.57699791246800e+002 -2.26435262510678e+001 -4.62944233789754e-001 8.99194727578393e-003 1.64668549198412e-004 -3.33246762762043e-006 
3.59414550113066e+007 -5.90767485276540e+006 -4.56198787638331e+005 1.26231299682267e+004 4.95470463649222e+002 -8.58390624474259e+000 -2.39810754582497e-001 3.41881933097381e-003 8.55922663067913e-005 -1.27428022302406e-006 
8.42791284751966e+007 -1.72334936169655e+007 -4.11835516189599e+005 1.37312016643864e+004 1.91851538763392e+002 -3.33241231238430e+000 -4.99341344398221e-002 9.13895187749262e-005 -1.33345989723401e-005 8.23279387504312e-006 2.07571886549894e-006 2.73692811077732e-008 -1.12511066859673e-007 
1.12254594010287e+008 1.06579810902885e+007 -5.45864165300844e+005 -9.18288037890045e+003 2.19004529864131e+002 2.93894547460098e+000 -3.67548634595252e-002 -9.50857566366546e-004 3.78408181878185e-005 1.34622950550655e-005 5.70920264742682e-007 -5.19967089487876e-007 -1.19374351997555e-007 
4.86420024829238e+007 4.62142222274040e+006 -2.36685010220626e+005 -3.98161153975505e+003 9.49608242209062e+001 1.27421059424260e+000 -1.60775868599724e-002 -4.08853376468598e-004 2.47005117412697e-005 6.35266659665603e-006 -1.47310871403411e-008 -2.90996492452749e-007 -5.00925609192668e-008 
4.70724810818595e+007 -1.98223707559064e+007 -2.31045398867950e+005 1.62059148045856e+004 1.14156930009156e+002 -4.36706909376959e+000 -3.46697336407801e-002 4.68375343395433e-004 4.37708982019380e-005 9.58694247116727e-006 -2.32356524257024e-006 -2.08696512917031e-007 1.17844281635148e-007 
1.28899472496775e+008 5.91398443520663e+006 -6.33266095391385e+005 -5.26228592442360e+003 2.67618531380352e+002 1.85532636886800e+000 -5.52328546472460e-002 -5.42576278168151e-004 9.94974853548971e-005 -5.21128755006282e-006 -3.47888202802372e-006 5.32924264343011e-007 1.15450810964555e-007 
5.58594816755400e+007 2.56444269650991e+006 -2.74581541073177e+005 -2.28165341309280e+003 1.16038882227314e+002 8.04010174065811e-001 -2.40018195822957e-002 -1.95057980581466e-004 4.48262608988374e-005 -4.45686894400025e-006 -1.42485950141964e-006 3.21662920922724e-007 3.91068661040242e-008 
-2.22909510440083e+008 -1.32901513593299e+007 9.18120167171078e+005 8.89872804621554e+003 -2.28729050351240e+002 -1.66359352129424e-001 -3.58232517496247e-002 -3.86488543173817e-004 7.49932122546542e-006 4.63115357166503e-007 4.47058950265136e-008 
9.70881340343756e+007 -2.49032822269159e+007 -3.93941489418026e+005 1.71162011947957e+004 9.19341711175964e+001 -6.19722788506735e-001 1.71997212405210e-002 -6.93287109106780e-004 8.16175685087355e-007 -1.01747116077120e-007 -4.28132708707702e-008 
5.05165732899075e+007 -1.10624929561472e+007 -2.05540449226030e+005 7.60961375728434e+003 4.83608213811512e+001 -2.79758226848109e-001 8.84313998189564e-003 -3.09467505203539e-004 1.55620146806908e-007 -2.79431128891841e-008 -1.58589916660784e-008 
-1.27435545728016e+008 1.75851507833976e+007 1.62771807031283e+004 -3.65551414619230e+002 -4.37373738523771e-001 1.54012807805179e-003 5.84036841607008e-006 2.44355058016513e-008 
-7.18672545369628e+008 -1.75451355457014e+006 9.16965271093372e+004 8.29117463164185e+001 -8.64801614879517e-001 -1.52004105074647e-003 7.37866385477668e-007 -6.36882770924369e-008 
-3.04963842999008e+008 -1.18058396308128e+006 3.89093208125472e+004 4.44445638846970e+001 -3.60021547157213e-001 -6.89270057087298e-004 1.14659393342845e-007 -2.57702597322708e-008 
-1.15193867441123e+009 7.55728423694201e+006 2.30794419713340e+004 -2.98651248341753e+001 -2.60087356831403e-002 3.58863758232794e-005 -5.33379900825438e-008 
-8.57963881235882e+008 -9.60028536711064e+006 1.71718541801660e+004 2.87072962644243e+001 -3.46112015021859e-002 -6.58216648323109e-006 -5.38182632978008e-008 
-3.04798295123706e+008 -4.28987837994695e+006 6.09894277754543e+003 1.31459200367279e+001 -1.32095057281258e-002 -4.22774465741608e-006 -2.20858877307431e-008 
-9.92907072320644e+008 8.74845983052451e+006 2.75760139480609e+003 -4.25750894416952e+000 -2.29602866823491e-004 6.62893671711053e-007 
-2.44027594756118e+009 -3.37480535934845e+006 6.77980868812265e+003 1.03591103334255e+000 -1.79400262330981e-003 6.04590416536838e-007 
-1.05471236108818e+009 -1.60199485658223e+006 2.93051616259533e+003 5.14222203633621e-001 -7.82818309670229e-004 2.60692638453124e-007 
-7.59768570827844e+007 7.46448521827338e+006 5.15411966054971e+001 -8.50671394311719e-001 -6.54878220599179e-006 -1.78127546638799e-008 
-4.18896781486670e+009 -1.01939979413565e+004 2.86827842942576e+003 1.63898135488048e-002 -1.69971034237028e-004 -1.55500846543778e-008 
-1.71268719063139e+009 -1.89954151777134e+005 1.17269977307914e+003 2.78549313180574e-002 -6.92397080958419e-005 -5.82010688150576e-009 
-3.70252544940288e+009 4.43342669580776e+006 2.64065040805989e+003 -4.02751302161955e-001 -3.02039877455790e-004 5.96149191551931e-008 
-2.47201497752901e+009 -6.33462370772106e+006 1.76274332284633e+003 8.35581224887937e-001 -1.16943736788032e-004 -1.05658314775108e-007 
3.44097426144365e+008 -3.31249497242527e+006 -2.45732310304608e+002 3.82630743781914e-001 5.36834246290317e-005 -6.03374823974188e-008 
2.57308153558009e+005 1.22844252891087e+005 -1.23033337013109e+004 -9.03097501214273e+002 4.33901928389751e+001 3.45424594038233e-001 1.44443180581451e-002 7.59444085173614e-003 -3.65877898757341e-004 -4.41392001974836e-006 4.11236484116524e-007 -1.05603248844112e-007 4.37005397418298e-009 
-2.49902392781538e+005 1.02155174962752e+005 1.19264551561174e+004 -8.28157839759245e+002 -3.24590541551131e+001 1.12398551924073e+000 -7.31802278926016e-002 4.57861797430680e-003 3.15764179768964e-004 -1.64751201637792e-005 8.82863725253856e-007 -2.87838452905520e-008 -5.48785061179981e-009 
-1.39994766084095e+005 3.48849982640074e+004 6.68126316081433e+003 -2.90807872859628e+002 -1.91633477980348e+001 4.77606932225478e-001 -3.49372436821066e-002 1.35895126604760e-003 1.80654320191933e-004 -7.10022298619282e-006 3.64595147766864e-007 -2.89558156825602e-009 -2.94420405866790e-009 
3.79163794759689e+005 -6.22601476896879e+003 -1.85501022562514e+004 -8.82812665403999e+001 6.34481566876143e+001 1.74248676696043e+000 3.08755605412788e-002 -8.09581901852836e-003 -6.50911538874164e-004 -1.69039836922297e-006 1.93022589237322e-006 1.76495644190935e-007 1.94497925015003e-009 
1.30233944953206e+004 1.50355240855113e+005 -5.38382287241349e+002 -1.20447471907899e+003 -1.30646797880116e+001 1.62538788348503e+000 1.27237505119465e-001 6.84566587930700e-003 -3.03920138490903e-004 -3.66000015949088e-005 -1.38268713012444e-006 5.85238227150985e-008 1.21229721840926e-008 
-3.11498500013320e+004 6.96976051043782e+004 1.57804661846122e+003 -5.44193583907584e+002 -1.22949821630081e+001 5.73341798202764e-001 5.55539562859485e-002 3.94446475283781e-003 -7.53903984778068e-005 -1.66536346307228e-005 -8.26582347557600e-007 9.49351964127100e-009 5.37956418056681e-009 
2.28725359148412e+005 -1.39230068655443e+005 -1.25366145183410e+004 1.13358844517501e+003 7.78846096062223e+001 -1.82055062380057e+000 -3.28179353120131e-001 -6.12597268073758e-003 1.36630344456987e-003 6.80042385708060e-005 -5.41471912871697e-006 -5.42318855466267e-007 1.55795583305686e-008 
2.63570681135986e+005 8.84121113531391e+004 -1.45428905164877e+004 -9.59130092829120e+002 5.42601909238409e+001 4.60513276939386e+000 -1.04856450458291e-002 -1.95424045073534e-002 -6.04011000861919e-004 8.22160484052416e-005 5.40759218697325e-006 -3.06868703290208e-007 -4.16820995714785e-008 
9.87853277946084e+004 5.43356947454431e+004 -5.44724206676706e+003 -5.52599868523632e+002 1.72166799217718e+001 2.29723942078420e+000 2.76730776674598e-002 -8.37888084676789e-003 -4.12597881228418e-004 3.10701607168112e-005 3.02017343159762e-006 -8.74929409331142e-008 -2.06965715073607e-008 
-9.55111400957981e+004 -1.69363051660167e+005 6.03281233762433e+003 1.69980205225129e+003 -2.36075273701239e+001 -6.63499269869203e+000 6.79542785384725e-002 2.09984724618861e-002 -7.49146486262647e-004 -7.30654428996915e-005 7.35987291912265e-006 2.76020572759273e-007 -5.38409146947204e-008 
3.02007359865745e+005 -5.32384548577649e+004 -1.83606813802432e+004 4.48316598981286e+002 1.01900694820874e+002 -1.23185591114949e+000 -3.36931217186934e-001 6.85599674393866e-003 1.08153620768874e-003 -7.37989952573678e-005 -3.83486244541421e-006 6.00355495928745e-007 1.22026712166507e-008 
1.48365189416183e+005 -7.80043056425923e+003 -9.03571941745018e+003 3.81015244240980e+001 4.91674766105798e+001 9.10239298348552e-002 -1.61573756667257e-001 1.07275628374419e-003 5.70974296597191e-004 -2.67006501175097e-005 -2.48890008380188e-006 2.48690353875727e-007 1.09244318829659e-008 
-3.31741171791196e+005 -5.46932298045310e+004 2.04730375543988e+004 4.88751350958653e+002 -1.09548130611700e+002 -1.18966795448466e+000 2.82566749783616e-001 -1.85991660894354e-005 -7.65997369920546e-005 6.45788563861878e-006 -4.45383065875885e-006 2.08779001465071e-008 2.86049142374652e-008 
8.25141713438755e+004 -1.55119690960912e+005 -5.15867010983226e+003 1.54538372470910e+003 2.16044769092782e+001 -5.49744160670338e+000 -2.10551829478934e-002 9.22757780888945e-003 -8.04589386246316e-005 3.09784464703059e-005 -7.95276431883611e-009 -3.61505956761864e-007 4.70282556447989e-009 
7.06881872786727e+004 -6.59608395112529e+004 -4.39372583258457e+003 6.62204504037397e+002 2.07760115948347e+001 -2.40903433276171e+000 -3.77158292108821e-002 4.24083844940243e-003 -2.90684673497171e-005 1.36160011174135e-005 4.35644689467326e-007 -1.68293922577741e-007 -6.65538692038105e-010 
-2.79512441034693e+005 1.03298395953754e+005 1.62040996416716e+004 -1.09757661754150e+003 -6.93690754469581e+001 4.68912223475810e+000 1.37038515139099e-001 -1.44697604722842e-002 -5.57171471878227e-004 4.41402104937259e-005 4.44223320297100e-006 -2.06745012597281e-007 -2.87898290775028e-008 
-2.11470565477696e+005 -1.24421755754664e+005 1.19896279572447e+004 1.07499343030390e+003 -7.15006902516345e+001 -2.72445464649382e+000 2.47355204099907e-001 6.08638336099878e-003 -7.28040007028508e-004 -4.41876558477947e-005 2.76379382568648e-006 3.28030047277346e-007 -1.53063305597573e-008 
-6.97181652365812e+004 -6.74455101038039e+004 3.91398293673101e+003 6.02971106066249e+002 -2.60099656744876e+001 -1.71754636364843e+000 1.00136174760536e-001 4.23449656589476e-003 -2.79655970936620e-004 -2.47029793587024e-005 8.31926767877797e-007 1.71356918769446e-007 -4.19268905771110e-009 
6.66668947433636e+003 1.68924133770909e+005 -3.60934385496589e+002 -1.42702734700901e+003 2.25739634759633e+001 3.10738882203956e+000 -1.96637703744448e-001 -5.35010600247367e-004 8.91859043112971e-004 -2.44109698609956e-005 -3.03961853741961e-006 2.29298308419331e-007 6.90246818943733e-009 
-3.38644097290342e+005 1.66347646868480e+003 1.72968002909885e+004 -1.79945684250138e+002 -6.86722582012433e+001 2.25687302675846e+000 7.17154367334156e-002 -1.27286260176686e-002 2.03618684045317e-004 4.77101566890636e-005 -2.38399661517855e-006 -1.37322870164638e-007 1.79312271247491e-008 
-1.56501002790616e+005 -1.59256855569926e+004 7.99389750973686e+003 5.84277774111042e+001 -3.38260414549374e+001 7.29432777586117e-001 5.24535331064980e-002 -5.79939542992701e-003 5.35116978105226e-006 2.43621669098356e-005 -7.95635780789367e-007 -8.58622075560830e-008 7.56536393604963e-009 
2.93894215753430e+005 1.06896423588566e+005 -1.40041651172832e+004 -7.86967150852901e+002 4.80156661972158e+001 2.49849729733618e-001 -5.36056797661929e-003 7.89066675205383e-003 -2.19822545173117e-004 -1.23016779546036e-005 7.44155967278700e-007 -7.95636171320737e-008 -1.58466528466216e-009 
-2.14627897672044e+005 1.16260438164778e+005 1.00680441837144e+004 -9.18844583161610e+002 -2.72893406501126e+001 1.30920212452334e+000 -7.44201084075056e-002 2.72968304281005e-003 3.85293847059717e-004 -1.24307265775453e-005 3.70027003274742e-007 3.36502927585189e-008 -5.84923550937313e-009 
-1.27814959675029e+005 4.29371524085324e+004 6.01761828099183e+003 -3.45017199244991e+002 -1.73252732898508e+001 5.77200886464013e-001 -3.36353643139036e-002 4.76878020582841e-004 1.99013806152079e-004 -4.49859081139154e-006 9.63855932812603e-008 2.33349937356249e-008 -2.53441649833590e-009 
5.08046121281422e+005 -9.72935583954789e+003 -5.66570813724445e+000 -8.25433093261536e-002 1.03162155008898e-003 1.66007181372271e-004 7.56784792692370e-007 -1.24110373236293e-007 -1.27741375342512e-008 -3.89357996244471e-009 -7.03454683175276e-011 
1.25096429728174e+006 2.36560078364602e+003 -1.90608756286798e+001 -2.31975497400508e-002 -2.97571087483506e-003 4.24740694565293e-005 8.43525252603083e-006 2.27884012225482e-007 2.74749900777317e-008 -1.53411478910165e-008 -1.57418359466977e-010 
5.11115686776997e+005 1.24810577868696e+003 -7.89235750854306e+000 -7.98042855231249e-003 -1.38652511811395e-003 8.81115773906412e-006 4.28688676874511e-006 1.33054582466699e-007 1.60465059373722e-008 -6.28339721145776e-009 -6.44496951777828e-011 
4.88539306746198e+005 -9.77811936814742e+003 -6.45344457294536e+000 -4.23120411715242e-002 3.37137536143443e-003 -7.12766473421295e-005 -4.01950084301150e-005 -4.75581698969410e-006 -3.63802698983970e-007 -5.62209751274527e-009 3.98688468696517e-009 
1.25554165755478e+006 2.21134511939843e+003 -1.95509424709361e+001 -4.90504313626915e-002 9.08058786734147e-004 4.04446149936346e-004 2.01348983503679e-005 -8.41716015451144e-007 -3.53018277268358e-007 -6.90970751554815e-008 -4.87865885370382e-009 
5.13548228485230e+005 1.18426768214031e+003 -8.09088604503131e+000 -2.06592111187661e-002 4.76785771025284e-004 2.23190965352241e-004 1.47742882312032e-005 4.39121694123907e-008 -1.50740039005817e-007 -3.47590134850377e-008 -3.00677428322926e-009 
-8.73252058991608e-005 -6.68749957967506e-007 -4.88147465595302e-007 1.02132483826281e-007 3.02048460641655e-008 -1.19622347430081e-009 -2.46758030966239e-010 -8.71350412264772e-011 -1.19294890863873e-011 1.76471742301757e-012 
9.85422030013292e-006 2.36097545145184e-007 -1.35463684184933e-007 -6.83677269008700e-008 6.18177091399053e-009 1.99052456861174e-009 8.78446892792461e-011 -1.52485889220454e-011 -6.04890091930108e-012 1.22035553469907e-012 
-8.71573801063255e-005 1.88059723766547e-006 5.14405064785092e-007 -2.33296765562234e-007 -5.30350303340395e-008 1.10933738156366e-008 2.93599825657327e-009 -2.79563403668938e-010 -1.12158925431092e-010 5.75909284045557e-012 
9.19337482830322e-006 -5.01401535273064e-007 2.94239293636234e-007 7.76181722714954e-008 -2.28723329388512e-008 -5.78038734366349e-009 6.78974035060819e-010 2.56371849870673e-010 -1.01862115792152e-011 -8.54191043109344e-012 
-8.53907575525739e-005 -4.79603206965288e-007 1.62228299720354e-007 2.78068609352350e-007 -2.43241890433215e-008 -1.53022987519922e-008 1.39579245409873e-009 4.16860297839313e-010 -3.62900146276276e-011 -7.71245505144754e-012 
9.18503943774621e-006 -1.88465251776228e-007 -3.43588613611276e-007 2.72688979134408e-008 3.22150163569948e-008 -2.47638619807163e-009 -1.17268215348726e-009 9.36892587929243e-011 2.14813994116173e-011 -9.65878372809943e-013 
-8.34307380665908e-005 1.73113656719522e-006 -4.65569575601896e-007 -1.26570261131433e-007 3.58714403632003e-008 1.70783867716539e-009 -1.07185373083288e-009 1.66184430391121e-010 1.80953367816477e-011 -8.60141533686909e-012 
8.73819053109825e-006 3.00033485801628e-007 2.24201925787829e-007 -5.95823583392562e-008 -1.02273570014968e-008 2.70295310478114e-009 -1.39348702031019e-010 -4.24165006419245e-011 1.94670940199722e-011 -1.06884735368938e-012 
-6.88693272998138e-002 -4.84739930278545e-004 5.35979056181080e-004 2.96469124642263e-005 -1.32588717385368e-005 -6.75123340630476e-007 1.55594458100122e-007 7.40532614575663e-009 -2.65247234688201e-010 1.31139140627518e-011 
4.03808081920919e-001 7.30625256785678e-004 5.78961496251205e-005 -3.73835695755297e-005 -1.91783605954463e-006 6.16989790263082e-007 3.24788962492781e-008 -4.28786435203836e-009 -1.99705955705689e-010 -3.65762105842602e-011 
1.20916847250646e+003 9.20392336275447e-001 -4.94283538036030e-004 -2.88481462022253e-005 1.22353573840212e-005 6.25889062910835e-007 -1.43250723733242e-007 -6.54104819185770e-009 2.41858896084027e-010 -1.56380315523322e-011 
-6.67214066903469e-002 2.05846420361020e-003 -1.05020914232422e-004 -7.61714878043716e-005 7.82859032312336e-006 1.08761748548753e-006 -2.59360851661402e-007 -2.12697503922038e-008 5.52350981585928e-009 5.93736272708743e-010 
4.04561793609542e-001 -1.95362701388852e-004 -1.90376874947628e-004 1.31485121451346e-005 3.77121918110641e-006 -6.14257034176433e-007 -5.54649579153924e-008 1.57912247764540e-008 1.41270636137095e-009 -3.09657776221004e-010 
1.21100633568812e+003 9.17991091895869e-001 8.63052944091542e-005 7.07315234372528e-005 -6.96299695483976e-006 -1.00474858211133e-006 2.35038098649933e-007 1.95941972084834e-008 -5.00663541760209e-009 -5.48241949220178e-010 
-6.48981865785958e-002 -4.49200020552338e-004 -3.85587412684510e-004 2.36249719304565e-006 2.11543813701198e-006 8.36160880265682e-007 1.39065904826428e-007 -2.88077031465940e-008 -3.39985608887958e-009 4.77408472767068e-010 
4.03364350629021e-001 -8.10597025766592e-004 3.49774805692450e-005 1.83455479720504e-005 9.72012651725011e-007 1.72928777641169e-007 -6.86445319929015e-008 -9.47230755224010e-009 1.60299337320017e-009 1.65214844141146e-010 
1.21284439980276e+003 9.20286502705235e-001 3.63514575448128e-004 -7.66895957437883e-007 -2.12068158453731e-006 -7.87127331573970e-007 -1.26730408541218e-007 2.66684683663483e-008 3.14925588617061e-009 -4.41797649739017e-010 
-6.76813888280681e-002 -1.82126685209039e-003 2.22158022289345e-004 8.86315500980421e-005 -2.68189470070384e-006 -1.72401253630246e-006 2.34781709875695e-008 2.12904033948848e-008 -1.48432199805567e-009 -1.02636974523563e-010 
4.02713521691450e-001 3.03815780761835e-004 1.91702104742207e-004 -1.18927508388807e-005 -5.16540176295867e-006 7.07043365475268e-008 7.89473113602501e-008 -2.40546021291684e-009 -6.85197110187836e-010 1.03150174950822e-010 
1.21468678977484e+003 9.21628987291241e-001 -1.98644775373899e-004 -8.31003796416221e-005 2.40980029888289e-006 1.60302265087317e-006 -2.30172532618479e-008 -1.97570362526721e-008 1.40579414506854e-009 9.61581625982440e-011 
