-5.56174604560310e+007 -4.81252048250009e+006 1.19977459192532e+006 -1.87146859296333e+004 -1.67051665581510e+003 1.58930736069127e+002 -8.04482218519711e+000 1.08756405048201e-001 2.17092626074637e-002 -2.45437661902568e-003 1.35890339959674e-004 -1.90651001148245e-006 -4.46349222137166e-007 5.25606191521078e-008 
1.80217401756042e+006 -1.42344262143024e+007 -4.46806292508083e+004 5.23179294245871e+004 -2.25724764508058e+003 3.53586578831439e+001 4.49758753186080e+000 -5.19578906517359e-001 2.88251883522894e-002 -4.93110374944578e-004 -7.90959331740706e-005 9.75960158968094e-006 -5.76251085160666e-007 1.01742193322339e-008 
6.70424315875648e+006 -7.10579746613589e+006 -1.48198081893424e+005 2.98882050429796e+004 -1.03273663066044e+003 2.41941839531867e+000 3.23632782670612e+000 -2.88835254670372e-001 1.31490775897055e-002 -9.08469752762780e-006 -5.63359280378603e-005 5.41125955291602e-006 -2.61586058469634e-007 -1.15364309501777e-011 
-5.65548911019391e+007 3.61463180106193e+006 8.90328516140205e+005 -2.87892108731074e+004 -2.81131001192731e+000 2.96289964209560e+001 -2.77031162092906e+000 1.43261149635410e-001 -5.21807701218758e-003 5.80864292640760e-005 9.56887026122686e-006 -1.02672526475900e-006 6.43359047968963e-008 -2.73054430681278e-009 
-2.54210633707934e+007 -1.26207351686607e+007 3.99102237221202e+005 2.43432323747972e+004 -1.21421884370362e+003 4.82027307843790e+001 -1.18713063329453e+000 -2.16696501322953e-002 4.66893542453269e-003 -3.50325457764864e-004 1.74697599943268e-005 -5.43273499940648e-007 -3.51440783303971e-009 1.98430088640174e-009 
-7.74220122675760e+006 -7.11702580592064e+006 1.20943028525268e+005 1.59877924073787e+004 -6.48358623786803e+002 2.26800777293460e+001 -3.47098731087684e-001 -2.64219613017801e-002 3.03493548862739e-003 -1.93167285736129e-004 8.34095218183839e-006 -1.83826183160512e-007 -8.54439833251507e-009 1.34299577022167e-009 
-4.32792393446543e+007 9.38170242465362e+006 5.55433671343532e+005 -2.66431405409597e+004 1.65300440699884e+002 -4.45558095978534e+000 -5.74015983134283e-001 3.28727742834668e-002 -1.76287006779774e-003 7.00378763960374e-005 -2.05638116510741e-006 2.96185724811756e-008 2.11714343172912e-009 -2.20491494582387e-010 
-4.67359620224931e+007 -8.52668728775825e+006 6.01376078104402e+005 1.10669371929091e+004 -5.32394205545208e+002 2.13972245020197e+001 -8.85987350305478e-001 1.89325502551346e-002 -2.91120655633776e-004 -2.62952920228494e-005 2.17564920397455e-006 -1.31938180413304e-007 5.85811627761679e-009 -2.05542483533583e-010 
-2.05052007499063e+007 -5.52756101428089e+006 2.63704375146123e+005 8.67304658516028e+003 -3.01541057436111e+002 1.18923620608480e+001 -4.13820906601888e-001 6.70746854454200e-003 2.71616032621709e-005 -2.13050965321326e-005 1.37535458184055e-006 -7.35522037593536e-008 2.91007983165167e-009 -8.69542299885103e-011 
-2.10598724591892e+007 1.25808034339177e+007 2.46853545426622e+005 -2.52365947689110e+004 -1.18904478973336e+001 -1.17193644858366e+001 -1.58624476125305e-001 4.22330503394062e-003 -3.11397564161634e-004 2.20352162515762e-005 -3.78168505953833e-007 3.29478149473823e-008 -1.55135223619190e-010 2.18632250899274e-011 
-5.86428070043408e+007 -3.30346703701284e+006 6.93880249070585e+005 4.97111748049907e+003 -2.81804544180547e+002 4.95899286807184e+000 -5.55906593070170e-001 3.58519779865450e-003 -5.40010357053257e-004 -1.61406507022821e-006 -1.21699308624772e-007 -1.19140421018104e-008 7.21806709987533e-010 -2.40258550656824e-011 
-2.91691157790477e+007 -3.06876714729012e+006 3.45098518620958e+005 5.27082787133413e+003 -1.49311389162533e+002 3.86359587317895e+000 -2.80533875361275e-001 1.47760343634084e-003 -2.56210529030359e-004 -3.14570300148885e-006 -2.58243931940127e-008 -9.77891257717783e-009 4.01673924275135e-010 -1.51005124797174e-011 
9.27040206609172e+007 1.19378103181513e+007 -1.14916897794183e+006 -2.47848972595245e+004 1.14608788978968e+003 1.50174499342317e+001 -3.91437280231643e-001 -3.85475855818568e-003 1.62817748421197e-005 2.12377406808500e-007 
-4.69104925800980e+007 1.91567162847249e+007 5.82604761440829e+005 -3.91719859961331e+004 -5.99566917395642e+002 2.23422727341976e+001 2.34886452608214e-001 -4.19306153117923e-003 -3.78871084899697e-005 -7.71854555477129e-007 
-2.69755788040826e+007 7.86474614830265e+006 3.34864807743110e+005 -1.60588542877641e+004 -3.42302625650273e+002 9.10364476044124e+000 1.30459541185647e-001 -1.64295332176644e-003 -1.80792649469189e-005 -3.60669046105596e-007 
1.06677362843056e+008 1.88585227388068e+006 -1.32840258008462e+006 -4.59059909869548e+003 1.34411407009448e+003 4.40210542747207e+000 -4.89241067681451e-001 -2.97387036843668e-003 4.61343053490921e-005 1.43095002588705e-006 
-5.51636136689363e+006 2.18099577219040e+007 7.06048434465949e+004 -4.49267127188719e+004 -1.06675229114836e+002 2.64082458580276e+001 9.64234050755408e-002 -5.82694518341180e-003 -6.18982105297443e-005 -3.78485916890486e-007 
-9.23335913193701e+006 9.69459310272554e+006 1.15811056631412e+005 -1.99259698418875e+004 -1.33036217169276e+002 1.16048447799023e+001 7.43404914818223e-002 -2.43390571450185e-003 -3.07718221378207e-005 -2.60842195703156e-007 
-3.80745232294405e+007 -2.01777728408082e+007 1.89468939972951e+005 1.67526263376000e+004 -8.36410936976151e+001 -4.79024223740582e+000 2.03404134040127e-002 9.46537259943481e-004 -3.43638629772108e-005 -2.62992432193750e-007 1.45223655687318e-007 7.99899777623914e-008 5.47497724445448e-009 
1.29880179501455e+008 -4.95232646481330e+006 -6.48052514286117e+005 4.14209410054674e+003 2.82276491601486e+002 -1.20901162936847e+000 -6.34072735668627e-002 1.08306014313281e-006 3.60840053787329e-005 5.28399626067872e-006 -1.36073903094280e-007 -7.09622752949157e-009 -3.10216296787518e-008 
5.63100096718532e+007 -2.14643947249034e+006 -2.80912320161590e+005 1.79536789278836e+003 1.22358530770384e+002 -5.23634900519766e-001 -2.74399915909136e-002 -2.84173816676212e-005 1.38042987596996e-005 3.15010759808179e-006 -2.39944014089154e-008 -4.53417522562450e-009 -1.57699826472871e-008 
-7.62984444196165e+007 -1.78877159028340e+007 3.79416432189483e+005 1.46821789698936e+004 -1.72716210236895e+002 -4.02145253474441e+000 4.50566533227023e-002 6.30409763648542e-004 -1.29484257721451e-004 5.37797665722360e-006 7.99675267673828e-006 -3.11970856527398e-007 -5.78023722513557e-007 
1.15001161214395e+008 -9.86350854787530e+006 -5.72306870173777e+005 8.38553998905995e+003 2.43732649946380e+002 -2.58736926288327e+000 -5.14044954885206e-002 2.14683265125350e-004 9.40442157043556e-005 2.70677546367911e-005 -5.74478679237673e-006 -1.92125188140217e-006 3.88223485528199e-007 
4.98608807955434e+007 -4.27530232165658e+006 -2.48080025627167e+005 3.63478795091463e+003 1.05652211192651e+002 -1.12106777952361e+000 -2.23477332715460e-002 4.43526626786317e-005 4.66185300840693e-005 1.53647448290632e-005 -2.90055911561172e-006 -1.08970534279198e-006 1.95188879066194e-007 
-2.45103772101908e+008 -3.16038777347334e+006 1.01880855218459e+006 3.97233610820009e+003 -2.48788838428589e+002 -1.42957433533151e+000 -4.54288262474237e-002 -1.58975593608158e-004 9.49507837976125e-006 -5.92583781471473e-007 3.35155392248076e-008 
2.73435776081659e+007 -2.75552653372596e+007 -1.12882511216826e+005 1.88793165846869e+004 7.85208965448996e+001 -5.08491412821230e-001 -1.10743568236243e-002 -8.76527233638678e-004 -9.14818752611200e-006 -2.40723970520573e-007 1.28647382489795e-007 
1.91530349583788e+007 -1.25539596228870e+007 -7.92457996774960e+004 8.55248672504385e+003 4.27244774421397e+001 -1.94683261243199e-001 -3.86222024124327e-003 -3.97248359356630e-004 -4.19222208296591e-006 -1.81719742785193e-007 6.55953701852060e-008 
-2.53021461697969e+008 1.69149718449320e+007 3.16319923458150e+004 -3.38372377917060e+002 -5.40634431369766e-001 1.14524015768316e-003 3.62470181442766e-006 5.39280221126089e-008 
-6.96966082478573e+008 -4.34464848383620e+006 8.72102744212775e+004 1.30670195281757e+002 -7.58057079677510e-001 -1.55323963269974e-003 -7.68647117468285e-007 1.00015524457621e-007 
-2.92569528637823e+008 -2.27399534867877e+006 3.66103777462318e+004 6.42449605375165e+001 -3.11767258133701e-001 -6.93792290568950e-004 -3.61577753192664e-007 3.67824737001623e-008 
5.34529669950500e+008 -1.29888595281669e+007 -1.36155889321763e+004 5.34924213658567e+001 4.26289102406436e-002 -8.94669070396793e-005 -9.66019984210339e-008 
1.15938796190495e+009 4.64345571019145e+006 -2.95193667657710e+004 -2.31553875619175e+001 6.79091930477693e-002 6.04941192592227e-005 1.34411136288889e-008 
4.55859621860909e+008 2.47745381011893e+006 -1.16063083569888e+004 -1.18691085460354e+001 2.62108140873438e-002 2.88784024541877e-005 6.10986828131182e-009 
4.57994742194512e+008 -9.36215619432203e+006 -1.23604484047792e+003 4.10999492031386e+000 7.50668297450908e-004 -4.77428014057043e-007 
2.59281384821946e+009 9.27514645246852e+005 -7.00322072108631e+003 -9.67393597425265e-001 1.50602610314849e-003 4.22457390878335e-007 
1.12910011667381e+009 5.38586414328127e+005 -3.04989936362071e+003 -4.81876507536274e-001 6.50388064290734e-004 1.96526761227399e-007 
4.36421489680662e+009 -1.62845993288522e+006 -3.11091153682474e+003 1.82930427849709e-001 1.88183986794424e-004 -9.37495536020272e-009 
9.08777961493444e+008 6.82626325963312e+006 -6.47558757124885e+002 -8.13807002012848e-001 3.09741516869285e-005 2.89494466933160e-008 
2.63315272771464e+008 2.83456603128326e+006 -1.87597431019194e+002 -3.37650578384475e-001 7.90534137001327e-006 1.19928472190914e-008 
3.59078824560144e+009 5.91267076924445e+006 -1.37637105311214e+003 -1.67366491771248e-001 9.95089986914815e-005 -1.43196713453373e-008 
-3.53449082240865e+009 3.76414488378764e+006 1.35465159354837e+003 -4.48002535666750e-001 4.55126089189156e-005 1.03763847961066e-008 
-2.18490073376812e+009 -6.06789528762053e+005 8.37422312452653e+002 -8.94191606660778e-002 -1.49079987537561e-005 9.10129959274270e-009 
3.65394509151002e+005 6.34005962819269e+003 -1.98451176499157e+004 2.34520892003013e+002 7.70623600848429e+001 -3.51046286898333e+000 7.14434770651992e-002 1.12089443741901e-002 -1.59116312736541e-003 6.94938158231676e-005 2.76367791396018e-006 -6.73374197584233e-007 4.79620324879661e-008 
9.09763271800091e+002 1.58414933793473e+005 4.19879526385689e+001 -1.38397248248237e+003 3.11632624444256e+001 2.16190772793526e+000 -2.34628401926279e-001 1.57553326478530e-002 2.06922030563370e-005 -9.27999715623280e-005 7.99439669783765e-006 -2.02816863370590e-007 -3.16389761185092e-008 
3.32236391896556e+004 6.24612778667777e+004 -1.77089167420271e+003 -5.18326946068499e+002 1.91412241275853e+001 5.22366933630525e-001 -8.51964675780768e-002 7.17162855721628e-003 -1.36049113043939e-004 -2.99368726981472e-005 3.37236963527712e-006 -1.40227733198493e-007 -8.01056273989180e-009 
2.40019610930984e+005 -1.24718861871082e+005 -1.15397415355198e+004 1.03216728370439e+003 2.94835076865497e+001 -1.52827872043733e+000 2.36843898746120e-002 -5.48770234922335e-003 1.25997634606601e-004 1.49564657482614e-005 -9.46152534524279e-007 4.43303311472851e-008 -3.46152699529001e-009 
2.72790013637843e+005 1.02761033585084e+005 -1.27766488775656e+004 -7.16676248430517e+002 4.72190070857441e+001 4.20488207306166e-001 1.41956462807180e-002 9.81652484755292e-004 -3.72986824405117e-004 1.53468655762390e-005 1.02056548446408e-008 -9.60700175173444e-009 2.68357829024138e-009 
1.28198107313181e+005 2.89728440615555e+004 -6.01725817687304e+003 -1.86270844479260e+002 2.10224800218975e+001 2.23088400112438e-002 7.78379632579028e-003 -1.06986576748855e-004 -1.34152314050476e-004 7.33949070115555e-006 -8.23628409870787e-008 2.78823126241328e-010 7.37032461449366e-010 
-5.83870059731137e+004 -1.61806121144551e+005 2.65462552196884e+003 1.25045908624810e+003 -4.16047359198206e+000 -2.06273897103169e+000 -3.42270577082698e-002 1.42599302843916e-003 1.42054027972381e-004 -1.27537314291255e-005 -4.70299835023473e-007 3.68158680943113e-008 2.55208712647394e-009 
3.58411204814217e+005 -2.02791325672274e+004 -1.65249071977967e+004 1.16211047377830e+002 5.64470939037025e+001 2.48780559480715e-001 -4.35575339066341e-002 -2.40377318958152e-003 1.24216627503090e-004 7.47053740098518e-006 -7.46398439169628e-007 -3.33100491634029e-008 1.09124849571619e-009 
1.35009455067405e+005 -2.23185154303056e+004 -6.20412754368670e+003 1.56985476419369e+002 2.15475266722683e+001 -8.86712182819433e-002 -1.98487539944848e-002 -8.06360133107792e-004 6.11518370944279e-005 1.76910101864289e-006 -3.32655402085367e-007 -9.67384521950854e-009 6.51065802569976e-010 
-3.16241681332897e+005 -8.50196670307956e+004 1.58012083407342e+004 8.26157403992855e+002 -4.96735056481842e+001 -2.33804178625082e+000 5.21824874765983e-005 -4.84685237607528e-004 -8.79453725567780e-005 1.55659996523558e-005 1.67625816928613e-006 1.41011584691210e-008 -2.68216000283044e-009 
2.00876940574967e+005 -1.31614526638599e+005 -9.77217001532718e+003 9.88362987698073e+002 4.80027166390737e+001 -1.15233819527056e+000 -6.38704471903884e-002 -9.34924932875376e-004 -2.07849010284349e-004 -1.83259504710828e-005 3.88331950983462e-007 8.55167469094813e-008 2.23140785193612e-009 
5.06334090723267e+004 -5.88805591050194e+004 -2.40581576860992e+003 4.57761575260411e+002 1.42155657198038e+001 -6.53711829066165e-001 -2.45989417950176e-002 -4.03545369150871e-004 -8.89127180262483e-005 -5.77038108192571e-006 2.98912304634579e-007 3.44635380753752e-008 6.29114291591296e-010 
-3.40363608973686e+005 6.39715199942128e+004 1.94005764576190e+004 -3.41951529722702e+002 -9.53622318825627e+001 -1.87063410794632e+000 1.12586762187264e-001 1.58011771030424e-002 1.13209259275517e-003 2.81141609942457e-006 -6.67670899381687e-006 -5.58772584476057e-007 -1.09591076049486e-008 
-9.53215466358964e+004 -1.51704712924922e+005 5.59754770033524e+003 1.46128240103664e+003 2.13173546969911e+000 -4.03029929859785e+000 -2.07528319776099e-001 -5.63192688312956e-003 6.23478111411531e-004 9.86245587306332e-005 4.40516215523595e-006 -1.94724761168812e-007 -4.14392485102440e-008 
-6.70643295326079e+004 -5.35367694772219e+004 3.88973937454317e+003 5.37918004359381e+002 -7.58609509196441e+000 -1.72690128403620e+000 -7.07090711229160e-002 -8.15108465996687e-004 3.41357313362207e-004 3.86087483230543e-005 1.12894289607341e-006 -1.24601328679345e-007 -1.70742359675951e-008 
-8.92026500541559e+004 1.75905961890697e+005 5.92223655786166e+003 -1.82103114003597e+003 -5.81734036967293e+001 7.59581549810051e+000 5.29708440921068e-001 -2.08618791341046e-002 -4.59641057243100e-003 -5.87334629102330e-005 3.37817026262194e-005 2.05851272059798e-006 -1.86946833074351e-007 
-3.03129096831306e+005 -4.40286731734361e+004 1.98521033636139e+004 6.12193445399992e+002 -1.14728830489496e+002 -5.36541119442567e+000 3.84198389411978e-001 4.74791407682402e-002 -3.77274509284768e-004 -3.76387286936577e-004 -1.44848085245969e-005 2.41075812035831e-006 2.35372099692160e-007 
-1.26080457229230e+005 -1.77876687186464e+003 8.24488070529006e+003 7.79323787213383e+001 -4.96795105918472e+001 -1.41713353072482e+000 1.95669029682650e-001 1.66306339600860e-002 -5.48866295994902e-004 -1.51518657336508e-004 -2.67753376296485e-006 1.11778165807248e-006 7.51913642998024e-008 
2.38855902038145e+005 1.34099265852995e+005 -1.53836722291007e+004 -1.27175883417382e+003 1.14394321237744e+002 3.94431075198104e+000 -7.35140190081801e-001 -7.86963911519826e-004 5.33182631863693e-003 -1.55078924984975e-004 -3.88842225639157e-005 2.52540079731674e-006 2.61085730695018e-007 
-2.33464282858033e+005 1.09677251955826e+005 1.51111599106174e+004 -1.30131807559080e+003 -7.59739969404200e+001 8.32717799231288e+000 1.63160444101870e-001 -5.81183474986803e-002 6.46421632748696e-004 4.32972350830942e-004 -1.84079260218122e-005 -3.10882716306028e-006 2.58751318577528e-007 
-7.03497916984337e+004 5.43641101905765e+004 4.53248003782723e+003 -6.17139713653412e+002 -1.94524821976850e+001 3.58351599818949e+000 -1.15431219906248e-003 -2.26723500184158e-002 7.18553811067274e-004 1.54824726821599e-004 -1.05645629298279e-005 -9.88177520505711e-007 1.23503321282906e-007 
3.58227716648607e+005 -1.81711942839448e+004 -1.96102505378633e+004 4.49966688823195e+002 7.43048161773747e+001 -4.27749366276660e+000 8.66644481742473e-002 1.60592952518459e-002 -1.90392040169454e-003 5.16073563511787e-005 7.05176388374239e-006 -9.34939128351567e-007 3.36432947544856e-008 
5.06294891049436e+004 1.59319132794497e+005 -2.76851621243982e+003 -1.37184911132380e+003 4.39023288756169e+001 2.01560372233272e+000 -2.88756720147658e-001 1.74810730386569e-002 3.78171800462867e-004 -1.31037809319036e-004 8.38332576840561e-006 1.13215622453809e-007 -6.62585625369513e-008 
5.05708734401359e+004 6.03919421622050e+004 -2.78116643195854e+003 -4.92921129684041e+002 2.35980921518633e+001 4.04163307702054e-001 -1.04838758966104e-001 8.21099980877343e-003 -1.96825305285329e-005 -4.64506660782400e-005 3.87936041876802e-006 -3.78239484467757e-008 -2.28311495766773e-008 
-1.50117856510807e+005 -5.91280678021831e+003 -5.29707221534553e+000 8.19778715715077e-002 -8.91848425609995e-004 -4.56098378045284e-004 5.80102317095361e-005 -4.28798833964126e-006 3.26390386303354e-008 4.90281890752499e-008 -1.00885062886197e-008 
1.72520387348872e+005 1.26579056161755e+003 -1.81069465211699e+001 1.83205106528407e-002 5.29785542669780e-003 -3.36240480019773e-004 -3.70879723546254e-006 3.98152406528770e-006 -6.44014563649215e-007 4.77001592602671e-008 -2.15020560939000e-009 
8.54194493007067e+004 6.69823537822363e+002 -7.78498738927991e+000 -3.65737953763814e-003 2.79701617133374e-003 -1.28108556731426e-004 -7.93145205702514e-006 2.57037316311749e-006 -3.47396220317026e-007 2.14463567006712e-008 -8.72473872286498e-011 
-1.61983150884274e+005 -5.95185688418090e+003 -4.54334034751279e+000 3.93295528057039e-002 -2.96488089950781e-003 4.91258030650715e-005 4.14272835102780e-006 -2.90450436311507e-007 3.67506396304685e-008 -7.96281377630859e-009 1.81126959792850e-010 
1.74908522681217e+005 1.12279845444056e+003 -1.75716182176414e+001 5.90616376703761e-002 5.68723402796962e-004 -1.22733019783881e-004 7.12060638778774e-006 -2.35785343307334e-007 2.08363691224365e-008 -1.39596516851526e-008 -2.26621595278794e-010 
8.66970826293928e+004 6.07929638877579e+002 -7.64551481218232e+000 2.12710823286766e-002 5.83655275542806e-004 -6.51820040176880e-005 3.41297447948450e-006 -9.70330133644432e-008 7.36513967407345e-009 -5.51960845971887e-009 -1.27094544387717e-010 
7.90249141601544e-005 6.25945533552477e-008 4.87492940474885e-007 6.18929867656679e-008 -3.81098780743099e-008 1.12852058726145e-009 4.35637480132493e-010 -3.30839757781086e-011 1.65360429938509e-011 -1.09194196279447e-011 
-2.08342883597568e-005 -4.37220658300091e-007 -8.03601549478903e-008 7.35802904227807e-008 9.79848599857893e-010 -2.17848401535347e-009 2.20767867122430e-010 -6.62153439379166e-011 7.21357258341521e-012 5.71722223136518e-012 
8.07346338247140e-005 6.62055099180020e-007 -5.48335212170326e-007 -4.70607616525206e-008 3.23720989078358e-008 2.86815814158631e-009 -5.33634480140303e-010 -3.59870202511951e-011 7.56347721255459e-012 -3.32159113949937e-012 
-2.07986717672843e-005 6.03004599589157e-007 6.04901176312737e-008 -6.94541865583379e-008 -5.80035810063587e-009 2.07702271720725e-009 2.82367921815057e-010 -2.16717981729018e-011 -1.41775923167052e-011 4.53305493348777e-013 
8.11206209537579e-005 1.03134888704976e-006 7.78660100785293e-007 -3.86864305271521e-008 -7.80070946942748e-008 -4.99295969230801e-009 2.98124526559385e-009 6.29393352797356e-010 -1.98422386656522e-011 -3.13548134839583e-011 
-2.05412771466719e-005 -3.54591719563359e-007 8.79484537154735e-008 1.15902832673199e-007 2.26890734292116e-010 -7.29134590965103e-009 -8.32010991604923e-010 2.24024511186707e-010 6.73315701366268e-011 -2.67318617275653e-012 
8.26933786812655e-005 -7.51699582581905e-007 -4.05201182956928e-007 2.53703193327620e-007 7.43086940012910e-009 -1.75201650814617e-008 2.17951238547444e-009 6.01263144247998e-010 -2.07532205517907e-010 -7.25916528254318e-012 
-2.00193908572537e-005 4.62131867584137e-007 -2.76987605715914e-007 -2.81440852858100e-008 3.09239732523640e-008 -1.50461350940727e-009 -1.47711451700534e-009 2.66101243862557e-010 4.03763233359451e-011 -1.51348252667187e-011 
5.87333029529142e-002 7.15290910138721e-004 1.93454403507958e-004 -1.06152593115729e-005 -2.67021059386392e-006 -6.26764454015625e-007 3.83352305175770e-008 1.05171494011334e-008 -1.06771939723928e-009 1.28458828318708e-010 
4.21414148060238e-001 4.37925218309479e-004 -6.32861337777470e-005 -1.06433574007583e-005 -6.83724513779974e-007 1.02981554560143e-007 4.38092269704231e-008 -2.99745372187892e-009 -1.18317307324880e-010 3.56722757144827e-011 
5.16822951570957e+003 9.19294491347546e-001 -1.62085062931144e-004 8.24754051366279e-006 2.28379170886255e-006 5.91194036698122e-007 -3.65874284284750e-008 -9.39479576503421e-009 9.87059701736549e-010 -1.25252245086756e-010 
6.05625407376323e-002 7.07523904630316e-004 -2.79763206032345e-004 -4.95284625210939e-005 4.61174892570445e-006 1.21686086949919e-006 -8.24688201441787e-009 -1.57979129364075e-008 -4.67622402635809e-010 1.15634675078448e-010 
4.21484427401589e-001 -4.03026309852432e-004 -9.57737442099480e-005 1.75907580792977e-005 3.43222843693729e-006 -1.42907665115221e-007 -6.19947552192042e-008 -8.52488200210754e-010 5.89387889791062e-010 1.88370014892873e-011 
5.17006778757257e+003 9.19329276990151e-001 2.47457988300684e-004 4.35444337496651e-005 -4.11295146703936e-006 -1.10428507834693e-006 6.70635636757019e-009 1.44648884872559e-008 4.51808321485054e-010 -1.04438343052170e-010 
5.94866086188894e-002 -1.57749551879409e-003 -4.25483639263260e-005 7.55722103950883e-005 -1.44046189425335e-006 -2.06074131652088e-006 1.74116172409686e-008 4.83739078831349e-008 3.61698762830009e-009 -6.89240383603188e-010 
4.20835862379056e-001 -1.48088606185819e-005 1.60526592918542e-004 -4.99703257221773e-007 -5.25459322148208e-006 1.25281834604289e-007 1.33329137860009e-007 3.57967721846093e-009 -2.61310000482002e-009 -3.90204014708670e-010 
5.17190861833321e+003 9.21308152908627e-001 2.50033015671680e-005 -6.76859680623290e-005 1.66246170000306e-006 1.89648911042699e-006 -2.07489563759066e-008 -4.54675518493471e-008 -3.33683160284025e-009 6.63225823379641e-010 
5.76119564201035e-002 -6.99652447177523e-005 2.49157529607357e-004 -6.38726630214098e-006 1.47461116833934e-006 -9.78342536357246e-009 -2.28659454087634e-007 2.38388327150650e-008 4.77305586909181e-009 -1.32653211348459e-009 
4.21577943194924e-001 6.00197544650848e-004 -1.17302846244775e-005 -9.17603018319771e-006 4.71643175753374e-007 -4.15417473121276e-007 2.46465270823188e-008 1.57268084805371e-008 -2.53942920365143e-009 -1.65452918046751e-010 
5.17375004686088e+003 9.19938950618459e-001 -2.12188381121692e-004 6.86734806913527e-006 -1.77522708492028e-006 1.94453694016145e-008 2.16283421931704e-007 -2.30325147068585e-008 -4.41025725368517e-009 1.25686021945261e-009 
