-4.69748671851328e+007 8.62903551536609e+006 6.07494118099633e+005 -2.70780043519099e+004 1.75322305462714e+002 -1.90306831381834e+000 -7.45153111035987e-001 4.30874442114577e-002 -2.20804551561586e-003 8.37309330409311e-005 -2.18327565210794e-006 4.29933812136693e-009 4.59891091893639e-009 -3.79905139480089e-010 
-4.32054775806632e+007 -9.29087049720665e+006 5.78434880392223e+005 1.25422173999921e+004 -6.07145704313651e+002 2.49894011734561e+001 -9.73568223320444e-001 1.99249102844896e-002 -8.96768540795948e-005 -4.37760919721813e-005 3.28966132205652e-006 -1.84241864776288e-007 7.71639301724889e-009 -2.36676385592215e-010 
-1.83794069540512e+007 -5.85754882359951e+006 2.46028490774658e+005 9.50674291409265e+003 -3.42507214716409e+002 1.35464646358521e+001 -4.42836513793329e-001 6.17750507945311e-003 1.80975835016287e-004 -3.20645130615493e-005 1.98364474082318e-006 -9.88662970584145e-008 3.64522129725934e-009 -8.70539740316300e-011 
-2.58570715717368e+007 1.22292861921501e+007 2.95827042081455e+005 -2.52523450436523e+004 2.46650564866646e+001 -1.10595045864602e+001 -1.82120277906850e-001 6.17907570002411e-003 -4.47999700326166e-004 2.52370276195282e-005 -6.17319351951519e-007 3.47711028053372e-008 -3.11234106704707e-010 1.51985045302577e-011 
-5.67793288414685e+007 -4.19589916358876e+006 6.83513000393960e+005 5.72832712308689e+003 -3.01349802266853e+002 7.15056671291214e+000 -5.78302476614669e-001 6.34319685149631e-003 -5.32058272084348e-004 -1.16399197783781e-006 -1.47745528549124e-008 -1.84625311203878e-008 9.90257051966374e-010 -4.04127453997696e-011 
-2.78193851874270e+007 -3.50901526633836e+006 3.34466331776548e+005 5.67755623445841e+003 -1.63536491779169e+002 4.96615049416554e+000 -2.90048997463684e-001 2.74801632752806e-003 -2.37785300524375e-004 -3.23775653873948e-006 5.60984420809481e-008 -1.34669495830960e-008 5.61261117865755e-010 -2.31640444660365e-011 
1.33768793272034e+003 1.33723529743303e+007 -1.27900708221939e+004 -2.68253846563407e+004 -2.31419796808430e+002 -1.42336596323826e+001 -9.05042299551035e-002 4.50072227873573e-003 3.73930466663771e-004 3.08729349641928e-005 1.01510208915847e-006 5.14167073137971e-008 1.15541230507839e-009 3.19645530750382e-011 
-5.95390291546198e+007 1.47132360606494e+006 7.25680042455808e+005 1.32172448425274e+003 -2.92957244851424e+002 -6.59109639635304e+000 -6.52143246791101e-001 -1.24142434144900e-002 -6.85400557193391e-004 -7.88012821515183e-006 -8.32182692217997e-008 1.80589178959543e-008 1.37986163312696e-009 6.52285695492769e-011 
-3.19738695682362e+007 -6.00090368007752e+005 3.88981189092374e+005 3.48661655668658e+003 -1.32509221955237e+002 -2.04556727597848e+000 -3.38990609434853e-001 -7.09813434022002e-003 -4.04896510083587e-004 -7.40961482566989e-006 -1.49673496303482e-007 4.31744577825457e-009 6.17353623174704e-010 3.15314956687353e-011 
2.55654023442273e+007 1.18974342715063e+007 -3.66475718752884e+005 -3.28394247512614e+004 -5.14827370568172e+002 -1.21040821939332e+001 4.57133689895235e-001 4.76353905015129e-002 2.93146703942326e-003 1.34750073752739e-004 4.43576832376705e-006 6.67613189358591e-008 -5.06830440200668e-009 -5.82601151556110e-010 
-5.08075198675043e+007 7.24420005963688e+006 7.05874952619060e+005 -5.43641359007737e+003 -6.23240666041318e+002 -2.91070918362573e+001 -1.33619800462780e+000 -3.60544940436219e-002 -5.15980843939326e-004 4.55221115028257e-005 4.56957584487320e-006 2.83292930414428e-007 1.29662568405284e-008 4.25131925704233e-010 
-2.99592846902021e+007 2.63663878547814e+006 4.15062278143889e+005 4.99822145107364e+002 -2.79568874823397e+002 -1.42942347499233e+001 -7.61173500714722e-001 -2.41976902366316e-002 -5.79491000825789e-004 1.03503662528717e-005 1.98126159016544e-006 1.44413615122843e-007 7.45185617880172e-009 2.87491924589155e-010 
-1.03713101032067e+008 6.06022488884912e+006 1.30840470506726e+006 -1.36964493100357e+004 -1.37798224530418e+003 1.11336291681751e+001 5.91558338533618e-001 -6.48002161973241e-003 -1.40865267481430e-004 3.51639592839512e-006 
-2.66467459930848e+007 -2.11563830074684e+007 3.49769273548436e+005 4.44124653770094e+004 -4.17205151759264e+002 -2.81975220721340e+001 2.62935740796216e-001 8.72930008516559e-003 -1.42068236498792e-004 -1.53723417170284e-006 
-5.48635029499935e+006 -9.90297441540710e+006 7.45947463675527e+004 2.08501583677909e+004 -1.00533797764931e+002 -1.33920546275663e+001 8.08809638670060e-002 4.33771359292316e-003 -5.50247912690417e-005 -9.10222767426769e-007 
-8.18963446199849e+007 1.55168183485350e+007 1.02142063276997e+006 -3.32607364156767e+004 -1.03016481493539e+003 2.27620208571301e+001 3.66078214946315e-001 -8.97823960005208e-003 -1.90801389965135e-005 2.89794267041499e-006 
-6.45804102189722e+007 -1.63801695809664e+007 8.25371206608778e+005 3.36418410909611e+004 -9.01055289550454e+002 -1.94997991157763e+001 4.39169953643831e-001 3.82074614653318e-003 -1.50009258437248e-004 9.02873404439909e-007 
-2.39354091872401e+007 -8.35223535097905e+006 3.06751823146688e+005 1.72417680276828e+004 -3.40251539684326e+002 -1.02142316103223e+001 1.74443094185632e-001 2.28721453584080e-003 -6.62881163199127e-005 2.22818057573102e-007 
3.18044161583090e+007 -2.03624952199924e+007 -1.62885934024227e+005 1.67460105228609e+004 8.31649871354221e+001 -4.62174101535601e+000 -2.57862361757735e-002 1.08563642659568e-003 -3.71219214048007e-005 -1.64413280391611e-005 4.06289078815822e-007 8.69356158082993e-007 1.32248319168902e-007 
1.31947570614385e+008 4.13451774478199e+006 -6.51864942365519e+005 -3.75604806416255e+003 2.78650760629662e+002 1.39595914621213e+000 -5.65878279066294e-002 -6.63422072141838e-004 -1.07587585873655e-004 3.78019871678245e-006 6.46232870799084e-006 7.08490806751663e-007 -2.41864007983769e-007 
5.72152811592693e+007 1.79264627490067e+006 -2.82581369890787e+005 -1.62828818087942e+003 1.20794617154325e+002 6.05604997098276e-001 -2.46019314900618e-002 -3.33717790904737e-004 -4.35146696215940e-005 4.66609479048945e-006 2.91152469833818e-006 1.64882288299736e-007 -1.32591286639668e-007 
-9.57609025838190e+006 -2.08463575611054e+007 4.29122124152721e+004 1.73113378369441e+004 -1.35996823201281e+001 -4.95651058530300e+000 2.90542816450983e-004 1.09170713179984e-003 -2.20029247128156e-005 -1.91289030277135e-006 -3.29839962108454e-007 1.06010641594353e-008 4.03939069523936e-008 
1.34913534689601e+008 -1.18328877299652e+006 -6.69521807355451e+005 8.46112052628272e+002 2.91776120868743e+002 -1.02888046162110e-001 -6.43954138625833e-002 -3.22779879020905e-004 -1.18288046836983e-005 5.04689409547740e-006 3.73166193319859e-007 2.21645671129445e-007 -1.04042347836632e-008 
5.85017072266893e+007 -5.12608347859001e+005 -2.90236190301659e+005 3.66734832317240e+002 1.26485330957824e+002 -4.45061921195536e-002 -2.80464997549077e-002 -1.45466953161666e-004 8.82531292373731e-007 2.38203831858705e-006 1.04082653692652e-007 8.56067047020363e-008 -9.99837564913015e-009 
1.17650991950563e+008 -2.69455057985166e+007 -6.83138309375257e+005 3.04685872088085e+004 3.99147753630082e+001 -1.29015219573733e+001 2.74870664192488e-001 2.14251368150701e-004 -1.71346559072650e-004 4.22986471508700e-006 1.81765844591465e-008 
1.72152813220991e+008 1.85843711898005e+007 -9.84384143562208e+005 -1.09631232158075e+004 6.27017786641308e+002 -5.64198122189916e+000 -1.56604113021757e-001 7.20247078742487e-003 -8.79629425386525e-005 -2.23625944195396e-006 1.19150962450134e-007 
7.57573279665115e+007 9.25171282538618e+006 -4.33079434155281e+005 -5.85067676933244e+003 2.86524188039236e+002 -2.23998418412145e+000 -7.92284976848683e-002 3.29686480745734e-003 -3.57169806597476e-005 -1.13178140453473e-006 5.51181563890866e-008 
4.40447162232061e+008 1.45117610069993e+007 -6.29814845581916e+004 -3.79357375496901e+002 4.94046903904939e-001 3.95546209651781e-003 3.83239836525629e-006 -4.76351065326038e-008 
-5.67177279501786e+008 1.05156011562959e+007 8.10353029651461e+004 -2.06963175702203e+002 -1.19409532441580e+000 3.31326314965117e-004 9.74253091848290e-006 1.44263376176009e-008 
-2.53832320145226e+008 4.15413570832571e+006 3.62672004964340e+004 -7.94784587171763e+001 -5.23851470486190e-001 4.57105433854007e-005 4.09839851572000e-006 4.27958443923534e-009 
8.10547344350277e+008 1.04696606983636e+007 -1.54750761585745e+004 -3.49626464419119e+001 1.53577805611114e-002 1.29042760459293e-005 1.43537522638062e-008 
-1.14621971180243e+009 6.83637351438007e+006 2.18824499450464e+004 -1.89711250798552e+001 -3.52367034111288e-002 -8.61650877556904e-007 7.74970022759307e-008 
-5.08356560102315e+008 2.37275995074584e+006 9.70482330907729e+003 -6.31999476071702e+000 -1.52291571826216e-002 -1.60310425281657e-006 3.43663840795316e-008 
2.30095062819626e+009 -5.98483248967407e+006 -5.64254095995080e+003 2.13603687396266e+000 1.22268160228223e-003 -1.21658956479083e-007 
1.71441500323205e+009 6.27554935689716e+006 -4.20330672268258e+003 -2.80051794795322e+000 5.26294004230245e-004 2.39031126075624e-007 
7.18323788502166e+008 2.83315899572913e+006 -1.76112951543327e+003 -1.25671620368977e+000 2.12894910064285e-004 1.03646705190517e-007 
4.40504873690868e+009 1.27450875234336e+006 -3.11846372397643e+003 -1.71475735550819e-001 1.82501191561338e-004 5.16328139482206e-008 
-6.89745430322971e+008 6.89934653636907e+006 4.88047252953931e+002 -8.11291536312828e-001 -2.95119574103164e-005 4.73235203391428e-008 
-3.91985442311928e+008 2.79221166989170e+006 2.77394692695898e+002 -3.27820263925296e-001 -1.65079361638976e-005 1.84254989736138e-008 
2.09585692392594e+009 7.02875747698248e+006 -9.95920083886858e+002 -4.00776658208434e-001 1.54950141961801e-004 -4.55604241552409e-008 
-4.23428420026323e+009 2.21985825566746e+006 2.01229969767913e+003 -4.88508272786185e-001 -1.74078419901926e-005 4.83716835719627e-008 
-1.95286634245775e+009 -1.42501151106108e+006 9.28086241914695e+002 -3.13657791767739e-002 -5.33729245727860e-005 2.18879689612048e-008 
-6.67648299562743e+004 -1.63737828522552e+005 3.58169037259049e+003 1.38710762304953e+003 2.20831798333117e+000 -2.95830850971815e+000 -6.04528091752010e-002 1.33845492770300e-003 -1.20141277530155e-004 -1.05884966044076e-005 1.23490523830314e-006 1.01319258133308e-007 -1.10512147918824e-009 
3.34142611569229e+005 -3.95786090614641e+004 -1.67600572082162e+004 1.84321525513000e+002 6.78202680674065e+001 6.75927480536009e-001 -7.61696570370731e-002 -1.39524567374865e-003 4.37910678919474e-005 -1.68586386063473e-005 -1.11681224792380e-006 5.16928575069223e-008 5.23903905525196e-009 
1.58198704283372e+005 -1.58173387744794e+003 -7.95330097666402e+003 -5.54390860013148e+001 3.05080161644861e+001 6.04304999350867e-001 -2.84520500402728e-002 -7.69540404134342e-004 3.17842749110140e-005 -6.58103450671552e-006 -6.29736558271121e-007 1.32767324338698e-008 2.48562722584698e-009 
-3.15720898588035e+005 -7.28810314374070e+004 1.82468488143707e+004 8.75499095650858e+002 -7.03501238955351e+001 -4.23161199287013e+000 -2.77930560865726e-002 6.89328549268812e-003 9.74852237314499e-004 6.13078362816916e-005 -1.26260641898322e-006 -4.35728309215314e-007 -2.69180359740689e-008 
1.41150398343804e+005 -1.46067256850119e+005 -7.96168236718392e+003 1.25903600425448e+003 5.77995732169734e+001 -2.14092132779928e+000 -2.01165974911939e-001 -9.54602355103517e-003 -1.68046437453408e-004 5.29911434958183e-005 5.68601158968401e-006 1.28908410309306e-007 -1.84783095030397e-008 
9.55882369011149e+004 -5.89351907053946e+004 -5.43483696028649e+003 4.83001018316193e+002 3.32616567622632e+001 -5.45850130254053e-001 -8.85003668600898e-002 -5.02200937469393e-003 -1.73721850068902e-004 1.78958076101366e-005 2.70483798158431e-006 1.02093641860179e-007 -5.68432661012408e-009 
-2.99750624468341e+005 8.99528553076486e+004 1.94533898230433e+004 -8.21017537620251e+002 -1.24232197413595e+002 1.44825547868733e+000 5.89504547910156e-001 1.78459739818553e-002 -2.77816370342210e-003 -2.65641527896186e-004 7.89472159780152e-006 2.42828155093393e-006 5.53482515104454e-008 
-1.59185183420092e+005 -1.38936351749499e+005 1.02365298181726e+004 1.51385144577779e+003 -4.55639962311321e+001 -7.72846282648841e+000 -3.22037998707187e-002 3.82463710493538e-002 2.10172476271447e-003 -1.65176353147434e-004 -2.38047698645336e-005 1.28224107263492e-007 1.93306004008434e-007 
-4.21825170410498e+004 -7.19949717722589e+004 2.69466853940922e+003 7.68644622332847e+002 -8.20857411584883e+000 -3.65030873540558e+000 -7.37072379393185e-002 1.55591220779488e-002 1.23144695310635e-003 -4.83078196439238e-005 -1.15859257788642e-005 -1.85005015842055e-007 8.21199777087533e-008 
-1.47301509788465e+004 1.79456385729564e+005 1.01293006563485e+003 -1.87643672832508e+003 1.87013355359376e+001 8.82773324502785e+000 -3.26830519619820e-001 -4.35715361037007e-002 3.34268596591975e-003 2.41368008594403e-004 -3.17489962386389e-005 -1.17098071388404e-006 2.94038221181554e-007 
-3.13095678698829e+005 -6.81583563167333e+003 1.98714554446653e+004 -1.06174285020671e+002 -1.19866069577242e+002 2.92690834548334e+000 5.38508150195166e-001 -3.25289566965973e-002 -2.84014732689180e-003 3.08132931914699e-004 1.46993341823635e-005 -2.85542497952164e-006 -5.11667695124023e-008 
-1.40480046827098e+005 -2.10397660755909e+004 8.91032378224172e+003 1.39740185669193e+002 -5.62378646727457e+001 4.42105264640945e-001 2.76956510680537e-001 -1.03846193021642e-002 -1.62275356609704e-003 1.15557649153534e-004 9.84532834913017e-006 -1.17761258910309e-006 -5.26468423473233e-008 
2.91005961473799e+005 1.12154525740695e+005 -1.58141610809879e+004 -7.66278927814375e+002 8.52877440454956e+001 -1.25387759966872e+000 -1.79840426780056e-001 2.43598313033137e-002 -7.88493581651907e-004 -8.22309940406107e-005 1.08064213736906e-005 -3.60604444358144e-007 -4.21376828843574e-008 
-1.90112482904822e+005 1.21640022189246e+005 1.02929855099599e+004 -1.21821264723682e+003 -1.70485966293766e+001 4.07324576154190e+000 -2.41828860110053e-001 -1.19639835583411e-004 1.50992733682471e-003 -1.06778911504007e-004 -5.73553114140392e-007 7.14173873723948e-007 -5.42023716597527e-008 
-1.15281993554481e+005 4.39510472047401e+004 6.25013424930160e+003 -4.75979852321052e+002 -1.62917539346939e+001 1.97292787932773e+000 -9.15766686614197e-002 -2.49312295701475e-003 7.63620529107230e-004 -4.01844866502339e-005 -1.34232967582255e-006 3.59954713442790e-007 -2.03595681111872e-008 
3.74388789115635e+005 -3.04816401262236e+004 -1.79308825167693e+004 3.30339112233291e+002 5.36824433350230e+001 -9.58122823588375e-001 7.42831411964764e-002 -2.70252112677203e-003 -4.10925250186973e-004 2.15257324708639e-005 -9.77534889362571e-007 3.29505672184182e-008 5.30885435871925e-009 
8.88876414595239e+004 1.45266045282585e+005 -4.15061592349015e+003 -1.09748470554797e+003 2.14252404874044e+001 7.77267988899093e-001 -8.93375526089375e-003 7.43164998333406e-003 -3.20160432931649e-004 -4.42002475413876e-006 5.63287642883229e-007 -9.51183422192186e-008 6.00814020464715e-009 
2.90773229113482e+003 6.89214821994013e+004 -9.25564749653034e+001 -5.31223891226290e+002 4.34406453656553e+000 4.50540649834656e-001 -1.14191555036978e-002 3.63930331484184e-003 -1.04165803572883e-004 -4.16743107593134e-006 3.53159201084477e-007 -4.64155393964992e-008 2.19403642788512e-009 
1.92147502916438e+005 -1.44508027611529e+005 -9.25025521105354e+003 1.08774546946058e+003 4.09493459821746e+001 -1.01172994877116e+000 -9.64487827939231e-002 -6.43229159834070e-003 2.12448817043811e-004 2.40137525323065e-005 2.80459896329829e-007 -6.59815970830345e-008 -5.79831547552258e-009 
3.09516199219146e+005 6.65771477792551e+004 -1.46481717750834e+004 -5.93413023428809e+002 4.52478467825331e+001 1.79659101252715e+000 3.87148555488978e-002 -4.53511720895963e-003 -3.93607747384182e-004 6.12921072894688e-006 1.14840315381062e-006 5.21106731531941e-008 -3.20808208501521e-009 
1.21133993019079e+005 4.45916377921524e+004 -5.72573451213830e+003 -3.78015520038559e+002 1.64748989677220e+001 9.18665243296167e-001 2.71518987051350e-002 -1.42108694286538e-003 -1.99955479114358e-004 3.89513793829835e-007 4.93885283065075e-007 3.02287164130128e-008 -8.79637746384810e-010 
-1.23334639791476e+005 -1.57729218776793e+005 6.54560743698789e+003 1.41732547965782e+003 -1.00111556369462e+001 -4.04137442190897e+000 -8.26532407440479e-002 8.32926021816152e-003 3.24457732362813e-004 -3.28706388055051e-005 -1.14865267758704e-006 1.73265793754094e-007 8.72405464334204e-009 
3.13448644510321e+005 -6.40244690241424e+004 -1.62429829958529e+004 4.05768977793346e+002 7.49641106945242e+001 3.25226891134197e-001 -1.65574361518523e-001 -5.13141143904535e-003 4.46001360090166e-004 1.43655773942211e-005 -2.25978855273656e-006 -8.38865584994763e-008 1.09481096962266e-008 
1.54306209699679e+005 -1.33658136852621e+004 -8.02393241167739e+003 4.32481508008626e+001 3.50712537702228e+001 5.50446106564919e-001 -6.70778724336300e-002 -3.16318695389111e-003 1.70249352235925e-004 9.80344664125096e-006 -9.11539609211113e-007 -5.53348971187982e-008 4.10385195446938e-009 
-9.71230254251936e+005 -8.34373211870817e+003 1.30178744461522e+001 6.26359921742910e-002 2.78303344754109e-003 2.76718853984568e-005 2.50986663967594e-006 -3.95467919808621e-007 4.75060017898953e-008 8.96621263658581e-009 2.22994911012293e-010 
8.35884248774749e+005 -6.19034274616404e+003 -2.02388384161163e+001 -8.35552598797256e-002 1.35719730178608e-003 -1.57441542402929e-005 7.35619482305370e-006 -3.19906461890491e-007 1.99241708083914e-008 -1.55725813279363e-008 -1.56107918680737e-010 
3.78818176860723e+005 -2.40001362658865e+003 -8.87742186665037e+000 -4.61240050581994e-002 5.36774119271387e-004 -1.63155828295396e-005 3.65591646738939e-006 -1.28520299444955e-007 5.67114395140801e-009 -6.49131237480764e-009 -1.08700019084734e-010 
-9.87810626302766e+005 -8.23577272386251e+003 1.40600054531372e+001 1.12968676486091e-001 3.53154001174290e-003 3.54049357416406e-005 -1.64375335342330e-006 -3.68067899179906e-007 -5.37186337821665e-008 7.41475736482749e-009 -2.96224159386160e-010 
8.23338755613699e+005 -6.35586611878996e+003 -2.10955279845005e+001 -5.64135577251791e-002 2.49160022374005e-003 1.34762694883659e-004 8.96823899867158e-006 5.15145986695473e-007 3.32351717638193e-008 -1.65229892464604e-008 -1.88598427209704e-010 
3.73945481304516e+005 -2.47309870744690e+003 -9.37674981320088e+000 -3.60434688929077e-002 9.65488105607672e-004 6.35711114453004e-005 4.99617619631356e-006 3.13937147614472e-007 2.32765303601928e-008 -6.84915219808022e-009 -7.28891078720789e-011 
-8.56282320810120e-005 1.35706760533503e-006 -5.69646682076452e-007 -1.25859554121192e-007 4.07358271682233e-008 8.20534038898402e-009 -4.60591416529171e-010 -1.95525291062850e-010 -1.30488252403773e-011 1.21114200030741e-012 
5.47969518449357e-006 4.70120792689229e-007 1.68705451446797e-007 -8.21047507106080e-008 -1.66161861454691e-008 2.37660932238844e-009 5.88224890047032e-010 9.43862010089556e-012 1.93153801297162e-012 -1.81400563897891e-013 
-8.40603245477357e-005 1.73386195445919e-006 8.52185928973123e-007 -1.23846835512285e-007 -9.76937661380070e-008 8.48318831327578e-009 5.87003537453645e-009 -3.52136755707245e-010 -2.79729505694570e-010 9.24917205613816e-012 
5.53117717288639e-006 -5.19527805684698e-007 1.14322884501553e-007 1.41005932702509e-007 -1.19249802460326e-008 -1.05758232548377e-008 6.22745268709948e-010 5.19541163325748e-010 -1.93948415404757e-011 -1.99321007197359e-011 
-8.12860847671073e-005 -1.94666647761782e-007 -4.13223399341109e-007 1.94786950947383e-007 9.47967195544289e-009 -6.99865182454581e-009 8.43307264346887e-010 -4.73479865946190e-011 -1.84323472023488e-011 8.73640495011150e-012 
5.92516577563343e-006 5.03855469934686e-007 -2.32508066934511e-007 -3.84223782017950e-008 1.79490035692996e-008 -7.37453791543514e-010 -1.81049240416199e-010 1.24616389219817e-010 -2.81177763696301e-011 -3.04947379443513e-012 
-8.00312409483812e-005 2.07631720376417e-006 2.59352908437103e-007 -1.82639930935668e-007 -2.56991185693542e-008 5.84430150428013e-009 1.16064999112246e-009 -5.74158647226865e-011 -2.75311011733976e-011 2.38170484369991e-012 
6.01838127155130e-006 7.14233033976282e-008 2.81466029297228e-007 3.98264508762290e-008 -1.59527244182978e-008 -2.45224987294925e-009 1.77487299648782e-010 6.97581528779490e-011 9.06264035305547e-012 -8.86291758079487e-013 
-6.65912019664508e-002 1.40039862834556e-003 -1.88508993494558e-004 -2.75612911923276e-005 4.11482982850957e-006 -6.26619901748970e-007 -8.67538561702469e-008 1.68239537579490e-008 1.74530239253803e-009 -4.32597001316431e-011 
4.05728369400952e-001 -4.11094581752631e-004 -1.10473622804258e-004 1.20290848250142e-005 -8.47806377922111e-008 -2.21864186968470e-007 5.22224023755995e-008 5.28551939472356e-009 -5.78752879502267e-010 -6.38288056484024e-011 
4.32205194630559e+003 9.18634903130354e-001 1.58620407088409e-004 2.47911977820168e-005 -3.56607767000460e-006 5.88179771227439e-007 7.96621338715795e-008 -1.54033229691725e-008 -1.61675953207767e-009 3.36694924316795e-011 
-6.60291507261061e-002 -9.89729513671329e-004 -3.57134369277277e-004 1.66025330394920e-005 1.10055013483587e-005 1.07731559685140e-006 -2.83839751818008e-007 -5.42993936873195e-008 7.71605493038180e-009 1.88742195379155e-009 
4.04516441722827e-001 -6.48103589271073e-004 7.96288768570689e-005 2.69424399736475e-005 7.66538474819716e-007 -7.01534370968251e-007 -1.04909909242775e-007 1.89141646625014e-008 3.98622326471046e-009 -5.17759376819658e-010 
4.32389118505513e+003 9.20757904519497e-001 3.31102872878630e-004 -1.23839383420750e-005 -1.01912239992666e-005 -1.05457185523682e-006 2.61252923445510e-007 5.16657688649289e-008 -7.04264570655211e-009 -1.79010305782244e-009 
-6.86476384520071e-002 -9.31325780589662e-004 4.19294396031404e-004 3.89422895398200e-005 -1.22476372126679e-005 -3.54744145967183e-007 1.88268053279323e-007 -8.07116711275400e-009 -4.66097772957110e-010 2.09868644312824e-010 
4.04373506632210e-001 5.22736578503204e-004 9.52409664777989e-005 -3.13809685654034e-005 -1.85605094874357e-006 6.49061736383289e-007 -1.87776516558144e-009 -6.20488610148163e-009 6.51943388690370e-010 -7.20800603561008e-011 
4.32573337107329e+003 9.20794247032685e-001 -3.73755714111942e-004 -3.70521013686105e-005 1.11388640401224e-005 3.42222139006666e-007 -1.75499834076497e-007 7.59880802305274e-009 4.82510378157581e-010 -2.03392522355407e-010 
-6.76349391680970e-002 1.59476695700196e-003 3.72567899067007e-005 -5.60627881268073e-005 4.03834540775404e-006 6.70231759255372e-007 -1.44126620228339e-007 -1.10301277987685e-008 1.81206950597714e-009 2.69887232123737e-010 
4.05150280446984e-001 4.54173567480716e-005 -1.45768437818914e-004 3.12960978876593e-006 2.60223273247852e-006 -3.58627640795419e-007 -3.07788337864025e-008 7.17238146575016e-009 7.05197679938885e-010 -5.96414467659449e-011 
4.32757234971449e+003 9.18488712370883e-001 -4.22292159919025e-005 5.00772814350236e-005 -3.58910807551436e-006 -5.98853364939002e-007 1.31927688507384e-007 9.90156340666228e-009 -1.65946492722811e-009 -2.43863631180680e-010 
