-2.12901258767516e+007 -1.80815192322952e+007 7.57058861894091e+005 9.13612594238594e+004 -6.61696841155084e+003 -1.52849960087466e+002 4.58217418874023e+001 -1.50288669910451e+000 -2.33364426537079e-001 2.43774762242697e-002 3.61574245785208e-004 -2.14657117420332e-004 9.92228274615518e-006 1.18598434512643e-006 
3.45860352181566e+007 -6.69989696566947e+006 -1.30729207760179e+006 6.96888640200887e+004 3.72329468171966e+003 -5.11318976981722e+002 5.04877164689101e+000 3.00316164335562e+000 -2.02536313859951e-001 -1.03874887413586e-002 2.15571584289165e-003 -4.56744218442666e-005 -1.48073871822252e-005 1.28943061989132e-006 
2.07434752793655e+007 -1.70320243570304e+006 -7.76821121498151e+005 2.77502128386609e+004 2.67508371797434e+003 -2.57275622932864e+002 -2.05525641602429e+000 1.76003966947532e+000 -8.39853698344884e-002 -8.07676966806407e-003 1.11400443746065e-003 -2.13571939941113e-006 -8.93858234647582e-006 5.65768553503616e-007 
-4.91651249387299e+007 -9.38401135753382e+006 1.25528614127747e+006 3.21869607427918e+002 -3.55350464143627e+003 2.42951369568720e+002 -5.63252379370204e+000 -6.17226076910972e-001 8.07639492524289e-002 -4.08388810381498e-003 -5.71571659243098e-005 2.77960757088153e-005 -2.28487056369786e-006 5.64833406827174e-008 
1.36591894964235e+007 -1.34481062737723e+007 -3.84098669883330e+005 6.93213212457764e+004 -2.19878685911068e+003 -6.30430091937019e+001 1.39212330556414e+001 -8.92421517748526e-001 1.08140408015898e-002 3.57093155307756e-003 -3.83220153016481e-004 1.58555869529517e-005 6.84622734353725e-007 -1.56623743037306e-007 
1.24568508358362e+007 -6.20985895326849e+006 -3.35356269364698e+005 3.69954826190386e+004 -8.05979503636685e+002 -5.88714040260501e+001 8.02034902617319e+000 -4.12686461246689e-001 -2.59950559273232e-003 2.33099214561156e-003 -1.98774209633152e-004 5.58677290591959e-006 6.02662474980808e-007 -8.95203467523926e-008 
-5.83559477130673e+007 1.51980521926573e+004 1.04759747901823e+006 -2.72427277989702e+004 -4.61323779008096e+002 7.27920855851429e+001 -5.12066137404651e+000 2.14176039770622e-001 -3.09186514174291e-003 -4.31107073036745e-004 5.01946067134468e-005 -3.15200827779870e-006 1.14087887905912e-007 8.73549250986039e-010 
-1.41089790665573e+007 -1.38058812147238e+007 2.34095498889908e+005 3.51724694796950e+004 -1.71074309109717e+003 5.73083016347240e+001 -2.03814696828654e-001 -1.50161029154460e-001 1.36823399106743e-002 -7.42256197551664e-004 2.10320449257143e-005 6.75272675647473e-007 -1.41184913100064e-007 1.09531769268621e-008 
-1.42188016638176e+006 -7.37575644871199e+006 1.63992179469686e+004 2.16131474299219e+004 -8.65970556054506e+002 2.30627630322195e+001 4.22178434062343e-001 -1.02422797469927e-001 7.62931464524151e-003 -3.51769551331622e-004 6.02855080499265e-006 6.87520874562227e-007 -8.72472040021660e-008 5.76097771246545e-009 
-5.10174706948692e+007 7.03907481625328e+006 7.07690851007792e+005 -2.79063586228853e+004 1.66372636176356e+002 5.13331748532566e+000 -1.21638681095718e+000 6.93838230934608e-002 -3.25711890088781e-003 1.07703643294120e-004 -1.53028481721623e-006 -1.23695879467237e-007 1.43996015545613e-008 -9.27767804796973e-010 
-3.87862639435591e+007 -1.06291781072679e+007 5.26562432379175e+005 1.59074873166120e+004 -7.81380680192035e+002 3.26638349186484e+001 -1.13622798629437e+000 1.75252607069672e-002 6.72911765470068e-004 -1.02062619358019e-004 6.61727374734008e-006 -3.23115001546808e-007 1.12174290440559e-008 -1.68932735602783e-010 
-1.53638224497237e+007 -6.40732328570629e+006 2.07875714518991e+005 1.13913440380019e+004 -4.34639439464636e+002 1.69153205326327e+001 -4.80774178074721e-001 2.16615675658373e-003 6.97163443891040e-004 -6.56892452203214e-005 3.69412784977981e-006 -1.59789155505759e-007 4.49265037883046e-009 6.48881533288614e-012 
-1.06427080381249e+008 -8.03744707494301e+005 1.35779796452782e+006 9.73177239526734e+002 -1.45876012858054e+003 1.28634696764956e+000 6.76743154868192e-001 -2.83175019279151e-003 -2.12276858907241e-004 2.41598972496635e-006 
-5.01145203370977e+005 -2.20451102184952e+007 -3.60352403607269e+003 4.67588755981003e+004 -3.50202781373962e+001 -3.09032028149515e+001 8.28488156698983e-002 1.11257544785098e-002 -8.66417656443543e-005 -3.16087617021593e-006 
6.51854136146907e+006 -9.86666869836440e+006 -8.75518901928068e+004 2.09748677492939e+004 7.65643297382860e+001 -1.39845861864357e+001 -5.56666956136394e-003 5.18373208688129e-003 -2.54942464884991e-005 -1.54554837671404e-006 
-9.74104997693466e+007 9.71607167231179e+006 1.23303843856213e+006 -2.13182255609906e+004 -1.28058656170779e+003 1.59098258211147e+001 5.19170160557811e-001 -7.80022982642671e-003 -1.00859323055321e-004 2.86747110103894e-006 
-4.28802988121854e+007 -1.98848100025065e+007 5.34368159652238e+005 4.14611975956454e+004 -6.09963777363440e+002 -2.55767448792169e+001 3.41898032906350e-001 6.98498400270625e-003 -1.58409001772576e-004 8.27852169134333e-008 
-1.31173639315652e+007 -9.56053218484583e+006 1.62372921734411e+005 2.00022105948683e+004 -1.93375104549381e+002 -1.25133884319544e+001 1.20984300940564e-001 3.62791494231411e-003 -6.56098504758715e-005 1.32793939094210e-007 
1.11801591630826e+008 -1.36968356738024e+007 -5.45355110805019e+005 1.05332213642117e+004 2.42100817108929e+002 -2.16516042512461e+000 -5.67217159716470e-002 1.07311136001790e-004 8.74617872899253e-005 1.88718626939517e-006 -2.58805306167685e-006 -2.60803051059755e-007 6.58929194760609e-008 
8.74374062839590e+007 1.42328763182164e+007 -4.29191529923721e+005 -1.19561970933832e+004 1.59448992770029e+002 3.50686036875816e+000 -1.75254132087801e-002 -4.27149857024506e-004 3.02407377961063e-005 -8.94133352573792e-006 -2.00255058811677e-006 1.29894447942201e-007 7.07840895505396e-008 
3.79235644393104e+007 6.17033414669782e+006 -1.86074740723711e+005 -5.18356206778441e+003 6.91287775795492e+001 1.51994001541789e+000 -7.61039551451756e-003 -1.47721383268126e-004 1.55178919078857e-005 -5.51864697909980e-006 -1.08320654773686e-006 9.81431882462305e-008 4.08500543070628e-008 
8.04893624400053e+007 -1.74919866560271e+007 -3.97374944374510e+005 1.39894477279252e+004 1.85853665624386e+002 -3.43970736549177e+000 -4.99706791352445e-002 6.68541986307811e-004 3.40081567884103e-005 -1.33312747736644e-005 1.41308953781967e-006 3.91947544248860e-007 -1.64025702523487e-007 
1.12049309785246e+008 1.02739722353908e+007 -5.55133305206422e+005 -8.87255411731163e+003 2.23902346066556e+002 2.85153462195088e+000 -3.68759471876965e-002 -4.04044887115459e-004 -3.76399247206284e-005 -7.14186658362697e-006 2.75432958391715e-006 -2.55049738116629e-007 -1.17824049481939e-007 
4.85934080519860e+007 4.45396330756644e+006 -2.40676297289247e+005 -3.84665749878075e+003 9.70712958126805e+001 1.23601218504246e+000 -1.58659495631563e-002 -1.58152130269323e-004 -2.44752604800160e-005 -3.13448087524130e-006 1.52778942774725e-006 -1.74193815755933e-007 -5.65400318161271e-008 
2.04909944189755e+008 4.35552209293356e+006 -1.46017074296824e+006 -1.59684638270651e+003 1.09999037921164e+003 -4.67916198605956e+000 -6.99337268848107e-001 8.50084826229403e-003 4.89410075691744e-004 -1.08377871047000e-005 -3.10540149035896e-007 
-1.58213530494673e+007 3.28477226411874e+007 1.07737340500252e+005 -3.90708185850946e+004 6.08770421483864e+001 2.48203071339044e+001 -2.03661079433238e-001 -1.66285008362263e-002 2.85878565808478e-004 1.18790708403072e-005 -3.69642560048731e-007 
-1.27692063068187e+007 1.49483830399924e+007 8.88832215426784e+004 -1.78773028370760e+004 -1.81238462136347e+000 1.15106551868376e+001 -7.45095258699433e-002 -7.85610158087586e-003 1.17778310736017e-004 5.75147772998753e-006 -1.59893191047250e-007 
-8.47054680492473e+007 -1.81761672515582e+007 1.17121891467384e+004 4.13274763806213e+002 -4.91745107914709e-001 -2.64598718507707e-003 9.36127558789178e-006 1.60439623952387e-007 
7.02544663867218e+008 -1.19689515133530e+006 -9.73789138606869e+004 8.27384362914558e+001 1.09588067277748e+000 -2.12042634702116e-003 -1.41223026017449e-006 -8.90224046157041e-008 
3.03197129826216e+008 -7.04958425189614e+004 -4.20257331855864e+004 2.54082641081797e+001 4.81689548849583e-001 -8.44357218906826e-004 -9.21395963939604e-007 -4.30446918953659e-008 
4.49706632749466e+008 -1.33023247977965e+007 -1.15071346378442e+004 5.54733377670790e+001 3.66282527011002e-002 -1.00935044865165e-004 1.12129360422706e-007 
1.18878541057456e+009 3.85813968555542e+006 -3.02819342586185e+004 -1.92402124200166e+001 6.98150704635392e-002 5.56160204960538e-005 -5.74496480297257e-008 
4.71654119984799e+008 2.16621171155352e+006 -1.20111672497978e+004 -1.03494122493134e+001 2.73275210013308e-002 2.74258705518258e-005 -4.00884112669019e-008 
2.41132713025232e+009 5.49589811374577e+006 -5.72676239293547e+003 -1.98492517359465e+000 1.10544104401433e-003 3.31520911603816e-008 
-1.60633472755559e+009 6.58237732559542e+006 3.81332183549052e+003 -2.73160023904135e+000 -5.16823453793325e-004 2.63225552664609e-007 
-7.37639585788408e+008 2.80517949521494e+006 1.75118201466413e+003 -1.16834961590224e+000 -2.42244758818591e-004 1.12429170085712e-007 
2.77019878090012e+009 5.87462656559726e+006 -1.92616682882027e+003 -6.94966363496928e-001 1.07418547836237e-004 2.84082298220725e-008 
-3.26078925343484e+009 4.37276263169105e+006 2.26753686189551e+003 -4.89567597849986e-001 -1.36656690270094e-004 1.31753908305354e-008 
-1.40362633702170e+009 1.64354165601207e+006 9.76058097294181e+002 -1.83063512623047e-001 -5.85725328003693e-005 4.15138870831193e-009 
-1.16659015167915e+009 7.41513158486323e+006 7.83804753574208e+002 -9.01279452752358e-001 4.55186749795282e-005 8.53063304534916e-008 
-4.29089294648578e+009 -2.22582442339325e+006 2.88257472119981e+003 -1.49150305005946e-002 -2.79943145333582e-004 4.44000837355904e-008 
-9.87565811692814e+008 -2.92876139448136e+006 6.63373916402540e+002 2.67161102705775e-001 -1.01005246558509e-004 -1.30288690054199e-008 
3.74456591799100e+005 3.46063092184152e+004 -1.75801359414039e+004 -3.08311340029170e+002 5.54407599439127e+001 1.08720123082008e+000 3.63526910816256e-002 -4.13760973835746e-003 -3.76553508637910e-004 5.99671087089313e-006 6.10602353755879e-007 5.87369714518483e-008 -6.36985927911549e-010 
-6.68469685267056e+004 1.48212655561809e+005 3.28318216768199e+003 -1.13452534631466e+003 -1.60702570187308e+001 1.23267171775925e+000 6.33540810714339e-002 5.28152671003965e-003 -2.10135903955251e-004 -1.53539138933757e-005 -2.50763209413512e-007 2.11097972676091e-008 4.63222934470369e-009 
-6.55124493082417e+004 6.12296056226611e+004 3.15839086590065e+003 -4.63229892495402e+002 -1.25346124188206e+001 4.26124040534093e-001 2.42506869581703e-002 2.71124722645263e-003 -5.42781973415582e-005 -7.28322002030892e-006 -1.71006567654877e-007 3.44687027122364e-009 2.08194437825606e-009 
3.03071167087784e+005 -1.04072296684317e+005 -1.52427175920471e+004 7.41147206326541e+002 7.12307902315487e+001 -3.43091244506464e-001 -1.65490192257156e-001 -5.77535353523630e-003 4.27358208838916e-004 2.38465094807129e-005 -1.56381714595826e-006 -1.33529449224493e-007 4.59036975038831e-009 
2.11325402342515e+005 1.18231547314200e+005 -1.07024283780010e+004 -1.08164189110342e+003 2.97462058716986e+001 3.29326917522405e+000 4.60434702181829e-002 -7.51983264158967e-003 -3.37561173494065e-004 2.43630589878788e-005 1.49162813983865e-006 -8.81917843696243e-008 -9.64206065854448e-009 
6.28237589666335e+004 6.18077407753515e+004 -3.16520704548342e+003 -5.44999398346725e+002 5.85735614751433e+000 1.47137857470831e+000 3.66666589337745e-002 -2.70831867135408e-003 -1.89611133814175e-004 8.25692765466002e-006 8.05427955891196e-007 -2.52494097931071e-008 -4.66175233410795e-009 
1.35094952120834e+004 -1.73129504975200e+005 -5.08639701778798e+002 1.58752501614676e+003 2.08159501311092e+001 -4.49236996960970e+000 -1.20739996548679e-001 6.18069608775436e-003 1.43956827012974e-005 -1.52534756323208e-005 2.45070479191481e-006 1.54906640377048e-007 -1.17799785637598e-008 
3.30078545579261e+005 -6.22199803269196e+003 -1.86802282574475e+004 -1.00060479815530e+002 8.73349143394147e+001 1.58933829942668e+000 -1.68988358363832e-001 -4.42373643246950e-003 2.10423118500931e-004 -1.98630333470074e-005 -1.36402026432841e-006 1.80747234970992e-007 1.11052999004399e-008 
1.43104084825115e+005 1.43050518856298e+004 -8.10649495653911e+003 -2.01288181246555e+002 3.60317914808011e+001 1.14314877075244e+000 -6.16422439825842e-002 -2.54987081263082e-003 8.98317831064258e-005 -7.17227893053022e-006 -8.37511193631884e-007 6.35888177342808e-008 6.01800604041710e-009 
-2.77460899341560e+005 -1.02889847089595e+005 1.72293712006542e+004 1.10529216715375e+003 -8.30569905824048e+001 -5.00864371969576e+000 1.21709573230650e-001 1.63223167972859e-002 7.43712478797979e-004 -1.51166812731240e-005 -7.27990238444265e-006 -3.42652689831747e-007 2.67976776293394e-008 
1.81737261803398e+005 -1.35911495129857e+005 -1.12626754411307e+004 1.29436401515745e+003 6.98041471653640e+001 -3.75784880183075e+000 -2.71234425967979e-001 -9.77587471828305e-004 6.99533406757303e-004 7.82712785335087e-005 1.43823008210969e-006 -4.74430013950709e-007 -3.33580541427910e-008 
1.06880696164995e+005 -4.93029487854989e+004 -6.62945181992242e+003 4.55509374679122e+002 3.87687512224043e+001 -1.14036981802652e+000 -1.30736007927466e-001 -2.06423746131427e-003 2.32079261756457e-004 3.57622711285078e-005 1.35264471172994e-006 -1.73412642064925e-007 -1.72547984664143e-008 
-3.23184029843206e+005 5.97060661800955e+004 2.02121467042161e+004 -6.89899040949458e+002 -1.12866090688694e+002 3.55794150225341e+000 4.52921502148262e-001 -1.39813535907915e-002 -2.51181102271764e-003 4.26364468654002e-005 1.72387130466868e-005 -4.44852767310526e-008 -1.23245180829942e-007 
-1.22671012630025e+005 -1.52667788273801e+005 7.49080186949054e+003 1.51969048859555e+003 -5.11819469786471e+001 -6.32870447172458e+000 2.26139595831053e-001 2.91676121722513e-002 -8.30278828923287e-004 -1.87717280796887e-004 2.40464833462769e-006 1.33891780840708e-006 3.94740501631052e-010 
-2.18403627215901e+004 -7.27536899174412e+004 1.26886808611340e+003 7.32947457209646e+002 -1.11067512016061e+001 -3.12024874133051e+000 5.36373105487633e-002 1.41474999252773e-002 -1.12802508133136e-004 -8.63539269434921e-005 -6.64231086190464e-007 5.90068294012461e-007 1.24373077799352e-008 
-8.46745091542929e+004 1.65686011451750e+005 4.71574021222750e+003 -1.57883049174155e+003 6.87022273964018e+000 5.24014999771407e+000 -2.79394934815717e-001 -9.52411035480833e-003 2.01502444430759e-003 -3.49758997154659e-005 -1.01650136180867e-005 6.96787583064523e-007 3.21485867959581e-008 
-3.24705639468891e+005 -4.04698754640806e+004 1.80931539347876e+004 1.50803276500757e+002 -9.00654178617843e+001 2.32541770603496e+000 2.15863069409341e-001 -2.35912543209933e-002 -3.61694365122298e-005 1.35038915948868e-004 -5.87657712808454e-006 -5.53696272666941e-007 6.46502720549044e-008 
-1.33991231968823e+005 -3.42001999873175e+004 7.44852604596306e+003 2.23491926896229e+002 -4.00364683709125e+001 4.93367319445433e-001 1.22102615460377e-001 -9.36557182749241e-003 -2.16361934969639e-004 6.25334524018270e-005 -1.55840970588628e-006 -3.11490536677684e-007 2.50773777151338e-008 
2.29489364733392e+005 1.35074392733755e+005 -1.12897090802193e+004 -9.84812265956324e+002 5.03553267090291e+001 1.26121514605004e-001 -5.72675419726282e-002 1.13201635897162e-002 -3.79871473949614e-004 -1.66794174339653e-005 2.41130806932389e-006 -1.66156586605743e-007 -5.54055217613873e-010 
-2.69583291287336e+005 9.13952999496180e+004 1.31701136422862e+004 -8.25521191877130e+002 -3.40503288046085e+001 1.98504306062992e+000 -1.12345076442645e-001 1.82898265428733e-003 5.56637341884319e-004 -3.37692778426278e-005 8.93728858399789e-007 9.21728007531037e-008 -1.31239385000966e-008 
-1.41113720632725e+005 2.65818296698694e+004 6.89505372224311e+003 -2.62473739826807e+002 -1.99267921134816e+001 8.52037055017715e-001 -4.34519062959367e-002 -3.24188010876268e-004 2.81261903931244e-004 -1.30979910589981e-005 1.51427535082877e-007 5.68369576131312e-008 -5.68524570598069e-009 
3.81646163891556e+005 1.13118191412842e+004 -1.82041900212271e+004 -1.53672206492273e+002 5.67636203764687e+001 9.84347061729550e-001 6.23186279478232e-002 -3.21124266312101e-003 -5.18061010472515e-004 -6.82317295109599e-006 1.12013959117966e-007 9.21844831681497e-008 5.84448312100681e-009 
-1.78335094284218e+004 1.50127527707615e+005 9.39893431754548e+002 -1.15704892997789e+003 -1.04487005783046e+001 1.08498432550863e+000 6.19233349343596e-002 7.56012740217719e-003 -8.66146672915763e-005 -1.82848348302718e-005 -1.02841102638536e-006 -4.77495311379258e-008 4.71229411703397e-009 
-4.59426190309552e+004 6.46926680654920e+004 2.23640254538222e+003 -4.91121867613308e+002 -1.03100324447595e+001 3.73927582022067e-001 2.10164384933421e-002 3.63722942618390e-003 1.41551129047264e-005 -7.32025014847633e-006 -4.63148124281810e-007 -3.01960701760505e-008 1.47773879348921e-009 
-3.06113274926058e+005 1.03618055301398e+004 -3.84046995538356e+000 -1.40818519811755e-001 1.80969759166583e-002 -9.00995254141335e-004 -1.67611776160959e-004 4.28062260325164e-005 -2.44099609238945e-006 -6.75336573694770e-007 1.61154768531346e-007 
-7.72543742204703e+005 -3.28955480636040e+002 2.72477545642274e+001 -1.87336145574039e-001 -2.08387653157378e-004 1.64239983580293e-003 -2.18323586395576e-004 -2.66130538121084e-006 5.37040642699874e-006 -7.32846461005542e-007 -2.58749228015919e-008 
-3.19567400847226e+005 -4.18633691421020e+002 1.20157588839683e+001 -8.61456201787437e-002 -1.87105737720684e-003 9.66021039525737e-004 -9.92744950363240e-005 -5.85919121128276e-006 3.12180446932503e-006 -3.19259817332496e-007 -3.05267934544746e-008 
-2.85423322981373e+005 1.03276489634126e+004 -4.46845644972825e+000 -3.90266261263013e-003 2.66231234600978e-003 -1.88874852147354e-004 2.80797566357096e-005 -2.92913689796658e-006 2.06190005835532e-007 9.44733681326189e-010 -1.83321945108651e-009 
-7.72990071676595e+005 -1.18916237262140e+002 2.54002318754418e+001 -1.15023308356262e-001 3.93052572477799e-003 -1.94168754207506e-004 1.09213111131037e-005 5.33996322521157e-007 -2.00349295339838e-007 1.09037764217384e-008 -2.74414030882546e-009 
-3.20311664967109e+005 -3.26402623036889e+002 1.10938498254354e+001 -6.06280673389636e-002 1.84217871168542e-003 -8.90019546785806e-005 2.94493591992884e-006 5.90310300813876e-007 -1.28419615168148e-007 7.91797484126497e-009 -1.26979786252834e-009 
-9.04236523919413e-005 -1.65625468817896e-006 1.98148910529503e-007 1.91883177119215e-007 -8.32661861239132e-010 -6.56646687949946e-009 -6.08112346360085e-010 9.83818849066647e-011 2.87159290202474e-011 -3.31555085267810e-012 
1.60068454853452e-006 -3.51167877418223e-007 -2.66005662845054e-007 9.88802326451820e-009 1.70939723480137e-008 5.61447436364755e-010 -3.07780208220850e-010 -3.33565429280996e-011 -3.46405502880527e-012 -1.92742472918767e-013 
-9.03364430333573e-005 1.16364986522192e-006 -4.46513833588618e-007 -2.24985074237074e-007 3.81077884036408e-008 1.38553647788125e-008 -8.03375741656415e-010 -4.19571858764823e-010 1.88838628408610e-013 5.60194532892712e-012 
8.79440807203923e-007 1.75448064121724e-007 2.66488841096243e-007 -6.88208766861993e-008 -2.71645202219569e-008 2.56547430429649e-009 1.14746300579126e-009 -1.25032194404437e-011 -2.39922719696510e-011 -1.21747983559343e-012 
-9.01974887782325e-005 3.11214406120762e-007 7.72836193984457e-007 -2.07970797897767e-008 -7.67591915334735e-008 5.57410795930142e-009 3.54835723705232e-009 -4.50931916488667e-010 -1.20653637959958e-010 2.15050388448661e-011 
5.94595047882418e-007 -7.79288164294308e-007 -2.66752733961162e-008 1.22419059465252e-007 -3.64881259364126e-009 -7.64373819517979e-009 6.01256988432130e-010 2.94057247675049e-010 -3.26030758688461e-011 -9.13827079200429e-012 
-8.87882139204900e-005 -1.84387449006988e-007 -5.47706178759203e-007 8.21010389339065e-008 2.90234275402518e-008 -2.16297055791793e-009 2.11808634556547e-011 -2.36763777253849e-011 -1.81525579248212e-011 1.47837510183980e-012 
2.34725001459567e-007 3.19314641106398e-007 -8.75822151580836e-008 -6.86687062131957e-008 5.56189385359750e-009 1.44348334470662e-009 3.41399216160273e-011 2.47503384946153e-011 -1.29597331602828e-011 9.26203738329803e-018 
-6.94546989672298e-002 9.70544545622311e-004 4.85335055051875e-004 -4.54387190771480e-005 -1.25886790590519e-005 7.36737624582193e-007 1.86212294538912e-007 -2.39079492194973e-009 -1.79370691622793e-009 -1.51226741186523e-010 
4.10101239364695e-001 6.59112780760488e-004 -1.02044137274661e-004 -3.48885520447715e-005 2.55371413333335e-006 6.48101455739179e-007 -2.47561113052630e-008 -7.98960751586954e-009 -2.26680460078376e-010 5.84766868997587e-011 
2.71777759542016e+003 9.19053090056048e-001 -4.49945108746664e-004 4.02511486684379e-005 1.16079090455875e-005 -6.70436082819155e-007 -1.70024783273417e-007 2.26180650819316e-009 1.62576121998543e-009 1.37989851045116e-010 
-6.64198511179287e-002 1.31725496668488e-003 -3.57523307104054e-004 -2.84072557830288e-005 9.93207682691491e-006 -5.93181801740899e-007 -2.16247496599285e-007 1.92892975327275e-008 4.14494817313686e-009 -1.18650673122753e-010 
4.10099477473195e-001 -6.61696582807038e-004 -1.09267358281363e-004 2.59749544119633e-005 2.86046635065693e-008 -5.86440214115871e-007 5.46587061105890e-008 1.24514146619209e-008 -8.27858202746971e-010 -1.90182813212567e-010 
2.71961462638634e+003 9.18658352914762e-001 3.17843297306585e-004 2.70754882392726e-005 -8.88021185501346e-006 5.43580826859490e-007 1.96336290088607e-007 -1.78868420394574e-008 -3.82013539765578e-009 1.08727776554965e-010 
-6.66919106933604e-002 -1.50696409977397e-003 -2.69012298786410e-004 3.09387637252618e-005 6.52526979048460e-006 8.92802652168043e-007 -1.58446668587145e-007 -3.82229050862581e-008 5.45734176698004e-009 7.95625757014451e-010 
4.08708735971115e-001 -5.39988242705606e-004 1.23091851778376e-004 1.82824917741512e-005 1.77131922795787e-007 -3.80655661596844e-007 -8.55043932640499e-008 1.17479415059551e-008 2.23287020638713e-009 -4.01103675661265e-010 
2.72145459565375e+003 9.21254842237445e-001 2.58768331608353e-004 -2.72776316706116e-005 -6.30775970527127e-006 -8.34081268690705e-007 1.51996564118273e-007 3.52211942285129e-008 -5.16299400395327e-009 -7.30182311241858e-010 
-6.96103946309964e-002 -7.36661531390974e-004 4.96954357988299e-004 4.23851328427714e-005 -1.16197481021095e-005 -9.31803217218796e-007 1.38647332721284e-007 6.78252604168099e-009 -6.25296196601698e-010 9.25247163427458e-011 
4.08888910812028e-001 6.93605249663864e-004 8.36579655965882e-005 -3.41580396825185e-005 -2.78125183420947e-006 5.38081143041359e-007 3.99626392689175e-008 -4.41703455684233e-009 -2.26112669465318e-012 -1.14591547269372e-011 
2.72329710364025e+003 9.20625374537612e-001 -4.53470130754328e-004 -4.05406200671177e-005 1.06739303104103e-005 8.62021001302646e-007 -1.28565233569748e-007 -5.95368476953368e-009 5.89380004513340e-010 -8.87326215135122e-011 
