-2.60855571226712e+007 1.20537195589209e+007 3.18018421640583e+005 -2.52895955728147e+004 4.04416104487482e+001 -1.07255670963335e+001 -1.96048188347875e-001 7.30671081419406e-003 -5.16780292308767e-004 2.71954316588191e-005 -7.30363416494942e-007 3.59441418991655e-008 -3.60417252896631e-010 1.08541584937683e-011 
-5.66399280358884e+007 -4.58667677988906e+006 6.78323863109177e+005 6.09033979510507e+003 -3.12562032530513e+002 8.17535597267437e+000 -5.92452057865980e-001 7.57582015224986e-003 -5.28765311414909e-004 -1.22422041024307e-006 5.07021333925919e-008 -2.22213724687014e-008 1.15898668889647e-009 -4.89600209677728e-011 
-2.75539291791791e+007 -3.70012914184926e+006 3.29384529677711e+005 5.87507036525240e+003 -1.71159667397281e+002 5.47904170458486e+000 -2.96156204440074e-001 3.28944941836604e-003 -2.28892656924316e-004 -3.47301127585324e-006 1.02816485183873e-007 -1.55983757284270e-008 6.56454766035706e-010 -2.72686723983317e-011 
-3.98853375123141e+005 1.33772472821454e+007 1.06502065655247e+004 -2.65681412189696e+004 -2.10867411471733e+002 -1.40684903566392e+001 -9.90154827882397e-002 3.71941879134466e-003 2.96471238280543e-004 2.81480643644136e-005 8.56546311543689e-007 4.75904766870936e-008 1.03196456199565e-009 3.33640786148112e-011 
-6.02101053957705e+007 1.05485701887822e+006 7.24408060005860e+005 1.66190651777039e+003 -2.84175497825297e+002 -5.46995881282146e+000 -6.28440483715125e-001 -1.08419010904912e-002 -6.65156974788497e-004 -7.56625886687985e-006 -1.33939615208547e-007 1.36325880656285e-008 1.15571240831655e-009 5.32051678865710e-011 
-3.21247555385696e+007 -8.23695731469729e+005 3.85865901813882e+005 3.64198955999806e+003 -1.29943782581020e+002 -1.46356137209036e+000 -3.25440933862095e-001 -6.17723116203795e-003 -3.86051556924323e-004 -6.95979364221534e-006 -1.60350612430589e-007 2.34929276621044e-009 5.10387742497303e-010 2.49610702401752e-011 
2.53763255908291e+007 1.21079047290087e+007 -3.37938426455880e+005 -3.22521572546463e+004 -4.96808495335958e+002 -1.28297730379060e+001 3.66314843125435e-001 4.11918255432658e-002 2.59464857858090e-003 1.22178348256421e-004 4.19889079535363e-006 8.10100285155014e-008 -3.12493877039481e-009 -4.42932883017735e-010 
-5.23057939189268e+007 6.83825934325005e+006 7.10412158909856e+005 -4.72925859473955e+003 -5.82454807909670e+002 -2.68337528406777e+001 -1.26414166882207e+000 -3.47381044484732e-002 -6.19722098969970e-004 3.34297888586642e-005 3.73028745252472e-006 2.40717798631002e-007 1.14022786158039e-008 4.01169290964843e-010 
-3.05752217165005e+007 2.39731521869634e+006 4.14526280651088e+005 8.17137981237115e+002 -2.59638721272468e+002 -1.30042689159807e+001 -7.13264509005833e-001 -2.28268866703174e-002 -6.00024750057296e-004 5.19204728698694e-006 1.55739605134351e-006 1.20190691922560e-007 6.41491294426330e-009 2.60217304309737e-010 
4.55584791718720e+007 7.70761425622295e+006 -7.77962618754663e+005 -4.11512063748929e+004 -5.01905735470929e+002 2.44499628763373e+001 3.57645804470285e+000 2.25030157066864e-001 9.22939287163981e-003 1.25235769359420e-004 -1.83800741182646e-005 -2.11195913202915e-006 -1.34341393645132e-007 -5.27538476910070e-009 
-3.32721971949225e+007 1.20829171894157e+007 5.73756466247396e+005 -2.03315442307055e+004 -1.50213095392329e+003 -6.82088010044977e+001 -1.94778019981914e+000 2.67973027418026e-002 7.79264552693756e-003 6.16423937607170e-004 3.06999196372424e-005 7.79388049480810e-007 -3.27353311987086e-008 -5.80908731551754e-009 
-2.25007524122145e+007 5.65510805195824e+006 3.87141926392013e+005 -6.59489798784877e+003 -7.50390722516107e+002 -3.89709871824492e+001 -1.41123883265886e+000 -9.01314935909523e-003 3.20596804959095e-003 3.16303904255827e-004 1.83049322162689e-005 6.35278333471019e-007 -3.56021285669448e-009 -2.55627010558536e-009 
7.25286458562657e+007 -1.78402637931468e+007 -9.09761675477364e+005 3.67157799640209e+004 9.95395030821014e+002 -2.14375217227673e+001 -4.89323582501607e-001 4.39212403344455e-003 1.71434414959453e-004 8.43226141438978e-007 
7.38762363282548e+007 1.42947863507140e+007 -9.29938645843304e+005 -3.06424411710770e+004 9.41173952367006e+002 2.10622066305240e+001 -3.39926901421621e-001 -8.43216029238124e-003 2.31788292427372e-005 2.82566684535238e-006 
2.86542058271400e+007 7.56041016909267e+006 -3.60853372777883e+005 -1.61103264259132e+004 3.60489176205181e+002 1.08331122503361e+001 -1.21985352196040e-001 -4.07185449148032e-003 -4.17857039695744e-007 1.21802999165139e-006 
3.11324028806575e+007 -2.31217292331145e+007 -3.89688494431708e+005 4.86271870761614e+004 4.62432121275485e+002 -3.10740194532840e+001 -2.88325364203438e-001 9.88074780912824e-003 1.54822710336060e-004 -1.93841388168781e-006 
9.40616462302898e+007 5.66918601421302e+006 -1.19504296691727e+006 -1.27344592099347e+004 1.26257000627308e+003 1.02556014803330e+001 -5.49022418739442e-001 -5.89409962252748e-003 1.37652952396574e-004 3.17302221384598e-006 
4.03553083020631e+007 4.01358281842514e+006 -5.13040504319617e+005 -8.80650018765456e+003 5.38819743922691e+002 6.58053377147881e+000 -2.28782974232015e-001 -3.27714377938534e-003 5.21409039506923e-005 1.55043083459164e-006 
-7.66201749543577e+007 1.73075706528565e+007 3.53766746993171e+005 -1.34740034529236e+004 -1.14161720210141e+002 2.97583044909586e+000 3.32594663569583e-003 -1.34227226639738e-005 4.95163295297644e-007 -4.45543883456871e-006 -1.83224413586762e-007 3.80148519123192e-009 2.08487260897472e-008 
-1.18414546251629e+008 -9.71758949630719e+006 5.44211308552599e+005 6.98770685570413e+003 -2.08246561063248e+002 -1.03291852861828e+000 2.90913077722828e-002 -3.96052357118039e-005 -3.85625947361817e-005 -3.30210333976551e-006 2.92429003687580e-007 1.12322824457828e-007 1.29750039286875e-008 
-5.13599351214412e+007 -4.21274558909745e+006 2.35919485811857e+005 3.02929290999097e+003 -9.02765512462956e+001 -4.48122995912591e-001 1.26653161639018e-002 6.78339685928829e-006 -1.91938697265072e-005 -2.20496773512773e-006 1.44811254539096e-007 6.01755984635262e-008 8.06248905706763e-009 
-3.97058346562509e+007 1.94644462999255e+007 1.83093931433342e+005 -1.48215081804174e+004 -5.42310819176097e+001 2.99165907845684e+000 -1.01811838226563e-003 2.02208596219706e-004 -3.96819382141066e-005 -1.90874015176149e-005 3.61333995354090e-006 1.08888088756721e-006 -2.95795390254482e-007 
-1.33271371401475e+008 -5.08646630989419e+006 6.07507337195551e+005 3.52621254945159e+003 -2.22443735437708e+002 -4.01411037649942e-001 2.62087315833570e-002 -1.76267418022458e-004 -1.21784612244898e-004 8.91148024938673e-006 7.58628363302231e-006 -9.49875614624895e-007 -4.80518168545307e-007 
-5.78006745284601e+007 -2.20511721352000e+006 2.63359628584273e+005 1.52871115350553e+003 -9.64319527145810e+001 -1.74106497722856e-001 1.15083448437259e-002 -7.18193914926852e-005 -6.50821778498571e-005 3.98145216082254e-006 4.11342353040846e-006 -4.57998488403505e-007 -2.62867109747472e-007 
-9.65555403045939e+007 3.14090503743534e+007 5.30165969874002e+005 -2.49260046154521e+004 -5.09422847521593e+002 3.85274201307181e-001 2.17834983477956e-001 5.86228374944703e-003 2.48943764134122e-005 -3.30771173816787e-006 -6.72991927709938e-008 
-1.85461935869080e+008 -1.01389965104825e+007 1.01718638420670e+006 1.62470465829016e+004 -3.15008429249311e+002 -1.08136651752436e+001 -1.32812067695611e-001 2.05463868587424e-003 1.23200128122253e-004 2.94945637486577e-006 2.00174668663006e-008 
-8.24804566684295e+007 -5.49882660751332e+006 4.52247823277057e+005 8.12513906427508e+003 -1.30739327371259e+002 -4.97149671500752e+000 -6.67580010789623e-002 7.99684808356726e-004 5.50653505983768e-005 1.22060572148224e-006 2.60330226793076e-008 
-8.08739373148443e+008 -2.04239470707883e+006 9.52381325300378e+004 2.22848209268807e+001 -8.13503379651217e-001 3.20446324170250e-004 -5.29891568364167e-007 -7.64774902348033e-009 
6.86177495346520e+007 -1.57495368711292e+007 -8.04136378565385e+003 3.10671241471345e+002 -1.87462123428943e-002 -1.09188553810516e-003 1.19676613995667e-006 -4.46740845830551e-009 
4.90890212509057e+007 -6.70092981273662e+006 -5.76518178775078e+003 1.32620428734095e+002 1.17708443591722e-002 -4.75776304608138e-004 5.26517226573162e-007 -1.15546344776704e-009 
-4.45477892612665e+008 1.20183630790244e+007 8.37078947263452e+003 -3.83926355527415e+001 -6.48537217532810e-003 2.02191397733982e-005 2.19457260163381e-008 
-1.33017078047260e+009 -3.51594349406248e+006 2.50087039312417e+004 8.94909409161171e+000 -3.44072576956777e-002 2.93169849224591e-006 1.01047587574840e-007 
-5.30250546260769e+008 -1.96970279405526e+006 9.96937578506899e+003 5.34877364376587e+000 -1.39381747123403e-002 3.27198527058922e-007 3.59452637931286e-008 
2.79285966635722e+009 -3.40487519139735e+006 -6.65341755720419e+003 1.10288610797259e+000 1.23375972584155e-003 -5.19423882481005e-008 
9.83872788740900e+008 7.64426134726587e+006 -2.34378972520237e+003 -3.12035090387514e+000 2.43898691596562e-004 2.21193859010145e-007 
3.91409315633101e+008 3.39613612490365e+006 -9.32442519658099e+002 -1.38224154823848e+000 8.94801216629021e-005 9.66313443523665e-008 
4.20597823621617e+009 2.54318616961002e+006 -2.96577161963271e+003 -3.17852838355823e-001 1.75855147343964e-004 8.59698750257929e-009 
-1.39310626211566e+009 6.59251905407381e+006 9.82552333794348e+002 -7.68255602040975e-001 -6.82089428079157e-005 3.66749544181434e-008 
-6.74918933633805e+008 2.63503900211373e+006 4.76004628432939e+002 -3.06525119244616e-001 -3.23182305127220e-005 1.50682544985625e-008 
1.34527765937303e+009 7.38517171845775e+006 -7.03224398523524e+002 -5.38484534631948e-001 1.68369964777004e-004 -5.23748736579103e-009 
-4.41944339603829e+009 1.32023720003661e+006 2.30999658747571e+003 -4.60615504255567e-001 -5.76137041811427e-005 5.12536071426996e-008 
-1.78450006793622e+009 -1.81313204088007e+006 9.32737010773365e+002 1.84285353179230e-002 -6.91468000154684e-005 1.85765422393734e-008 
-3.13093480495588e+005 -1.00446140056426e+005 1.60197645211767e+004 6.34073734730829e+002 -7.11940946000932e+001 1.09866805584553e+000 2.12064136144652e-002 -1.08493010462572e-002 9.58723060388901e-004 -2.31419604866729e-005 -2.21663223918621e-006 3.34135832426225e-007 -2.15552510252484e-008 
1.93430988611075e+005 -1.27714478566532e+005 -1.00419730180776e+004 1.18079414132343e+003 1.51280366682721e+001 -2.58735010843886e+000 1.56520808884580e-001 -8.02321421396509e-003 -2.78071868547740e-004 6.01966134555528e-005 -3.91145127265647e-006 8.24822715742899e-008 1.42686331222468e-008 
6.98371983322514e+004 -4.08213500586148e+004 -3.62330768643411e+003 3.80579021529360e+002 6.27416069783420e+000 -8.72360756625707e-001 5.16139658534222e-002 -2.48790281895503e-003 -1.08528984979259e-004 2.03719150084132e-005 -1.26175983337725e-006 2.18251614750711e-008 5.10091758750935e-009 
-3.74374505924141e+005 4.03308805028465e+004 1.74502141884354e+004 -3.54647358504530e+002 -5.48512842226201e+001 4.80384679780738e-001 -5.88025766916403e-003 4.08837773166228e-003 6.98059156646136e-005 -1.55841038391308e-005 3.22117874260152e-007 -1.05932834489172e-008 2.00291266555530e-009 
-9.65547280590556e+004 -1.50254554574095e+005 4.31948363874668e+003 1.13556687340365e+003 -1.70556123992038e+001 -1.35204265937675e+000 -2.20415988425572e-002 -2.15813761770297e-003 3.00494756610031e-004 -2.94614068653025e-006 -3.66749312927614e-007 2.83107229483497e-010 -1.47316365856144e-009 
-2.58002385471371e+004 -5.08470822006114e+004 1.11969483368777e+003 3.83816769351824e+002 -4.59905027622903e+000 -4.54331276292648e-001 -7.44747313099832e-003 -7.94802446148910e-004 9.86330178633908e-005 -6.99009396394490e-007 -1.26663472859312e-007 2.17518891520848e-010 -5.26473700443129e-010 
-1.77552244740302e+005 1.48861655517271e+005 8.32552424600450e+003 -1.12535025035858e+003 -3.79371569982647e+001 1.54349245011954e+000 7.57858257981721e-002 4.37001139032953e-004 -1.59611784981903e-004 7.61651982808544e-006 7.93185369432362e-007 -2.19434404137955e-008 -3.47315933823169e-009 
-3.24122774696072e+005 -6.81025625934794e+004 1.53096049806731e+004 6.14328844545149e+002 -4.94620947092198e+001 -1.72167730211882e+000 1.57237192030922e-002 2.99474449219500e-003 -3.42734021319834e-005 -1.00766831992601e-005 5.32779609820074e-007 5.26201117261811e-008 -2.26388638376505e-010 
-1.05338433469496e+005 -2.54845694948266e+004 4.94607475530695e+003 2.26023711045439e+002 -1.56632154593384e+001 -6.02913169012465e-001 3.55292515982196e-003 9.86157877008572e-004 -8.43681601421365e-006 -3.49377138458700e-006 1.62384774715056e-007 1.79504135816957e-008 -6.65760240881353e-012 
1.38675787463836e+005 1.54112743348750e+005 -7.48535231007311e+003 -1.38810411629614e+003 1.07022875936878e+001 3.30705174666971e+000 7.72856228107486e-002 1.35691707190477e-003 7.89625098604410e-005 -1.71778523675759e-005 -2.40423630542969e-006 -6.46889693413732e-008 3.99582672332106e-009 
-3.25568548684195e+005 6.80487658935056e+004 1.69308220675541e+004 -4.07846217506075e+002 -7.45589462778530e+001 -5.61065734935477e-001 7.85885328592925e-002 3.23938075504595e-003 2.86940825498839e-004 2.45074706206578e-005 -1.71903684861106e-007 -1.30802796343921e-007 -6.64670510420389e-009 
-1.11717299774684e+005 1.98277503977967e+004 5.79425315729840e+003 -1.08365410748705e+002 -2.50145535443352e+001 -2.56618468961954e-001 2.44097486996393e-002 1.05572174665548e-003 9.47253806063324e-005 8.54051467985421e-006 -9.05667356811632e-009 -4.23295108535118e-008 -2.30155327538201e-009 
3.40075910463755e+005 3.62318616444541e+004 -2.05882461952561e+004 -5.83055989622438e+002 9.50120172463082e+001 4.65829046659918e+000 -7.03183774258611e-002 -2.19521216932601e-002 -1.54581503512162e-003 1.12522127283308e-005 1.10549867637240e-005 7.47890692941119e-007 -1.40461334666721e-008 
-8.38264436264258e+004 1.63707527857009e+005 4.98626065777300e+003 -1.53150897303060e+003 -5.21247457411082e+001 3.83799939178286e+000 3.29632277858252e-001 9.00191206187455e-003 -9.82826799577672e-004 -1.41575877607127e-004 -4.44609443099252e-006 5.78693777861994e-007 7.18814359027817e-008 
-3.47041738597571e+004 5.40778907899089e+004 2.07459260935193e+003 -4.98964941626151e+002 -1.93268362061683e+001 1.18110623719425e+000 1.11528380402343e-001 3.47003938204091e-003 -2.96565094294686e-004 -4.75537188637470e-005 -1.71300952394585e-006 1.78014829382862e-007 2.43115459905705e-008 
2.47411195094024e+005 -1.25449322887153e+005 -1.64148530935394e+004 1.32269832220265e+003 1.07754631087556e+002 -5.95970718390204e+000 -6.16067227989995e-001 2.30138172060188e-002 4.58776643952747e-003 -6.40359626935353e-005 -3.73249692624322e-005 -3.28414100215036e-007 3.03842473327975e-007 
2.20864422886939e+005 1.24497226670064e+005 -1.45155067192707e+004 -1.35581585621577e+003 8.81202539906371e+001 7.43215315035891e+000 -3.56828024223128e-001 -4.91378529101374e-002 1.29977777887008e-003 3.91212229388101e-004 -1.23190070644573e-006 -3.20781725966767e-006 -6.25551415381255e-008 
6.91677520170869e+004 4.42229656879801e+004 -4.51756266737185e+003 -4.79610829937616e+002 2.71705715503126e+001 2.60227023096925e+000 -1.06367114536641e-001 -1.68856537657537e-002 3.39812297469942e-004 1.32037260199089e-004 3.54719389869918e-007 -1.06524822108800e-006 -2.71390685782143e-008 
-7.19305366942789e+004 -1.76294408159331e+005 4.36078109820406e+003 1.70172943071183e+003 -5.80662202059112e+001 -5.54761362681851e+000 5.26840835737834e-001 3.78311266873908e-003 -3.66140937905540e-003 1.51031424604740e-004 1.91068614623378e-005 -2.09643610960603e-006 -4.23697936659452e-008 
3.23722982477273e+005 -2.60025466377330e+004 -1.97325365252547e+004 5.12994477209584e+002 1.00269346109868e+002 -5.46487594167327e+000 -2.13768127229298e-001 4.29620740655214e-002 -7.73915427252251e-004 -2.61654196940325e-004 1.83832220174366e-005 1.04909367511462e-006 -1.96605408894369e-007 
1.10162039910117e+005 -5.04832910544837e+003 -6.68758598448493e+003 1.35826127240516e+002 3.46241010911861e+001 -1.70963634787288e+000 -8.20128075611570e-002 1.42726621590513e-002 -1.83733410206404e-004 -9.05134928391701e-005 5.75161872279939e-006 3.93485077726042e-007 -6.48348679918386e-008 
-3.39159008367808e+005 -7.99834662602863e+004 1.74805341093103e+004 4.54440378035762e+002 -7.44598373901640e+001 1.64671409229795e+000 1.94729842952291e-002 -1.33914061593452e-002 1.02759271419211e-003 -1.19053677511025e-005 -3.71755358594418e-006 4.13182086567278e-007 -1.60101664074092e-008 
1.46969071568685e+005 -1.40484488581000e+005 -7.60247225411699e+003 1.26293276399467e+003 4.55833152950303e+000 -2.61663465256209e+000 1.88541497320693e-001 -8.33943353758764e-003 -4.63526041678622e-004 7.21044415094873e-005 -3.83944703813406e-006 -3.33967936807866e-008 2.59973111923719e-008 
5.65574007748370e+004 -4.53608942203673e+004 -2.91602690857062e+003 4.11509023197718e+002 3.07115614160652e+000 -9.02215368411063e-001 6.26532869568586e-002 -2.51703935674659e-003 -1.75912358942534e-004 2.43257115439247e-005 -1.20753357309727e-006 -1.95860715649108e-008 9.01630582578621e-009 
5.61765362432337e+005 -6.59323273170319e+002 -2.22193183262380e+001 -1.56472614556252e-002 -1.81945722227594e-003 1.10294546682151e-004 2.65020849232948e-006 -7.63388527598191e-008 4.29043348265190e-009 6.23709973311908e-009 -1.40469098426074e-010 
3.36162427682803e+005 7.68106246705409e+003 4.44983357265557e-001 1.05691576715161e-002 -9.33991118564668e-004 -5.58757904894457e-005 6.69629336981103e-006 4.62985967965336e-008 2.42387542916538e-008 6.19687580849777e-010 -2.77392617883434e-011 
1.19189862674672e+005 3.33191528422335e+003 6.56652449976185e-001 7.62069309489298e-003 -2.38302450100024e-004 -3.60841040832542e-005 3.28826772733504e-006 3.02467790297128e-008 1.24801019238866e-008 2.68840510010839e-010 -1.33011416362080e-011 
5.60268138698127e+005 -8.38139335546315e+002 -2.25011263523413e+001 -2.50831399901052e-002 5.82489184102224e-004 7.31730746015305e-005 -1.49120859235366e-005 -2.36857372625953e-006 -2.41706668620515e-007 -8.96414642396718e-009 -3.12168203320552e-010 
3.51528320044500e+005 7.68485663505088e+003 4.78952868404887e-001 -2.38785638522280e-003 1.69198819761376e-004 2.19232412976878e-004 1.98125661800973e-005 6.32219185801883e-007 -6.34640188404718e-008 -1.77683880400791e-008 -2.35618688756015e-009 
1.25859174915569e+005 3.33744789881911e+003 7.18470363226512e-001 3.62146673618535e-003 1.97499023927374e-004 1.13632328064296e-004 1.20525141801902e-005 5.80807491136232e-007 -8.82467021419047e-009 -8.02604366792302e-009 -1.23832361380111e-009 
-2.22404525532104e-005 -1.15256815141466e-006 -1.72089782868139e-007 1.50629413643254e-007 2.91456090193246e-009 -4.52926142134377e-009 3.23464157391350e-010 5.54146126201665e-011 -1.62004942090530e-011 -6.47459499256175e-012 
-4.49603890005944e-005 -1.54850119771200e-007 -1.93176579252326e-007 -1.45959416788126e-008 1.20353710964984e-008 -1.54047824947239e-010 -1.07173916223503e-010 -1.29664011689382e-011 -2.85702664677670e-012 3.50056471144202e-012 
-2.26385317269215e-005 1.04423482040717e-006 1.33696380938608e-007 -1.50448158173631e-007 -1.28253119332798e-008 4.90892344978715e-009 5.99046288612238e-010 -2.26643971692576e-011 -8.12691288658750e-012 -3.08913803116563e-012 
-4.58150876733264e-005 -3.10662273741536e-007 2.21355718202693e-007 1.62350929758641e-008 -1.35013749676732e-008 -1.33185575771613e-009 2.73923731695777e-010 4.25786711815271e-011 -7.97970298423092e-012 -1.11340596035204e-012 
-2.21764379254414e-005 -4.37726058309137e-007 3.56096260609321e-007 2.30912442981241e-007 -2.14711524587891e-008 -1.76463085789184e-008 -4.03853830107292e-010 7.74539358656833e-010 1.09341261692571e-010 -2.20389188585201e-011 
-4.60557625712745e-005 -4.08803717515827e-007 -2.45367046612974e-007 3.91538086757299e-008 2.93361291288764e-008 -9.29794767181219e-010 -1.61038505285637e-009 -8.57382780658321e-011 6.10417502926446e-011 7.56714501903256e-012 
-2.06733206873006e-005 8.29930316691230e-007 -6.37707383934127e-007 -1.96255846038779e-008 5.19356108523413e-008 -5.22607030044202e-009 -1.12273307047982e-009 4.78100469000626e-010 -5.99284839889801e-011 -1.71308664331005e-011 
-4.64757630028707e-005 3.25092820459954e-007 7.40439317986968e-008 -8.51918027876177e-008 2.65756291044880e-009 4.37102700712904e-009 -7.88191623413205e-010 -7.05816312428405e-011 4.79498530261975e-011 -2.50617867162551e-012 
-1.33677648117723e-002 1.07836869204127e-004 2.69807662280373e-005 6.39411686093630e-006 -1.48783502825770e-007 -7.24296070978050e-007 1.66455960398004e-008 9.65413586257424e-009 -4.09854731936337e-010 5.63664364675868e-011 
4.35581123264407e-001 4.10703939007252e-005 -1.41907859001975e-005 -9.31290755077613e-007 -1.44515104586182e-006 2.13709364606242e-008 4.32730425664855e-008 -1.49998423327457e-009 -1.56092858425032e-010 1.29494115516846e-012 
3.93933177946431e+003 9.19813413953144e-001 -1.42350944634513e-005 -7.59685276589748e-006 6.05776664777871e-008 6.73835242592825e-007 -1.64616619416768e-008 -8.60930920165094e-009 3.64074746846390e-010 -5.36710298564351e-011 
-1.31418625134354e-002 -1.73665860214818e-005 -1.30444136689740e-004 -2.59358384111170e-005 2.59207645753787e-006 1.00233102497119e-006 -1.20704875185592e-009 -1.62342531746391e-008 -6.28565633141643e-010 1.11188236045755e-010 
4.35415613054797e-001 -2.33150325171259e-004 -3.66037344601697e-005 8.90058228907689e-006 2.39965236627905e-006 -8.85886341166884e-008 -5.97284769217506e-008 -1.23468772257293e-009 6.39389606548510e-010 3.00165497910764e-011 
3.94117140858232e+003 9.19920707019568e-001 1.07465142640221e-004 2.22242051348448e-005 -2.25130959577019e-006 -9.03750975970115e-007 1.47184755805548e-009 1.48650105908613e-008 5.80166700193823e-010 -1.01742188343067e-010 
-1.41591573843866e-002 -8.18510895458012e-004 7.17818664105217e-005 3.95070942432853e-005 -5.32074370182842e-006 -1.55952549443866e-006 1.51971372184656e-007 5.22934835176847e-008 -8.15090134229490e-010 -1.44641567532280e-009 
4.35126344549917e-001 4.64730080342932e-005 7.10992537064399e-005 -9.67892752581263e-006 -3.33519910757140e-006 4.30064595331962e-007 1.22126757140351e-007 -7.40322311098735e-009 -3.75275941486030e-009 -1.10796156255369e-010 
3.94301203459979e+003 9.20541495182095e-001 -7.44937414729766e-005 -3.35761239777283e-005 5.14738317566297e-006 1.39436608777304e-006 -1.47138284324350e-007 -4.79637207140775e-008 9.54611618718616e-010 1.34883513230282e-009 
-1.49654281111484e-002 -5.52838006841465e-005 2.56355621430731e-005 -6.68410701135560e-006 4.74443870520197e-006 -2.18111359166058e-007 -1.74383399848251e-007 2.30057915452219e-008 1.15666177104794e-009 -7.38737898015504e-010 
4.35354278126919e-001 9.99995626823440e-005 -1.84227886978981e-005 4.97409481044363e-006 7.39501432299223e-008 -4.59722458459234e-007 3.87807329097284e-008 8.49871025610715e-009 -1.93911897800989e-009 8.66355079153814e-011 
3.94485238659205e+003 9.19893937075198e-001 -7.70016923266347e-006 5.88256703167583e-006 -4.64960977370233e-006 2.29151626355392e-007 1.60352355664047e-007 -2.18656561407451e-008 -9.52896183066933e-010 6.82071534625201e-010 
