-3.78627783513413e+007 1.04406802275844e+007 4.74018858435224e+005 -2.60033243200247e+004 1.33427700858743e+002 -7.38216522535767e+000 -3.82312948755343e-001 2.06579560825943e-002 -1.20030091140697e-003 5.07400079787843e-005 -1.62209263311693e-006 4.21482208560290e-008 2.16012693714222e-010 -7.80602873795016e-011 
-4.96886004639029e+007 -7.25454022518305e+006 6.32383035393515e+005 9.08551037386298e+003 -4.34746701998249e+002 1.62749966176864e+001 -7.58593161308773e-001 1.57175756890079e-002 -4.52474779475505e-004 -1.02258469571094e-005 1.02219145570590e-006 -7.42668091741289e-008 3.51816435165990e-009 -1.40166785478907e-010 
-2.27441739905146e+007 -4.95856182262043e+006 2.88594127112547e+005 7.55094185128417e+003 -2.46057021710150e+002 9.45896815327936e+000 -3.65521610523435e-001 6.25183986317750e-003 -1.17140529402415e-004 -1.07266712190460e-005 7.14291565105809e-007 -4.40416024829221e-008 1.85677073597699e-009 -6.67873615581051e-011 
-1.41607684125057e+007 1.30072268362492e+007 1.68689920678530e+005 -2.54116637847770e+004 -7.57328845465428e+001 -1.26286774825979e+001 -1.35824646770715e-001 2.45121704053520e-003 -1.17547243593645e-004 2.00423018067749e-005 -3.94526876801364e-009 3.30604971757305e-008 1.89148712094774e-010 2.83920841424332e-011 
-5.88642026463434e+007 -1.85869739659849e+006 7.07542897397712e+005 3.86200288156427e+003 -2.64917435198913e+002 1.53980252008295e+000 -5.46339011313405e-001 -1.00382101051874e-003 -5.62872903118890e-004 -3.44342408670063e-006 -2.12346239720401e-007 -4.29016977427606e-009 5.51016878799920e-010 -1.59395693426917e-012 
-3.01051693841722e+007 -2.34275723835358e+006 3.60419997498401e+005 4.69949970005547e+003 -1.33643602050421e+002 2.13278022384190e+000 -2.77725001286349e-001 -7.90519648832252e-004 -2.88453253139809e-004 -3.91883521795551e-006 -1.13012269151725e-007 -5.72176965643121e-009 2.74697143573908e-010 -3.79691430862336e-012 
1.22097123776302e+007 1.30961567793250e+007 -1.52363963329153e+005 -2.87962809685881e+004 -3.54472084845408e+002 -1.47475612107505e+001 6.66229955193185e-003 1.34419815786081e-002 1.01823324798042e-003 5.74154788776327e-005 2.22120058470638e-006 7.98266976531106e-008 1.47182919954989e-009 -2.01835190149153e-011 
-5.68268560968168e+007 3.91247321651074e+006 7.27044741057305e+005 -8.90960983618292e+002 -3.78739756461075e+002 -1.41176171088093e+001 -8.56437857132389e-001 -2.24482946167847e-002 -7.94218915044176e-004 -4.51067304871377e-006 6.31194664240488e-007 6.72202622854990e-008 3.88065668552669e-009 1.76002177066019e-010 
-3.17538195142764e+007 7.30596091612906e+005 4.04148603373986e+005 2.51195904589208e+003 -1.65518641624065e+002 -6.01052594113998e+000 -4.58144037902852e-001 -1.33851374912123e-002 -5.29868933464941e-004 -8.36645468549948e-006 1.06691313136969e-007 2.76227090564854e-008 1.92007368146398e-009 9.60993546325362e-011 
3.60066652922902e+007 1.03772592033334e+007 -5.41076506542751e+005 -3.65926112631648e+004 -5.87378334067376e+002 -3.68183308188864e+000 1.31527084893829e+000 1.03606530467595e-001 5.55890834027646e-003 2.09585784521536e-004 3.50232588871410e-006 -2.56706618502856e-007 -3.26769074320957e-008 -2.19152275939490e-009 
-4.33116120932309e+007 9.55306550270357e+006 6.66353031166049e+005 -1.05903224308406e+004 -9.31691002314204e+002 -4.48337499402509e+001 -1.77329103072270e+000 -3.47136162228022e-002 1.04818758406387e-003 1.83164803135273e-004 1.28288773933050e-005 6.33976517870801e-007 2.04443514295636e-008 3.56902185600482e-011 
-2.70047054086779e+007 4.02553833036421e+006 4.12063197873284e+005 -1.85987187100632e+003 -4.36702958138401e+002 -2.35652167052138e+001 -1.08364381853372e+000 -2.92915181900478e-002 -1.68927843600400e-005 7.60884285691891e-005 6.48885703204072e-006 3.65256620943620e-007 1.43105423361220e-008 2.46500094305238e-010 
-9.83141823633713e+007 -9.00979752806344e+006 1.26557070054654e+006 1.87378856967516e+004 -1.37962671614083e+003 -1.14808181412907e+001 6.75896409826470e-001 3.01905786034380e-003 -2.47200718254008e-004 -7.49907362749276e-008 
3.47466073393679e+007 -2.06937698586548e+007 -4.30116443015241e+005 4.42185799129272e+004 4.43063580791740e+002 -3.00876111117989e+001 -1.72785731766803e-001 1.19685407530891e-002 2.36153728491848e-005 -4.39008598241225e-006 
2.18208709718508e+007 -8.73878193290829e+006 -2.73589755057231e+005 1.87048481937581e+004 2.86634483264853e+002 -1.28076490012006e+001 -1.20508595064016e-001 5.19271520102996e-003 2.62715498843211e-005 -1.97011741571091e-006 
-1.05769909177011e+008 1.62728150007969e+006 1.35329905945585e+006 -4.27882834817785e+003 -1.44471928148479e+003 4.88377261711759e+000 6.54219512642897e-001 -4.25565678770805e-003 -1.89183214202855e-004 2.95555233933182e-006 
-8.34721457498835e+006 -2.19383276970448e+007 1.22764002415314e+005 4.63819300161242e+004 -1.73168939890958e+002 -3.02672357334063e+001 1.50554971939989e-001 1.04164447818138e-002 -1.10135386568062e-004 -2.66838715051513e-006 
2.90708288409746e+006 -9.97194177688559e+006 -3.04393693555209e+004 2.11349471296894e+004 1.35534768514106e+001 -1.39243258677098e+001 2.63124052034146e-002 4.95503135129138e-003 -3.75669026363313e-005 -1.38739539058769e-006 
9.36511531099385e+007 1.58004644474553e+007 -4.24419094684345e+005 -1.21489172576146e+004 1.44188079405508e+002 2.54932280676967e+000 -9.05988353443407e-003 2.69101713713018e-004 -3.50507503674863e-005 -2.64140872542729e-005 2.49363757256681e-006 1.55637299731052e-006 -2.26912274048689e-007 
-1.07727025083204e+008 1.15828957780014e+007 4.94899281031248e+005 -8.51057387581938e+003 -1.84614875100487e+002 1.45311517540891e+000 2.35277472880144e-002 -2.70553082722189e-004 -8.17970881717316e-005 2.27333073849388e-005 4.55545537016969e-006 -1.59489465784273e-006 -2.27039044269305e-007 
-4.67331798699219e+007 5.02258642960561e+006 2.14584443384242e+005 -3.69018270162339e+003 -8.00468613860071e+001 6.29777688540229e-001 1.00918425113313e-002 -8.61739075838587e-005 -2.65485232963844e-005 7.54074792326142e-006 1.43794916790429e-006 -5.27554267148784e-007 -7.01306969421081e-008 
1.21425258012211e+008 1.18649765384898e+007 -5.54722697403074e+005 -9.44717430082149e+003 1.92600771802307e+002 2.26312903504847e+000 -1.42403806387160e-002 2.60734506660348e-006 -1.83410820109695e-005 -5.29891476444277e-006 -8.54790534681879e-008 -1.27526976663676e-007 -1.00113729919228e-008 
-8.09593114365429e+007 1.50857659454833e+007 3.76103110064212e+005 -1.12026492359609e+004 -1.50131318093605e+002 2.00696487688046e+000 2.42840904591950e-002 -1.43696072202147e-004 -2.15982474734670e-005 3.30302745933200e-006 -4.05458790736591e-008 4.18909272740229e-008 3.42171084993425e-008 
-3.51262443490055e+007 6.54140030076029e+006 1.63074575668672e+005 -4.85744196424391e+003 -6.50952844896812e+001 8.69860546291542e-001 1.05219713873362e-002 -3.54233523986607e-005 -8.57515599075370e-006 6.77420716499474e-007 -3.58109801704895e-008 1.40295009223688e-008 1.22676169881411e-008 
3.51616442502594e+007 3.41813436391198e+007 -2.25758643935551e+005 -3.78272614013545e+004 -2.00217117758430e+002 1.71285642075299e+001 4.15937314347317e-001 -2.79015767593570e-003 -3.42288778083091e-004 -4.97919212862043e-006 -7.88996794125218e-008 
-1.89812083713625e+008 7.93519564237174e+006 1.22560357239997e+006 -1.04646842558585e+003 -7.85773443835614e+002 -1.00109059600214e+001 2.62774655160386e-001 1.16566353725934e-002 4.74925488427393e-005 -8.87714177959261e-006 -2.11587471234782e-007 
-8.80612927737308e+007 2.71420550308330e+006 5.68252565668265e+005 5.44027264883461e+002 -3.54987124503704e+002 -5.05518275471200e+000 1.09260393737675e-001 5.41709474607757e-003 3.10173360379371e-005 -3.70082508384851e-006 -7.78852046894508e-008 
1.56052265704017e+008 1.74557798316444e+007 -2.09081842045013e+004 -4.01987604954804e+002 -1.01130661981349e-001 2.69946801842164e-003 7.02258205476771e-006 3.29487315812762e-008 
-6.98916270444484e+008 4.24743835726805e+006 9.38560206873319e+004 -4.27410065332830e+001 -1.08870681934035e+000 -1.13295603864198e-003 4.28198763740502e-006 1.26158779885713e-008 
-3.03403217299617e+008 1.39531228625983e+006 4.07408690476949e+004 -8.52723254272569e+000 -4.64201219125160e-001 -5.51464561738857e-004 1.63252270909079e-006 -1.55409223726562e-009 
-1.01970935460544e+009 8.93939018567758e+006 2.00637278951699e+004 -3.28494294058328e+001 -2.06903047173414e-002 3.13590173730161e-005 -1.08121983205104e-007 
-1.00232313076615e+009 -8.41766981727962e+006 1.97132644599428e+004 2.42243765260830e+001 -3.53004022586012e-002 -3.47812182414811e-006 -1.79833871502361e-008 
-3.70104722852247e+008 -3.86091493135566e+006 7.27858184014228e+003 1.14194110417444e+001 -1.37096665452777e-002 -2.71595032700920e-006 -2.29514025803154e-009 
-8.51589891473342e+008 8.91184098631650e+006 2.34771434928310e+003 -4.27906788500040e+000 -1.00641102704499e-004 9.86656386118931e-007 
-2.49078548759435e+009 -2.93794773165470e+006 6.86841540061382e+003 8.11920159511995e-001 -1.70576895459887e-003 4.98369098793935e-007 
-1.07883581437837e+009 -1.41296358374505e+006 2.97514964169873e+003 4.16434864926923e-001 -7.45237162746703e-004 2.04634964679330e-007 
4.34673136126397e+007 7.46516967228840e+006 -3.01672887029713e+001 -8.51629978451839e-001 -8.47690866642815e-006 9.15166774572740e-010 
-4.18766218095017e+009 1.73403821274254e+005 2.86880505897920e+003 -5.40973930379386e-003 -1.69199869926624e-004 4.22468676233055e-008 
-1.71512561371980e+009 -1.14824899584180e+005 1.17494747729565e+003 1.89762303232272e-002 -6.89180070172995e-005 1.61694237691762e-008 
-3.63024538603567e+009 4.60115169586109e+006 2.60014618985598e+003 -4.40928360647118e-001 -2.94533351638817e-004 3.11404520225675e-008 
-2.57245276564871e+009 -6.21925714696977e+006 1.84220472900197e+003 8.19487505440626e-001 -1.34873191484282e-004 -1.30442859086485e-007 
2.90978006464422e+008 -3.32703964159202e+006 -2.08687634294652e+002 3.88954051007116e-001 4.51874446203947e-005 -4.72921478724963e-008 
8.20038073551171e+004 -1.70357769195362e+005 -4.60081200102016e+003 1.48726189208108e+003 5.44409269972241e+001 -2.70031905143058e+000 -3.67240179433069e-001 -1.49790697934090e-002 1.17933750025672e-003 1.65898754778732e-004 4.10655495612956e-006 -7.72664522571735e-007 -8.30511705104786e-008 
3.20769231775344e+005 1.88911642726461e+004 -1.79013683026992e+004 -4.24909607901929e+002 7.36487436701478e+001 4.20397683087306e+000 8.36168511254248e-003 -2.20187748371526e-002 -1.60716332848488e-003 2.61901318015166e-005 1.15054236811012e-005 6.48983434285913e-007 -3.08968573416727e-008 
1.46133788193175e+005 2.43376426354991e+004 -8.17249528938208e+003 -3.38241600457203e+002 3.05070590541039e+001 2.26448583621329e+000 3.68214714411106e-002 -9.23361395611676e-003 -8.77324438014725e-004 -2.28920850973179e-006 5.15595618516461e-006 3.80766479170535e-007 -7.39163967260835e-009 
-2.33328377483009e+005 -1.28353387823940e+005 1.50743911184972e+004 1.44382994827247e+003 -8.00845516307601e+001 -8.13326371219689e+000 2.79015571595224e-001 5.06063877722691e-002 -1.22070002864452e-003 -3.73775308850649e-004 5.52057167528184e-006 3.00560200287274e-006 -1.26663453938084e-008 
2.16789287112664e+005 -1.19540705529503e+005 -1.38493937275095e+004 1.16880118279837e+003 9.61787227162806e+001 -4.54661118951307e+000 -5.53395992640189e-001 1.79284139306412e-002 3.83164606493898e-003 -8.89746397986403e-005 -2.98846411700772e-005 3.91265525373440e-007 2.46953879117506e-007 
1.24523611393077e+005 -4.58440940548048e+004 -7.99709138211237e+003 4.31709519433137e+002 5.34268095192448e+001 -1.45388974773926e+000 -2.90923130422312e-001 4.06869277595813e-003 1.94915882308756e-003 -9.19856443762321e-006 -1.48410038005453e-005 -8.15853950871120e-008 1.19679346603755e-007 
-3.35580646082801e+005 3.14327544029963e+004 2.14027741041285e+004 -4.79903578874426e+002 -1.16635418751707e+002 4.41736322934034e+000 3.06643763541346e-001 -3.48085936822079e-002 3.35196316753298e-004 2.08703669287034e-004 -1.44283675981078e-005 -6.85611561942042e-007 1.43158468541521e-007 
-7.67773866992087e+004 -1.58124121448610e+005 4.93867789327118e+003 1.58521236707199e+003 -4.71875657379244e+001 -5.71153470115388e+000 3.75120487943902e-001 7.33978827019757e-003 -2.53790548879354e-003 1.04712319510489e-004 1.17705474280243e-005 -1.41316667749423e-006 -6.00566402932798e-009 
-7.12977323808752e+003 -7.86477943289051e+004 4.61611810404056e+002 8.04913554922756e+002 -1.21836985235333e+001 -3.14326624392637e+000 1.52479306813807e-001 6.65512758417337e-003 -1.24812066768968e-003 3.15379823668657e-005 6.94339880179475e-006 -6.16852267187111e-007 -1.57171578876820e-008 
-1.36901568527369e+005 1.55836399244270e+005 7.91822005650269e+003 -1.49964241835749e+003 -1.23680081767626e+001 4.36663130698778e+000 -1.26668621977415e-001 6.16074422044057e-004 3.17541858665633e-004 -5.45657919097616e-005 2.98779679517119e-006 9.08305093026876e-008 -1.97156700135154e-008 
-3.06132723828900e+005 -6.09910310877763e+004 1.71625096613250e+004 3.66592103406300e+002 -8.35910763828547e+001 9.01692439804911e-001 1.22417511791627e-001 -8.05437004444090e-003 5.21108160160461e-004 -1.16581281454858e-005 -2.82072343267411e-006 2.73286675804945e-007 -6.02819671587021e-009 
-1.34780400840046e+005 -4.30569839245389e+004 7.54691994887878e+003 3.10637422241329e+002 -3.91139537237214e+001 3.73647028735826e-002 7.03309775241481e-002 -3.91379211662377e-003 2.21283270164107e-004 -7.18750719717025e-007 -1.62157866317331e-006 1.23084924010464e-007 -1.12309376448857e-009 
1.82490468763214e+005 1.49456934871627e+005 -8.88624943694668e+003 -1.15257942751384e+003 4.72019849224579e+001 1.67947195806259e+000 -1.05021364578132e-001 2.53452953152302e-004 8.57640319774725e-005 1.39922877666248e-005 -4.88881263016989e-007 -7.51350695753267e-008 4.36297778831997e-009 
-2.91544601000062e+005 7.33034090340988e+004 1.45021963172524e+004 -7.18547307937489e+002 -4.76694525608765e+001 2.30993683146190e+000 1.50717420910615e-002 -3.12632571635790e-003 -6.29207365740460e-005 3.78966964555707e-006 1.10627843208415e-006 -5.23281369113160e-008 -2.88527265837804e-009 
-1.55895397130784e+005 2.21066626103960e+004 7.76815331646490e+003 -2.43242490283507e+002 -2.72315360003879e+001 9.60234463894141e-001 1.68669282829518e-002 -1.52981035929591e-003 -3.80740239411412e-005 5.96945131100017e-007 5.75716395830111e-007 -1.84754003423361e-008 -1.77964989681653e-009 
3.76730772122994e+005 3.75941213068206e+004 -1.74921515939071e+004 -2.53740896905446e+002 5.89415913130520e+001 -2.03651037519069e-001 -2.92100665142648e-002 4.60656811981692e-003 -3.11148541128750e-007 -1.40897425983284e-005 -9.07505322533053e-008 2.71998970100461e-008 -2.23714921864045e-009 
-6.30755915465239e+004 1.45350983157452e+005 2.80803173780537e+003 -1.12228940200984e+003 -4.89234879530474e+000 1.69493399480858e+000 -4.95722554034226e-002 4.19828356175243e-004 2.56412543743015e-004 1.84999757722351e-006 -5.57156103402646e-007 1.36176685352779e-008 1.22213513540875e-009 
-6.30038163051885e+004 6.66938644785230e+004 2.89716365580768e+003 -5.18967040828886e+002 -7.67154588490193e+000 8.37342900592361e-001 -2.10477286575277e-002 -2.06706680476108e-004 1.23747070837608e-004 2.14723391384902e-006 -2.60942558036697e-007 4.10158081693428e-009 7.85981582213589e-010 
3.13416958657983e+005 -9.88508811356855e+004 -1.50298287419609e+004 6.56453174404795e+002 5.63009557414512e+001 1.70345540838722e-001 2.25853173272830e-002 -3.71534080145422e-003 -5.45105130913899e-004 -1.83657619236819e-005 -5.95457157748504e-008 5.85821846829779e-008 8.41557301709115e-009 
2.07989841592126e+005 1.14857349759081e+005 -1.01696185429700e+004 -9.73816121128045e+002 2.26521794239277e+001 1.51034808222000e+000 6.26892960560775e-002 6.31115692355256e-003 -3.06636419699950e-006 -2.09307730132817e-005 -1.41485793512051e-006 -8.41789203349502e-008 -1.51917257789268e-009 
7.31085051216084e+004 6.39927536286370e+004 -3.58840760359828e+003 -5.28793851580425e+002 5.94811577339661e+000 7.21573278572576e-001 2.84885248129928e-002 3.36950648149223e-003 4.61652212144464e-005 -8.53609531707209e-006 -6.80525335530014e-007 -4.57983592748030e-008 -1.46597509934279e-009 
3.13170388689029e+004 -1.72157353622903e+005 -1.73518964950602e+003 1.53727858792434e+003 4.47654171456405e+001 -2.83620779080132e+000 -3.52631184028516e-001 -1.77001715413239e-002 7.74223701116394e-004 1.69057665843289e-004 8.79765416432478e-006 -3.65040764240389e-007 -9.19137981354169e-008 
3.25694215624398e+005 -4.00329432529332e+003 -1.82850216277020e+004 -2.42047154506734e+002 7.73190817145283e+001 3.90496627549101e+000 2.04991651197889e-002 -1.98889816603932e-002 -1.81823276475752e-003 -1.89057516270206e-005 9.74691303169841e-006 9.46448267220707e-007 1.40248953454890e-008 
1.54402139196554e+005 1.30104130469210e+004 -8.68458922598852e+003 -2.52187557159306e+002 3.35292637685882e+001 2.14257260977378e+000 4.05347688794746e-002 -8.09242354292584e-003 -9.47440365717318e-004 -2.38591756194179e-005 3.95269292949869e-006 4.89810958052960e-007 1.47798677091942e-008 
1.87442031410524e+005 -1.00474583441581e+004 1.22506812339550e+000 7.54786933019541e-002 2.85143239932098e-003 7.60351598147907e-005 6.08436463636405e-007 -1.83117470160511e-007 2.39335285368099e-008 3.35024238454197e-009 2.00044543255088e-010 
1.27946796360112e+006 -6.52989810419123e+002 -2.49469378360567e+001 -8.70573279732181e-002 4.18360377997870e-004 2.46447727249025e-005 6.79083981945475e-006 -1.86096885551487e-007 2.24969104865952e-008 -1.79613759108592e-008 -1.12841417167268e-010 
5.31162544152649e+005 -3.21552940710501e+001 -1.05411339913670e+001 -4.22098690715131e-002 4.67294816690471e-005 -1.90673367086007e-007 3.47188111072366e-006 -7.90596800182786e-008 9.52674626645396e-009 -7.60651028685926e-009 -6.80720312964387e-011 
1.67360407105321e+005 -1.00331438329704e+004 2.45439675869018e+000 1.33000815848322e-001 4.25678200336338e-003 4.46882451045044e-005 -6.04059908686004e-006 -9.25705194057065e-007 -1.13742514979044e-007 -4.07475586467396e-009 -4.37038041555528e-010 
1.27795923973751e+006 -8.56538095925920e+002 -2.59077777383517e+001 -6.78290189110214e-002 2.56151565120341e-003 2.13506265290669e-004 1.30746310499475e-005 6.94574314493754e-007 2.20657504266238e-008 -2.19338498006464e-008 -7.33157663943842e-010 
5.31012327259402e+005 -1.18469447488136e+002 -1.10289406093202e+001 -3.69741782138290e-002 9.19580314574094e-004 1.02539723839267e-004 7.58843518988166e-006 4.68912041867648e-007 2.35844686652574e-008 -8.93086915623978e-009 -3.37833713553638e-010 
-6.83918012279816e-005 1.89700066308294e-006 -2.63821506442747e-007 -3.09241814066221e-007 5.99429737385677e-009 2.12148474779532e-008 1.87573639404524e-009 -8.95334738506041e-010 -1.81547020743392e-010 2.81418025481485e-011 
1.90165670367355e-005 7.52115018459568e-007 3.59437233240008e-007 -3.20477128122161e-008 -3.80284271813880e-008 -1.19195394157885e-009 1.92020098552006e-009 2.47465187077829e-010 -6.51241098990973e-011 -1.45357638793014e-011 
-6.77874930275853e-005 -1.69684234703422e-007 7.15654843510918e-007 6.02531761847133e-008 -7.84639787862549e-008 2.26321421216676e-009 2.94644786063722e-009 -4.00380057895654e-010 -2.44081631585871e-011 1.58453197809265e-011 
2.02412131272022e-005 -6.05998707504171e-008 -1.26804368493410e-007 1.27557020758640e-007 3.53646494446409e-009 -7.57878000182834e-009 6.11071777290711e-010 1.85549312562953e-010 -5.23435980804813e-011 8.31714834906633e-013 
-6.69981282242175e-005 -4.51171057350326e-007 -6.99653648737255e-007 4.92857821650709e-008 3.85418684879755e-008 -3.13144399728840e-009 -6.20175947973972e-010 1.00847122785590e-010 1.02436333498531e-011 -1.56251383656486e-012 
2.11993575900245e-005 1.06363676715364e-006 -4.27522631355902e-008 -8.21347437962508e-008 5.62106825748696e-009 2.32678885855013e-009 -3.34292351704589e-010 1.25826163658567e-011 1.52011510347992e-011 -2.79375282495476e-012 
-6.85259768483202e-005 2.49814463171305e-007 7.15834203978127e-007 -4.09429767777007e-008 -4.92118904708721e-008 -3.07378923201663e-009 4.68047249648185e-010 1.27187352052205e-010 5.64466519742185e-011 1.24459300598831e-011 
2.20513402367198e-005 -8.49503379923773e-008 1.01286859396158e-007 9.54568468317762e-008 9.75043049300641e-010 -3.07577145750573e-009 -5.15092917806383e-010 -9.03125942019878e-011 9.14749715100473e-012 9.86393168569343e-012 
-6.19049162348630e-002 1.92094385590288e-003 -1.64663874706738e-004 -4.45965377927017e-005 6.62238979146126e-006 -5.34232838942070e-007 -2.50048365478532e-007 2.01645184812219e-008 8.73606822673719e-009 1.35088940158921e-010 
3.98582522728941e-001 -3.30406110126716e-004 -1.50719492516218e-004 1.37921177743674e-005 6.52796513003092e-007 -5.05287906387565e-007 5.38064335913570e-008 1.87391768972926e-008 -5.90468616623974e-010 -5.89534061621485e-010 
1.26803502273117e+003 9.18047909100161e-001 1.38287363430860e-004 4.23288653422816e-005 -5.68643812449774e-006 4.89910626558892e-007 2.21001139953910e-007 -1.92586284578808e-008 -7.85410327010923e-009 -9.08691563559688e-011 
-6.05060467855950e-002 -7.61160309109426e-004 -4.44591072516669e-004 7.13474755961432e-006 1.04775869126676e-005 1.04815220249262e-006 -2.13582782152604e-007 -2.54591017419587e-008 5.30005750872322e-009 -3.82777103046697e-011 
3.97287297298870e-001 -7.93916440666043e-004 6.15059696948465e-005 2.89331957995394e-005 1.15842907548829e-006 -5.49281547549855e-007 -7.40221335928365e-008 1.31673105958755e-008 7.92898887127496e-010 -2.90777787024825e-010 
1.26987334988390e+003 9.20523907734458e-001 4.23606569008678e-004 -5.52410694811792e-006 -9.98230247277563e-006 -9.56591419571674e-007 2.00292292884235e-007 2.27772114205807e-008 -4.83854161019411e-009 4.52521660687827e-011 
-6.34786366957698e-002 -1.46540398368025e-003 4.00577440831139e-004 7.14275268858560e-005 -1.06502815121545e-005 -1.20271114843287e-006 1.70583346314231e-007 9.61514605817956e-009 -2.04696062760099e-009 1.33820660139648e-011 
3.96922660016351e-001 5.17946038733887e-004 1.55984037009077e-004 -2.80559577902673e-005 -3.90452111649597e-006 5.34504905491217e-007 4.69183199254776e-008 -7.21502865782133e-009 -1.86656254164508e-010 7.45629758028508e-011 
1.27171583850194e+003 9.21269910177767e-001 -3.63410126405753e-004 -6.74568175924747e-005 9.77649057325504e-006 1.11401094083386e-006 -1.58157564495984e-007 -8.79048433953793e-009 1.90064905221062e-009 -1.25788231340794e-011 
-6.28084400411291e-002 1.91609113255593e-003 1.64398724690088e-004 -7.66838730139716e-005 1.17625747873665e-006 1.39085545419008e-006 -6.67520045572252e-008 -2.05154752065823e-008 -1.08505640763815e-009 4.39376447892597e-011 
3.97982609189050e-001 2.50248116065631e-004 -1.76504303855807e-004 -5.01967750908439e-006 4.21513825197680e-006 -1.81206726221525e-007 -6.88610211576047e-008 8.34592433730582e-010 7.29353776393335e-010 1.16065133587753e-010 
1.27355504056159e+003 9.18117352145035e-001 -1.65954634525418e-004 6.93608306776383e-005 -9.19808407243612e-007 -1.24995186854863e-006 6.43082550084296e-008 1.87996802685330e-008 9.31028003109782e-010 -5.11764537300826e-011 
