-5.50112133623152e+007 4.39992760144018e+006 8.51913019951327e+005 -2.87517748154259e+004 5.58713204372491e+001 2.27805218924909e+001 -2.35211942531223e+000 1.25220203374702e-001 -4.91801773282530e-003 9.09439064027003e-005 5.30337686648878e-006 -7.23230427126194e-007 4.95994008613340e-008 -2.35771731828293e-009 
-2.93027843574578e+007 -1.22512243786160e+007 4.30430018628740e+005 2.22687484307845e+004 -1.11061083744356e+003 4.49801070300357e+001 -1.23256098062278e+000 -7.29459176946818e-003 3.41094920153507e-003 -2.78503900298253e-004 1.48162703258536e-005 -5.36891726939134e-007 5.30441052170878e-009 1.09034311793536e-009 
-9.81748381831105e+006 -7.00063749856358e+006 1.41681499817966e+005 1.48753472938974e+004 -5.99102904857835e+002 2.16692120401855e+001 -4.14768549738563e-001 -1.68705304689368e-002 2.33174521866852e-003 -1.58205593084395e-004 7.36573273844110e-006 -2.11888888860391e-007 -2.30514604610091e-009 8.26848908406602e-010 
-4.04646934881324e+007 9.86981678983886e+006 5.19939714444499e+005 -2.63631573823151e+004 1.53951606309475e+002 -5.86809732153650e+000 -4.80547388017660e-001 2.70669867750117e-002 -1.50007692448424e-003 6.12570287482388e-005 -1.88989330264574e-006 3.79810266081915e-008 1.06277499137816e-009 -1.45753751351839e-010 
-4.96901815259147e+007 -7.98279839973909e+006 6.15667921051439e+005 1.01543620447052e+004 -4.87315117498536e+002 1.91071000831811e+001 -8.28967008736007e-001 1.77401569163386e-002 -3.79480116270602e-004 -1.79144744690371e-005 1.60036569067012e-006 -1.03670434299733e-007 4.74986366957171e-009 -1.77605912297291e-010 
-2.22157986521628e+007 -5.28706550858968e+006 2.75034393242791e+005 8.15608175448967e+003 -2.76285635470082e+002 1.08154246717973e+001 -3.93065806846034e-001 6.67289326467030e-003 -4.73098322838031e-005 -1.59169353582329e-005 1.05075710027004e-006 -5.93182165958305e-008 2.42737727108160e-009 -7.97802061161303e-011 
-1.75456383962362e+007 1.27937469074258e+007 2.12975463944538e+005 -2.52837093873766e+004 -3.83598664291011e+001 -1.21279010499420e+001 -1.46831918907309e-001 3.26924935765824e-003 -2.25770591355846e-004 2.07118617711662e-005 -2.18195877759403e-007 3.24777622728151e-008 -1.94492320522491e-011 2.50458974832108e-011 
-6.04229702472674e+007 -2.67985442102045e+006 7.00238672928484e+005 4.47303353733584e+003 -2.72442214543106e+002 3.48313310490275e+000 -5.47798736583277e-001 1.65002619309312e-003 -5.47758102383138e-004 -2.26474988028255e-006 -1.71123603480122e-007 -8.36633527825800e-009 6.11812817724928e-010 -1.41167107195587e-011 
-3.03238557732275e+007 -2.75705292255747e+006 3.52017416876119e+005 5.00914212723634e+003 -1.41570966562767e+002 3.11729051765807e+000 -2.77434260561715e-001 5.42764970525697e-004 -2.69233838645260e-004 -3.35575622522315e-006 -6.88115487062715e-008 -7.83437817864084e-009 3.28860011534050e-010 -1.01363701699660e-011 
8.76465387757954e+006 1.32539455863765e+007 -1.02667419602005e+005 -2.80041690677515e+004 -3.10027640528475e+002 -1.46691048262822e+001 -3.93391444627852e-002 9.28207617913281e-003 7.43489434614782e-004 4.56539253030891e-005 1.73196843414338e-006 6.90068074487367e-008 1.49332582681787e-009 1.10544921521631e-011 
-6.00625777576043e+007 3.06323794252731e+006 7.27699525144218e+005 -6.45063585340783e+001 -3.41268124652494e+002 -1.12215734687438e+001 -7.70383964081240e-001 -1.87157081895651e-002 -7.61338697672395e-004 -7.09332257345908e-006 2.72083824686475e-007 4.38843706900680e-008 2.71031071147054e-009 1.27344668832210e-010 
-3.28570434452495e+007 2.63354475999588e+005 3.99390101677381e+005 2.86693302034959e+003 -1.50193058165862e+002 -4.47502504914821e+000 -4.07481408481704e-001 -1.09600439259309e-002 -4.83754468876181e-004 -8.51941919862489e-006 -3.40878272430920e-008 1.62945682111971e-008 1.29319464012480e-009 6.68851894899341e-011 
-3.79423920484788e+007 -2.24879334488173e+007 4.94621341795001e+005 4.80840856208747e+004 -5.17583884505440e+002 -3.27669313404973e+001 2.17105762889381e-001 1.31592369760684e-002 -5.24122649397265e-005 -5.14761403313436e-006 
8.83500597462858e+007 -8.58690610658461e+006 -1.14821515426518e+006 1.80129126271442e+004 1.25224675792026e+003 -1.13726016825396e+001 -6.14789311321894e-001 3.42692670932435e-003 2.25079369777743e-004 -1.99798623245713e-008 
4.21951897425353e+007 -2.44141970381236e+006 -5.48000740227723e+005 5.06421458880810e+003 5.96287566230445e+002 -3.04509533847117e+000 -2.90570092729127e-001 7.16672905066001e-004 1.06167958371506e-004 1.76470778946760e-007 
-7.72647762496543e+007 -1.64110747937053e+007 1.00156286376627e+006 3.49629919158129e+004 -1.09261303197899e+003 -2.34782317246057e+001 5.37567051267100e-001 8.96099889649395e-003 -1.99009978002303e-004 -3.06745480430505e-006 
6.29009060774639e+007 -1.65896707627462e+007 -8.21823530237415e+005 3.54745174833280e+004 8.89108468558251e+002 -2.41940894079855e+001 -4.24370430054150e-001 9.74444681958620e-003 1.45834287278273e-004 -3.82681773521857e-006 
3.32307073386968e+007 -6.42718163608747e+006 -4.33188559359241e+005 1.37523521795011e+004 4.69228009901242e+002 -9.40321334882450e+000 -2.24922412458992e-001 3.81789902003972e-003 7.78359713551071e-005 -1.48563964935666e-006 
-4.53996076776219e+007 -1.98268065681694e+007 2.29317285764894e+005 1.64520061283858e+004 -1.02499786891356e+002 -4.67666598351930e+000 2.35534054706593e-002 7.72863127780563e-004 3.85582082024101e-005 2.01116289360380e-007 -1.28032235412681e-006 3.03688921647811e-007 1.61092990683691e-008 
1.26582075331128e+008 -5.97773528199456e+006 -6.36963142223840e+005 5.03644754989293e+003 2.76813870492191e+002 -1.51661488720327e+000 -6.20979143964001e-002 7.12968913974246e-004 2.20391151240839e-005 -1.29517904205365e-005 1.66180743154226e-006 1.82083860304501e-007 -1.31198366453351e-007 
5.48558244948201e+007 -2.59120066680877e+006 -2.76091563324545e+005 2.18301641257824e+003 1.19969177263216e+002 -6.57628101059471e-001 -2.66346475193070e-002 3.10273380553649e-004 3.27473642577134e-007 -5.11349233046323e-006 9.41971778111265e-007 2.17687066641745e-008 -5.58114418248973e-008 
-8.26177199797401e+007 -1.72373171777780e+007 4.13938475167626e+005 1.41033779040117e+004 -1.88250277431899e+002 -3.80340058092230e+000 4.59330356422784e-002 3.95948022924054e-004 6.98983269914052e-005 1.48854354964805e-005 -4.46596257429258e-006 -5.92828773994149e-007 2.60347690182779e-007 
1.09773600278694e+008 -1.07591989296092e+007 -5.51198701324954e+005 9.14756701568207e+003 2.32869239610193e+002 -2.82916052727593e+000 -4.69452079024092e-002 1.12925097230353e-003 2.74260351170951e-005 -2.79259705877642e-005 -4.24931923126537e-007 1.45573729642303e-006 -6.36283866614429e-008 
4.75698855898211e+007 -4.66373012311370e+006 -2.38918452208656e+005 3.96483387528939e+003 1.00934747059758e+002 -1.22541516998703e+000 -2.02380028705621e-002 4.65828570707426e-004 6.24335674187105e-007 -1.05629353849565e-005 4.48198978987463e-007 5.28483775941970e-007 -5.55065394827374e-008 
1.12566533995167e+007 -3.20952265555110e+007 -5.45164627248985e+004 2.69231017467280e+004 -2.30158399229997e+002 -3.11509622482925e+000 1.55161884061381e-001 -3.25549709959665e-003 1.30380934294554e-005 1.50690707676901e-006 -8.78316114420679e-008 
2.10440450311708e+008 3.69704506577918e+006 -1.05169929458915e+006 3.49928362500326e+003 3.78999905734828e+002 -6.73689859974610e+000 5.78185536723634e-002 1.57998911358125e-003 -6.91681648438809e-005 1.28918704324256e-006 -4.43675871511299e-008 
9.62478829994003e+007 2.56023465086895e+006 -4.80932938912352e+005 8.79595338272788e+002 1.80042106269266e+002 -3.00600450052878e+000 2.23503573285897e-002 8.09707059423239e-004 -3.17343669726736e-005 5.28100136112032e-007 -2.04019675686655e-008 
-3.22823676074389e+008 -1.66591577227150e+007 4.26973654765531e+004 3.43836302726227e+002 -7.46486993633472e-001 -1.28194618182365e-003 7.54042468969439e-006 -1.95541921442191e-007 
6.51492802411775e+008 -6.23199724183913e+006 -8.61922730354936e+004 1.84334020665798e+002 7.88454762417032e-001 -2.26365337745473e-003 -1.96994730019878e-006 2.95070735148442e-008 
2.87099739282506e+008 -2.26575838039866e+006 -3.79830783705696e+004 7.06430411729090e+001 3.56124223707679e-001 -9.39041223159929e-004 -9.61190650096465e-007 1.84826038953056e-008 
-1.31596206556624e+009 -5.12296497145881e+006 3.07834572296137e+004 1.25206562352670e+001 -6.87191209911287e-002 2.00629657528315e-005 7.70841570944907e-008 
4.03529107686267e+008 -1.17640380172312e+007 -9.42615229008678e+003 4.82602389526198e+001 2.22198976832141e-003 -7.22755210399061e-005 1.89990568269828e-007 
2.23355839077301e+008 -4.63851352578837e+006 -5.21926694789118e+003 1.93935868657767e+001 3.85204583480778e-003 -3.08739159013910e-005 7.74993068182411e-008 
-1.03276654067962e+009 -8.81844860711279e+006 2.99608799082171e+003 4.46265493044592e+000 -3.55750751897646e-004 -3.93073842162230e-007 
2.37534744936504e+009 -3.63515219625989e+006 -6.89528874090374e+003 1.28342630027554e+000 2.01858843255794e-003 1.73867760369005e-007 
1.05492790802258e+009 -1.46744614073081e+006 -3.06224939012672e+003 4.99181137619748e-001 8.89232646928358e-004 7.23294050945309e-008 
3.94834003534738e+009 -3.53922645172609e+006 -2.82259484607795e+003 4.15755088548482e-001 1.66424562953863e-004 -1.15391363772745e-008 
1.95471742015179e+009 6.16789369481005e+006 -1.39752726234937e+003 -7.38837948925948e-001 8.12828194008290e-005 6.05178608532920e-008 
7.01777210132849e+008 2.61266287730922e+006 -5.01746282306240e+002 -3.12778827612035e-001 2.92113269147773e-005 2.57283068876090e-008 
4.46409671802618e+009 4.99244108093879e+006 -1.48262308053455e+003 -6.20210443117483e-002 6.71678628343651e-005 -1.56146165300510e-008 
-2.86997060880105e+009 4.49950655177801e+006 9.53145276206072e+002 -3.86570655639376e-001 5.04614751449748e-005 -9.33264087539083e-009 
-2.24064837126072e+009 -1.00038495785888e+005 7.44172513666734e+002 -1.01852900565189e-001 -4.39699602981082e-006 -1.35609135860702e-009 
-1.21444713678994e+005 1.63203661169224e+005 7.37272960744191e+003 -1.62062883077571e+003 -2.35983363435048e+001 6.21425262728933e+000 1.18205284252995e-002 -2.03753109404027e-002 -2.58958732666387e-004 8.82743696283313e-005 3.65154029801816e-006 -4.99559252608448e-007 -2.81637208245797e-008 
-3.12653493521228e+005 -5.56698242098332e+004 1.83622050392355e+004 4.09998130333612e+002 -9.96846731136428e+001 -4.16542347186205e-001 3.25786777630401e-001 4.26552956781704e-004 -1.20340187512155e-003 -2.98110957116401e-005 6.20390498699965e-006 2.93636141864339e-007 -3.65865338832821e-008 
-1.13026486812116e+005 -3.74829910690540e+004 6.61192256916411e+003 3.15365484207640e+002 -3.74123932506186e+001 -7.50416917444166e-001 1.28379110116007e-001 2.08875550784812e-003 -4.54156751613755e-004 -2.01681250752210e-005 2.12414441832563e-006 1.63784825682743e-007 -1.19029940218739e-008 
2.03570697669523e+005 1.46626180680106e+005 -1.06750320246711e+004 -1.16107698680018e+003 6.48758804712890e+001 1.52024335317734e+000 -2.55090829531504e-001 7.96093681187066e-003 8.60098664282906e-004 -6.60135937949591e-005 -1.75809844193517e-006 4.08882143648603e-007 -6.85692409374590e-009 
-2.79505213021622e+005 8.56330676810648e+004 1.46443348093235e+004 -8.96130032431782e+002 -4.91327524131217e+001 3.91991007987318e+000 -3.69086883023870e-002 -1.39210752689739e-002 7.64311407383521e-004 3.86967716256713e-005 -4.98371825793015e-006 -4.23978810663689e-009 2.78719468093325e-008 
-1.30379660206481e+005 2.02909068755444e+004 6.83017384364741e+003 -2.47215770067843e+002 -2.56460987085593e+001 1.41487620628561e+000 9.31860910590611e-003 -6.28279592837435e-003 2.23034224283068e-004 2.15993050363323e-005 -1.81661074938547e-006 -4.01468056725711e-008 1.17304069713012e-008 
3.80228049847440e+005 2.37966450099347e+004 -1.81728266446784e+004 -1.08208804788010e+002 5.92374937324743e+001 -8.61946413732126e-001 3.89832619526835e-002 5.80433818304905e-003 -4.92009159975634e-004 6.78628848036202e-007 7.03758549809977e-007 -1.14137156660092e-007 3.34282430402985e-009 
-3.11085508708200e+004 1.51619839687535e+005 1.37508521754603e+003 -1.18110320526883e+003 4.38808182175539e+000 1.30081647474829e+000 -8.20057776062194e-002 6.78485330712673e-003 2.00184562103598e-004 -2.18755320913724e-005 1.04553101851585e-006 -1.05098507537793e-008 -6.85450374324316e-009 
-4.81429633306070e+004 5.80991723261244e+004 2.25680546322740e+003 -4.59789633188113e+002 -3.84626491923301e+000 5.98138092041202e-001 -3.62185265476565e-002 2.15441513113994e-003 1.25909253010715e-004 -8.76222501098371e-006 3.49491533508461e-007 6.53995795144634e-009 -3.04061799783991e-009 
2.89136224534360e+005 -1.11500255555926e+005 -1.41131566584609e+004 7.76500645882160e+002 5.55518074456871e+001 2.90944749847034e-001 -1.36945796816482e-002 -9.82253302871415e-003 -5.22995874541584e-004 2.96071551936925e-006 1.62810265231786e-006 1.79703576081642e-007 5.37492827192261e-009 
2.40170256255790e+005 1.08751654020827e+005 -1.16728097381501e+004 -9.39263456970216e+002 2.75216609665162e+001 1.80120868318633e+000 1.12889180240024e-001 4.21141851973196e-003 -4.29643127849794e-004 -3.29722123904564e-005 -1.44203261405647e-006 2.46827423251267e-008 1.11704998318555e-008 
6.83811852069080e+004 5.37645432082730e+004 -3.31884721031084e+003 -4.47080310990893e+002 5.71496927315659e+000 6.90909718547119e-001 4.63019379575240e-002 2.59946053504757e-003 -1.21926844717208e-004 -1.34143941162053e-005 -7.27528266204422e-007 -7.05554857100380e-009 3.94318765908198e-009 
-6.72810863020505e+003 -1.72273068903834e+005 3.52107162534505e+002 1.57522604610753e+003 2.93119397058352e+001 -4.31269852580554e+000 -3.35921585388962e-001 2.42907111539510e-004 1.91830705104704e-003 9.39219530314962e-005 -6.38064147756613e-006 -9.25751341174743e-007 -9.13073931324259e-009 
3.36311624726497e+005 -1.85056976893340e+004 -1.86290693199347e+004 -6.74153449872019e+001 8.68880831593756e+001 3.15842281013238e+000 -1.45962232563416e-001 -2.51020769609251e-002 -5.46871027982609e-004 1.15774735029526e-004 9.14121919374008e-006 -2.23116574657756e-007 -7.16155397369202e-008 
1.34448385624775e+005 8.81672208737714e+003 -7.45069435381791e+003 -1.75114941899893e+002 3.18533996897252e+001 1.66502865797982e+000 -2.65505984143928e-002 -1.00236229618952e-002 -3.98273411162562e-004 3.72804710921987e-005 4.24107025220662e-006 -1.80885060007472e-009 -2.76650152965763e-008 
-2.88745969629461e+005 -9.47052678572465e+004 1.81384654974344e+004 1.05354620023930e+003 -9.91583332282948e+001 -5.39408188418621e+000 3.96130056354836e-001 2.59902249120989e-002 -2.32932157022050e-003 -1.41815213082539e-004 1.70661428951086e-005 8.78228988143470e-007 -1.30693375228072e-007 
1.66092489756350e+005 -1.44688755268036e+005 -1.02297774692155e+004 1.42648879738838e+003 6.88248208892721e+001 -5.87104252392680e+000 -3.31285777616424e-001 2.78038696955675e-002 1.68261482962510e-003 -1.88582128635078e-004 -9.73736937879638e-006 1.41794147910812e-006 6.17247451934689e-008 
9.31609449580254e+004 -4.87209593668582e+004 -5.77833553555245e+003 4.69204317238292e+002 3.67615613205734e+001 -1.83086018101476e+000 -1.69297883364250e-001 8.62710991325044e-003 8.89342234422017e-004 -6.17644202778012e-005 -5.48311707395152e-006 4.82134721238462e-007 3.68733673554923e-008 
-3.14997960659176e+005 6.97099050743513e+004 1.96514526045409e+004 -7.96387379125820e+002 -9.92084550912242e+001 4.33127080039231e+000 1.86343008126003e-001 -1.99857991060722e-002 6.79698935936086e-004 6.04208719806797e-005 -9.42725807958760e-006 1.45312794514265e-007 5.11045055517228e-008 
-1.44458719689689e+005 -1.49600461921595e+005 9.02459668373907e+003 1.44749934502575e+003 -6.05135051463749e+001 -4.48657542292750e+000 2.86853660769951e-001 6.93843117750241e-004 -1.11167852031764e-003 9.21906707535947e-005 1.14318247192335e-006 -7.01180274345725e-007 3.06602747321714e-008 
-2.80340072795699e+004 -6.61121896087965e+004 1.75175226202898e+003 6.51830902346550e+002 -1.47689844554892e+001 -2.19656881208217e+000 9.66491419655523e-002 2.16074708232404e-003 -5.06439581696154e-004 3.10296778849535e-005 1.34127238100821e-006 -2.92939599257657e-007 7.40566263024081e-009 
-6.27963813181842e+004 1.69133553577176e+005 3.81810694654579e+003 -1.58802246511188e+003 8.71562030080430e-001 4.68698726057721e+000 -8.45731632500971e-002 -5.07078519573210e-003 -5.27003608832760e-005 -5.21243558386058e-006 3.16480769471730e-006 -4.70476770203257e-008 -1.55852553848620e-008 
-3.31124290407980e+005 -2.89110112909271e+004 1.87560191325841e+004 1.04034166316806e+002 -8.96187508220057e+001 1.05820329352492e+000 1.68282148539490e-001 -3.69283760153808e-003 -3.04818640690705e-005 -2.59834595526342e-005 5.25111967246226e-008 2.32613010919484e-007 -6.42898024015426e-009 
-1.25985894272497e+005 -2.73327168454511e+004 7.12025304296948e+003 1.90830671075854e+002 -3.58232534410024e+001 -2.12937966729945e-002 7.50819916270815e-002 -9.89085541751425e-004 -7.50394959487625e-006 -9.87354795951657e-006 -2.75738673874177e-007 9.71493669785028e-008 -1.09643696713608e-009 
5.17383599610432e+005 9.13647988203255e+003 -1.44899128952434e+001 -1.73980540620409e-001 1.22117416611529e-003 7.13092115432935e-005 1.16079575620904e-005 -1.41057946908757e-006 1.28489913297623e-007 3.15071272233736e-009 2.07805465295995e-010 
-9.47051198402341e+005 4.53339294476067e+003 2.59622309022264e+001 -1.03333808545377e-001 -1.96199699294730e-003 -1.32205648640231e-004 1.32407797855234e-005 -3.56736138944871e-007 -2.58693966419033e-008 -1.02385954365370e-008 -1.00244116842101e-009 
-4.22187271667182e+005 1.68684214716797e+003 1.16120239817174e+001 -4.27519526430951e-002 -7.38731777050966e-004 -7.61249748468594e-005 5.69581184605775e-006 -4.57535572228636e-008 -2.70601485408982e-008 -2.99523239883617e-009 -5.53140114434439e-010 
5.35534370461331e+005 9.01270584541121e+003 -1.63870430263844e+001 -1.35721955975543e-001 3.74859717073698e-003 1.41379987454555e-004 -3.05204067868619e-007 -9.56335531235729e-008 -6.87020157614736e-009 9.57501568981587e-009 4.13203659082128e-011 
-9.37781090547462e+005 4.73549088289225e+003 2.44930667876130e+001 -1.41990245827026e-001 -2.19009672049689e-003 8.59176831439971e-005 7.59166973034277e-006 1.43033185874052e-007 2.63638250393178e-008 -1.77673796216963e-008 -1.31360864239323e-011 
-4.18722506470120e+005 1.77741293482029e+003 1.09991799375884e+001 -6.03199232236585e-002 -1.12709368505427e-003 2.89014277213369e-005 3.91729196334979e-006 8.70513455650977e-008 1.48688255537071e-008 -7.68002428208928e-009 -8.77850649143564e-012 
-7.56723406595413e-005 2.03645174285753e-006 -1.22766457484182e-007 -2.38103279896740e-007 1.91820444568547e-008 1.18010262287445e-008 -1.53589425236910e-009 -3.05914186590917e-010 6.29299488644838e-011 5.44461410606047e-012 
-1.73833361221800e-005 3.58518384104311e-007 3.01938604722738e-007 -1.44458425121585e-008 -2.50601140930576e-008 2.26866143936763e-009 9.04118331860424e-010 -1.26600865507533e-010 -2.34677863800017e-011 3.73379234956270e-012 
-7.47336802754012e-005 -7.17660016949868e-007 2.14701048826691e-007 1.59059939485365e-007 -1.05601064449885e-008 -3.42197620894082e-009 -9.67666433860103e-011 -5.11959715562992e-011 1.40717258214916e-011 2.38963075204489e-013 
-1.62995312851350e-005 2.31616657651047e-007 -2.15592898592675e-007 2.52324965248319e-008 1.23689184138598e-008 -2.73792872515404e-010 -5.05178617973682e-011 -2.85808879205758e-011 -4.92555522655506e-012 1.15590010515358e-012 
-7.34852349174303e-005 1.30733297601266e-006 -5.29254428682066e-007 -2.04529244634240e-007 4.17224178732256e-008 1.58757116801623e-008 -1.01052223539690e-009 -8.01056945458946e-010 -7.27645126051450e-012 3.19255800331143e-011 
-1.55818315079894e-005 9.40717497322118e-007 2.27818323761542e-007 -7.56748063603467e-008 -2.55818450393668e-008 3.03962611023759e-009 1.44924685954727e-009 -1.88790122285657e-011 -5.62457056364163e-011 -2.69375780936762e-012 
-7.31735300620294e-005 3.27044128538006e-007 6.66767688631396e-007 -4.67869456283992e-008 -6.55930722909832e-008 5.67880267468618e-009 2.15444468382720e-009 -2.93674434639904e-010 -2.50679069371561e-011 6.03517090832361e-012 
-1.43977855603801e-005 2.07586978881644e-008 1.88936946312871e-008 1.09932654328260e-007 -6.71497395110123e-009 -5.68287154649803e-009 6.05119819629689e-010 1.03595036342556e-010 -2.56134886012880e-011 1.87473623855730e-012 
-6.27524762560954e-002 -2.00261115221980e-003 -2.87677854478641e-005 6.94302023818023e-005 6.10144773487304e-006 -8.85868484712920e-007 -2.27498593650514e-007 1.71809153979057e-008 4.62137298835459e-009 -5.23340943631455e-010 
4.17830994621103e-001 -6.29690685985082e-005 1.83683347284073e-004 8.30296957813972e-006 -3.34697450259705e-006 -5.34477186103746e-007 4.37733708010995e-008 1.37958648550226e-008 -1.22160856230958e-009 -2.37527334070952e-010 
5.75706614117720e+003 9.21739546661308e-001 3.80691440787039e-005 -6.34548156915653e-005 -5.82323792394643e-006 8.16612720897825e-007 2.11303504887714e-007 -1.59160913002550e-008 -4.29195010609662e-009 4.82957048601396e-010 
-6.45431383567032e-002 6.91395603771371e-004 5.03107426687480e-004 -3.52615424823099e-005 -1.28329268614784e-005 5.77655757678436e-007 1.55747522882327e-007 -4.42594468002627e-009 -2.30675635818946e-010 6.45297806526228e-013 
4.18704276882881e-001 7.05459149382001e-004 -8.08631622366534e-005 -3.69302078176273e-005 1.95700087380073e-006 6.38147516934969e-007 -2.19702941263655e-008 -4.76259138559105e-009 6.60059550753520e-011 -3.70374133320959e-011 
5.75890765802758e+003 9.19327146805768e-001 -4.61863434057851e-004 3.05999399716818e-005 1.17282224985361e-005 -5.23290277571144e-007 -1.41625670112438e-007 4.35935050830399e-009 2.04173506802971e-010 -4.56752160551737e-012 
-6.17609976071232e-002 1.34392409201750e-003 -3.38150089232000e-004 -3.63595385089614e-005 1.07033337015035e-005 -2.98270377254621e-007 -2.87092724782674e-007 1.11066982432360e-008 7.92951995238363e-009 1.32594606339416e-010 
4.18828703002174e-001 -6.17009165161393e-004 -1.26262244000767e-004 2.63886947224943e-005 7.22643313644825e-007 -7.12998238549157e-007 3.36204972987785e-008 1.96556268072095e-008 -2.55290227056965e-010 -5.26938052823607e-010 
5.76074496811878e+003 9.18656485594767e-001 2.96985882207149e-004 3.41808767672564e-005 -9.45311653901108e-006 2.65220808797181e-007 2.55624117251313e-007 -1.02615620497412e-008 -7.08916959341188e-009 -1.12966355077920e-010 
-6.19638043716906e-002 -1.48609918315728e-003 -2.81420693658589e-004 2.66941218521848e-005 5.33907096383845e-006 9.15347107040996e-007 -8.38177462950884e-008 -3.20836422369427e-008 2.34685201197521e-009 3.35994984564064e-010 
4.17431594384083e-001 -5.83360408104101e-004 1.14265587421769e-004 1.78922875130065e-005 3.96039155112637e-007 -2.45145133543777e-007 -8.29561214841973e-008 5.59043988666571e-009 1.55364176515821e-009 -1.43239608862798e-010 
5.76258489620946e+003 9.21236156158697e-001 2.67781140564138e-004 -2.32192561805817e-005 -5.12099607219106e-006 -8.40780503078254e-007 7.88608448420743e-008 2.91374546778019e-008 -2.12160934867668e-009 -3.05908751385038e-010 
