-4.51076405764440e+007 -1.11804590589894e+007 1.24147395287505e+006 1.18914713312778e+004 -4.45783512631950e+003 2.58109722448854e+002 -1.19915700596542e+000 -1.15149826901190e+000 1.03497750184347e-001 -2.66198899405095e-003 -3.58169919584465e-004 4.80286809920444e-005 -2.18217344914982e-006 -9.80829789913957e-008 
1.91529168496137e+007 -1.27744125759888e+007 -5.40358994192139e+005 7.51394702103359e+004 -1.84602761045386e+003 -1.32992560116726e+002 1.84028589988706e+001 -8.65962341345670e-001 -2.21883541959152e-002 6.67303661980304e-003 -4.63355924581885e-004 2.05128321490202e-006 2.64507402829920e-006 -2.56848702737431e-007 
1.49020845827558e+007 -5.66334741063126e+006 -4.17420751030207e+005 3.89016276565758e+004 -5.23585674074342e+002 -9.78135067641167e+001 9.95416586776502e+000 -3.43091133687731e-001 -2.25886586629998e-002 3.84051380222829e-003 -2.10341793469767e-004 -3.88683446635208e-006 1.63922877056064e-006 -1.27019500537394e-007 
-5.77085501736772e+007 -1.54058517296073e+006 1.10444579968625e+006 -2.54547509224522e+004 -7.67975398778565e+002 9.73194605528759e+001 -6.22313823637801e+000 2.20755900521210e-001 1.12301130709157e-003 -8.92593077123905e-004 7.87325313732552e-005 -3.99942055718829e-006 7.04017527395285e-008 9.34696742346599e-009 
-8.27758897199974e+006 -1.40792229858131e+007 1.52063734771608e+005 4.04042551904792e+004 -1.91517972431729e+003 5.61107029507711e+001 7.83779492555036e-001 -2.43878755001768e-001 1.89046689662100e-002 -8.58139054117677e-004 9.36521160433151e-006 2.41615136464292e-006 -2.68502662883647e-007 1.61749954342812e-008 
1.55779090349599e+006 -7.36035198391769e+006 -3.33523319708135e+004 2.42223558213007e+004 -9.43310495546383e+002 1.98751932953637e+001 1.06424163633843e+000 -1.53167522168657e-001 9.98130121809117e-003 -3.65771289842237e-004 -3.16537840529115e-006 1.70547256332632e-006 -1.50722409983363e-007 7.67010776118230e-009 
-5.29985280529987e+007 5.96936903944901e+006 7.68616537489881e+005 -2.83359025242612e+004 1.36662168948897e+002 1.12532113956162e+001 -1.61809648629949e+000 9.02247800583849e-002 -3.97904765545892e-003 1.13570182571400e-004 7.49715853597690e-008 -2.93348560236201e-007 2.54455759332122e-008 -1.45050318074804e-009 
-3.39961896318012e+007 -1.13599714896600e+007 4.89313155720108e+005 1.83503348851230e+004 -9.08200371692547e+002 3.77377432867606e+001 -1.20985690783858e+000 1.13203334114758e-002 1.51516559705790e-003 -1.60018264341669e-004 9.57268950937503e-006 -4.24060002625074e-007 1.17849952822911e-008 8.70718224300432e-011 
-1.26679512687092e+007 -6.68697141544880e+006 1.81626323616205e+005 1.27412911413376e+004 -4.99286713599255e+002 1.89899492885618e+001 -4.78374983427826e-001 -3.31327899436011e-003 1.22210365397347e-003 -9.72545061109468e-005 5.10541052230636e-006 -1.96076721925476e-007 3.65514239970594e-009 1.96984592096029e-010 
-3.59566734718865e+007 1.08021195504845e+007 4.44121437140892e+005 -2.58131651460531e+004 1.18569660765809e+002 -8.20517861110533e+000 -3.31384533888106e-001 1.72301248266748e-002 -1.03535702315832e-003 4.48636016928265e-005 -1.44351847744323e-006 4.23797571041563e-008 -9.68169029728381e-011 -4.81511705783506e-011 
-5.22468694329488e+007 -6.76380796085055e+006 6.42550319581035e+005 8.43764829522222e+003 -4.05181697815145e+002 1.45750150497128e+001 -7.18372271170239e-001 1.42848554323078e-002 -4.81869794810917e-004 -6.85393310672488e-006 7.40471051582428e-007 -5.95871221018440e-008 2.87468027298078e-009 -1.18128905521422e-010 
-2.41840697804106e+007 -4.73331621468278e+006 2.97140219592181e+005 7.18478315523815e+003 -2.28725759665908e+002 8.63635308163564e+000 -3.49335877228775e-001 5.84269559448264e-003 -1.49979263733282e-004 -8.31515730688470e-006 5.45268661643806e-007 -3.62245638672658e-008 1.54553484049010e-009 -5.81025438268347e-011 
7.75196855724807e+007 -1.66246375025478e+007 -9.78012994977939e+005 3.40794067020505e+004 1.06173690111404e+003 -1.95208950318351e+001 -5.08174416949592e-001 3.51774505180118e-003 1.66513074002032e-004 1.18151112027695e-006 
6.88525333036362e+007 1.54431084835129e+007 -8.68796948607749e+005 -3.29796845130508e+004 8.71760209356829e+002 2.23242266272669e+001 -3.01842502214019e-001 -8.54234293725050e-003 7.04775033613365e-006 2.61797033385849e-006 
2.60618769341785e+007 7.99960268984453e+006 -3.28927053844580e+005 -1.69930570268056e+004 3.24960025073911e+002 1.12781917839660e+001 -1.03618850868699e-001 -4.06542197269742e-003 -7.37402336074719e-006 1.10341224120919e-006 
3.79230343052464e+007 -2.25579029290333e+007 -4.82045290236477e+005 4.73258801897209e+004 5.60561548632587e+002 -2.99083862211538e+001 -3.31692672734291e-001 9.08880461871858e-003 1.65825066687050e-004 -1.44903165434989e-006 
9.17230402667934e+007 7.17780470399620e+006 -1.16762365733871e+006 -1.59329062250220e+004 1.22696296557124e+003 1.23312739152772e+001 -5.21985700248583e-001 -6.58324802157906e-003 1.19703279507243e-004 3.31360459453267e-006 
3.88569526201251e+007 4.65698133126481e+006 -4.94747433639181e+005 -1.01629679002483e+004 5.16471133242576e+002 7.44033372805065e+000 -2.13821459693923e-001 -3.53679493178431e-003 4.33518755319569e-005 1.58235180419368e-006 
6.00672338464582e+007 1.85320449221064e+007 -2.71466338393243e+005 -1.39961141239777e+004 9.28090650325489e+001 2.74376678156288e+000 -6.15911187312486e-003 -3.86177713893383e-004 -4.59126734850682e-005 1.33956020373892e-005 3.36277079899378e-006 -2.42894535422003e-007 -1.97698162049180e-007 
-1.27434354454938e+008 7.40463883025159e+006 5.76666225470250e+005 -5.45338527913310e+003 -2.07864500335327e+002 9.45200609283833e-001 1.96715292449733e-002 1.91957502935436e-005 1.08605962268637e-004 5.90994111444818e-006 -4.75351396602451e-006 -7.61062278322585e-007 1.17939609265059e-007 
-5.52601248566379e+007 3.21042515766906e+006 2.50029752497452e+005 -2.36450983711684e+003 -9.01253918485397e+001 4.10266252081045e-001 8.52475938687682e-003 -3.52784234171622e-005 4.58228908533996e-005 5.14344124901519e-006 -1.81389356458351e-006 -4.30840069862294e-007 2.73380663469077e-008 
9.44482687472221e+007 1.57178508835798e+007 -4.28731493490488e+005 -1.20822436690642e+004 1.45809782991888e+002 2.55198017402571e+000 -9.69175281235868e-003 -3.84447422214334e-004 -8.23556689027087e-006 4.21049264508873e-006 5.13480085387091e-007 1.64096058870367e-007 -2.44178474805818e-008 
-1.08257826026441e+008 1.17012826392046e+007 4.91984138351519e+005 -8.60005868894675e+003 -1.83770030038463e+002 1.46669246487217e+000 2.14714360991932e-002 1.75844054614399e-004 3.49337101638305e-005 -2.11787047163044e-006 -1.24060475343482e-007 -1.56595003469924e-007 -2.69046604186214e-008 
-4.69457324952063e+007 5.07335318300551e+006 2.13312983653487e+005 -3.72883625133772e+003 -7.96775963296967e+001 6.36165134763612e-001 9.21194586069339e-003 5.93091420240358e-005 1.95669020439801e-005 -3.80155431507362e-007 -7.91232834542686e-008 -7.18851617649925e-008 -1.75708340686345e-008 
2.03172719098197e+008 6.57835810336909e+006 -1.45274231741415e+006 -4.98137189679739e+003 1.11201334863342e+003 -1.39195569650739e+000 -7.37077320624896e-001 5.31339816983292e-003 5.55474933144046e-004 -7.79748938464795e-006 -4.45784636096454e-007 
-2.74830913256493e+007 3.26197919025643e+007 1.97505439755050e+005 -3.91177587927288e+004 -3.53419925850490e+001 2.55589498479576e+001 -1.11034183796057e-001 -1.81316527255398e-002 1.97384918898552e-004 1.41166139541738e-005 -2.62360160104388e-007 
-1.81098224791708e+007 1.47834615029660e+007 1.29891905339014e+005 -1.78070538808190e+004 -4.62977973441607e+001 1.17606042233387e+001 -3.09844774535124e-002 -8.46015480619796e-003 7.54919421572951e-005 6.68999248559258e-006 -1.09509862279518e-007 
-3.09657191278322e+008 -1.68174246634415e+007 4.11289910126144e+004 3.49730254313840e+002 -7.43045128965264e-001 -1.40682506711748e-003 7.07355471450720e-006 1.30814280728396e-007 
6.56785118268912e+008 -5.95967097818970e+006 -8.72131016173486e+004 1.80191144067484e+002 8.11224701098067e-001 -2.30515380484387e-003 2.08180051659208e-006 -2.86520197091910e-008 
2.89067432455970e+008 -2.14473236813073e+006 -3.83856518782014e+004 6.87165324762444e+001 3.65840950891209e-001 -9.53699793172910e-004 6.19628177350072e-007 -1.20608812218080e-008 
5.71279242177708e+008 1.16213605044536e+007 -1.07924743244910e+004 -3.74466796425101e+001 9.89865673813521e-003 2.19461478681382e-005 -7.33509687850408e-009 
-1.27040251555390e+009 4.86103318307394e+006 2.40020059683411e+004 -1.33369512701256e+001 -3.38250430080767e-002 -5.89042808168826e-007 -1.60155124729060e-008 
-5.49244713852828e+008 1.50775584447859e+006 1.03768833525112e+004 -3.89661490958510e+000 -1.43948293250339e-002 -1.20674356435158e-006 -2.07499505154242e-009 
4.04520363744052e+008 9.25179135081347e+006 -1.04595256170523e+003 -3.91228860158722e+000 6.35513275312467e-004 3.37798615984004e-007 
-2.63257091212343e+009 8.48238991102571e+005 6.82156363836492e+003 -8.71571258863959e-001 -1.35427750162821e-003 3.68611844334840e-007 
-1.15871503198408e+009 2.40603099821826e+005 3.00258693972435e+003 -3.26862681611512e-001 -6.01558523717206e-004 1.60096448552868e-007 
1.04904350121179e+009 7.25991634892419e+006 -7.22105647152766e+002 -8.35493948877046e-001 3.36144996620617e-005 1.50261009849896e-008 
-4.05845007228934e+009 1.71996908011834e+006 2.79354684112988e+003 -1.80356935242030e-001 -1.66200018666475e-004 1.67797069188370e-010 
-1.68726702388529e+009 5.23285203065938e+005 1.16134312799031e+003 -5.30383145873543e-002 -6.87344146749896e-005 -2.16285059352270e-010 
-2.91352026456852e+009 5.89506709037701e+006 2.11744353230195e+003 -7.28977905383697e-001 -2.17712723469767e-004 1.01419605704307e-007 
-3.34233466542069e+009 -5.04919457343596e+006 2.42871363401858e+003 5.95367625651365e-001 -2.58419763210619e-004 -4.65386964285157e-008 
-1.65214646810307e+008 -3.35180171127543e+006 1.19949952437730e+002 4.05598936115782e-001 -1.63806925041631e-005 -4.97336533992443e-008 
2.39317198199347e+005 1.24761472035312e+005 -1.24794173040267e+004 -1.17275747309189e+003 3.68612254778861e+001 3.53881181960962e+000 1.69182030969705e-002 -5.40092694770972e-003 2.24314987162597e-006 1.21893229901250e-005 -1.14719209899122e-006 -1.02408139053694e-007 3.25298421761295e-009 
-2.62123727217902e+005 9.86419001996647e+004 1.33932699182252e+004 -7.17126858254684e+002 -6.44341667543676e+001 6.06153079833299e-001 1.31364259464378e-001 1.86554078220641e-003 -1.81543971459742e-004 9.56157112830522e-006 1.04923099008201e-006 -6.19646692862223e-008 -7.07710804654173e-009 
-1.11942503901896e+005 5.96465916822662e+004 5.71003014381304e+003 -4.55791000933858e+002 -2.93847621023739e+001 5.94647654436935e-001 6.74364215030638e-002 4.94912152676705e-004 -9.11452745730656e-005 5.78943121345428e-006 4.33608200477993e-007 -3.94683031185863e-008 -3.28972041656336e-009 
3.55001448582676e+005 -1.60670926052738e+004 -2.07440235549167e+004 -4.50105281982792e+001 9.96301710671157e+001 2.10657483513343e+000 -1.54370786317614e-001 -1.01467945299817e-002 -5.22237647557513e-004 -1.08118815690441e-005 3.58855778804304e-006 3.35330044259902e-007 2.04294057299894e-009 
4.02833721273658e+003 1.55932755154179e+005 -4.11351944852038e+002 -1.46857788284554e+003 -1.82272638247428e+001 4.11808256582610e+000 1.58866119405877e-001 1.85048705177159e-004 -2.89987111602819e-004 -4.86532892557618e-005 -2.94859195667957e-006 1.14019781276705e-007 2.22453889738310e-008 
3.10302493131897e+004 7.69403649421132e+004 -1.89845544143981e+003 -7.41364767825634e+002 -1.01439757843877e+000 2.24236792370148e+000 6.71447011562498e-002 -7.42866507804512e-004 -1.88401994595647e-004 -2.53042791286085e-005 -1.18679665523311e-006 8.46878441506509e-008 1.13386799593451e-008 
1.75261729151304e+005 -1.55776535503999e+005 -1.13084850046338e+004 1.56403456367399e+003 7.58424461704307e+001 -5.73673391721554e+000 -4.23641866905412e-001 9.58972867727335e-003 2.64446669265808e-003 7.31594608691279e-005 -1.45474169785344e-005 -1.18686048027813e-006 5.06792405372204e-008 
2.58181838278722e+005 8.46453281577849e+004 -1.64887559623275e+004 -9.35453305193456e+002 8.93502045387130e+001 5.14200578155020e+000 -2.33501416278912e-001 -3.02621004149851e-002 -1.87347877809926e-004 1.78881604082627e-004 9.95807392320110e-006 -8.08411184955387e-007 -1.07339858678659e-007 
1.43887308151403e+005 2.97434300476441e+004 -9.20255858985012e+003 -3.41929561389782e+002 5.10898774228865e+001 2.11316744927033e+000 -1.52024288948157e-001 -1.44113290830410e-002 1.22656720558654e-004 9.58111155972962e-005 3.80868390649220e-006 -5.03099288202864e-007 -4.97474789956318e-008 
-1.60103793407977e+005 -1.61740012486638e+005 9.79822782663821e+003 1.55298459620132e+003 -7.70434879510907e+001 -5.54746865620295e+000 4.91324561923391e-001 1.67722158301584e-002 -3.34273558987257e-003 -4.48993550885587e-005 2.41153855261863e-005 -1.53279582573409e-007 -1.77999458534999e-007 
2.80344697337906e+005 -6.32157082649135e+004 -1.73646976942378e+004 7.94118495947666e+002 9.05898428303237e+001 -5.32601027671064e+000 -2.85356061346075e-001 3.54832562636179e-002 9.41872242208178e-004 -2.51692892514698e-004 -1.73275515434256e-006 1.86444924135273e-006 -2.50594340325519e-008 
1.27563008264592e+005 -4.49758061185642e+004 -7.91582388888946e+003 5.25903645042071e+002 3.91925015269326e+001 -3.12949558844638e+000 -1.03103474177899e-001 1.91935784629575e-002 1.99280641815219e-004 -1.30063464700772e-004 1.10448052850211e-006 9.23638695927859e-007 -2.71576433061314e-008 
-3.63902234133319e+005 -3.40331643346206e+004 1.94268638258203e+004 4.66825748803042e+001 -8.29551412912590e+001 2.90401958741833e+000 4.72331567622187e-002 -1.96787899807630e-002 1.13991380259443e-003 3.01753026066376e-005 -8.09705454271802e-006 4.25881059947589e-007 1.82254391704724e-008 
5.66888668126765e+004 -1.48282591329019e+005 -2.98712881733916e+003 1.32967630276182e+003 -1.45047744242439e+001 -3.02445027066047e+000 2.46644540909808e-001 -6.26055600150287e-003 -9.81403585187935e-004 9.54788806014229e-005 -1.40802652406533e-006 -4.47204820881003e-007 4.17667786476761e-008 
-1.39731254892963e+003 -7.72223304867057e+004 9.24300522522393e+001 6.71515513360826e+002 -1.40853699121282e+001 -1.28191271788783e+000 1.27748183161703e-001 -4.75288483510404e-003 -3.99527742070985e-004 5.04145148856844e-005 -1.36976358208474e-006 -1.89694400143192e-007 2.24638403597582e-008 
-2.87934089472040e+005 1.05241875359761e+005 1.38038637083448e+004 -8.69321115613059e+002 -3.78028031954807e+001 1.21603019607203e+000 -7.03248044754447e-002 5.59088087094324e-003 2.64553128434460e-004 -1.91997515356250e-005 9.73238437028445e-007 -5.72474516398324e-008 -3.39991837447841e-009 
-2.18010416863446e+005 -1.15245104118626e+005 1.03790490053095e+004 8.44813022514630e+002 -3.77762085544231e+001 -3.96724951709189e-001 -1.67863885839974e-002 -5.89975067758980e-003 3.73502247222397e-004 3.11231987196404e-007 -2.11352038414024e-007 7.56396241081203e-008 -5.61948894346113e-009 
-1.33057227395081e+005 -4.92186440898911e+004 6.34242342368011e+003 3.52787573409868e+002 -2.20826303498918e+001 -9.93810156616772e-002 -1.41180360274477e-002 -2.50373599080463e-003 2.09195602778271e-004 -1.41722604350940e-006 -2.67451971783175e-008 3.32861648569098e-008 -3.09964607369458e-009 
-6.27958401140014e+003 1.65226290864595e+005 4.20678951523743e+002 -1.30753331208008e+003 -1.49245275546836e+001 1.85187377445849e+000 1.21527631427510e-001 4.94215932094212e-003 -3.78801871861126e-004 -2.71804977394868e-005 -2.51639297447242e-007 8.92320396760912e-008 7.12055866139540e-009 
-3.41216275229322e+005 -2.86138198778489e+003 1.64631292867321e+004 1.23444864456134e+002 -5.60309177745277e+001 -1.40049909342173e+000 -8.59740871445350e-003 6.76261077577692e-003 3.89941713707552e-004 -9.16030418453882e-006 -1.43205290104685e-006 -6.75472921950952e-008 3.45999901222100e-009 
-1.71804127056754e+005 1.21128334362060e+004 8.29742618746420e+003 -4.54762885348852e+001 -2.93525251635934e+001 -5.49558580297183e-001 5.69731207253749e-003 3.79764947451244e-003 1.64521106598455e-004 -6.83279888142559e-006 -7.39179507047054e-007 -2.65560722539200e-008 2.32112053835954e-009 
2.77552047981975e+005 1.05711843414351e+005 -1.49204782928760e+004 -1.07936500971599e+003 5.21582863209444e+001 4.34867332235238e+000 -8.78527755676241e-003 -1.41132050984186e-002 -2.71781655602209e-004 5.28780411959157e-005 1.54714249798319e-006 -2.46128184320932e-007 -1.23889036216819e-008 
-2.22509722795555e+005 1.17722624238330e+005 1.18244614770838e+004 -9.26872328782777e+002 -6.63868239709098e+001 1.33366715624550e+000 2.21568414512981e-001 3.06925914929773e-003 -7.40687070747079e-004 -1.93882838210452e-005 3.13473657013939e-006 1.30702190351249e-007 -1.46591989260221e-008 
-8.89574342852839e+004 6.77448070943752e+004 4.70918285044088e+003 -5.53755166550045e+002 -2.90150102436626e+001 1.02743094838237e+000 1.10414724279495e-001 3.77351277349503e-004 -3.94015278172890e-004 -5.37987051786786e-006 1.70030814223331e-006 4.53607415089877e-008 -8.37377911900358e-009 
5.42582985402071e+004 5.99929122842480e+003 -6.24459060014176e+000 -6.60476755512959e-002 3.27098829165663e-003 -9.45247544273608e-004 7.86502524726837e-005 2.33999883659551e-006 -1.69521596368948e-006 2.69946040384191e-007 -1.59974574034191e-008 
5.82584311382560e+004 1.95044868217988e+003 1.95765231121038e+001 1.60396303407907e-003 4.28831075895330e-003 -6.80846755751807e-005 -7.91458913517241e-005 1.36917562388816e-005 -1.05425407048461e-006 -7.57197397407258e-008 2.94625760900252e-008 
1.78463779609420e+004 7.26637887832030e+002 8.59361949997738e+000 -8.99348197863232e-004 1.93977733630098e-003 6.76639668823059e-005 -5.04382296009333e-005 7.06811081161210e-006 -3.87222298301796e-007 -6.57889251592982e-008 1.73968322767312e-008 
6.62044620371747e+004 5.94619461035857e+003 -7.06680636517863e+000 -8.31963376982147e-002 -2.21900804162784e-003 7.23012548505020e-005 9.11381347228382e-006 -9.60965651301627e-007 9.39049034723213e-008 2.39812504839273e-009 3.03510871197127e-010 
6.23165811881465e+004 2.10793022304660e+003 1.98401763816133e+001 2.83627776758750e-002 -8.56947752695047e-004 -1.67572144039122e-004 1.14648029082868e-005 -3.75585086660606e-007 2.46880378268031e-010 -1.41893639806254e-008 -5.75632523666572e-010 
1.93686768537732e+004 7.95769597555709e+002 8.71922544969508e+000 1.59210550923704e-002 -1.25108091254087e-004 -9.18448167171560e-005 5.11365804101259e-006 -1.03608200979334e-007 -9.60010869117461e-009 -5.14653000178855e-009 -3.35798406880287e-010 
6.82054098183292e-005 -3.49305928445686e-007 -4.84802299929329e-007 1.77754368251759e-007 5.22217372150842e-008 -4.86873919292596e-009 -2.00554848349875e-009 -5.60633727454287e-011 3.43870740612444e-011 4.47450226068488e-012 
2.57775278937823e-005 4.71142372557830e-007 -2.58753730581800e-007 -8.28336840214152e-008 1.67707384321304e-008 4.89762763855161e-009 -2.32527555096251e-010 -1.09574763484449e-010 1.08240791691926e-012 -9.03179839611314e-013 
6.97775430691746e-005 2.44924719670891e-006 -8.29677200983364e-008 -3.65113004836466e-007 8.58372303552060e-009 2.53532387416107e-008 -4.19937208165549e-010 -1.18876312301447e-009 -8.00589126070769e-012 4.62555730944223e-011 
2.57342752110374e-005 1.88951184211276e-007 4.11387630640396e-007 -1.47059494257352e-008 -4.38797342034915e-008 1.45498899657737e-009 2.36001163952604e-009 -6.29088597234233e-011 -9.52436590412420e-011 1.26581535325136e-012 
7.07682298018314e-005 -8.52781024960095e-007 3.77717804961991e-007 1.53236300327368e-007 -3.66608817371129e-008 -1.30561953289123e-009 7.32256013942961e-010 -1.71914437156769e-010 3.49266321492614e-011 1.14228699514563e-013 
2.63971070518309e-005 -1.60325303872469e-007 -2.21099507444590e-007 6.96126819214457e-008 9.75783890589240e-009 -2.97785619108794e-009 2.45178660425050e-010 -7.95893046315659e-012 -1.72132145310361e-011 5.32961817114502e-012 
7.16372159509492e-005 8.44877096398427e-007 -5.54438369805466e-007 -1.48508190245801e-007 3.12841539021004e-008 8.77409954505748e-009 -1.28631092880277e-010 -2.70416005627797e-010 -2.28107311683093e-011 5.94020145632097e-012 
2.66247853817166e-005 7.67383654520574e-007 1.77486459034964e-007 -7.55623853519338e-008 -1.71151869059317e-008 1.66451546865504e-009 7.02154144945190e-010 5.99047317500228e-011 -1.74562083488269e-011 -4.57887052958713e-012 
5.31957281101917e-002 -6.44896785918012e-004 4.27335133201983e-004 4.84140158946362e-006 -7.87156822584687e-006 1.01324832770093e-006 9.97402764288698e-008 -2.54540569578476e-008 -1.86808360837308e-009 2.28632823500313e-010 
3.92528712947645e-001 7.72533024382684e-004 5.39316833740107e-005 -2.50800689392952e-005 1.22019061062125e-006 3.23034174307539e-007 -7.04756319223545e-008 -5.37043269715868e-009 1.03322339207797e-009 8.54381003954716e-011 
1.76834575650241e+003 9.20452515606593e-001 -4.08648522505935e-004 -4.69344221556223e-006 7.49818484453132e-006 -9.26204270669976e-007 -9.27578067476185e-008 2.34874715453146e-008 1.71020639332347e-009 -2.15192847584047e-010 
5.47983360804493e-002 2.03636045922114e-003 1.71733945150586e-004 -4.98835288844940e-005 -8.13403451333100e-006 -5.30154340032706e-007 2.78329995359943e-007 3.87242019750042e-008 -7.87107958055635e-009 -1.23613191925475e-009 
3.93780290768169e-001 3.09494481026454e-004 -1.55259141560057e-004 -1.56865618250148e-005 8.58564603479316e-007 6.04097054019601e-007 7.25935019183969e-008 -1.85734089968976e-008 -2.76505874376134e-009 4.92965413563207e-010 
1.77018391544693e+003 9.17917423508266e-001 -1.54028635046151e-004 4.85440675435811e-005 7.38309128787680e-006 4.39147449771901e-007 -2.55066627222041e-007 -3.45147567298764e-008 7.25843951965929e-009 1.10490956853565e-009 
5.76109794335252e-002 1.09396975187309e-004 -5.69713397977190e-004 -1.58172055040100e-006 1.49273887834465e-005 -2.31222842499259e-008 -2.03349536313341e-007 7.96460465262599e-009 5.61199231144602e-010 -1.75031919636773e-010 
3.93199142988146e-001 -7.60871765463884e-004 -1.16546162262009e-006 3.93597978122748e-005 1.35183331407875e-007 -7.24441949551092e-007 1.20265343306171e-008 6.52835234103226e-009 -6.05603352048624e-010 5.65666081325115e-011 
1.77202099643239e+003 9.19783680964645e-001 5.36080670538938e-004 1.76438954795944e-007 -1.38869150183768e-005 3.42376628622977e-008 1.85851835523056e-007 -7.16088622422763e-009 -4.76475495058202e-010 1.52828301593500e-010 
5.52517122897260e-002 -1.75679443979443e-003 2.30868869866739e-004 6.72833086773372e-005 -9.26004640357611e-006 -7.72169229306667e-007 2.01496509613156e-007 1.32938155879519e-008 -2.41959007577004e-009 -3.61280270926885e-010 
3.92658628761797e-001 3.69141312008940e-004 1.70744786375229e-004 -1.91228325460307e-005 -2.95011520069942e-006 5.52494782451755e-007 3.38175837976944e-008 -8.96185130272236e-009 -8.64626301064252e-010 6.74318796064629e-011 
1.77386296535215e+003 9.21511777709310e-001 -2.22073603775268e-004 -6.34017441254688e-005 8.69748088744939e-006 7.31700777825057e-007 -1.86638298741612e-007 -1.25311009611957e-008 2.23340098554847e-009 3.36991514238367e-010 
