-4.02345936668466e+007 -1.26778452987655e+007 1.20792633645622e+006 2.37942276689481e+004 -5.23783448536466e+003 2.51419419483772e+002 4.87057365041621e+000 -1.67800374049462e+000 1.09714227103685e-001 6.27624862284880e-004 -7.23046904690748e-004 5.86713051050252e-005 -4.40596019491348e-007 -3.50212552169708e-007 
2.31288822303743e+007 -1.20158420262698e+007 -6.81974876334909e+005 7.89882646785795e+004 -1.32393700179390e+003 -2.06788189741821e+002 2.16851825336268e+001 -6.51313282223601e-001 -6.65272280756388e-002 9.35644154882984e-003 -3.91805930844335e-004 -2.51485690874430e-005 4.74965958095008e-006 -2.55677331478481e-007 
1.65892225100418e+007 -5.10295782422120e+006 -4.89607642722585e+005 3.97208516875131e+004 -1.63632866640309e+002 -1.36540736516833e+002 1.10772826679612e+001 -1.73764018745449e-001 -4.69190840267336e-002 4.93243284802851e-003 -1.34243643357640e-004 -1.95207878511574e-005 2.58262156435501e-006 -1.00225888729295e-007 
-5.57831331555010e+007 -2.92664625067420e+006 1.14888441027878e+006 -2.31346227416774e+004 -1.10444890150191e+003 1.21874126800937e+002 -7.12860285151405e+000 2.00004926169355e-001 7.56612297371919e-003 -1.45959027798644e-003 1.06409613356433e-004 -4.10518796587787e-006 -5.60406316363394e-008 2.31589608032276e-008 
-3.72591749948496e+006 -1.42089831402966e+007 7.29076435170287e+004 4.53023287276686e+004 -2.07864294599918e+003 5.08936153088309e+001 2.05184691784211e+000 -3.48187287308457e-001 2.36422761340745e-002 -8.46657135516661e-004 -1.48602146068395e-005 4.89469443582407e-006 -4.08676128965086e-007 1.86187395425140e-008 
3.85772313132787e+006 -7.28624764907775e+006 -8.02761072762324e+004 2.65979522378562e+004 -9.95655863768446e+002 1.45369804944736e+001 1.83566515754903e+000 -2.06729255703132e-001 1.18428889223470e-002 -3.00786503400108e-004 -1.89777468446252e-005 3.04057497643411e-006 -2.12500908258121e-007 7.54087799058549e-009 
-5.34463462528256e+007 4.98840301489647e+006 8.21053859990662e+005 -2.86050252434438e+004 9.14355489815188e+001 1.80030442658868e+001 -2.04991937296750e+000 1.11212107528187e-001 -4.58544349826980e-003 1.05202688358696e-004 2.80664271443070e-006 -5.28672390273138e-007 3.91703963709063e-008 -2.00579850907972e-009 
-3.01833251310374e+007 -1.19333000470541e+007 4.53118453166231e+005 2.07358771179356e+004 -1.03071423224295e+003 4.22326108521584e+001 -1.23713551769963e+000 1.33129840947261e-003 2.58091247730487e-003 -2.28084811331637e-004 1.27021839353098e-005 -5.03000942073038e-007 9.21536273641608e-009 5.91974323036198e-010 
-1.05174538785994e+007 -6.89207259428176e+006 1.56824230741914e+005 1.40439496196354e+004 -5.60023265049115e+002 2.06895038417438e+001 -4.48068783736917e-001 -1.08295778180301e-002 1.85436849684431e-003 -1.32740968843114e-004 6.49304068285563e-006 -2.13790605208193e-007 8.58306752131913e-010 5.24083018372468e-010 
-3.79608655753691e+007 1.02228678414892e+007 4.92071019229908e+005 -2.61277073352734e+004 1.41400510995390e+002 -6.82402216355552e+000 -4.17680273974546e-001 2.29682127421208e-002 -1.30902806181820e-003 5.45640519739761e-005 -1.72585073430526e-006 4.11195709767225e-008 4.85305430421529e-010 -1.00476607353699e-010 
-4.97988997891687e+007 -7.53917993849771e+006 6.25930442477314e+005 9.49890530094196e+003 -4.54110015200973e+002 1.73380861666942e+001 -7.84343785620572e-001 1.65142206824578e-002 -4.28080017296916e-004 -1.28274583466760e-005 1.22337034441966e-006 -8.45632724333919e-008 3.95617723898457e-009 -1.54051928711561e-010 
-2.26026291376812e+007 -5.08821721030124e+006 2.83266300151048e+005 7.78487839230285e+003 -2.57226808144290e+002 9.96890584869357e+000 -3.75599342563821e-001 6.43732114589558e-003 -9.28100931882381e-005 -1.25138845104864e-005 8.32543667014007e-007 -4.94349055840723e-008 2.06269591125645e-009 -7.18495040015561e-011 
-1.01217199678782e+008 -6.28911185906008e+006 1.31541108478406e+006 1.28308536017226e+004 -1.42908692143603e+003 -7.17084001156523e+000 6.91620109355534e-001 9.84838617140954e-004 -2.56427113736770e-004 -1.18913007541524e-008 
2.27437811477782e+007 -2.14389370334219e+007 -2.88232883263802e+005 4.57520913561114e+004 2.82688185000150e+002 -3.09169402309909e+001 -8.46653520907290e-002 1.19800262995675e-002 -1.78320103863746e-005 -2.26034124534979e-006 
1.66710753964294e+007 -9.24577687256022e+006 -2.12925387342308e+005 1.97680099863934e+004 2.17625832798971e+002 -1.34531279856792e+001 -8.18129977256420e-002 5.32631086788649e-003 5.82696411950392e-006 -1.01980193800866e-006 
-1.03062451690463e+008 4.45628795803591e+006 1.33036519290523e+006 -1.02863160144489e+004 -1.40873487644964e+003 8.91402722972186e+000 6.18038772169553e-001 -5.74007509803264e-003 -1.61136792137363e-004 3.39478349530565e-006 
-2.06781911459984e+007 -2.15189625328835e+007 2.67473451371821e+005 4.53295427132026e+004 -3.29588219196603e+002 -2.90990183067662e+001 2.24192703537628e-001 9.41635941294002e-003 -1.33057338943678e-004 -1.86613519457432e-006 
-2.74467618463391e+006 -9.96201171202634e+006 3.60964457754649e+004 2.10413655766708e+004 -5.90756362469363e+001 -1.36537106861873e+001 6.17195425681711e-002 4.60015031838297e-003 -4.98486637895193e-005 -1.03590921458500e-006 
6.76321998735087e+007 -1.86606407132523e+007 -3.27728475969474e+005 1.50880837940501e+004 1.56577082556435e+002 -3.88784229076854e+000 -4.49343060749096e-002 7.38836358689241e-004 8.22098994371214e-005 -1.82731036578097e-005 -1.69783799590275e-006 1.44220930174007e-006 -1.02554994647692e-007 
1.20568470636937e+008 8.44882264171551e+006 -5.94161598476302e+005 -7.37334051955960e+003 2.45302457332067e+002 2.45500007455748e+000 -4.51096756737339e-002 -2.09446619990001e-004 -1.70317494338596e-005 -2.28136154761879e-005 4.26689266440109e-006 7.96108294102181e-007 -4.20914630051712e-007 
5.22362167807369e+007 3.66328644066631e+006 -2.57632307138460e+005 -3.19704463451862e+003 1.06365352033834e+002 1.06403083227912e+000 -1.95645755908998e-002 -4.60429914310533e-005 -9.71136988980806e-006 -1.25102666627278e-005 2.29261691103283e-006 4.44374741524708e-007 -2.27690686878376e-007 
2.82883891971191e+007 -2.05219024840946e+007 -1.34374345974841e+005 1.69204589003553e+004 6.98557395351938e+001 -4.70623201700824e+000 -2.42918197826656e-002 8.86353292884369e-004 6.13242942213751e-005 2.62647410957483e-006 -1.41967205464238e-006 -1.72276256282890e-007 1.21756786932504e-008 
1.32481940223079e+008 3.41165924660700e+006 -6.57675366608838e+005 -3.11932627416235e+003 2.82357474455918e+002 1.18194971694715e+000 -5.99404144117896e-002 1.18644054711040e-005 3.83732115257020e-005 -1.43628216049879e-005 -2.03028983416952e-006 2.33671895678898e-007 5.63626006134116e-008 
5.74016220666242e+007 1.47914388365129e+006 -2.85171268000455e+005 -1.35247091891327e+003 1.22431503344075e+002 5.12070128043847e-001 -2.59213038714620e-002 4.15126854180762e-005 1.39426167751856e-005 -8.10919722646154e-006 -9.02426412047437e-007 1.58096550110233e-007 2.87899431791405e-008 
9.74027867855442e+007 3.09018586856837e+007 -6.56474814762635e+005 -3.80299635266741e+004 1.95774871957300e+002 2.45329781822863e+001 1.96334361715236e-001 -1.41787891716883e-002 -3.56439011197138e-004 5.98257361471119e-006 3.85453593490556e-007 
-1.67533678086594e+008 1.68965472396257e+007 1.14388729612947e+006 -1.38243237465492e+004 -8.96817399419737e+002 -8.26531170792176e-001 5.45846139434293e-001 8.41189472707619e-003 -2.87612289904169e-004 -1.10593242174693e-005 8.13245436422122e-008 
-7.94952843862075e+007 6.91240732246018e+006 5.42435211112200e+005 -5.31088290044931e+003 -4.16638242932866e+002 -1.04345097902367e+000 2.45041861738974e-001 4.24225856274579e-003 -1.22282445590854e-004 -5.22594359438478e-006 2.66652299123964e-008 
-8.11292742019121e+008 -1.11376864772344e+006 9.55342197135012e+004 6.27905698851173e+000 -8.12662823525645e-001 3.27395072969594e-004 2.21843020478480e-006 -1.45191997708935e-007 
3.00024351488180e+007 -1.58180122608593e+007 -3.50307092654118e+003 3.11059567175977e+002 -4.55282708054236e-002 -1.07466062320541e-003 4.73615902982167e-007 -1.32161787256923e-007 
3.26276775929148e+007 -6.75354784896164e+006 -3.82841161230937e+003 1.33192930268213e+002 2.15898547472579e-004 -4.68557468790625e-004 2.09788240471768e-007 -6.67334501079564e-008 
-1.42017641308892e+009 -4.78723451021218e+004 3.13379141334469e+004 -7.61931022191595e+000 -5.72430266588050e-002 3.10111471045680e-005 3.04538131929766e-007 
-8.81026610577719e+007 -1.23514474511782e+007 1.96871767120804e+003 4.46280600253322e+001 -2.19156171286938e-002 -3.21426411474686e-005 1.41967788140159e-007 
2.46704209848824e+007 -5.09838800652104e+006 -5.37555460019530e+002 1.87405956730724e+001 -6.48082174460940e-003 -1.34415798340189e-005 4.40864886758644e-008 
-1.55699545234931e+009 7.76533107837198e+006 4.45608169205541e+003 -4.02940220135914e+000 -6.74590110757602e-004 8.91999369487097e-007 
-2.14970537753688e+009 -5.14304423040977e+006 6.15478752105411e+003 2.02000682904001e+000 -1.75451304053210e-003 -1.72824653967660e-007 
-9.19458538089146e+008 -2.36254646604553e+006 2.63256513501664e+003 9.42110647915851e-001 -7.58027223014266e-004 -9.20162091526562e-008 
-5.82016434961050e+008 7.40335078206769e+006 3.97461130743078e+002 -8.42764467504385e-001 -2.84621558301458e-005 4.61902475932349e-008 
-4.16179752980150e+009 -7.87816404148424e+005 2.84374180774129e+003 1.01991265597768e-001 -1.51188360943757e-004 8.46188745537217e-011 
-1.68897168773603e+009 -5.06714363369241e+005 1.15406021925596e+003 6.27096593974533e-002 -6.12677787836339e-005 -1.78698204562487e-009 
-3.97912382150198e+009 3.69593204410284e+006 2.77054926486834e+003 -2.33701220191857e-001 -3.04497525247725e-004 -6.19686136354079e-008 
-2.02602780135280e+009 -6.76669457108576e+006 1.41094908271440e+003 8.83963045752378e-001 -5.82732721418590e-005 -1.20019829080123e-007 
5.66603617461260e+008 -3.22505006963101e+006 -3.94701739041906e+002 3.45664967985235e-001 7.50724753512935e-005 -3.14096497814292e-009 
3.33100140023245e+005 -4.18837751239633e+004 -2.18373034462354e+004 2.70978632720916e+002 1.37327777077188e+002 1.74505157732762e+000 -6.06175529652700e-001 -3.74341491676626e-002 2.28572388799675e-003 3.93798716576667e-004 9.66302089120855e-007 -3.16695390982367e-006 -1.63674663791772e-007 
6.95760784178894e+004 1.64921665181751e+005 -4.50414668632205e+003 -1.78262246664324e+003 4.75692319836203e+000 8.69995338599147e+000 2.74538543684450e-001 -3.76238229333291e-002 -3.72062392825172e-003 1.01114075510838e-004 3.43138393889291e-005 8.43863765530968e-007 -2.45583984666718e-007 
3.11629927280174e+003 6.24827032745526e+004 -1.62097661101423e+002 -6.61677455857061e+002 -7.58883012291416e+000 3.02225240478266e+000 1.40302130539699e-001 -1.10676678319938e-002 -1.49936149508127e-003 9.98847056618205e-006 1.23395954418491e-005 5.18603956686348e-007 -7.77481657577271e-008 
1.09351840838306e+005 -1.69430531447384e+005 -7.15771883606246e+003 1.86628357720675e+003 1.99155783658319e+001 -1.00770440871441e+001 1.71089663907976e-001 5.90491353719154e-002 -2.96503437924242e-003 -3.79064124425365e-004 3.50722219059150e-005 2.22912240543238e-006 -3.73778829907663e-007 
3.05304407792919e+005 5.78036066196267e+004 -1.98434301779117e+004 -4.36014605616000e+002 1.31501319619199e+002 -5.03246877325928e-001 -7.05390320867770e-001 2.48067987599056e-002 4.39571393501415e-003 -3.17857568707901e-004 -2.71968894963797e-005 3.50266820156005e-006 1.37181978232852e-007 
1.03472578941292e+005 3.23388593057159e+004 -6.69200342602098e+003 -2.83737555223643e+002 4.61029768951680e+001 4.98763060648931e-001 -2.66250090953274e-001 4.98256500774845e-003 1.78848923558826e-003 -8.93375778225053e-005 -1.21946216804342e-005 1.11593357041460e-006 7.47791564595520e-008 
-2.20127701484752e+005 -1.43807349617588e+005 1.21419132478769e+004 1.10219480822722e+003 -7.95916064638369e+001 1.13637688488895e-001 2.52362297639639e-001 -2.54321336160195e-002 5.00459284138627e-004 1.12921458984776e-004 -1.20857163482873e-005 2.98937332085538e-007 5.65630952572122e-008 
2.67665766864191e+005 -9.10514971051428e+004 -1.47675791224064e+004 1.03605128910095e+003 4.03949116034949e+001 -4.65726677294079e+000 2.13361903346989e-001 5.96092591847034e-003 -1.86177404067742e-003 1.06468175616895e-004 2.62835961126949e-006 -9.09937343177806e-007 6.02023472855282e-008 
1.12083817096493e+005 -2.32442290389360e+004 -6.16873075880784e+003 2.98972762752691e+002 1.99557069646962e+001 -1.68551003963749e+000 6.01935807636141e-002 3.86278743957178e-003 -7.06582805082242e-004 3.08730737786928e-005 1.76348054737200e-006 -3.49051263065501e-007 1.79535115824182e-008 
-3.83147269340430e+005 -1.40870455773704e+004 1.83384918487282e+004 -1.06086268821715e+001 -5.81839641183425e+001 8.22227883171997e-001 -6.35569952791121e-002 9.30314377865126e-004 4.59157495499103e-004 -2.35505626385348e-005 8.47762781384879e-007 -1.38424742609565e-008 -5.85263502012656e-009 
1.09876913916878e+004 -1.53804130646373e+005 -6.71432285454302e+002 1.19393031697104e+003 -8.89897280179138e+000 -1.09746176242153e+000 3.11251823624816e-002 -7.82607893906632e-003 2.73423820060657e-004 8.37853732166499e-006 -9.20148164089273e-007 1.01066876499879e-007 -5.90414346501013e-009 
3.00991141788531e+004 -5.48226315379895e+004 -1.50303285795829e+003 4.31827356136058e+002 8.13247105419315e-001 -4.46480765015664e-001 1.54472859442942e-002 -2.90008848913473e-003 6.75594070422335e-005 4.60708701278282e-006 -3.88714680724246e-007 3.75259073192561e-008 -1.73970302280222e-009 
-2.75621333516704e+005 1.17132902027789e+005 1.29775221582720e+004 -8.62449177464610e+002 -4.90095309408866e+001 6.45865254666083e-001 6.96157554843104e-002 5.49627762921280e-003 -1.54532164623658e-004 -1.75168724044771e-005 1.02284790867086e-007 5.16972690621466e-008 3.18785576343807e-009 
-2.59442691347624e+005 -1.05981568079926e+005 1.20527588701431e+004 8.62020335680691e+002 -3.53216459257887e+001 -1.83797683368173e+000 -4.31809909019007e-002 2.82343705232676e-003 3.22674248818679e-004 -7.23531473338891e-006 -8.30699882564610e-007 -2.13735079593212e-008 3.13273849868463e-009 
-7.54398709057839e+004 -4.65601163140687e+004 3.46569914584463e+003 3.71685526544603e+002 -9.28955606032631e+000 -7.08301678419279e-001 -2.07396500752340e-002 6.37769812079645e-004 1.27517099216523e-004 -1.38764683118735e-006 -3.07380059120924e-007 -1.13996412205344e-008 9.12249653424783e-010 
2.14214329772960e+004 1.67993150578930e+005 -1.25145599642398e+003 -1.41636464752974e+003 -1.17573134389484e+001 3.17946827308575e+000 9.48722314524923e-002 -3.80505944143338e-003 -1.57782465183104e-004 2.13320485454130e-005 2.86332691359245e-007 -1.28737494542372e-007 -4.16292322689852e-009 
-3.50958915479403e+005 1.92516048186893e+004 1.77234538201174e+004 -1.09043351588947e+001 -7.18244985331479e+001 -1.20882762473980e+000 1.02450818714430e-001 4.30355315874934e-003 -2.26083336169372e-004 -3.43630214034108e-006 1.69875658028240e-006 3.46939188909174e-008 -7.63581288347759e-009 
-1.29278788408669e+005 -4.71364814383474e+003 6.51252545472825e+003 9.55748790136505e+001 -2.51225611971401e+001 -6.63546873511351e-001 3.02151299025904e-002 1.82564060823465e-003 -7.06145551809593e-005 -2.72661791401998e-006 5.95396060581197e-007 2.16184352271484e-008 -2.47198690661888e-009 
2.94890642569408e+005 9.22406346635190e+004 -1.69839680609605e+004 -1.01096012911787e+003 6.54005270582467e+001 4.11341145448639e+000 -1.58017965415637e-002 -5.05155716601759e-003 -3.86127574135186e-004 -4.56849764690902e-005 -7.53785198525629e-007 2.49381928147611e-007 1.64939720530712e-008 
-1.85444023850434e+005 1.40162212100001e+005 1.04145482087446e+004 -1.19080042151975e+003 -6.48001641864683e+001 2.17556537346753e+000 1.79045658530578e-001 4.18024713632125e-003 1.99079132983566e-004 -1.36161429989435e-005 -3.87384370532068e-006 -1.54720189139527e-007 9.03211816335844e-009 
-8.82590842300868e+004 4.44569766828569e+004 4.97463484616150e+003 -3.59859119567355e+002 -2.80951534370571e+001 4.92384956965584e-001 6.59127104816345e-002 1.88652156275356e-003 1.00199503307944e-004 -1.70820561184909e-006 -1.35256813200255e-006 -7.38470389046725e-008 2.09815265355731e-009 
3.21437403654560e+005 -6.86488443738720e+004 -2.04166944120956e+004 5.83983660673442e+002 1.20349381635988e+002 -3.45154315469134e-001 -4.42527130941082e-001 -1.87735929461748e-002 1.14563414215703e-003 1.92405632610256e-004 3.32090913124302e-006 -1.16745581461211e-006 -8.59102746571237e-008 
1.23759750107714e+005 1.53713044621411e+005 -7.79957545521607e+003 -1.61048602983099e+003 2.87809206162537e+001 7.02303593430789e+000 9.93121729267777e-002 -2.35247502642106e-002 -1.92291940540764e-003 2.86346684106693e-005 1.50538447337440e-005 6.23130964952961e-007 -7.12044476024902e-008 
2.22890149953259e+004 6.07454301083154e+004 -1.38310440096956e+003 -6.25296636881733e+002 1.85075715827351e+000 2.56871069446575e+000 6.77198329561377e-002 -7.18962125419394e-003 -7.79896807714900e-004 -3.34130266440746e-006 5.22714509004081e-006 3.09432078585171e-007 -1.97141180889823e-008 
1.27848810326174e+006 3.48243635735345e+002 -2.80794177109472e+001 -7.00335877336500e-002 1.08008136632991e-002 -1.08407926348088e-003 6.48153401865814e-005 7.45746760402322e-006 -2.46085563829368e-006 3.00223958635179e-007 -3.93178690691391e-009 
2.94990533284252e+005 9.47597506301217e+003 3.42571949137069e+000 -2.11462481767473e-001 4.27188914401138e-003 2.35303151536916e-004 -1.10944620455755e-004 1.57945819833052e-005 -7.49749359691667e-007 -1.69896711981514e-007 4.46216482885170e-008 
8.47484960902054e+004 4.02649709936308e+003 2.45005874785894e+000 -1.00395305585442e-001 1.38857292818287e-003 2.34456951356062e-004 -6.60700031673940e-005 7.66428758359791e-006 -1.45114699087445e-007 -1.21184781586186e-007 2.42298354925924e-008 
1.27895864210342e+006 1.22106142986174e+002 -2.83200288243472e+001 1.15860919715310e-002 2.85850439966591e-003 -1.85669002174813e-005 9.13120326761082e-006 -1.18532201077385e-006 1.14965469752735e-007 1.69754224407419e-009 6.68214397781535e-011 
3.13962626546298e+005 9.49431177410695e+003 1.25171747025718e+000 -1.58604412092088e-001 1.82557314969019e-003 -8.47138851423684e-005 1.07005220430315e-005 -4.01592717664727e-007 -1.34159997061189e-008 6.77027529981057e-009 -8.18418665020023e-010 
9.28175882752994e+004 4.04171875044484e+003 1.39634676350779e+000 -7.76766563371389e-002 8.15925090809223e-004 -4.83850688873792e-005 4.74235283016295e-006 -8.95294632981299e-008 -1.91125561930147e-008 4.09599379682033e-009 -4.56015958152827e-010 
-6.66893518582911e-005 2.17274019183429e-007 7.65147174042997e-007 6.86005692409622e-008 -8.85127990331557e-008 -6.75399094251659e-009 5.56495346192376e-009 4.67762261119683e-010 -2.72535360074836e-010 -2.67838693326369e-011 
-3.26851156472344e-005 -6.95040501388826e-007 -9.15871605334043e-008 1.18777665597002e-007 1.19713248351856e-008 -9.17141440580816e-009 -8.02201350914780e-010 4.57476747374372e-010 4.10376991713376e-011 -1.74703413437613e-011 
-6.51742445590061e-005 -7.01387171368082e-008 -5.48945230351656e-007 1.07393360301055e-007 2.63732470388387e-008 -5.98349185545636e-009 2.80526770784326e-010 2.91971714141403e-011 -1.71672767707388e-011 9.95800071837843e-012 
-3.30498570143244e-005 2.73589453763051e-007 -9.88590544770080e-008 -6.10975936418670e-008 1.18138172512856e-008 5.89122160377199e-010 -3.74996764853367e-010 1.24770312477472e-010 -9.93361132335151e-012 -6.04414443312226e-012 
-6.50385575971295e-005 1.16171239013879e-006 4.81426794179461e-007 -8.68373024066878e-008 -3.24671829240819e-008 1.65519313276141e-009 9.15246409439457e-010 6.74926553607472e-012 -1.97034648161060e-011 3.40328405783582e-012 
-3.34628142753105e-005 -4.51344237507299e-007 1.50591116938624e-007 5.91375992024702e-008 -6.40857914575903e-009 -2.38871699350988e-009 -1.89285403821431e-011 3.83866390285806e-011 6.19375980464562e-012 -3.01621281401515e-014 
-6.33534011337063e-005 -2.41751913808408e-007 -2.27659527875877e-007 2.18204632667905e-007 3.73232929893314e-008 -1.03307154058255e-008 -2.25480106635086e-009 1.04747858816043e-010 6.47059723646056e-011 7.79451569285149e-012 
-3.33051006064672e-005 2.28222689529438e-007 -2.49075250730948e-007 -5.15205647700228e-008 2.23848116519198e-008 4.31312295172811e-009 -5.78395366502237e-010 -1.93500734590686e-010 -5.08402878011196e-012 5.19920156452654e-012 
-4.59214371118648e-002 -5.10537951547534e-004 5.27117348515004e-005 -4.71522591240058e-006 -6.37487152074141e-006 1.06351865653864e-006 2.98095401170204e-007 -4.41906690590873e-008 -1.06931922359034e-008 1.37916847483266e-009 
4.28368722710440e-001 -5.61970774366350e-005 1.67252551609785e-005 -8.89510278033475e-006 1.60351000342336e-006 6.00582395200798e-007 -9.78154834544406e-008 -2.35944163638037e-008 3.33315239808938e-009 8.32879312306368e-010 
9.58939028693282e+002 9.20299995420849e-001 -4.67066917055741e-005 7.79585136164149e-006 5.79582538811548e-006 -1.05669819636209e-006 -2.72904502662273e-007 4.27981970992384e-008 9.83645523578411e-009 -1.33789354800581e-009 
-4.67321948511217e-002 -2.84481541343683e-004 8.23072333800517e-005 2.35117080321790e-005 -1.16233736962173e-006 -1.00027055163883e-006 4.84871427128202e-008 1.20452991242972e-008 -1.72250142417026e-009 1.84723096145368e-010 
4.28381078619339e-001 9.12920529530303e-005 3.06497734099476e-005 -4.40458703850579e-006 -2.37475380650239e-006 8.36464969582854e-008 5.57717392152642e-008 -4.47523243013337e-009 -6.45654224121247e-011 7.50223426781278e-011 
9.60779526378989e+002 9.20193743242254e-001 -6.11259719680301e-005 -2.28328324742635e-005 9.25070777346347e-007 9.37868587659456e-007 -4.71648418281594e-008 -1.09268714877478e-008 1.63154645323198e-009 -1.79479498913418e-010 
-4.65270271090062e-002 3.82173208935039e-004 -4.22100997864516e-005 -3.85399056707773e-005 1.00714214519390e-006 1.12555009068708e-006 1.19532124780260e-008 -1.70620928351849e-008 -1.02491043487736e-009 1.34703431914338e-010 
4.28443610011967e-001 -1.23448050350122e-004 -7.05831453007299e-005 3.04028727180373e-006 2.97821196872307e-006 -2.34289913329132e-008 -6.28354232344154e-008 -2.00150517685928e-009 6.91065718436712e-010 6.95347981642029e-011 
9.62619255726913e+002 9.19616276250052e-001 3.19485995734730e-005 3.35751073204216e-005 -8.46197340094961e-007 -1.01679320182328e-006 -1.05553817123623e-008 1.55237347498125e-008 9.33267091646511e-010 -1.21399023394335e-010 
-4.66566565692695e-002 -4.94774467683710e-004 -2.90380644965047e-005 3.12732961968457e-005 -2.73201634884803e-006 -1.40014801968848e-006 8.48454066029647e-008 3.77575581876446e-008 4.72533028470459e-010 -5.57847036895874e-010 
4.28032275927165e-001 -1.77824916695299e-004 4.62277268108924e-005 -2.24551353978481e-006 -2.91279515287478e-006 2.53867316615505e-007 1.01609685730101e-007 -2.75462503356166e-009 -2.10253694091351e-009 -1.26721873807556e-010 
9.64459216104669e+002 9.20324239969467e-001 1.51599526428455e-005 -2.72042557457386e-005 2.76448097387906e-006 1.27706788336633e-006 -8.06456783017903e-008 -3.49488265123217e-008 -4.45923371357764e-010 5.19037959686654e-010 
