-5.05088183026192e+007 -8.43357826605828e+006 1.25320311316381e+006 -4.80859828607981e+003 -3.10211506228813e+003 2.28590017092087e+002 -6.99561838888649e+000 -3.91022395662694e-001 6.66227339496138e-002 -4.11717042760097e-003 3.94991417602094e-005 1.80697355692765e-005 -1.93044483419195e-006 8.51785320809469e-008 
1.25370096360808e+007 -1.37164609506283e+007 -3.06232210107042e+005 6.59005462977013e+004 -2.29379403005854e+003 -3.36222969517530e+001 1.15945417687703e+001 -8.44363534016680e-001 2.08524909860634e-002 2.23600506022586e-003 -3.12666912750692e-004 1.74816827953284e-005 4.26464647852478e-008 -1.00998428850865e-007 
1.18605386416495e+007 -6.45283572624626e+006 -2.93527893139270e+005 3.57008774607043e+004 -9.03616166732093e+002 -4.16631314480452e+001 6.91887719252093e+000 -4.10489884765370e-001 4.23058131115259e-003 1.62132956209220e-003 -1.71113745912457e-004 7.46454711532146e-006 2.22951331394067e-007 -6.27828288326797e-008 
-5.79408639129908e+007 7.99465631486835e+005 1.01597710866865e+006 -2.78675894978587e+004 -3.31651338897184e+002 6.16365059337820e+001 -4.56181438630880e+000 2.02964746706563e-001 -4.29212887254669e-003 -2.62018024731125e-004 3.80051529631931e-005 -2.62794140808315e-006 1.13070855995889e-007 -1.29532043473355e-009 
-1.52739717938588e+007 -1.36128286064081e+007 2.73328888303822e+005 3.26263918916090e+004 -1.60202496273342e+003 5.64719990984776e+001 -5.57503594013239e-001 -1.11844275847771e-001 1.12663093556973e-002 -6.58440400525835e-004 2.27412200055181e-005 1.38380625809498e-007 -9.31616970922149e-008 8.32637515657590e-009 
-2.22542646621659e+006 -7.35486999697368e+006 4.06562633953119e+004 2.03177799233801e+004 -8.21367983200355e+002 2.37745509085648e+001 1.75221772352502e-001 -8.07900057891632e-002 6.46321276226585e-003 -3.24551505195334e-004 8.20689694182135e-006 3.46415860670018e-007 -6.14889464300215e-008 4.58203231442240e-009 
-4.92942693438715e+007 7.56275939166720e+006 6.75644749170100e+005 -2.76504516588726e+004 1.74020035324567e+002 2.52054919323342e+000 -1.04236977212298e+000 5.99404610112724e-002 -2.89763229785862e-003 1.01138298541149e-004 -1.93390718294009e-006 -6.72276918309804e-008 1.03414087195390e-008 -7.10295368987130e-010 
-3.93290907539879e+007 -1.02178712225442e+007 5.44328878507350e+005 1.47483525660047e+004 -7.21111303376675e+002 3.01087517236588e+001 -1.08750778029621e+000 1.91317114080784e-002 3.59820513008991e-004 -7.91006770095477e-005 5.35744533335164e-006 -2.73623718410987e-007 1.02612283874425e-008 -2.23124907432875e-010 
-1.59723364543180e+007 -6.24267449247939e+006 2.20706896106537e+005 1.07453062889628e+004 -4.03242520120860e+002 1.58218970797471e+001 -4.72831044471115e-001 4.00427171535186e-003 4.92668319126905e-004 -5.27406612310509e-005 3.06233077718742e-006 -1.39191257497646e-007 4.40894168955479e-009 -4.55350835916531e-011 
-2.97825852685202e+007 1.16852292664652e+007 3.58993864649390e+005 -2.54025257927861e+004 6.82414170595795e+001 -1.00425223939500e+001 -2.28217104567605e-001 9.82403376490972e-003 -6.58852126260197e-004 3.17006881883063e-005 -9.49941928060371e-007 3.84204558424208e-008 -3.99200683278391e-010 -3.24419186240285e-013 
-5.49632929850365e+007 -5.31399330530234e+006 6.67863241398438e+005 6.79252164554445e+003 -3.37083611056521e+002 1.01370443127216e+001 -6.25112696460785e-001 9.83195777500897e-003 -5.21472025866141e-004 -1.89671196952459e-006 2.06405073359176e-007 -3.09344537781141e-008 1.56404662230708e-009 -6.73737181928986e-011 
-2.63476419007182e+007 -4.05062176967402e+006 3.19529829559182e+005 6.26242374692336e+003 -1.87137230057172e+002 6.45625422769916e+000 -3.10253620696564e-001 4.23328677486062e-003 -2.10238103368076e-004 -4.30028890253310e-006 2.08757589849007e-007 -2.05082311474924e-008 8.76864772403067e-010 -3.59555398406961e-011 
-4.48378984245477e+007 -2.18790431544410e+007 5.77742864457181e+005 4.67680505394684e+004 -6.11930792431847e+002 -3.19101991230072e+001 2.69291496713189e-001 1.28211017710002e-002 -7.11513808063426e-005 -4.87064550658937e-006 
8.72906512414198e+007 -9.91093106803195e+006 -1.11429412225937e+006 2.08980194498412e+004 1.21615451704741e+003 -1.34953483338801e+001 -5.98730972364301e-001 4.49314578700240e-003 2.22855232862372e-004 -1.16293445583526e-006 
4.20909542775664e+007 -3.07487743418841e+006 -5.37892718582649e+005 6.44273246529907e+003 5.85885366842025e+002 -4.05243690568370e+000 -2.86415765906549e-001 1.21040079767433e-003 1.04695287911875e-004 -2.01102569243795e-007 
-8.23445295254221e+007 -1.52243208614884e+007 1.06060885395340e+006 3.23381127841576e+004 -1.15841374653181e+003 -2.15498775624863e+001 5.71931440215638e-001 8.03314224372890e-003 -2.14440472246716e-004 -2.61230803409117e-006 
5.95655084835538e+007 -1.75167015847174e+007 -7.58052756685001e+005 3.74730558062399e+004 8.16664106726666e+002 -2.56097741345687e+001 -3.83707840815759e-001 1.03522501248007e-002 1.26231745376299e-004 -3.95342075074582e-006 
3.19898336061115e+007 -6.91790916535085e+006 -4.08171876385635e+005 1.48131671930874e+004 4.40731669796444e+002 -1.01584398537757e+001 -2.08826313581687e-001 4.14922693601736e-003 7.03643989053549e-005 -1.61346616102125e-006 
7.98283403548808e+007 -1.76018547854321e+007 -3.92558009955098e+005 1.40759221317650e+004 1.83951356560543e+002 -3.47036780445164e+000 -4.73784697754320e-002 3.75167245402710e-004 -8.48350967535645e-005 -6.42644577531468e-006 4.42203364423188e-006 1.11859114775374e-006 -9.11439446273894e-008 
1.14084442475316e+008 1.01470142183238e+007 -5.58265144341678e+005 -8.77171954917684e+003 2.25578973787231e+002 2.83881363140330e+000 -3.75015831673379e-002 -1.14258195266957e-003 -5.84217345974742e-005 1.98529968545299e-005 6.14466826575468e-006 -1.83762946534661e-007 -4.46020338178323e-007 
4.94466761920790e+007 4.39922633896289e+006 -2.42024204685512e+005 -3.80284613415822e+003 9.77957198613105e+001 1.23036863982467e+000 -1.63596527572258e-002 -4.62707812050345e-004 -1.58346723056304e-005 7.34799763183195e-006 1.96759640584019e-006 -1.09574870941844e-007 -1.53654404058535e-007 
4.20506476185360e+007 -2.00223039669483e+007 -2.08471107724509e+005 1.64049622269097e+004 1.03973435125352e+002 -4.45834980979028e+000 -3.11242542132266e-002 6.51608365364056e-004 -1.45098838643241e-005 2.41469803495198e-006 6.87158007420222e-008 9.69628607116248e-008 -1.68638168881579e-009 
1.29624954031764e+008 5.32516316947245e+006 -6.40177475457962e+005 -4.76494297254494e+003 2.71643379665041e+002 1.70946667380544e+000 -5.56744561338523e-002 -7.94914147861678e-004 2.68612376925128e-005 6.58525760307400e-006 7.06417557016563e-008 2.25823387676978e-008 -4.35919919352838e-008 
5.61843388852139e+007 2.30881099565184e+006 -2.77536189021896e+005 -2.06578823875025e+003 1.17765185679914e+002 7.40714134475798e-001 -2.40925986060584e-002 -3.16262592599043e-004 9.40205851994244e-006 2.02083159755248e-006 5.49978013338678e-008 1.38151229037571e-008 -1.51449787041246e-008 
4.32883125240976e+007 -3.15568438580105e+007 -2.24838597179093e+005 2.86327649103565e+004 -1.87439784371103e+002 -5.29683844505936e+000 2.02142678396488e-001 -3.21693912879530e-003 -1.38506343353370e-005 1.46487495718363e-006 -8.18361633460230e-008 
2.06105915853277e+008 8.01250306846341e+006 -1.06297479530639e+006 1.05738380970818e+002 4.50565873446104e+002 -7.25361488675491e+000 2.56896753751562e-002 2.94231285135779e-003 -9.88631745645760e-005 7.05978389883896e-007 6.38842006406439e-008 
9.33372522116418e+007 4.52744016148748e+006 -4.81478972425757e+005 -7.25105691638788e+002 2.11722237959730e+002 -3.18343109060829e+000 6.37384550389584e-003 1.43753927129304e-003 -4.55988892621348e-005 2.22997178620244e-007 3.20566705421815e-008 
-1.57111530655751e+007 1.78343592684959e+007 2.04807052575299e+003 -3.86081139666361e+002 -3.34915761119493e-001 1.97935668032267e-003 6.14990802225244e-006 -8.22397996439540e-009 
-7.22444453478758e+008 6.12794243390494e+005 9.41223264338409e+004 3.76358354964895e+001 -9.64287727043070e-001 -1.50534766997556e-003 1.50363565384066e-006 5.64933006956302e-008 
-3.09286556830122e+008 -1.71621733087041e+005 4.02938629413152e+004 2.55315700540123e+001 -4.05165261155511e-001 -6.93448561413964e-004 5.22812123285830e-007 2.28949357094433e-008 
-1.22126089016148e+009 -7.00368480464036e+006 2.91670742202452e+004 2.13244023493656e+001 -7.08727451354671e-002 2.42007365511932e-006 1.41667650809371e-007 
5.83832642424228e+008 -1.10271021536989e+007 -1.39333803272416e+004 4.70231762166742e+001 1.45024232469909e-002 -8.12327008406930e-005 7.22040746241406e-008 
2.93718673763437e+008 -4.25312892470641e+006 -7.01062001790394e+003 1.85037682008035e+001 9.03720625089398e-003 -3.36810230759729e-005 2.34196381067339e-008 
2.93402826046272e+009 1.97563115471302e+006 -6.85548443113392e+003 -7.39350140686808e-001 1.12005146719308e-003 1.39367446889578e-008 
-5.82768557395611e+008 8.02589655296285e+006 1.36110080397745e+003 -3.13487186452629e+000 -2.05930140624075e-004 2.73296681441178e-007 
-2.96735895673519e+008 3.48720261658061e+006 6.93087360064509e+002 -1.36255189601984e+000 -1.06169709347701e-004 1.19025794438023e-007 
3.50055630354299e+009 4.66218669437549e+006 -2.44849514795671e+003 -5.62568187004702e-001 1.36332969074539e-004 6.55306689281789e-008 
-2.57651861674560e+009 5.50136342069674e+006 1.80237056189469e+003 -6.27892375629978e-001 -1.05787994387540e-004 1.34189293467825e-008 
-1.14173370770264e+009 2.13566715079168e+006 7.98675582016090e+002 -2.43010186623017e-001 -4.66485674276437e-005 4.70529044850292e-009 
-1.22725150867116e+008 7.64803935876631e+006 7.54844859103029e+001 -7.90990348597538e-001 1.38989865896105e-004 5.17062808867991e-009 
-4.48917847644091e+009 -6.59571199662226e+005 2.75676185982324e+003 -2.73697926778868e-001 -1.97711342359593e-004 8.43797379416639e-008 
-1.36395734125758e+009 -2.51016487111792e+006 8.37542570150445e+002 1.53289343670351e-001 -1.02951848770942e-004 1.03034454248090e-008 
3.58448820905648e+004 1.64250697167147e+005 -1.98793557549709e+003 -1.32001825217571e+003 -7.78702919497177e+000 1.95978550720132e+000 4.08838666085004e-002 3.70058122612044e-003 3.11837970795910e-004 -2.04275795928653e-007 -1.33310114978272e-006 -6.68405397826140e-008 -2.76858710491636e-009 
-3.36226276299588e+005 1.65153249021193e+004 1.62859368433192e+004 4.55162207669664e+000 -5.70710053984399e+001 -8.64364356340292e-001 8.77070855129861e-004 -8.96362603202545e-004 1.75459707699287e-004 2.40363633641847e-005 7.43634625175850e-007 -1.64967307440598e-008 -1.70193399352099e-009 
-1.76515864933584e+005 1.60787770804447e+004 8.56458657307830e+003 -5.81405849074070e+001 -3.07711888862743e+001 -3.65160682644694e-001 2.65117368002786e-003 -3.08418809856003e-004 1.07180365981151e-004 1.27459603825100e-005 3.32690283153333e-007 -1.19279510678501e-008 -1.02988771833841e-009 
2.99115730042910e+005 8.64355071911740e+004 -1.69746257008716e+004 -1.02734459774836e+003 5.34850225678106e+001 4.75255869436089e+000 1.66030827105118e-001 -4.26967996534742e-003 -1.54106539579578e-003 -1.09855684553833e-004 -1.76810355138907e-007 6.37680664212388e-007 6.05376941262648e-008 
-1.84529123660866e+005 1.30235597652712e+005 1.03243097086018e+004 -1.03128565519694e+003 -6.90602142890205e+001 3.91739602009173e-001 1.97540137513590e-001 1.84361416160772e-002 6.26058153843875e-004 -6.12167742844068e-005 -8.94125830758244e-006 -4.26616959043239e-007 1.62872077723352e-008 
-8.42908347669897e+004 7.29366429610252e+004 4.70471123344530e+003 -5.95509577334575e+002 -3.41871722986493e+001 4.34887569336204e-001 1.12498253106670e-001 9.56598364812061e-003 2.60284297513808e-004 -3.75531272765476e-005 -4.74811264709288e-006 -1.96507280946004e-007 1.14433194135673e-008 
3.12631767505339e+005 -7.62245333205314e+004 -2.07553283600262e+004 6.33356716822295e+002 1.40892138129386e+002 1.27902705194269e-001 -7.52533414876721e-001 -3.36013173519682e-002 4.03582181620082e-003 4.51501115822299e-004 -1.36659119150765e-005 -4.55869785696852e-006 -8.78610829959575e-008 
1.08064376237298e+005 1.47677337922017e+005 -7.12079385830180e+003 -1.65208731365900e+003 2.15021012974765e+001 9.03500193348431e+000 2.02249935494682e-001 -4.88780064968010e-002 -3.71088716891477e-003 2.25815015532926e-004 4.13855810246742e-005 -7.92536144211412e-008 -3.74327196296947e-007 
7.13231494465218e+004 7.47289967114174e+004 -4.73349352393392e+003 -8.47417228042202e+002 1.80063409196820e+001 4.80059152785138e+000 7.20772010462499e-002 -2.74807376699205e-002 -1.77976975565688e-003 1.40678408275262e-004 2.13055821443211e-005 -2.53541294652967e-007 -2.02512998512950e-007 
4.12623718650945e+004 -1.79867042863418e+005 -2.73884894498239e+003 1.96405729352476e+003 -1.15312536695863e+001 -1.01869608584727e+001 3.94771691150683e-001 5.34130256340625e-002 -4.95010708509710e-003 -2.60036854901031e-004 5.18290770182653e-005 4.12249983598836e-007 -4.90393784473310e-007 
2.96279923979904e+005 2.99954652070115e+004 -1.95492625253043e+004 -1.34761577021446e+002 1.27933069834559e+002 -2.31593699796494e+000 -6.51177915398952e-001 3.95711535218512e-002 3.50496444109621e-003 -4.49485208982343e-004 -1.38937563448468e-005 4.51482711345971e-006 -4.01617810288914e-008 
1.58481141663122e+005 7.54632759054479e+003 -1.04892160612549e+004 2.02517640574261e+001 6.73850229465130e+001 -1.70284177481042e+000 -3.27205207359354e-001 2.34620758382976e-002 1.62897765491896e-003 -2.50370936239461e-004 -4.96306843828512e-006 2.41265227799233e-006 -4.40251594272544e-008 
-2.75318636884814e+005 -1.21586753772181e+005 1.52738417926708e+004 8.53732514959915e+002 -8.79458992969299e+001 1.22665171472248e+000 1.81555836433334e-001 -2.59195522846992e-002 1.14938883207620e-003 6.37646717239649e-005 -1.23846095597039e-005 7.01401362796777e-007 2.03616343294463e-008 
2.14852702483494e+005 -1.04928423633128e+005 -1.19698837001105e+004 1.12471213442342e+003 2.53784405728826e+001 -4.22792612598352e+000 2.38050507281074e-001 -5.99219635126428e-004 -1.51364021101904e-003 1.27268508072516e-004 -1.62758611691466e-006 -6.74662402022360e-007 7.29260077857718e-008 
1.00654665063132e+005 -6.12166627792033e+004 -5.62185307084041e+003 6.37284918587019e+002 9.36834044252753e+000 -2.19131494699500e+000 1.34570909988338e-001 -1.51211520300021e-003 -7.49293556017083e-004 7.04352582387439e-005 -1.43603159044465e-006 -3.25206190984736e-007 3.96029157294366e-008 
-3.79099561792922e+005 2.01662522165195e+004 1.81711898726572e+004 -2.87479116045478e+002 -5.60664899382604e+001 1.11044473156229e+000 -5.40116524540197e-002 3.11980150452113e-003 2.99972392994123e-004 -2.66709682122561e-005 1.01050768241840e-006 -3.90156149939544e-008 -1.94795282591723e-009 
-4.62800463247247e+004 -1.44477901266941e+005 2.02386284543642e+003 1.10475534257604e+003 -1.75054997107014e+001 -1.01303139392912e+000 1.76400172213860e-002 -5.89082824555691e-003 3.55922444308218e-004 9.15213898103498e-007 -7.23185627919291e-007 7.04084064446518e-008 -6.18815563879612e-009 
-4.23270703493829e+004 -7.54287124998740e+004 1.94319859444354e+003 5.72578953177597e+002 -1.20195567175455e+001 -4.91117309458757e-001 7.01153549916246e-003 -2.96829893580604e-003 2.02822596217501e-004 -7.55994422253219e-007 -3.37891834472726e-007 3.54989579356349e-008 -3.36791078698648e-009 
-2.14144264695239e+005 1.37910775832692e+005 9.95142309755009e+003 -1.03736110684194e+003 -3.71476930642542e+001 1.26032739627687e+000 6.14359462262964e-002 2.34701996764564e-003 -2.32467584463751e-004 -4.19914652827575e-006 7.92568654246993e-007 2.69884576251882e-008 -1.16780099999038e-009 
-2.81461560174862e+005 -8.15976627125923e+004 1.29070412655214e+004 6.51770143001876e+002 -4.05745799411042e+001 -1.37418453991256e+000 -6.31264139402619e-003 2.90957560398786e-003 1.15014748824827e-004 -1.32074981706740e-005 -2.17098951866820e-007 2.88527657487270e-008 2.49439343600404e-009 
-1.58698713871387e+005 -3.64454191784261e+004 7.31839571137203e+003 2.94860156923184e+002 -2.34189608902656e+001 -6.68013500678553e-001 -4.41504544954977e-005 1.65736286959097e-003 4.96299777033008e-005 -7.21130016912875e-006 -7.62463827096595e-008 1.66572544034332e-008 1.26201063617311e-009 
9.63588977503990e+004 1.60111393760966e+005 -4.94624769992273e+003 -1.34216134500740e+003 4.06507020358376e+000 2.78174397629951e+000 4.69616507745334e-002 -1.27802945301821e-003 1.21075471993328e-004 1.09217442987423e-005 -1.05799409523826e-006 -8.96480234555309e-008 8.18429183898041e-010 
-3.25743703174915e+005 3.99135244655067e+004 1.59810111747887e+004 -1.95872524880850e+002 -6.26253750491196e+001 -5.42412187629091e-001 6.44542201303694e-002 1.02438111638885e-003 -5.79921405331644e-005 1.42041856769959e-005 1.08320741022865e-006 -3.51809879971113e-008 -4.29274159290728e-009 
-1.66954184823034e+005 2.89504832783059e+004 8.21188771786364e+003 -1.70680608645062e+002 -3.30444413611568e+001 -1.45462633761227e-001 3.67657801727254e-002 4.80117841041203e-004 -2.49354633647765e-005 8.04617063342544e-006 5.20494585346511e-007 -2.31450603393481e-008 -2.23525730295653e-009 
6.32443657467095e+004 -7.55282133048421e+003 -3.69887921191338e+000 -8.70541799578655e-002 4.72448463713303e-003 -6.41258434869994e-004 7.57313756306048e-005 -2.77043546901776e-006 -6.41793572820579e-007 1.62921654913170e-007 -1.86708811827252e-008 
6.79508353841616e+005 1.04916198581128e+003 -1.69665885772105e+001 -9.51648914549233e-002 1.93879131459071e-003 -1.77941815217120e-004 -3.44859673572873e-005 8.95788282570309e-006 -1.03992719878601e-006 2.44481498809855e-008 8.73191856875215e-009 
2.82282467020054e+005 5.90869472857246e+002 -6.94504460073266e+000 -4.50205266741094e-002 8.64859894445109e-004 -2.62328799846475e-005 -2.64210151109219e-005 5.07089350784937e-006 -4.88912538431147e-007 -1.56709685250006e-009 6.61476168283385e-009 
4.81063866903083e+004 -7.58581261392417e+003 -4.48836359306128e+000 -4.96221780636804e-002 2.16661915742828e-003 9.56139176061852e-005 4.02134619226008e-006 -6.11200689427912e-007 6.47312876200707e-008 -2.72385461108370e-009 3.13912725319940e-010 
6.81467481535089e+005 9.09056985206588e+002 -1.80640123440506e+001 -9.66793195747698e-002 -1.46249831233448e-003 -4.36059313797083e-005 9.89676830847835e-006 -3.78408509911573e-007 1.41538287553680e-008 -1.85682513281297e-008 -3.88001567362671e-010 
2.83407020852718e+005 5.33260989379609e+002 -7.45640948061542e+000 -4.44274284285542e-002 -6.76025571906583e-004 -3.44426790546100e-005 4.72669440398525e-006 -1.38491260457646e-007 9.21697917957120e-010 -7.32234283949821e-009 -2.27169529087828e-010 
3.07339146288759e-005 9.83114737693578e-007 -5.73506099002868e-007 -1.25730353841109e-007 3.66998166289040e-008 8.07914182568071e-009 7.70853124317129e-011 -1.16143540718157e-010 -2.39995476633320e-011 -4.96545778807427e-012 
3.86071180996115e-005 1.58213509874459e-007 1.46226912552171e-007 -8.87322046110736e-008 -1.65230649707083e-008 1.78335646535365e-009 4.59228701796981e-010 7.36690969499453e-011 2.19649614651055e-011 -2.18710151250546e-012 
3.17969620778562e-005 1.74016507946254e-006 9.73116780448309e-007 -1.52836992631117e-007 -1.17222639314336e-007 1.09163336604222e-008 7.78816235229028e-009 -5.26943815007780e-010 -4.04140161146118e-010 1.89155581847602e-011 
3.77481391946724e-005 -1.07340501989613e-006 1.58338124454322e-007 1.66843357158179e-007 -1.82597664886800e-008 -1.35105446428737e-008 1.09893100406368e-009 7.32758793478751e-010 -4.70974557780777e-011 -3.04498067742952e-011 
3.44711250032285e-005 -3.85071763525536e-007 -3.85401021652645e-007 2.26478672982266e-007 4.93247117504463e-009 -7.64214915635127e-009 9.65634968425863e-010 -1.31438419702041e-010 1.15710049513896e-012 1.32895228155413e-011 
3.72012249783070e-005 -7.81901317025095e-010 -2.84907538640571e-007 -3.02099800571595e-008 2.15516755281117e-008 -1.30023729953363e-009 -1.16549735935458e-010 1.02059823964621e-010 -4.19196182619265e-011 1.21689793680944e-012 
3.57441212609620e-005 2.21069289038962e-006 2.29308068252914e-007 -1.85407276340225e-007 -1.77331949848108e-008 5.80835606626526e-009 5.93814824569417e-010 -8.40417630339843e-011 -5.42327993727289e-012 4.74119878423709e-012 
3.62774045857796e-005 -3.69481693455620e-007 3.01902372577368e-007 2.84243974464359e-008 -1.67344032950079e-008 -1.76161249876808e-009 1.86414083778970e-010 6.79672299020499e-011 8.54138252010307e-012 -3.35208221254471e-012 
3.13124720935969e-002 -1.27574421488578e-003 4.45139338937590e-004 5.61093419394077e-005 -1.31489167650226e-005 -8.43277183507954e-007 2.07756422089686e-007 1.50890384614126e-008 -8.60770039218533e-010 -1.21348435430058e-010 
3.84741782756605e-001 6.63641227432021e-004 1.34231368876988e-004 -3.11834471372303e-005 -2.63965920787559e-006 6.61690108991659e-007 4.15769754011732e-008 -6.84787369674626e-009 -6.83826464520114e-010 -3.98370419433619e-011 
3.22546068790669e+003 9.21112355685260e-001 -4.27971843944215e-004 -5.31180241310202e-005 1.23470522367922e-005 8.02523135026927e-007 -1.90354752973245e-007 -1.38177301472651e-008 7.73371891216835e-010 1.01718860340509e-010 
3.22558696414815e-002 1.96055354637667e-003 1.81460327270295e-004 -4.42890250857142e-005 2.76035149869236e-006 -7.25872951821492e-007 -3.07066693374682e-007 5.26706994870465e-008 1.23716825336277e-008 -1.92278072096406e-009 
3.86051413312629e-001 4.13834635608242e-004 -1.37192955721500e-004 -5.15124259542764e-006 4.66856820149183e-007 -4.59106837241204e-007 9.19445690072549e-008 2.39011022238313e-008 -3.92753034660433e-009 -8.98627605008947e-010 
3.22729956310882e+003 9.18016037026149e-001 -1.67278472687438e-004 4.48596344483532e-005 -2.55969013536672e-006 5.71029989669624e-007 2.83256461980372e-007 -4.56134646844026e-008 -1.13820170199739e-008 1.67069238653048e-009 
3.57347981768476e-002 9.65606035207957e-004 -4.70069891912185e-004 -4.94998141693354e-005 8.21967128781651e-006 1.37211286528001e-006 -1.01001916711737e-007 -1.44366756703084e-008 1.76619586976329e-009 -1.98223341186421e-010 
3.85726977550867e-001 -7.05021020813531e-004 -8.59287483652292e-005 2.67219522440716e-005 3.41153737159652e-006 -3.31715388155069e-007 -6.32284558484993e-008 5.51314885973651e-009 7.99276633710200e-011 -5.72624572200915e-011 
3.22913609849194e+003 9.19043244188354e-001 4.50608144402200e-004 4.44606540104179e-005 -7.74842557100561e-006 -1.24464727722366e-006 9.00406397272766e-008 1.34786751579395e-008 -1.57167223398939e-009 1.71601798917968e-010 
3.42046038922258e-002 -2.08266653234568e-003 7.41026543998449e-006 1.05670658774934e-004 -5.90944331015630e-007 -1.91886698284023e-006 -3.79250618107480e-009 2.24874746615674e-008 5.54359550561131e-010 -1.91240196416348e-010 
3.84790932985164e-001 4.20433979432217e-005 2.21593584852467e-004 -9.08414427904159e-007 -5.67829722742953e-006 2.01785573052200e-008 8.04402215123664e-008 9.66825954952269e-010 -7.52735963362214e-010 -3.18974549925413e-011 
3.23097744826803e+003 9.21906020980633e-001 -1.27945756608220e-005 -9.96259337417014e-005 5.98200782219472e-007 1.78670177093056e-006 3.87049344805844e-009 -2.08811476161934e-008 -5.09886514954967e-010 1.79774417695226e-010 
