-4.92292180313502e+005 -1.98165792514340e+007 1.26703728310961e+004 1.31491920526732e+005 -1.71303507172681e+003 -7.06954348465391e+002 2.40344350213925e+001 4.54152687051043e+000 -2.75637130033302e-001 -3.11242536313911e-002 2.99006768531298e-003 2.08903801812243e-004 -3.14132668091494e-005 -1.24109059714721e-006 
3.92473533530605e+007 -3.06317786119650e+005 -1.60206107122789e+006 1.54119587546875e+004 8.30715971943718e+003 -2.21393347984923e+002 -4.85878141756335e+001 2.51441844806792e+000 3.21229971691663e-001 -2.69911095907043e-002 -2.15062519904256e-003 2.82531833670753e-004 1.32527548652313e-005 -2.91403994289720e-006 
2.10117206526216e+007 1.88955903130809e+006 -8.57151762073057e+005 -5.39306159496759e+003 4.61529721427702e+003 -4.50102495806679e+001 -2.84468046982142e+001 8.72599138579438e-001 2.00168494351240e-001 -1.11935951880532e-002 -1.45874414021967e-003 1.29283298617401e-004 1.03350777564281e-005 -1.42810050377422e-006 
-3.58603643562825e+007 -1.46179836548823e+007 1.12460652855334e+006 4.29530856011717e+004 -6.19448830697456e+003 1.98247859259437e+002 1.67415555267015e+001 -2.33161627945528e+000 7.60876559406925e-002 8.85439774928540e-003 -1.20394262477970e-003 3.61701801413114e-005 5.54029352982333e-006 -7.18755035449059e-007 
2.76144720919509e+007 -1.07128011107901e+007 -8.83328948189376e+005 8.16455807583616e+004 -2.17862612761813e+002 -3.22196850217160e+002 2.36435294743253e+001 5.55146584793395e-002 -1.45478703427546e-001 1.09277246767461e-002 9.69380601654282e-005 -8.25746963651439e-005 6.02873780076999e-006 9.58162562805627e-008 
1.84617175713706e+007 -4.20842147652903e+006 -5.88425202250467e+005 3.91648250054949e+004 5.25540578920933e+002 -1.92665287981427e+002 1.08957372755664e+001 2.71278289704953e-001 -8.56011973020537e-002 4.92014553162100e-003 1.76548089196486e-004 -4.78605870538967e-005 2.64648731936993e-006 1.25669578100691e-007 
-5.54206332692123e+007 -4.88578551055834e+006 1.20143807726243e+006 -1.85031399924474e+004 -1.69506861851805e+003 1.60390421755484e+002 -8.06509862548610e+000 1.03225412032243e-001 2.23908263188841e-002 -2.49529788553895e-003 1.36426296050877e-004 -1.73520160128164e-006 -4.67487927009770e-007 5.38388790212774e-008 
1.97352904484097e+006 -1.42303673291610e+007 -4.95404499302105e+004 5.25932558415069e+004 -2.26221698601789e+003 3.44982355564832e+001 4.60990621238517e+000 -5.26545323572433e-001 2.89454175867499e-002 -4.67746631386548e-004 -8.24157272444199e-005 9.96825600528150e-006 -5.79669158889729e-007 9.36449121647158e-009 
6.79031679602754e+006 -7.09607524030891e+006 -1.50967946945995e+005 3.00133608557951e+004 -1.03284433994111e+003 1.80833187072252e+000 3.29843714071217e+000 -2.91983499430508e-001 1.31426401551603e-002 8.70832038929955e-006 -5.81650482098724e-005 5.50497024672121e-006 -2.61220715709613e-007 -5.76622686916614e-010 
-5.64866896202162e+007 3.56006427800091e+006 8.92981783396381e+005 -2.87862996756664e+004 -7.55094600582655e+000 3.01456024997955e+001 -2.80105578190603e+000 1.44515849651328e-001 -5.23165706259504e-003 5.50017292583707e-005 9.92121657644506e-006 -1.05043513814188e-006 6.54041406784408e-008 -2.75013079157565e-009 
-2.52713947376708e+007 -1.26443263972841e+007 3.96824487343832e+005 2.44940853874065e+004 -1.22157997248978e+003 4.84131107477362e+001 -1.18186632356621e+000 -2.28458830184522e-002 4.76639786242928e-003 -3.55646950047748e-004 1.76464687040062e-005 -5.41464704369707e-007 -4.33819617507741e-009 2.05957059721587e-009 
-7.65447053206163e+006 -7.12402235040165e+006 1.19450080181404e+005 1.60680965766495e+004 -6.51799266328509e+002 2.27388820143002e+001 -3.41097150678361e-001 -2.71804773983256e-002 3.08841156571897e-003 -1.95690330827268e-004 8.39882111113505e-006 -1.80401562496742e-007 -9.09524176777187e-009 1.38523743042537e-009 
9.92958119727809e+007 -9.02971608815353e+006 -1.24454618126904e+006 1.78729475387843e+004 1.30173910363826e+003 -8.69296089226711e+000 -5.43453637800553e-001 -3.40131771862140e-004 1.15216939351509e-004 1.99548041160652e-006 
3.86670059600330e+007 2.00667952934135e+007 -4.83248322822335e+005 -4.20327849027779e+004 4.53517688867132e+002 2.64322751150381e+001 -1.04655581615931e-001 -7.86684310070281e-003 -5.04851039009091e-005 1.15732521894229e-006 
1.11226864667213e+007 9.60075006026431e+006 -1.38720111770755e+005 -2.00448650472911e+004 1.21723407286129e+002 1.24441081195729e+001 -1.27150119814671e-002 -3.51812911927337e-003 -3.00315166749943e-005 3.95192708617695e-007 
7.21975160328654e+007 -1.77919112199853e+007 -9.13125762654470e+005 3.66063150043628e+004 9.99103186677969e+002 -2.13705012743710e+001 -4.91316362711374e-001 4.37186696568249e-003 1.72490317636055e-004 8.53036738107327e-007 
7.34501328295855e+007 1.43454991815939e+007 -9.27312030625192e+005 -3.07613734836399e+004 9.38468043535635e+002 2.11454335102422e+001 -3.38839649150150e-001 -8.47330435689704e-003 2.28776785417194e-005 2.85093704546094e-006 
2.84883872111299e+007 7.58057827144916e+006 -3.59509380060018e+005 -1.61580361404217e+004 3.59090085143935e+002 1.08671234426098e+001 -1.21390308249153e-001 -4.08944845454583e-003 -6.18657915818563e-007 1.22906820186079e-006 
1.56877301647211e+007 2.00936601349898e+007 -7.10069540157884e+004 -1.51065777214298e+004 2.85572415888031e+001 2.88864331786701e+000 -5.44650783171860e-003 -1.18882193199889e-005 2.79490668099443e-005 -1.10311767186552e-007 -2.52109290864587e-007 -9.55017283690058e-008 -2.42322435575935e-009 
-1.38032061349957e+008 1.88669868430683e+006 6.24546618591448e+005 -1.50436271468446e+003 -2.22795782982461e+002 3.62074307074598e-001 2.20135370288135e-002 2.10946992264027e-004 -1.81801545564015e-005 -6.30527957381518e-006 -8.48814193843507e-008 4.54682772405719e-008 3.58809403652930e-008 
-5.98248608815978e+007 8.17789844297658e+005 2.70723425508584e+005 -6.52003437802797e+002 -9.65749662244876e+001 1.56645853748016e-001 9.46112966027355e-003 1.12064665436108e-004 -3.96326625248857e-006 -3.32047555716900e-006 -1.29588022543847e-007 1.54483828250760e-008 1.76288087209346e-008 
5.47412949937016e+007 1.88126038588815e+007 -2.47659343936108e+005 -1.41940774995244e+004 8.51043550986778e+001 2.75681866802350e+000 -7.48382440256528e-003 9.30659513139532e-005 7.82393819723237e-005 -1.16332306190349e-005 -4.70420407307040e-006 8.06239239071302e-007 3.02810345027654e-007 
-1.29361752906983e+008 6.75099913766280e+006 5.85437780272886e+005 -4.98266877340342e+003 -2.10376549759584e+002 8.71104244999063e-001 2.23615151772532e-002 3.17792388883044e-004 -9.42993419255672e-005 -1.76211652145728e-005 6.41124918149068e-006 1.01387894793341e-006 -4.34023762314958e-007 
-5.60666041402210e+007 2.92633204035745e+006 2.53771963406460e+005 -2.15975349760444e+003 -9.11926573489080e+001 3.77144182382365e-001 9.70479186940349e-003 1.83099242530699e-004 -4.26285836269979e-005 -1.07989892477153e-005 2.95714543677933e-006 6.41029977761824e-007 -2.02521670970998e-007 
1.88468779039777e+007 -3.20490724219341e+007 -9.58787470787013e+004 2.73941006122395e+004 -2.21973407420793e+002 -3.61048252823915e+000 1.67163968997167e-001 -3.29165723764609e-003 -1.18948284116665e-006 3.16579925926756e-006 1.96161934408337e-007 
2.10409240695540e+008 4.76791478027301e+006 -1.05680124686847e+006 2.71200466864865e+003 3.96647724256641e+002 -6.92157467451070e+000 5.17626927704910e-002 1.90200761536218e-003 -7.76528510675781e-005 4.39363595021625e-006 -8.92381201985636e-007 
9.60064588323381e+007 3.05091384365481e+006 -4.82146841063063e+005 5.05262714224965e+002 1.87920489418533e+002 -3.07732207514531e+000 1.92299579013575e-002 9.61056018033221e-004 -3.45236456698266e-005 1.62868676404300e-006 -4.15502889504171e-007 
-4.44635300564126e+008 1.48435879982286e+007 5.39881437595566e+004 -2.80973058105306e+002 -6.45161705348178e-001 6.44141341392272e-004 2.13577549894407e-006 -5.04059928954038e-008 
-6.20742911697677e+008 -8.26548827835559e+006 7.53916852118295e+004 1.94785346315416e+002 -5.80724602790369e-001 -1.39115988733949e-003 -2.06865718194552e-006 1.02268983343069e-007 
-2.55233833058486e+008 -3.90413733415786e+006 3.10004571562522e+004 9.03291515280306e+001 -2.33214960197455e-001 -6.12141147281632e-004 -8.93938199364875e-007 5.63601544450634e-008 
6.86110549093905e+008 -1.22453793846800e+007 -1.73080866690029e+004 4.89239064520704e+001 5.22189741809470e-002 -7.04298867339370e-005 -5.52304254757797e-009 
1.09533696767586e+009 6.01671562115403e+006 -2.76262696036881e+004 -2.93016416897290e+001 5.98892932871784e-002 7.34445608315726e-005 -1.03753540781166e-007 
4.22874314370990e+008 3.01264423525193e+006 -1.06652819143537e+004 -1.42106400157233e+001 2.24842656726934e-002 3.33705746148344e-005 -5.32957076843295e-008 
5.69956207311764e+008 -9.29576623758428e+006 -1.52931317233136e+003 4.03553820274611e+000 8.00466868770000e-004 -4.02610089474943e-007 
2.57967371785728e+009 1.26191491664998e+006 -6.92842784827552e+003 -1.10924143006239e+000 1.44861655877888e-003 5.34989162992091e-007 
1.12176216532450e+009 6.84113220947106e+005 -3.01298594622770e+003 -5.43065133862605e-001 6.24184167865367e-004 2.45815873344557e-007 
4.38285923422192e+009 -1.47883053916476e+006 -3.12342875812592e+003 1.64725508947443e-001 1.90977869198886e-004 -2.81989420287461e-008 
8.26681964863919e+008 6.85593815795030e+006 -5.88861733830322e+002 -8.16616845027021e-001 2.76346463569920e-005 2.25639406632836e-008 
2.29248799603678e+008 2.84298683279561e+006 -1.63261080696098e+002 -3.38337897784302e-001 6.45973581413032e-006 9.55866278705381e-009 
3.51944098114783e+009 5.97844184181930e+006 -1.36397536217445e+003 -1.76981487333416e-001 1.00944458494066e-004 -1.31904812931070e-008 
-3.57926730101102e+009 3.69834495209145e+006 1.38706376121302e+003 -4.52310547089603e-001 4.40889306183734e-005 1.60174145260876e-008 
-2.17737746304997e+009 -6.47139477505871e+005 8.43807830204195e+002 -8.79358768591266e-002 -1.61043530940028e-005 1.23422167585948e-008 
3.64783867894241e+005 3.58527965218938e+004 -1.93319945593320e+004 -4.01689171680991e+001 7.76939358813686e+001 -2.75690428383317e+000 3.34825368380150e-002 1.19109670397118e-002 -1.34586431569991e-003 4.48678659889380e-005 3.03307658165647e-006 -5.37578115479540e-007 3.30123975477876e-008 
-6.18470044384277e+004 1.51991669199205e+005 3.35162138964360e+003 -1.34503510795585e+003 1.54411231085274e+001 2.40558526800144e+000 -2.12089214312800e-001 1.23329578497223e-002 2.10332609828162e-004 -8.19536826378966e-005 5.93996596613838e-006 -9.55152076578842e-008 -2.73598770835707e-008 
1.01284215161491e+004 6.53062435809685e+004 -5.07820688742739e+002 -5.50589838714635e+002 1.38255906306113e+001 7.09461551646808e-001 -8.30902023726036e-002 6.17371574721111e-003 -4.49678765335908e-005 -2.89830177463803e-005 2.71077641557872e-006 -9.10153678487551e-008 -7.92754534941102e-009 
2.92815671685569e+005 -1.03223569950500e+005 -1.38877922178544e+004 8.52658168373594e+002 3.94785248616800e+001 -1.18467373049531e+000 2.22137123786733e-002 -5.41419209198636e-003 6.60721470783034e-006 1.60056898769652e-005 -6.29129598006399e-007 3.88631109287239e-008 -2.62851487750010e-009 
2.22422758438952e+005 1.20861041630453e+005 -1.03101587490977e+004 -8.80334961128431e+002 3.77377526517856e+001 7.50678515049366e-001 2.04587795014800e-002 2.05320857740940e-003 -3.63591789735268e-004 7.99931155874656e-006 1.24469862316277e-007 -7.12612104054880e-009 3.00917828874379e-009 
1.18833866000376e+005 3.92049426347171e+004 -5.53233407467355e+003 -2.75157070120435e+002 1.91442071131007e+001 1.87952475841610e-001 1.04844828080935e-002 3.14259842239651e-004 -1.47133268705651e-004 4.80553513320319e-006 -1.08046841073210e-008 8.62399498072574e-010 9.70097912993480e-010 
1.40350510649843e+004 -1.64507261248032e+005 -6.81640122042091e+002 1.27810489168919e+003 1.07297266587941e+001 -2.04755920962321e+000 -6.61492749234492e-002 3.07330612836546e-004 2.23952238021376e-004 -6.52846460307881e-006 -7.60600402571890e-007 1.19726448821151e-008 3.32687329803528e-009 
3.56327418489403e+005 7.71668178624777e+003 -1.66648256481208e+004 -1.30061963075003e+002 5.67971728258416e+001 9.23816863966233e-001 -3.32055346454252e-002 -3.75582108912736e-003 3.46363924837378e-005 1.18081365116578e-005 -3.70326322935126e-007 -4.72566510484235e-008 -5.67056859595487e-010 
1.46439185643473e+005 -1.26963803066439e+004 -6.83839650241947e+003 7.03862000480984e+001 2.40719047701499e+001 1.76603389982546e-001 -1.97670120390883e-002 -1.49294509891487e-003 3.57022232645088e-005 4.16515625167008e-006 -2.23828322509779e-007 -1.80340379775119e-008 8.95822326860408e-011 
-2.72173522776858e+005 -1.09306401656457e+005 1.40887212745818e+004 1.04911807499643e+003 -4.26662972278696e+001 -3.07185768835807e+000 -1.49167869425695e-002 1.53522998853993e-003 -4.97927350175116e-005 1.08677048861810e-005 1.85107435968655e-006 3.10396892978704e-008 -5.02043981284077e-009 
2.45057847429975e+005 -1.15429198453564e+005 -1.23882961615392e+004 8.53000106753168e+002 6.04377134923654e+001 -8.06417236152478e-001 -9.86450530444312e-002 -1.73364939283578e-003 -1.13420401586906e-004 -1.76071880667455e-005 1.62742352065650e-007 1.09176575492413e-007 3.89629084965634e-009 
7.36719419279236e+004 -5.74340037915066e+004 -3.68086071344740e+003 4.47052232518688e+002 2.04088410527640e+001 -6.21519694464127e-001 -4.13211119333033e-002 -5.53909177547859e-004 -5.10409528126526e-005 -6.12180633408953e-006 2.43361084828742e-007 4.72912896150077e-008 1.09987041833416e-009 
-3.49505094659416e+005 3.74508107862872e+004 2.05438617340266e+004 -1.23641359600628e+002 -1.01835515727908e+002 -2.26534675289313e+000 1.51572695411915e-001 1.66601873338460e-002 9.42674205362301e-004 -1.55981668815548e-005 -7.46326807265258e-006 -4.70962780267804e-007 6.05098522619511e-009 
-4.23021124901611e+004 -1.59344642427821e+005 2.62656003319989e+003 1.53356978117131e+003 1.31495967946161e+001 -4.42903474540939e+000 -2.18616960768901e-001 -2.83611489693215e-003 7.59111498907980e-004 9.42927067998867e-005 2.92748910813780e-006 -3.40260449394145e-007 -4.21979722165437e-008 
-5.06064734232373e+004 -6.12102737166058e+004 3.03314407630739e+003 6.10589643360924e+002 -4.41701828558795e+000 -2.01158714499204e+000 -7.41799056662119e-002 4.32026164834981e-004 3.97868515066372e-004 3.68000946411303e-005 4.76976891422173e-007 -1.83037986337302e-007 -1.65534396096848e-008 
-1.35393585722628e+005 1.66945497692416e+005 8.94527690505431e+003 -1.72947133208779e+003 -6.68027714381783e+001 7.34830367228827e+000 4.70709010800462e-001 -2.41542918174680e-002 -3.82352358299755e-003 2.43130145390570e-005 2.94962621198963e-005 9.03864316009314e-007 -2.00316715841505e-007 
-2.84665294068931e+005 -6.95251111766563e+004 1.85751516176172e+004 8.10623859380782e+002 -1.08103911744432e+002 -5.28793259711771e+000 3.86754207710086e-001 4.01538895684186e-002 -9.36172328325408e-004 -3.17370864243384e-004 -4.86272172941649e-006 2.27907401635798e-006 1.22898527944968e-007 
-1.28716927343051e+005 -1.23527264671258e+004 8.39704025515660e+003 1.63746881521928e+002 -5.02379394820924e+001 -1.44288454759454e+000 2.01828711310206e-001 1.39918807725235e-002 -7.44521554153695e-004 -1.26520176045852e-004 8.37991902582270e-007 1.01144037063053e-006 3.07972922851260e-008 
2.00243161133311e+005 1.50590940822133e+005 -1.24402967622779e+004 -1.40559453118759e+003 9.59025191859604e+001 4.10909685305092e+000 -6.09889883615488e-001 -1.20834792179317e-004 4.01650823974278e-003 -1.37575752222401e-004 -2.49467460088556e-005 1.94136310580233e-006 1.28520519103245e-007 
-2.67525605771680e+005 8.50723104142183e+004 1.67201889047648e+004 -1.04825172833996e+003 -8.13788942510842e+001 6.94443809789809e+000 1.56474010798543e-001 -4.61199179387580e-002 6.46874933982610e-004 3.03243063403888e-004 -1.52356794706194e-005 -1.79480639062533e-006 1.85373721742478e-007 
-8.98325985559395e+004 4.88631633549785e+004 5.60310964866019e+003 -5.59343902575782e+002 -2.38375450068075e+001 3.21110516261839e+000 5.20052167935552e-003 -1.87353206331156e-002 6.45833816522214e-004 1.09988688383052e-004 -8.56478293680775e-006 -5.43550335221332e-007 8.75178385900826e-008 
3.68211686175021e+005 1.15067025350647e+004 -1.95367552270239e+004 1.59916150998876e+002 7.60535374069415e+001 -3.22942317946405e+000 3.68038845963795e-002 1.44832321527042e-002 -1.40041713233874e-003 2.52940445466435e-005 5.28052187528420e-006 -5.95170819961378e-007 1.79193603299113e-008 
-1.23430780174263e+004 1.56541465931671e+005 6.49752198152494e+002 -1.35587615655730e+003 2.57978422165572e+001 2.31371803483985e+000 -2.38204287989011e-001 1.22279543280871e-002 4.51956636577887e-004 -9.56741535648416e-005 5.14941826591676e-006 1.14882952836802e-007 -4.15789786907265e-008 
2.97447481143331e+004 6.46522307653383e+004 -1.59011428481495e+003 -5.34272142578057e+002 1.77435375898996e+001 6.27859911884064e-001 -9.33081407762318e-002 6.34795598328664e-003 4.99246731952738e-005 -3.64283332360512e-005 2.59486414541758e-006 -1.01166306355030e-008 -1.51734814929196e-008 
-1.74978953683306e+004 -5.07644568834604e+003 -8.93001567612362e+000 -9.05602254335623e-002 1.18604520347971e-002 1.17282752189557e-003 -4.37579383646520e-004 1.34146773310673e-005 1.03741273727014e-005 -1.36940015790219e-006 -1.59381964292296e-007 
1.21731448577343e+005 2.89131460762037e+003 -1.55764475903983e+001 5.40794257371048e-003 -1.14205310886096e-002 2.32931748207590e-003 2.47608388351828e-005 -6.13874784039641e-005 5.40697740415094e-006 1.16545215254665e-006 -2.71476887630529e-007 
6.08116518503702e+004 1.34517251043802e+003 -6.48287209885669e+000 1.09377469282142e-002 -7.44191837411488e-003 1.12831095319186e-003 5.86139665785202e-005 -3.41856982486152e-005 1.81337094526547e-006 7.64892284694303e-007 -1.28497794430762e-007 
-2.77236162989841e+004 -5.14939925683913e+003 -9.11274349021857e+000 1.86818286574362e-002 -1.00540570402454e-003 -3.95196240101584e-004 5.87846015567134e-005 -4.30574225954858e-006 2.42776447433192e-008 4.90243223506213e-008 -1.03199787357300e-008 
1.27389138802008e+005 2.76631445541606e+003 -1.56257344356805e+001 1.89563801183719e-002 3.03666786601920e-003 -3.39115900420186e-004 -3.00780137588042e-006 4.06960137637296e-006 -6.52159162807245e-007 5.24946879611244e-008 -2.07765126570152e-009 
6.34500364126522e+004 1.29317286777455e+003 -6.51327753868242e+000 5.98151200752432e-003 1.73025818243729e-003 -1.34344781093969e-004 -7.71077781863003e-006 2.61786763092448e-006 -3.50961090665661e-007 2.34092193594906e-008 -2.53832896643293e-011 
8.18908009618742e-005 -3.88595019919374e-007 3.80099589951142e-007 1.24452314424021e-007 -3.28562160560317e-008 -1.49660892771699e-009 5.84358510037136e-010 -4.70347859557599e-012 6.17607069599829e-012 -1.01931337070639e-011 
-1.33474568418039e-005 -4.67292800146152e-007 -1.62992335052900e-007 6.11118910430184e-008 7.12728851460652e-009 -2.20045878558338e-009 9.70385759012801e-011 -3.70975769304550e-011 4.23436811089028e-012 4.74919822545839e-012 
8.34294227220851e-005 1.11793497977167e-006 -4.71963512975583e-007 -1.12482291041210e-007 2.66058823440961e-008 5.46550704275866e-009 -2.55739960073829e-010 -8.68726646399525e-011 4.00391929838253e-013 -2.23053780190487e-012 
-1.36844352902065e-005 4.23940787698495e-007 1.48233541217965e-007 -6.16777834267003e-008 -1.21007035376463e-008 1.49197808642406e-009 4.45919380331164e-010 7.52989156063130e-012 -1.58834063292391e-011 -5.97136384558352e-013 
8.40450292611312e-005 7.79141661100338e-007 8.33501949776676e-007 3.45779407982316e-008 -8.06605288412285e-008 -8.12764284700752e-009 2.99023452739460e-009 6.32173708429703e-010 -2.47190193959601e-011 -2.67796415542058e-011 
-1.36108528225475e-005 -5.39280742571057e-007 -2.04917909454606e-009 1.24718891434937e-007 7.94381175605904e-009 -7.44897886521458e-009 -1.01542405746200e-009 2.14117161886678e-010 6.41813236606341e-011 -2.21834156254659e-012 
8.59964895597174e-005 -3.72486601562746e-007 -5.95352270896085e-007 2.10402349798755e-007 2.77856670871140e-008 -1.56959951939704e-008 1.08083531046028e-009 6.02872473784600e-010 -1.58552444933860e-010 -1.09374349831238e-011 
-1.33805936769272e-005 5.11114823598268e-007 -2.20832345090079e-007 -6.00716883823433e-008 2.68688426043265e-008 6.02644113601476e-010 -1.38481436041395e-009 1.73397328467850e-010 4.10232740373086e-011 -1.17833564993395e-011 
6.38443469443920e-002 5.66695460779113e-004 4.11504776226915e-005 -9.48159720843849e-006 2.15363399129882e-006 -4.86466748893050e-007 -4.87922151922462e-008 1.06049859453908e-008 -5.29607449730496e-010 6.93794778793768e-011 
4.16931109694462e-001 2.14724381702892e-004 -5.02760946906871e-005 1.49579136510215e-006 -4.37917622374460e-007 -1.80421626607754e-007 3.71283946177597e-008 6.04043330104213e-010 -2.45200299860904e-010 4.73470611308018e-011 
5.12407059252440e+003 9.19375186315875e-001 -2.52495132495590e-005 7.17813016201251e-006 -2.09334598963073e-006 4.59256204646562e-007 4.32544702915927e-008 -9.46069454509917e-009 4.89427298576396e-010 -6.95550121357358e-011 
6.48786629727135e-002 3.09398143149198e-004 -1.55536051976298e-004 -3.12835060097278e-005 1.39903574382485e-007 9.00472404765092e-007 7.86473064283490e-008 -1.09932252066319e-008 -1.49423968100941e-009 5.56887509866930e-011 
4.16935831849405e-001 -2.16595242057283e-004 -5.13046577223975e-005 6.85864494704127e-006 2.38077658608777e-006 1.31378302768399e-007 -4.54901713440535e-008 -4.97994400104667e-009 3.53424107778034e-010 6.20976312564970e-011 
5.12590946417811e+003 9.19622584037413e-001 1.32800659774048e-004 2.70809704773523e-005 -5.74010598977352e-009 -8.12650470261938e-007 -7.26172383696427e-008 1.00277550099287e-008 1.38584932786928e-009 -4.96156244317439e-011 
6.39522190234580e-002 -1.12148076690599e-003 -1.07689037328061e-005 6.33345767859254e-005 8.85257656668341e-007 -2.00029225635730e-006 -9.48272756350323e-008 4.49484446801778e-008 5.56413047398325e-009 -5.01217698080222e-010 
4.16650572071293e-001 8.96647202332023e-005 1.21658820675080e-004 7.63669030955861e-007 -4.78894405720347e-006 -1.22394737664411e-007 1.28662830918673e-007 1.01527530561940e-008 -2.22201917795576e-009 -4.53424067862933e-010 
5.12775002117203e+003 9.20828832149349e-001 -4.60068386931187e-007 -5.61242656817991e-005 -5.33922977830574e-007 1.82393436635667e-006 8.15603581192658e-008 -4.18797281028809e-008 -5.04213362669995e-009 4.88231000627698e-010 
6.29198860053411e-002 2.17461716572471e-004 1.52773507299621e-004 -2.60756693013923e-005 1.85814162624814e-006 7.82519891562980e-007 -2.10630239327684e-007 8.56423112667814e-010 5.67911211275660e-009 -7.99533167066786e-010 
4.17310420609380e-001 4.15481946851683e-004 -4.42151645656482e-005 -4.68719584548100e-006 2.15160216296659e-006 -3.70224348140054e-007 -3.20320539600030e-008 1.56243665756622e-008 -1.06899827180801e-009 -2.87677740069207e-010 
5.12959057802650e+003 9.19632958097240e-001 -1.24888263462533e-004 2.42796305213944e-005 -2.04716633160861e-006 -6.99133766119240e-007 1.96697558368172e-007 -1.74347709230523e-009 -5.17389563080011e-009 7.56330560724168e-010 
