-3.08577040024985e+007 1.14990974128289e+007 3.78960385855611e+005 -2.54794535556631e+004 8.09457969160849e+001 -9.66711806518001e+000 -2.47637614316351e-001 1.12814279028221e-002 -7.36217887164721e-004 3.43156594493399e-005 -1.06120049476946e-006 3.96271511549192e-008 -3.83563332191366e-010 -8.10286684671602e-012 
-5.53660103065304e+007 -5.65806694569190e+006 6.62393716361830e+005 7.15501473620071e+003 -3.50984160153521e+002 1.11287747923602e+001 -6.43974270440999e-001 1.09069113381188e-002 -5.15972945586502e-004 -2.56923565098983e-006 3.02901137260212e-007 -3.62052265885410e-008 1.80944077124187e-009 -7.77394438781128e-011 
-2.62900516714573e+007 -4.21499533075092e+006 3.14528857297181e+005 6.46429097905327e+003 -1.95877934445246e+002 6.94711151662716e+000 -3.18310523889928e-001 4.65603916819903e-003 -1.99273994024028e-004 -4.93118668143474e-006 2.71859571725671e-007 -2.34476060384174e-008 1.00644751972952e-009 -4.06930187668607e-011 
-5.79127665864666e+006 1.33133743986800e+007 7.37568727846285e+004 -2.59821016781655e+004 -1.55969202608955e+002 -1.35546272142045e+001 -1.15981974941051e-001 2.42118056303967e-003 1.14885604517350e-004 2.28741878144057e-005 4.77249683769568e-007 3.93601105002600e-008 6.81688924573933e-010 3.32249817843943e-011 
-6.11705464296381e+007 -9.91076358797455e+004 7.19385542204381e+005 2.54965964002326e+003 -2.68110688996645e+002 -2.58505237329939e+000 -5.79418758484200e-001 -6.76393536554285e-003 -6.15719494567895e-004 -6.15442979430156e-006 -2.12481741297320e-007 4.71632643407110e-009 7.46353769932793e-010 2.73645420233439e-011 
-3.19904151073351e+007 -1.43373293354728e+006 3.76622825690595e+005 4.05638976018081e+003 -1.27042122103565e+002 2.46765219469714e-002 -2.97486334732936e-001 -3.86428911485686e-003 -3.40785188362198e-004 -5.65674428883172e-006 -1.62878732524913e-007 -1.56865149346449e-009 3.26738243562993e-010 1.10936604825546e-011 
2.03941715986396e+007 1.25924639436692e+007 -2.62331083576331e+005 -3.07552722353814e+004 -4.43239678201835e+002 -1.41185000987244e+001 1.76860401292144e-001 2.71656765526647e-002 1.82990314619038e-003 9.17679134253864e-005 3.41486441436538e-006 9.41542996793373e-008 3.87413677654785e-011 -1.90017739322252e-010 
-5.55742472923622e+007 5.69610336226814e+006 7.19810312354994e+005 -3.01674513382312e+003 -4.86722904196174e+002 -2.12270705080834e+001 -1.08271053141769e+000 -3.02479343675978e-002 -7.72802642565950e-004 1.08709528188317e-005 2.04102687938309e-006 1.50007436417949e-007 7.68986677106533e-009 3.09157868111999e-010 
-3.17168808632730e+007 1.73663575194515e+006 4.11703156408404e+005 1.57795173168907e+003 -2.14030575197444e+002 -9.87484379787300e+000 -5.96676446329297e-001 -1.89731185123905e-002 -6.02591657397062e-004 -3.72148377627429e-006 7.35716654856391e-007 7.04423768575433e-008 4.11102081550589e-009 1.84559905815717e-010 
4.22146136947290e+007 8.87897493145430e+006 -6.81416640321447e+005 -3.94480449864991e+004 -5.70420228912238e+002 1.00278802847720e+001 2.47665044147688e+000 1.69964298559263e-001 7.96931528102450e-003 2.12373190378263e-004 -4.70877951108363e-006 -1.07562613573937e-006 -8.38943210062907e-008 -4.30222544740182e-009 
-3.86596605151901e+007 1.11343644129295e+007 6.17420779008531e+005 -1.59370167148995e+004 -1.24908817364000e+003 -5.87655634062285e+001 -1.98611942847793e+000 -1.07682190920093e-002 4.17054386678792e-003 4.01122021148661e-004 2.32119443295648e-005 8.76068337133001e-007 6.93734714222027e-009 -2.17306151646762e-009 
-2.49448327147033e+007 5.02667092192273e+006 4.00469805520291e+005 -4.42223985338419e+003 -6.08070743456503e+002 -3.24302826256817e+001 -1.31774953218756e+000 -2.33794259009873e-002 1.40137490944388e-003 1.92256721899479e-004 1.28866578235223e-005 5.79409643773645e-007 1.24149596040254e-008 -7.13962684018880e-010 
1.42766029771299e+007 2.37032612342065e+007 -1.71093236932145e+005 -4.86820058089855e+004 2.03264961889916e+002 2.82948392947414e+001 -1.22907880986456e-001 -5.89941966635225e-003 5.54929721576022e-005 -6.81592871714359e-007 
-9.73048416503578e+007 3.29026747436603e+006 1.20188689468540e+006 -7.25658429699239e+003 -1.20950027471139e+003 5.46930424631649e+000 4.30119478529872e-001 -2.61072871893328e-003 -3.30945658610363e-005 9.46861457729568e-007 
-4.46520673937649e+007 -1.97556695650844e+004 5.51553525692099e+005 -1.83862484049607e+002 -5.57016613454697e+002 6.70037686849773e-001 2.01303072846106e-001 -7.99810759111243e-004 -1.83867571781532e-005 4.47545200279040e-007 
5.85310238699500e+007 2.00947687088270e+007 -7.17753916048353e+005 -4.11157421536092e+004 7.27213542905329e+002 2.35385029873846e+001 -2.67175358630829e-001 -4.51773547930833e-003 3.21526235880877e-005 -1.25375713948653e-006 
-8.16094901122152e+007 1.22398889794136e+007 1.00405013625452e+006 -2.51992649777166e+004 -1.00330579786288e+003 1.48225012450851e+001 3.46314334510997e-001 -3.30616812209161e-003 -2.26863821302547e-005 -5.79813970955744e-007 
-4.03913645495716e+007 4.23502044774611e+006 4.97142796796968e+005 -8.73506483918850e+003 -4.97405574704470e+002 5.17879795553566e+000 1.72654314870123e-001 -1.19773377892802e-003 -1.04509141673710e-005 -2.60750243643802e-007 
1.02710768563438e+008 -1.51344785070191e+007 -4.99379860322607e+005 1.18170221967221e+004 2.25719912142738e+002 -2.61290923090548e+000 -5.53257494403364e-002 3.47559764853451e-005 5.26313780584639e-005 1.61529762386189e-006 -7.23423122422180e-007 3.79041771372346e-008 1.02427042435795e-008 
9.70951105551402e+007 1.29979335682336e+007 -4.76496731214213e+005 -1.10172989049124e+004 1.82973101551673e+002 3.33936803512952e+000 -2.51101908855792e-002 -6.23885527294845e-004 3.57751449924511e-005 -2.44167739526238e-006 -4.47515653349587e-007 4.52365043836475e-008 5.03768196470055e-009 
4.20862175363264e+007 5.63494109039693e+006 -2.06580986221940e+005 -4.77645171526973e+003 7.93266837126639e+001 1.44731848032170e+000 -1.09006616159181e-002 -2.40027880590022e-004 1.58200905944934e-005 -2.01638040618823e-006 -1.73835187499600e-007 3.21492843976355e-008 1.16919175848877e-009 
6.89362525368147e+007 -1.85053312768567e+007 -3.37856911756131e+005 1.49413662914468e+004 1.60960374744845e+002 -3.82034106427973e+000 -4.59949831516939e-002 4.02602524136778e-004 1.28821567291759e-004 4.98946583118430e-006 -8.47612684169794e-006 3.24019127490204e-008 6.44535834431909e-007 
1.18898673379339e+008 8.71173485748489e+006 -5.89055584245109e+005 -7.59362994238527e+003 2.42375056339363e+002 2.51775428889779e+000 -4.52255853986265e-002 -2.68253049758041e-004 1.04786412108978e-004 -3.06698186812290e-005 -5.90580015822302e-006 2.52528393779494e-006 3.30824673825415e-007 
5.15385628952123e+007 3.77669717580250e+006 -2.55379884958563e+005 -3.29214871650613e+003 1.05079019445014e+002 1.09115678618845e+000 -1.94919741175771e-002 -7.48751332958788e-005 3.46186790449801e-005 -1.61733952773299e-005 -1.66874848273242e-006 1.26837690126256e-006 6.82575854624560e-008 
1.92206496597622e+008 -1.27600064944386e+007 -1.26638962410147e+006 2.10022485307570e+004 6.67182568290754e+002 -1.97904952072697e+001 -7.93504614038467e-002 1.45852129400851e-002 -2.04340221264381e-004 -7.41103707743488e-006 2.96292899251463e-007 
8.24854231412092e+007 3.00161427187214e+007 -5.46288027115024e+005 -2.98896501732851e+004 6.10614578355421e+002 9.20744057677318e+000 -5.05337707816867e-001 2.76285838463243e-003 3.17148428999166e-004 -7.81216579373117e-006 -9.04843281221261e-008 
3.26548044803672e+007 1.41118993897442e+007 -2.16347233132904e+005 -1.42771065071790e+004 2.62046081558627e+002 4.75765560488052e+000 -2.29622506905900e-001 8.72927809870019e-004 1.51029015138592e-004 -3.37077967013540e-006 -5.02757351688418e-008 
-7.34099638185602e+008 -7.68415976829536e+006 8.86545751314752e+004 1.23980927144124e+002 -8.60361793552512e-001 2.33408243080582e-004 1.40252480648938e-006 1.02336188207046e-008 
2.99485603059760e+008 -1.44023322872898e+007 -3.61820765728281e+004 3.02471111091449e+002 1.67574466741019e-001 -1.42181307248639e-003 2.50578362882431e-006 -2.27231857260524e-008 
1.46241821424795e+008 -5.98627749487810e+006 -1.76673001875009e+004 1.26631174293420e+002 9.27672366992526e-002 -6.15575228944323e-004 1.05102762040950e-006 -7.94892950993850e-009 
-1.88326483698395e+008 -1.39348985363449e+007 4.83096333449919e+003 5.97724226026028e+001 -1.43516565746406e-002 -1.12837469950837e-004 6.69081109995533e-008 
1.23326226152829e+009 -1.96974056342309e+006 -3.17468223040417e+004 9.19257541383061e+000 7.88182995337856e-002 -1.97670165044820e-005 -2.13799857055386e-007 
5.17492537764937e+008 -2.13685905245251e+005 -1.33209189403339e+004 1.22410377242443e+000 3.31824836866481e-002 -3.40943788385572e-006 -8.48138224543872e-008 
2.63916960535460e+009 4.39524506066230e+006 -6.21787515442204e+003 -1.57234313462897e+000 1.13110044256003e-003 1.16014859775920e-007 
-1.28848913451198e+009 7.21313350703828e+006 3.03480434983324e+003 -2.90373698161245e+000 -4.16638639890236e-004 2.10467490297684e-007 
-6.01653760284133e+008 3.09700857367661e+006 1.41713437789489e+003 -1.24961837567153e+000 -1.98432306895613e-004 9.48111344167793e-008 
3.03201332952691e+009 5.50290934326873e+006 -2.11232683574328e+003 -6.53455923489153e-001 1.17000636942854e-004 2.35302242606872e-008 
-3.05024152878285e+009 4.77713345005983e+006 2.12550358642054e+003 -5.39404198801663e-001 -1.32556540676382e-004 4.32335351473876e-009 
-1.32396614318174e+009 1.81830563765092e+006 9.22564059669034e+002 -2.04487372365919e-001 -5.71741420777966e-005 1.75241537826731e-009 
-8.22526166202591e+008 7.53663767963256e+006 5.38006499323208e+002 -8.77521663387282e-001 8.35360917540611e-005 7.57841254222670e-008 
-4.38109744354607e+009 -1.69665767308964e+006 2.86476708712275e+003 -1.12086371461933e-001 -2.47119378434000e-004 8.60493663652532e-008 
-1.11938103226139e+009 -2.80023440047810e+006 7.31921086577327e+002 2.29405301643028e-001 -1.03508729094096e-004 8.41626096084495e-010 
3.25179336297505e+005 8.79247483069871e+004 -1.72228690166061e+004 -5.48910842046129e+002 7.94555638760921e+001 -8.96701010503782e-001 -5.95522922856090e-002 8.01571529667007e-003 -8.00409881793149e-004 2.68496171830708e-005 2.01466558698439e-006 -2.76990315945345e-007 1.63036279331096e-008 
-1.44116985529353e+005 1.32346343636006e+005 7.86750032322556e+003 -1.23150084266987e+003 -1.03940920144808e+001 2.94065820617802e+000 -1.19127088929938e-001 5.49891254969635e-003 1.01709471944701e-004 -4.85755575643091e-005 3.41978414772573e-006 -6.05394513863162e-008 -9.31730443625035e-009 
-9.87781820189258e+004 5.98615894709715e+004 5.35262263264010e+003 -5.78156259652628e+002 -1.16334746120392e+001 1.55653466196274e+000 -5.52894252167271e-002 2.13582299700699e-003 1.15211597659910e-004 -2.66738243156355e-005 1.56567984748551e-006 -8.42180812452330e-009 -6.00662223283388e-009 
3.56559132545550e+005 -5.62469973152970e+004 -1.69126233421107e+004 5.39105294186399e+002 5.49676088914267e+001 -1.46540540960841e+000 -2.33106174420213e-002 -2.54133237797215e-004 1.26105224035617e-004 6.95071973336707e-006 -1.19177510641333e-006 9.18954699761710e-009 1.86238820984316e-009 
1.37180438333335e+005 1.37046995925727e+005 -6.34090963306372e+003 -1.03654389268462e+003 3.01922487373237e+001 1.44097935610617e+000 -3.75508116160218e-002 -3.09589505142199e-004 -9.90653856925928e-005 1.47525640271169e-005 8.60343813089443e-008 -5.19565930061388e-008 6.73676167306343e-010 
4.08904117025781e+004 7.37679473731713e+004 -1.85179781445989e+003 -5.67101281443638e+002 1.08397384906524e+001 8.46735479187091e-001 -1.70504428493382e-002 -1.39488104340268e-004 -6.01427772649315e-005 6.90065034752221e-006 1.38900379371617e-007 -2.69885521062948e-008 1.90018462204473e-010 
1.38224539266843e+005 -1.53122036467037e+005 -6.21838065353710e+003 1.15958680146921e+003 2.17743469117137e+001 -1.70430999297969e+000 9.99845553974857e-003 8.16208399772891e-004 -1.77895741698309e-004 -1.24760550020753e-005 3.56734056279956e-007 2.56894420621707e-008 -1.47662168653175e-009 
3.28186319963477e+005 4.66296403270494e+004 -1.50994060362803e+004 -3.75524285716184e+002 4.93055022356344e+001 4.97998355570576e-001 -2.72778290067713e-002 2.20800440773409e-003 1.05193707558996e-004 -8.29524072732207e-006 -6.54980937524695e-007 1.66644230942060e-008 9.51381307007925e-011 
1.54893241641813e+005 3.58114159446298e+004 -7.13624289861923e+003 -2.82764143620412e+002 2.31875882419568e+001 3.89737115471477e-001 -1.46044632221942e-002 1.04835711465550e-003 6.74334566062346e-005 -3.19660624119434e-006 -3.59832305992023e-007 6.36479646958073e-009 1.66892695405147e-010 
-1.71188956941596e+005 -1.43815126724132e+005 8.68875236163950e+003 1.24051127545464e+003 -1.26514747082303e+001 -2.10759569814452e+000 -8.47564272254351e-002 -7.53105370449030e-003 -1.30719756751550e-004 2.65397889734555e-005 2.37187666932626e-006 1.22972541182437e-007 2.88713776740682e-009 
2.96270761417098e+005 -7.81387275110244e+004 -1.45958471907237e+004 4.80261985673833e+002 5.79556780036889e+001 5.36526070761944e-001 6.83306492680002e-003 -3.29086524968986e-003 -5.58167012104810e-004 -2.62201817241035e-005 -1.12432867569468e-008 8.31701575710024e-008 9.88708461958703e-009 
1.63482169987415e+005 -2.80156083017369e+004 -8.07480006030960e+003 1.43672631162772e+002 3.03380859207641e+001 4.40257642136478e-001 1.01432569827763e-002 -1.06477187398012e-003 -2.71804674837271e-004 -1.53781162960834e-005 -1.94731889009390e-007 3.22679319277846e-008 4.76964757031944e-009 
-3.47363226999371e+005 -2.24496353337002e+004 2.04361000339077e+004 5.29683671032608e+002 -8.78402661885750e+001 -5.40866034106078e+000 -4.06399012200121e-002 2.64600570020972e-002 2.55962770334262e-003 2.52179852878744e-005 -1.54708180344127e-005 -1.47135365245076e-006 -1.13937561977092e-008 
5.29769077615163e+004 -1.55550173273050e+005 -3.07834516793871e+003 1.42623678015086e+003 4.98940352512195e+001 -2.91253357704060e+000 -3.80494316425625e-001 -1.78678528532380e-002 1.02793072208761e-003 2.03713234501396e-004 9.40262375925620e-006 -6.57028457486474e-007 -1.25636936564113e-007 
5.45465233773932e+004 -7.68538718667186e+004 -3.18818404013292e+003 6.79110054211911e+002 3.22554745880524e+001 -1.04266176790125e+000 -1.89260934367860e-001 -1.11450457925660e-002 3.15881728818806e-004 1.01018478571382e-004 5.98883981774323e-006 -2.14975487809608e-007 -6.26308860865401e-008 
-2.30063914289454e+005 1.35790634816102e+005 1.56122693217121e+004 -1.42405631454886e+003 -1.16376203260555e+002 6.56888487268153e+000 8.07592546680511e-001 -2.87708652615739e-002 -6.93352871297322e-003 1.02300005953938e-004 6.42363406342265e-005 3.97965668596011e-007 -6.05716173309068e-007 
-2.24091031474594e+005 -1.06054696444958e+005 1.51891553235945e+004 1.24728206948233e+003 -9.28788620373968e+001 -8.20594745800478e+000 4.11382080094618e-001 6.49168102190165e-002 -1.88539147356868e-003 -5.91514042512167e-004 4.68615586453871e-006 5.60199461529397e-006 7.38829172659239e-008 
-9.48938107091094e+004 -6.44493786854389e+004 6.43639945691683e+003 7.44455572872321e+002 -3.77055349289563e+001 -4.67557414109403e+000 1.43683947313302e-001 3.51305788809522e-002 -4.00603118865856e-004 -3.07322235612650e-004 -2.75289536948761e-006 2.80143600482498e-006 8.56712174414909e-008 
9.92574273369707e+004 1.74880040015465e+005 -6.37373693011535e+003 -1.73550421149043e+003 7.31889662593021e+001 5.79159391192739e+000 -6.55964997475436e-001 2.64701024260593e-003 4.63899481901307e-003 -2.91978134137205e-004 -2.05522844628299e-005 3.68976232529972e-006 -4.58584874011149e-008 
-2.89945068936516e+005 4.30208009071771e+004 1.85725343387825e+004 -6.86421127550378e+002 -9.67035577511755e+001 6.50563278127765e+000 1.69439795616892e-001 -5.11214891627131e-002 1.82736597701555e-003 2.93160411271136e-004 -3.20775823964648e-005 -5.43931750932817e-007 3.11429687486162e-007 
-1.54433134674528e+005 7.82280731816922e+003 9.89978873860827e+003 -2.09052079766745e+002 -5.47719609095111e+001 2.82878503883971e+000 1.38118674765242e-001 -2.60658941159375e-002 5.54015945950488e-004 1.71555556110674e-004 -1.45834632935451e-005 -5.69398175737548e-007 1.61158040639655e-007 
3.48965686481865e+005 6.46222134718739e+004 -1.86190483696130e+004 -2.98933738789080e+002 8.10811551112487e+001 -2.13761204353235e+000 -6.08271214631972e-003 1.19805586410726e-002 -1.26271159363627e-003 4.07090169181378e-005 2.96089671734515e-006 -4.98780933695236e-007 3.26264589306524e-008 
-9.36208357544563e+004 1.41936777797743e+005 5.13560255903319e+003 -1.29012507112476e+003 6.45057801708646e+000 2.59916086185634e+000 -1.87388174942370e-001 1.06819390385328e-002 1.58725229545899e-004 -7.40261514665827e-005 5.58481192720775e-006 -1.30200307439968e-007 -2.03139911472700e-008 
-7.50612348342314e+004 6.66096967851061e+004 4.07512012929277e+003 -6.29175269735812e+002 -3.19890135100672e+000 1.48753166894847e+000 -9.42372809181149e-002 4.44364093456159e-003 1.80935282940569e-004 -4.06865746929956e-005 2.58819416345420e-006 -2.60434731423873e-008 -1.28754748981222e-008 
4.77525428075042e+005 5.49366216638284e+003 -1.94160572520977e+001 9.89475930219355e-002 -1.06566452013474e-003 1.97961557303552e-006 2.14684403646756e-006 -7.79165155417347e-008 1.10416824798949e-008 1.04754032103904e-008 -5.55785750686974e-011 
-4.32055048581687e+005 6.78154871902467e+003 9.14578963071824e+000 9.93808972171718e-003 3.14057744858779e-003 -4.55283140922003e-005 5.01307667727410e-006 -4.06540144211011e-008 2.32592488862927e-008 -4.88418914601194e-009 -3.72766116573177e-012 
-1.95895094482030e+005 2.73483510626985e+003 4.29394603338952e+000 -6.38218824879257e-003 1.50834646387619e-003 -2.43314482812448e-005 2.56559467986455e-006 -1.42448419032499e-008 1.12539547377999e-008 -2.16810170149565e-009 -9.12372760454349e-012 
4.88360990668487e+005 5.34281098117381e+003 -1.83226990612062e+001 8.41412157916356e-002 -7.77686757441067e-004 -8.56765135997616e-006 -9.21882805784529e-006 -1.65568816119810e-006 -1.84788916384473e-007 -2.50094200104853e-009 -5.72085299571255e-010 
-4.18417820308774e+005 6.85602425305710e+003 9.56055325696206e+000 6.07097916899042e-002 3.82523302816436e-003 1.56976961043654e-004 1.59597882800519e-005 7.51694347330576e-007 -1.43046742192450e-008 -1.52638469126964e-008 -1.47870364285466e-009 
-1.90391034629901e+005 2.76927821061771e+003 4.35868970960712e+000 1.79699433059142e-002 1.87384790783367e-003 8.74586690570213e-005 9.57929746734574e-006 5.72310482853951e-007 1.15339879673601e-008 -6.42497120237766e-009 -7.43765785016988e-010 
-7.01090738817561e-005 -1.39931523725573e-006 -1.57021477349362e-007 2.21999709517389e-007 -2.94294714334032e-009 -7.09936046735093e-009 5.68998734759885e-010 1.59257479786955e-011 -8.82722125774887e-012 8.58897839698339e-013 
2.87658661470570e-005 -9.26968090647356e-008 -3.08097445644933e-007 -1.10049023706121e-008 2.04927621039781e-008 -6.66088324936115e-010 -3.65574684402255e-010 -1.10224695016348e-011 4.22656899784163e-012 5.16971247798182e-012 
-7.02135948363091e-005 1.48132136741911e-006 6.95688618051759e-008 -1.83148513159212e-007 -5.81990730073168e-009 5.09284343886461e-009 2.43596077840427e-010 4.59863727195488e-012 -6.28918214456333e-012 -2.63294984201634e-012 
2.78272101142553e-005 -2.78474644146346e-007 2.93289643986752e-007 9.98215223868325e-009 -1.65002105166876e-008 -7.83003258909390e-010 2.75608741710385e-010 1.05741720108020e-011 -1.43357280286247e-011 -7.21149716820244e-013 
-6.94081954700471e-005 -3.22815084021383e-007 5.57674781063474e-007 3.16030928686395e-007 -2.64752811136414e-008 -2.63762085406911e-008 -1.47296120212561e-009 1.29816505202388e-009 2.21950174380871e-010 -4.38707786128126e-011 
2.76476713105897e-005 -5.51967394567528e-007 -3.52877512515822e-007 5.40268738662961e-008 4.45792081819215e-008 -8.08711811838704e-012 -2.68209879974201e-009 -2.65236902905415e-010 1.09387139711633e-010 1.89607232439753e-011 
-6.67534876900797e-005 1.30826001902753e-006 -9.23024930374287e-007 1.24423023319068e-008 7.91218665662033e-008 -1.06984341631137e-008 -1.84352876255931e-009 8.62454239115254e-010 -8.33025919432630e-011 -3.08759504689691e-011 
2.71304571253877e-005 4.82641761581551e-007 5.79044017767368e-008 -1.32171225972299e-007 8.86171955736517e-009 6.75175257712779e-009 -1.56537737449051e-009 -6.53691644232857e-011 9.61980549416140e-011 -8.26221639580846e-012 
-5.51030626620000e-002 -5.23110187813668e-004 2.05240006767849e-004 1.20581297332877e-005 -7.45599910904589e-006 4.59535311984786e-007 1.18904357008961e-007 -1.32574019193172e-008 -5.14613626292080e-010 4.85248876539993e-011 
3.92221421093481e-001 1.91671688144543e-004 5.15397061977759e-005 -1.69359364563027e-005 2.72388845920586e-007 4.00088760928349e-007 -3.67040628337635e-008 -3.77111943642730e-009 4.62674452088586e-010 2.33432298548514e-012 
2.88702308959319e+003 9.20424022035236e-001 -1.76113074499300e-004 -1.24654881945500e-005 6.75282063311656e-006 -4.14963098980818e-007 -1.10258302596446e-007 1.24471788367050e-008 4.61924079884851e-010 -4.82869079558558e-011 
-5.47840432407824e-002 7.23936982433337e-004 8.46698288439129e-005 -5.65795963413110e-006 1.55457138775456e-006 -4.16623784990363e-007 -7.87529946779168e-008 6.56774164892831e-009 5.18314389156896e-010 -4.57436503052794e-011 
3.92597561870744e-001 1.10627451187718e-004 -3.99736230007003e-005 -1.66600259008191e-006 -4.99597818922655e-007 -1.80555662460298e-007 2.47859378792674e-008 3.31954325121309e-009 -1.96117794703276e-010 8.46545681394355e-012 
2.88886271810128e+003 9.19294895414340e-001 -8.68358546813325e-005 3.41865454429391e-006 -1.35817384406279e-006 3.94134529918744e-007 7.26309997500335e-008 -5.93874282356008e-009 -4.54651585861591e-010 4.20850074081763e-011 
-5.31283977219459e-002 7.23726527193310e-004 -1.73760790568841e-004 -4.65824752122939e-005 9.58682699844812e-007 1.89802726732285e-006 1.79487002461998e-007 -4.52703430943242e-008 -1.07180960067978e-008 2.84405073868719e-010 
3.92353702295591e-001 -3.89049983300526e-004 -7.12321646505863e-005 9.25281690219569e-006 3.88703019789682e-006 1.52507099109914e-007 -1.23753679147434e-007 -1.81461262025254e-008 2.08487431491735e-009 8.37070540810826e-010 
2.89070100689738e+003 9.19181698451299e-001 1.47517344913818e-004 4.51383010265929e-005 -4.50883585030084e-007 -1.76226915791411e-006 -1.77348835536502e-007 4.06088012969074e-008 1.01463795401388e-008 -1.93991542500496e-010 
-5.33923328928848e-002 -8.18941023538837e-004 9.86807853383711e-006 5.51848034791935e-005 -4.80379148762275e-006 -1.24571275531507e-006 2.40937270456532e-007 1.69279796448224e-009 -5.62058224210142e-009 9.18464771446448e-010 
3.91680233597190e-001 -1.17649377691003e-004 1.07173664689816e-004 -5.43232666284062e-006 -3.50916094983812e-006 4.68342381304846e-007 4.54459566014056e-008 -1.56421851174783e-008 1.17551725187217e-009 2.02582667213906e-010 
2.89254095756499e+003 9.20640533292327e-001 8.68348022072008e-006 -5.05264563738762e-005 4.06215118013103e-006 1.18036070845813e-006 -2.20814763178821e-007 -2.73724121227343e-009 5.35306672624727e-009 -8.37916640008322e-010 
