4.76639812367265e+007 -7.60245481228408e+006 -1.46630241525761e+006 -5.14129869419448e+003 5.21135688930692e+003 3.43017939004055e+002 -5.70707948981210e-001 -1.90969072723627e+000 -1.44449748545684e-001 3.45066379651901e-004 9.62252552331227e-004 7.69269070822615e-005 -2.23485672889430e-007 -5.60501801430281e-007 
1.36329003349700e+007 1.45324272749609e+007 -4.13633720545998e+005 -8.63290226513733e+004 -2.33580642414813e+003 2.00208733888581e+002 2.56684193780087e+001 8.41074763316278e-001 -8.49250241937287e-002 -1.19491954601202e-002 -4.19641031282833e-004 4.54280349674859e-005 6.67420157118771e-006 2.45485604527143e-007 
2.27757057601747e+006 8.55070650393397e+006 -6.88395323150480e+004 -4.55794392928456e+004 -1.78826173374376e+003 7.13596339565648e+001 1.37700250183372e+001 6.47358016023895e-001 -3.03788030871601e-002 -6.41847889848525e-003 -3.23966671481920e-004 1.62859364399135e-005 3.58820640035066e-006 1.89261522324035e-007 
2.18030929836722e+007 -1.77630769021855e+007 -8.68812466819248e+005 1.08371127225889e+005 6.22256379573917e+003 -4.77406630085567e+002 -5.00646831046859e+001 2.17283254974387e+000 4.34294583735617e-001 -6.58562260110370e-003 -3.82303844008933e-003 -4.22629014540614e-005 3.30719351618570e-005 1.28287456238729e-006 
3.59980059229421e+007 6.96597028394618e+006 -1.43543874304316e+006 -6.05209213185866e+004 6.63208033035791e+003 4.67134260797417e+002 -3.12136106058153e+001 -4.02897616092826e+000 1.38429997329786e-001 3.59082732260617e-002 -2.42322831082497e-004 -3.18983261229839e-004 -6.22095399582535e-006 2.77037699213494e-006 
1.69056771029959e+007 5.56306218317786e+006 -6.76617197061498e+005 -4.35689480591890e+004 2.89705114178177e+003 2.99042910075110e+002 -1.14794500288609e+001 -2.37747474778251e+000 2.88920164690316e-002 1.98635686076853e-002 2.67138667872894e-004 -1.66000977646570e-004 -6.75362671914738e-006 1.34672380963879e-006 
-1.59958665077017e+007 -1.87869710059091e+007 6.04284483511922e+005 1.04442843983911e+005 -6.02388510083582e+003 -3.01071188324948e+002 4.91473559012291e+001 -3.13414560005922e-001 -3.36375124964256e-001 1.90652962068060e-002 1.69415338972036e-003 -2.43220613604611e-004 -1.61943997805026e-006 2.18821349678931e-006 
3.76498826839693e+007 -5.28829509188501e+006 -1.40809415615987e+006 6.05454743782265e+004 5.04564303834741e+003 -5.07874490174175e+002 -7.17439226060355e+000 3.69630287586999e+000 -1.27481801881474e-001 -2.16259312584834e-002 2.10138414009154e-003 6.88767923573349e-005 -2.12334193595070e-005 5.33931476507837e-007 
2.17081540804298e+007 -8.76357854810418e+005 -8.14819309687833e+005 2.15063028465466e+004 3.32000956983622e+003 -2.40050843426842e+002 -8.93039321974162e+000 2.00689560787563e+000 -3.32014637350305e-002 -1.35292092414769e-002 9.46717598865070e-004 6.20205549746897e-005 -1.11738678715801e-005 5.82108892596199e-008 
-4.60055523826976e+007 -1.06902382014610e+007 1.24780619151625e+006 8.41957313079238e+003 -4.20156074010786e+003 2.55886623106207e+002 -2.70547650152271e+000 -9.90193826107281e-001 9.81960755095365e-002 -3.28301177361090e-003 -2.58356267282966e-004 4.25673814865217e-005 -2.36618681419890e-006 -3.94672769240700e-008 
1.86081844040675e+007 -1.29816315402864e+007 -4.95774561396343e+005 7.36284545932344e+004 -1.96954880243378e+003 -1.11621418629578e+002 1.71768483096327e+001 -8.93158605297131e-001 -1.09682897101062e-002 5.75757544168852e-003 -4.52957951493572e-004 7.65256529850714e-006 2.00816270564733e-006 -2.33763314497957e-007 
1.46491295141518e+007 -5.82565920767383e+006 -3.94256953318791e+005 3.84553393645516e+004 -6.16197740752489e+002 -8.61665007230894e+001 9.45567951356684e+000 -3.74366291777783e-001 -1.60448617341337e-002 3.41597097306462e-003 -2.15148029109046e-004 -3.28000730252254e-007 1.31811325908135e-006 -1.20770899791820e-007 
8.45839681415381e+007 -1.48488179863531e+007 -1.06251365773936e+006 3.02125203621132e+004 1.14141107291618e+003 -1.67866061710887e+001 -5.26820258058229e-001 2.34165745115566e-003 1.77340410813603e-004 3.98374505374987e-006 
6.25171636340485e+007 1.68879844315620e+007 -7.78306062364956e+005 -3.58597558288734e+004 7.70445987931218e+002 2.37768373644646e+001 -2.49319550309841e-001 -8.47223106789071e-003 1.28752258437574e-006 -1.19098521807253e-006 
2.27645717719586e+007 8.53691017757859e+006 -2.82885303950207e+005 -1.80443101616425e+004 2.74354677772445e+002 1.17586606004506e+001 -7.87933964501818e-002 -3.94724121271497e-003 -1.19899207331095e-005 -1.57255906876937e-006 
4.77339133455105e+007 -2.16180843540480e+007 -6.03604110992813e+005 4.51358911571984e+004 6.87792761217045e+002 -2.80196545654131e+001 -3.84137400251145e-001 7.88634516020192e-003 1.75782179160046e-004 -9.43580800337144e-007 
8.88741887129110e+007 9.18345697128868e+006 -1.12024108749096e+006 -2.01340061122403e+004 1.16699932213307e+003 1.49754253001991e+001 -4.79116086789567e-001 -7.33545047739764e-003 9.37294027388702e-005 3.23495111946083e-006 
3.69535479107525e+007 5.49934089764741e+006 -4.65755776661600e+005 -1.19143654864007e+004 4.81461849573366e+002 8.51036848533135e+000 -1.91229011269352e-001 -3.79824495822176e-003 3.09135420832909e-005 1.52377082831141e-006 
1.09800295976116e+008 1.37970830375861e+007 -4.99349287259348e+005 -1.07786371969992e+004 1.71271576480411e+002 2.41593605149317e+000 -1.08872555433563e-002 -1.33874389436077e-004 -4.53706503656282e-005 -4.37591978972632e-006 -2.61596476020085e-007 3.68765016474292e-008 6.43615319017654e-008 
-9.45509530868228e+007 1.36121807366181e+007 4.34410042279148e+005 -1.00449572175556e+004 -1.67310713153164e+002 1.75141410528466e+000 2.28604570458466e-002 -1.58724078564911e-004 6.70829990137620e-006 4.16073613552692e-006 3.94120921956740e-007 1.64630842691219e-007 -6.50921745038530e-009 
-4.10043422113153e+007 5.90192771277785e+006 1.88346810321487e+005 -4.35518364532361e+003 -7.25401948341700e+001 7.59700506431397e-001 9.85375887659328e-003 -9.41365717633893e-005 4.89296292554557e-006 2.62751811269077e-006 2.08391865227932e-007 7.89208577946113e-008 -5.77488824131056e-009 
1.33025316278160e+008 9.33506341236369e+006 -6.10711545901897e+005 -7.66931813989543e+003 2.16196764798165e+002 2.05204134443237e+000 -1.75312338782855e-002 -5.47379161923242e-004 -7.09711293240426e-005 1.79520709783201e-005 5.52205418095010e-007 -8.32478554243222e-007 1.60830541302565e-007 
-6.42632665236658e+007 1.65626504278303e+007 2.99061519352756e+005 -1.24116052414426e+004 -1.26676896747749e+002 2.32136999909947e+000 2.32438177617693e-002 -1.38748067765901e-004 6.01810788657203e-005 -3.82220763382397e-008 -2.71676858076274e-006 5.05116272527482e-007 2.55379529316672e-008 
-2.78723233004968e+007 7.18116060697487e+006 1.29663898750089e+005 -5.38128450868416e+003 -5.49219501190954e+001 1.00645187826591e+000 9.93925001597343e-003 -5.30209379944438e-005 3.50857586360791e-005 -1.13816710044675e-006 -1.46185377406483e-006 3.09917392941868e-007 5.82019201977963e-009 
-2.13515791205873e+008 1.62271592671092e+007 9.80721667603474e+005 -7.47562249142370e+003 -3.76644305761784e+002 -3.74779061570922e+000 -1.98250958339202e-002 1.36114768225051e-003 4.08138165444494e-005 1.14517420429740e-006 4.44824871443900e-008 
-9.86792478353851e+007 -2.43948041386954e+007 4.57021039425436e+005 2.09375585146687e+004 8.39158288556630e+000 -3.25812979684851e+000 -9.36487175464952e-002 -1.58477385922744e-003 -2.89430650965170e-006 8.02641428363362e-007 -9.62155608224203e-009 
-3.95076891676554e+007 -1.16283052384995e+007 1.83093444138864e+005 9.80559237486344e+003 1.40359298985357e+001 -1.39300951006037e+000 -4.24216240466016e-002 -7.64745109232376e-004 -2.28434277214219e-006 3.75225400768105e-007 -1.26357631762514e-008 
-7.63979953734048e+008 6.06367831184465e+006 8.92571911490594e+004 -1.14223901602314e+002 -7.51549151426898e-001 2.98172308817159e-004 -2.05577884575724e-008 -2.67872455246957e-007 
-2.67622057256695e+008 -1.47352244505254e+007 3.13439104440990e+004 2.88409448325147e+002 -2.42128167789386e-001 -9.80194727727664e-004 -1.00246531554306e-006 -3.36341176200009e-008 
-9.60999011084655e+007 -6.46385570195765e+006 1.12605715733061e+004 1.26408396055097e+002 -8.54734529400748e-002 -4.27203418235294e-004 -5.23812566876637e-007 -5.68525384085302e-009 
1.23016760996113e+009 6.55294659968219e+006 -2.46700927312076e+004 -2.67702674451280e+001 2.99763527563686e-002 3.70610569983860e-005 4.87541634057528e-008 
-7.19700754946377e+008 1.04271571551146e+007 1.44455632226336e+004 -3.19984462455453e+001 -3.17155853758876e-002 9.83171356359413e-006 -8.74505480841233e-008 
-3.50144781482611e+008 4.02457341009801e+006 7.02725660700444e+003 -1.20638832498040e+001 -1.43918373031797e-002 2.48572700377465e-006 -3.57509704140022e-008 
1.03665798732325e+009 8.73648751323888e+006 -2.60555425560154e+003 -3.49551082413000e+000 8.37588550744859e-004 2.43236852980036e-007 
-2.50778805902597e+009 2.69294790834580e+006 6.30742717542074e+003 -1.55025921492672e+000 -1.07017989776400e-003 3.71769925961387e-007 
-1.11300683354951e+009 1.05584279549428e+006 2.79937137654818e+003 -6.29522330004498e-001 -4.79931485997872e-004 1.60714708360416e-007 
1.54902142275336e+009 7.00899990827830e+006 -1.06859706521042e+003 -8.13138132902735e-001 4.81932008320365e-005 3.57395720287038e-008 
-3.91095451919370e+009 2.48976182179476e+006 2.69869732719990e+003 -2.69899859973829e-001 -1.51602787559712e-004 1.78647880745303e-008 
-1.63934174133593e+009 8.44598978100278e+005 1.13115052879669e+003 -9.02095114696778e-002 -6.32868270173507e-005 6.79624325927477e-009 
-2.48115387359218e+009 6.44290530050116e+006 1.78865230320605e+003 -8.29538966782733e-001 -1.42874571032809e-004 8.23930427229093e-008 
-3.67121101252450e+009 -4.33708707445199e+006 2.64687050328512e+003 4.39427700135226e-001 -3.02336950285517e-004 -7.15111044096657e-008 
-3.98113209471322e+008 -3.29464388791149e+006 2.86990358018403e+002 3.86678867276059e-001 -4.97002504491719e-005 -3.58763142382898e-008 
2.73906435154534e+005 1.19414065931855e+005 -1.33490587811468e+004 -8.71143841827334e+002 6.00718563290149e+001 7.18835952646718e-001 -1.25509108787687e-001 4.12451387832511e-003 2.90924241242095e-004 -1.24903060144888e-005 -1.05909414970384e-006 6.64514397888424e-008 3.05182101829892e-009 
-2.51383248724386e+005 1.04919732185885e+005 1.22977027430676e+004 -9.41467061866842e+002 -3.62312788929757e+001 2.68234335646265e+000 -2.84195990034860e-002 -5.37280290313378e-003 2.18892216553059e-004 1.64938399026674e-005 -7.12043113060375e-007 -5.88502675035292e-008 5.10351980288303e-009 
-7.57086000715173e+004 5.25794729951023e+004 3.68008872342655e+003 -4.53792242317892e+002 -8.85670988859676e+000 1.13301434164636e+000 -2.29759001100109e-002 -1.75989402444038e-003 1.13628153232356e-004 5.41090962697804e-006 -3.79795785734103e-007 -1.73391168895557e-008 2.31030489226589e-009 
3.84573597045988e+005 -1.25765980902727e+004 -1.79538858194394e+004 9.25541085691924e+001 5.67733125391900e+001 -4.15146797543574e-001 2.83395322789729e-002 3.68784360470823e-003 -2.81521886849276e-004 -1.05943365758488e-005 1.59819874121875e-007 -3.65836166696028e-008 -7.30944014299990e-010 
1.65313787760765e+004 1.51913400047087e+005 -9.22778621618001e+002 -1.16133554128190e+003 3.93535640128164e+000 1.29005218457182e+000 -4.00512964631998e-002 4.49952481617952e-003 2.38968573081978e-004 -8.42668637920013e-006 -5.52051278826446e-008 4.27441431891167e-009 -3.42357439219534e-009 
4.09290057446206e+004 5.93080994732707e+004 -1.99011837020770e+003 -4.52342182021841e+002 6.77717240120698e+000 4.70537415695425e-001 -1.35758340580640e-002 2.12390416478426e-003 6.92874066905722e-005 -4.30380692344835e-006 -5.79091104040933e-009 -1.56919245169095e-009 -1.42653652636913e-009 
2.29994823914699e+005 -1.36629670465351e+005 -1.15054755075931e+004 9.83627704532828e+002 5.68259536862198e+001 1.14989832512377e-001 -5.63749180589876e-002 -1.20712512802641e-002 -6.82718379748801e-004 1.94212206478466e-006 2.78301733094105e-006 2.76128060633881e-007 1.10951374607920e-008 
2.70838945379035e+005 9.17411563793172e+004 -1.36529643792069e+004 -8.89851171011582e+002 3.34138476903974e+001 2.36170957608540e+000 1.31498822613422e-001 4.22872099575911e-003 -5.01311375911918e-004 -5.15316654158842e-005 -2.39032492986135e-006 1.98425205106539e-008 1.61207014922917e-008 
1.28203603604122e+005 2.42301511261639e+004 -6.45264925344731e+003 -2.63616108019918e+002 1.83551190499631e+001 9.39653786656495e-001 4.70330424805275e-002 6.02314421724997e-004 -2.59491093254723e-004 -2.02160995967684e-005 -6.98358440482799e-007 3.24470403598178e-008 7.37371069542587e-009 
-8.76377207409343e+004 -1.67016490414755e+005 5.19669609924719e+003 1.69172749663863e+003 1.05186196642001e+001 -6.33046833343003e+000 -4.04008625151868e-001 8.95506601198456e-003 3.21052238910518e-003 1.32958414707475e-004 -1.42220119272326e-005 -1.86595335385879e-006 -1.21339031714789e-008 
3.20757883601621e+005 -4.64245928548284e+004 -1.90337017351733e+004 1.76160831352754e+002 1.03999588697788e+002 3.18243000772715e+000 -2.69782559331983e-001 -3.64141460561429e-002 -5.46353476303563e-004 2.13317276371029e-004 1.68924168283854e-005 -4.83294897112888e-007 -1.58505610032830e-007 
1.19700041691552e+005 -3.32970431815809e+004 -7.07984924301553e+003 2.21651595396502e+002 4.20677504466069e+001 6.91161732270459e-001 -1.42719160014118e-001 -1.36128416225988e-002 7.01347089998976e-005 9.63181196846331e-005 5.41962266086079e-006 -3.57807294275217e-007 -6.38476337192238e-008 
-3.21519357727591e+005 -5.31406122632290e+004 2.13594306721019e+004 6.09756711273998e+002 -1.37001524907015e+002 -3.36942450924633e+000 7.35420142478029e-001 1.78696516934975e-002 -5.22301387478188e-003 -9.97693890821971e-005 4.29502591529448e-005 5.40283915419431e-007 -3.75053564377190e-007 
1.03144430523424e+005 -1.60871577277271e+005 -6.76111969676689e+003 1.72810035245496e+003 4.71369467841132e+001 -9.00312023815702e+000 -2.48694720610008e-001 5.55993177260157e-002 1.40155365112532e-003 -4.34107416552726e-004 -8.26654345531331e-006 3.71019336680361e-006 4.59875996222214e-008 
1.26082362226750e+004 -6.84809889687446e+004 -7.73577254925574e+002 7.38410311601630e+002 6.35783663707597e+000 -3.86406626192927e+000 -3.25725422550566e-002 2.36095287463644e-002 8.84212284506026e-005 -1.80810900081027e-004 5.59910277393676e-007 1.51748665654567e-006 -1.52538197069623e-008 
-2.59728479812427e+005 1.10466784062733e+005 1.61572781996401e+004 -1.27963098912709e+003 -6.51947838556098e+001 6.80549915408918e+000 -7.81730073923874e-002 -2.52315989321260e-002 2.37554123005923e-003 -5.71043218606345e-006 -1.60542543323670e-005 1.15341291403788e-006 3.22677209965941e-008 
-2.06826890070444e+005 -1.32549502434431e+005 1.28242165285228e+004 1.18167704759383e+003 -8.98214489815186e+001 -2.01313954134455e+000 4.14984209013350e-001 -1.83284152191231e-002 -1.04645456875404e-003 1.99984376225012e-004 -6.77759202392261e-006 -9.24190579554763e-007 1.13006041464676e-007 
-1.04736876270705e+005 -4.27168211512126e+004 6.50835904660152e+003 3.52710140194841e+002 -4.13790677001547e+001 -1.83680963858376e-001 1.57390261164374e-001 -9.52209455981177e-003 -2.02383746857735e-004 7.87022305061723e-005 -4.11731816931799e-006 -2.63073280651535e-007 4.76367969679202e-008 
3.53159729915744e+004 1.69596615277458e+005 -1.63788467138149e+003 -1.44904436656410e+003 2.97318928938555e+001 2.65076586998873e+000 -1.31601705337002e-001 5.60071452718604e-003 -2.30808217651472e-004 -1.99397042956616e-005 3.29982436660503e-006 -1.41095730266154e-007 -1.82147492145520e-009 
-3.42040041096414e+005 1.86702718929725e+003 1.83013433644037e+004 -2.18447662128799e+002 -7.25352000108397e+001 2.15110955701289e+000 2.18879820110631e-002 -3.45966865618146e-003 4.67906228899082e-004 -3.75432224592740e-005 2.66901020913406e-007 1.54809483397535e-007 -1.19911017567106e-008 
-1.32249202274457e+005 1.56550895087680e+004 7.08149644987001e+003 -2.15802502746466e+002 -2.59564374884788e+001 1.09171705435435e+000 -3.31611285466637e-003 -8.75580379974311e-004 1.65066053831701e-004 -1.66383098859925e-005 4.00004609798906e-007 4.86654164207018e-008 -4.91375935553107e-009 
3.14124756565041e+005 9.81358676265110e+004 -1.48739155829157e+004 -6.84399222349815e+002 5.91126447867675e+001 4.97474483855905e-001 -7.12516733460046e-002 9.38253926460406e-004 9.35072089590895e-005 9.71540797378849e-006 -8.90352100084021e-007 -2.40825383047011e-008 3.42187211408690e-009 
-2.11905402690602e+005 1.21429328901016e+005 1.01818192493561e+004 -1.02240767208392e+003 -2.77467710006710e+001 2.22095640288875e+000 -1.27255948233076e-002 -1.74923118134355e-003 -5.41375651400659e-005 8.81689298635569e-006 6.33124401263655e-007 -5.73007540576343e-008 -3.80023934297106e-010 
-5.64059848719277e+004 5.65019265568562e+004 2.69723841980726e+003 -4.63911471997071e+002 -5.59389392583887e+000 9.21125535119861e-001 -1.16115214959245e-002 -6.03308268704949e-004 -1.30353460945317e-005 4.32822075355402e-006 1.70658951475518e-007 -2.47582405760692e-008 1.57372806636249e-010 
2.56460656185588e+005 -4.12835332342920e+003 -1.47152753957103e+001 -9.28033614036766e-002 -2.24458619187875e-002 -3.37996837108592e-004 3.82818358726683e-004 4.79193954374589e-005 -4.99729385303799e-006 -1.81490408116296e-006 -5.27763503574704e-008 
7.67013347765786e+005 5.37320976764913e+003 -7.23937643265764e+000 1.97186299375890e-001 -5.50824697346731e-003 -2.54039779652249e-003 -1.49659543607318e-004 4.49872630358243e-005 8.67040177507497e-006 -3.41031908858762e-007 -2.79925650659631e-007 
3.22521101768338e+005 2.43933474401473e+003 -2.79195346152261e+000 1.09593252417716e-001 -6.70526887224651e-004 -1.31555788995489e-003 -1.19640439841871e-004 1.90572316143312e-005 5.14967894034589e-006 6.31374565670890e-009 -1.44050206406650e-007 
2.48079969189555e+005 -4.25416470727233e+003 -1.68186214905382e+001 -1.43051709585749e-001 1.38663886427171e-002 -5.18617706949796e-004 -2.44078990363890e-004 4.54351263053935e-005 -3.71622482706966e-007 -1.08725055433909e-006 1.61006657462501e-007 
7.77706480736932e+005 5.32062643529280e+003 -6.38857325819552e+000 -4.79439852126638e-002 -4.44623457040547e-003 1.85107098643304e-003 -1.99624879442550e-004 -1.52762437216640e-005 6.87442851698297e-006 -5.47583348907494e-007 -1.00097868894259e-007 
3.27380348858562e+005 2.42042305753668e+003 -2.18490004928051e+000 -1.60277569736710e-002 -3.74510884866084e-003 1.04847238249183e-003 -8.13584928539064e-005 -1.28751519474297e-005 3.71054775376197e-006 -1.79508909405156e-007 -7.01712187492860e-008 
8.46501772633443e-005 -1.31199912952327e-006 -3.23468784355454e-007 1.56309195538632e-007 1.18084203543833e-008 -5.08919718356872e-009 2.72694957762392e-010 7.92257673624100e-011 -2.65012760910738e-011 -3.98571098736881e-012 
-1.57934369414849e-005 4.72546063256395e-007 -2.12845128918167e-007 -2.98201758576174e-008 1.35959141169790e-008 3.47224346245462e-010 -2.31359006538262e-010 1.61757876875095e-011 -4.01634646274976e-012 9.74123902349960e-014 
8.37207096619753e-005 9.21736052685559e-007 2.17535970681370e-007 -1.98561147492436e-007 -3.33646679958292e-008 5.27777683381671e-009 1.87152316342834e-009 2.46603411999114e-010 -1.47221799962219e-011 -2.07217077435305e-011 
-1.56327421879007e-005 1.36718943421243e-007 2.68736990982975e-007 3.48509883717741e-008 -1.81986389888705e-008 -4.11253329821051e-009 -1.51127831866193e-011 2.01371053040938e-010 4.11188249006905e-011 -4.45271873804323e-012 
8.32008874962141e-005 -1.31901819977451e-006 3.90362077344183e-007 2.34438961699212e-007 -5.90330332570619e-008 -1.48703455453550e-008 4.43270865910336e-009 4.36358562149135e-010 -2.48161731421988e-010 -2.01708807056405e-012 
-1.50377688932397e-005 -1.51106105252074e-007 -2.78229897191122e-007 8.31184982267279e-008 2.76964848018090e-008 -7.33649667345373e-009 -1.16405146146817e-009 4.26178709220410e-010 2.67260837187810e-011 -1.81929813859062e-011 
8.26132918693210e-005 -3.88586089027426e-007 -6.42712830326292e-007 -3.68503983907142e-008 4.14788892584585e-008 -8.54148752020389e-010 -8.91883434159193e-010 7.89475508101381e-011 5.41471741235330e-012 -2.69692659174797e-012 
-1.48908843118782e-005 6.17850519690893e-007 6.97095878799411e-008 -7.86508517731892e-008 -9.11514437871494e-010 2.98510409293023e-009 -1.27666266977763e-010 -4.88846983787697e-011 -3.74193272524495e-012 2.21502956295511e-012 
6.18854148080610e-002 3.95339035993261e-004 -1.02694852445887e-004 -2.47158005304564e-005 5.61692697029477e-006 4.40230305686360e-007 -1.27152942050047e-007 -8.53379669163253e-010 1.27170361736398e-009 -1.15432064693350e-010 
4.19579056847763e-001 -3.00764523027924e-005 -5.35170391324029e-005 1.13313456653807e-005 1.50507533241789e-006 -3.83312198510568e-007 -1.54145864979110e-008 5.80793560348419e-009 -1.89454190392827e-010 -3.68242506521395e-011 
2.02590508452302e+003 9.19552550223577e-001 9.71096826487254e-005 2.09370386063357e-005 -5.18031935202381e-006 -3.96184930821393e-007 1.15953328193951e-007 8.27630202912311e-010 -1.15305405851398e-009 1.05988274220415e-010 
6.18544835649634e-002 -3.28397164396702e-004 -9.85784225022542e-006 9.45721850330346e-006 -4.87206614673648e-006 -4.49776112321038e-007 1.52202157944753e-007 2.24334738613937e-008 -1.54484602394855e-010 -5.05532126870190e-010 
4.19474861355558e-001 -4.82624363278357e-006 2.39718473778388e-005 -5.42750609473860e-006 -8.13326587779809e-007 4.15893911183003e-007 4.44865008458968e-008 -5.82025288981381e-009 -1.53910125344342e-009 -1.32380683096862e-010 
2.02774490251123e+003 9.20160025934303e-001 -6.33430025795336e-006 -9.34584225968670e-006 4.72797333729497e-006 4.48008485972904e-007 -1.38357810199992e-007 -2.11886253360277e-008 1.12747004079667e-011 4.58287850572309e-010 
6.10079947444871e-002 -5.32562310469015e-004 7.41337365250684e-006 3.34713589357692e-005 4.80001716466679e-006 -1.49468349527335e-006 -2.05068256472908e-007 5.62371850127325e-008 3.56354008742392e-009 -1.88174437929976e-009 
4.19623329442407e-001 1.81873314317286e-004 5.38536808311576e-005 4.74614163236848e-006 -2.90479820433782e-006 -4.58671783153634e-007 1.17981793376113e-007 1.24278887186711e-008 -4.18188491773625e-009 -1.02410748434660e-010 
2.02958531358732e+003 9.20284052099109e-001 3.54303287774798e-007 -2.77211330457464e-005 -4.66230049801503e-006 1.31764704658132e-006 1.97588213182543e-007 -5.09649485693712e-008 -3.59390565295783e-009 1.73374174596466e-009 
6.08496200717156e-002 4.46700248179078e-004 8.06354620429601e-005 -3.90951532785977e-005 -2.00337330577943e-006 1.18877957358687e-006 -1.26339005664431e-009 -1.77290020131053e-008 6.89435399029299e-010 9.00260417377011e-011 
4.20123824383207e-001 2.01456168441088e-004 -7.05532434625200e-005 -5.86158017865039e-006 3.02411542493328e-006 6.93792727402149e-008 -6.53554447281390e-008 1.35920894610642e-009 6.32872680501718e-010 -2.87334756110963e-011 
2.03142515747189e+003 9.19497440255414e-001 -6.13163507288596e-005 3.44315942443997e-005 1.73037861488690e-006 -1.07550009862920e-006 -2.95849114675353e-011 1.63020124882218e-008 -6.29072544599079e-010 -8.35947818870535e-011 
