2.00618392765231e+007 1.26094632420967e+007 -2.59465115917290e+005 -3.06999883018879e+004 -4.41072923704163e+002 -1.41548083567243e+001 1.70792662717610e-001 2.67086413379164e-002 1.80473254281199e-003 9.07519514129251e-005 3.38325963614295e-006 9.39772789545289e-008 1.11250627667385e-010 -1.81560435396112e-010 
-5.58016616515730e+007 5.65089116585225e+006 7.20093116862854e+005 -2.95577819913234e+003 -4.83400405158205e+002 -2.10260696559464e+001 -1.07625940325900e+000 -3.00615084833132e-002 -7.76047176186996e-004 1.02165749399504e-005 1.98816654423506e-006 1.47196315269528e-007 7.58455133252744e-009 3.06148661708212e-010 
-3.17992326560469e+007 1.71082086929612e+006 4.11555885444022e+005 1.60483263642179e+003 -2.12475295767966e+002 -9.76349606817664e+000 -5.92612942357842e-001 -1.88276207212325e-002 -6.01694967585019e-004 -3.95400699018495e-006 7.11154908800194e-007 6.88814322554122e-008 4.03986773298070e-009 1.82361739684772e-010 
4.19416376202170e+007 8.92200837229435e+006 -6.77745777528324e+005 -3.93783093868106e+004 -5.72112300435850e+002 9.56099591080666e+000 2.43991197593237e+000 1.68022879151984e-001 7.91222317131619e-003 2.13923597094794e-004 -4.33802437732560e-006 -1.04466193261850e-006 -8.22243665251658e-008 -4.24957151135161e-009 
-3.89720423913324e+007 1.10956113414983e+007 6.18917387408840e+005 -1.57812361835097e+004 -1.24000577221938e+003 -5.84031776803598e+001 -1.98429444644689e+000 -1.18240667388509e-002 4.05878906461055e-003 3.94052302532763e-004 2.29222156007254e-005 8.73655281977530e-007 7.82950334567532e-009 -2.07318153460382e-009 
-2.50785351381943e+007 5.00160133535398e+006 4.00888574893820e+005 -4.34611739541483e+003 -6.03038681086739e+002 -3.21884909783466e+001 -1.31297047392322e+000 -2.37406201388376e-002 1.34753870821615e-003 1.88304566741679e-004 1.26941336183594e-005 5.75012258077551e-007 1.27092446375697e-008 -6.66724858869556e-010 
5.27862716658004e+007 1.49970746681990e+006 -1.18286071799400e+006 -4.16561349812537e+004 7.47168726519852e+002 1.55079351748149e+002 1.05944974995822e+001 3.16953496757798e-001 -1.51268727675430e-002 -2.77292288043635e-003 -1.90898738248187e-004 -5.09866703430888e-006 4.35480969929890e-007 6.76402476397285e-008 
-1.27355883203704e+007 1.48479106105634e+007 2.64419184552352e+005 -4.71588489916927e+004 -2.75146957920429e+003 -7.43831808371128e+001 3.21372085375565e+000 5.65373438863327e-001 3.72727705973469e-002 9.64680817156770e-004 -7.93424319010707e-005 -1.20998936201726e-005 -7.82048136832693e-007 -1.64237922661469e-008 
-1.21886516192384e+007 7.77566606051806e+006 2.63910063270239e+005 -2.08707494570897e+004 -1.54722541131661e+003 -5.58152695361529e+001 6.17970247805465e-001 2.69133908824566e-001 2.14785591287992e-002 8.02862865441628e-004 -2.25850210228601e-005 -5.93459426680936e-006 -4.62904437171980e-007 -1.57876227351638e-008 
4.50986964916783e+007 -9.42866362356942e+006 -1.46163260520840e+006 9.27794332606960e+003 6.25629021331179e+003 3.22415892904131e+002 -1.04807775334020e+001 -2.58937539458011e+000 -1.21998279342485e-001 7.92937857596107e-003 1.43450546525123e-003 5.39428001886215e-005 -6.27173795751804e-006 -8.98318850662058e-007 
1.67200588715961e+007 1.39019847879267e+007 -5.80659936637999e+005 -9.11672389908696e+004 -1.54675687018314e+003 3.01753640468825e+002 2.80937810669308e+001 2.35353024239034e-001 -1.56854867371268e-001 -1.31619069082213e-002 7.83658291745665e-005 9.92806233903750e-005 7.13621389101441e-006 -1.76053737614372e-007 
4.34266283093657e+006 8.40369198111977e+006 -1.58592671742462e+005 -4.96605860638123e+004 -1.47502553967175e+003 1.27750794639598e+002 1.60936426352765e+001 3.94246089622634e-001 -7.11348875704085e-002 -7.85296554454831e-003 -1.06904922125720e-004 4.74383238929546e-005 4.46236524789213e-006 -8.78283182068446e-010 
1.00919915641162e+008 -8.28953329945503e+006 -1.25940413976801e+006 1.63528998442820e+004 1.31328876855769e+003 -7.75673123150257e+000 -5.41706278461969e-001 -5.80193644267235e-004 1.09052864103097e-004 1.98716487678420e-006 
3.50697504516170e+007 2.03399196164356e+007 -4.46349356760830e+005 -4.25332807289435e+004 4.15125903234224e+002 2.65839266870727e+001 -8.92503503091654e-002 -7.72265274294638e-003 -5.25089156677018e-005 9.91236960190112e-007 
9.41828577221409e+006 9.67559864402477e+006 -1.21109881311738e+005 -2.01705297865764e+004 1.03650970808976e+002 1.24509391615360e+001 -5.87050362350361e-003 -3.43762697231780e-003 -3.05185695495731e-005 3.20892066286323e-007 
7.51285168810528e+007 -1.72389879693148e+007 -9.44497434116591e+005 3.54204557912889e+004 1.02913927439427e+003 -2.04945827598554e+001 -4.98871222434785e-001 3.97140976741607e-003 1.72294362608584e-004 1.51001178354745e-006 
7.06681654890235e+007 1.48797159384938e+007 -8.99936176039138e+005 -3.18306102535003e+004 9.07074226785343e+002 2.17030243926041e+001 -3.21058288196677e-001 -8.46590197685303e-003 1.64050773728917e-005 2.20422440058483e-006 
2.70663659080821e+007 7.78543302880857e+006 -3.45106709185214e+005 -1.65621371097924e+004 3.42960555477026e+002 1.10612278600233e+001 -1.12870901645317e-001 -4.06229905997489e-003 -4.14173931550826e-006 8.21191572479703e-007 
-4.87266832531244e+007 1.91002576336709e+007 2.23529196998513e+005 -1.45984701404090e+004 -6.79810209157624e+001 3.00082769082717e+000 3.16344144739416e-004 -6.10966166143433e-005 -3.15026357549519e-005 -3.82153424423941e-006 4.35314836271118e-007 8.52108676705097e-008 -1.51733771181374e-009 
-1.31597062029879e+008 -6.19102687121631e+006 5.96720617181274e+005 4.33739769434401e+003 -2.20304788063735e+002 -5.35227687449786e-001 2.61277944794880e-002 -3.42247189279719e-004 -4.63352117937907e-005 4.39988799032183e-006 1.43663552649539e-006 3.86577875934211e-008 -1.36579546748079e-008 
-5.70570603287952e+007 -2.68430861647941e+006 2.58704337087658e+005 1.88043729179593e+003 -9.55107219253130e+001 -2.31820679375667e-001 1.12264770359859e-002 -1.68246885526352e-004 -1.54113180777084e-005 2.87147912630547e-006 5.49971658052071e-007 -8.14316885486559e-009 -6.22461495837174e-009 
-9.30272613154079e+006 2.01738278231258e+007 4.37977383463846e+004 -1.52076508278742e+004 -8.35485278853421e+000 2.94990540592275e+000 -2.40174898075900e-003 -1.44072405680354e-004 -5.18640921184385e-005 1.00032021906736e-005 1.10199513094177e-006 -8.16697951517224e-007 8.08634076966476e-008 
-1.39083234569959e+008 -1.26959721354237e+006 6.27369234564363e+005 7.58304864875762e+002 -2.25259639112957e+002 3.70733336217617e-002 2.24312264192785e-002 -4.95164494778841e-004 3.56369177199071e-005 1.82222645531086e-005 -4.49221878048658e-006 -2.23772341625397e-007 3.39631879039115e-007 
-6.03031005835802e+007 -5.50655386076687e+005 2.71991707769445e+005 3.28747709267218e+002 -9.76588497430410e+001 1.59067967838809e-002 9.60034433398233e-003 -1.93311140067104e-004 2.26379884361325e-005 5.98544184839722e-006 -2.06990401964956e-006 3.14446832040141e-008 1.30770057592051e-007 
5.67133892893958e+007 3.34568917775224e+007 -3.71098841379349e+005 -3.85564366014264e+004 -8.32586599680448e+001 2.01415248279874e+001 3.76829951093255e-001 -6.50442077354244e-003 -3.90373222681026e-004 -2.07672237808644e-006 1.63781924985689e-007 
-1.85634494124803e+008 1.10452501525892e+007 1.21412744782898e+006 -5.15919090818036e+003 -8.42144363626510e+002 -7.66771809691939e+000 3.65661849794376e-001 1.16947658393712e-002 -4.41611588826812e-005 -1.00899410721195e-005 -1.91810365729435e-007 
-8.66580897401861e+007 4.16157695625665e+006 5.66910019923570e+005 -1.32432539226935e+003 -3.84010603166448e+002 -4.06103667907801e+000 1.57552755828492e-001 5.54154571044675e-003 -1.02982272580032e-005 -4.55559612366435e-006 -7.50366208139667e-008 
-6.40097321136387e+008 -1.10538007838424e+007 7.91352117979874e+004 1.93522706394412e+002 -8.74314591116518e-001 1.69470425020785e-005 2.79227363927001e-006 -2.71977665125046e-008 
4.35069675848286e+008 -1.25986566115270e+007 -5.38080586237030e+004 2.82970465036853e+002 3.24978290429922e-001 -1.73418457435991e-003 2.26040875322015e-006 -4.55125290211654e-008 
2.02069441236741e+008 -5.13112118009050e+006 -2.49906629321424e+004 1.16579978610372e+002 1.60572901166023e-001 -7.43235204150184e-004 9.41454633374216e-007 -1.75787585799122e-008 
-4.82531702032724e+007 -1.40560418399894e+007 1.21933617842536e+003 6.04625880082945e+001 -2.89531326775221e-003 -1.15919905105217e-004 5.36944871889512e-009 
1.24657971591177e+009 -6.91378193966120e+005 -3.21079612400413e+004 2.82939017114840e+000 7.99714153768499e-002 -1.58057807079418e-006 -5.29623566034746e-008 
5.16962991085079e+008 3.19553728141378e+005 -1.33145953816764e+004 -1.43504910308226e+000 3.31758309357011e-002 4.25850541447548e-006 -2.33697434509393e-008 
2.59398000849209e+009 4.64203699458490e+006 -6.12082186746770e+003 -1.66273593189461e+000 1.12717047954765e-003 2.84375136315469e-008 
-1.36000184107637e+009 7.08827041926094e+006 3.20800879054445e+003 -2.86946001324942e+000 -4.39227318982727e-004 2.76345174711576e-007 
-6.32335399563203e+008 3.03883011241470e+006 1.49162650894374e+003 -1.23332776877549e+000 -2.08330706431116e-004 1.18231817058859e-007 
2.97656441366438e+009 5.58661453296017e+006 -2.07284016440400e+003 -6.62750616212706e-001 1.15333226379010e-004 2.48758200056178e-008 
-3.09758559961271e+009 4.69147028884535e+006 2.15754817211600e+003 -5.28725800932639e-001 -1.34091690573712e-004 1.86959642676107e-008 
-1.34196386733889e+009 1.78115953035575e+006 9.34695490206465e+002 -1.99885009136081e-001 -5.77497503047219e-005 6.52556822523417e-009 
-8.97781398597566e+008 7.51406177667855e+006 5.90851906786175e+002 -8.83879404510357e-001 7.54116274503316e-005 7.66584096114782e-008 
-4.36355748197375e+009 -1.81137487499754e+006 2.87089341746230e+003 -9.20216753706551e-002 -2.54771100517203e-004 6.69630475255147e-008 
-1.09123323698643e+009 -2.82923263841898e+006 7.17908499216244e+002 2.37678387977295e-001 -1.03330737532235e-004 -4.12065112396838e-009 
3.63316792039210e+005 -5.20000499525853e+004 -1.70319710148574e+004 4.67151788477398e+002 5.23365569575778e+001 -7.95233545262620e-001 1.38879311970981e-002 -4.11044733761124e-003 -6.07128312583026e-005 1.69995812464054e-005 -5.17538023496683e-007 1.81239863581248e-008 -1.89189757399995e-009 
1.29540049966026e+005 1.37525030675945e+005 -5.87697697102348e+003 -1.02776279994648e+003 2.38904855670809e+001 1.11058930085681e+000 1.29156714784030e-002 2.15952827030990e-003 -3.09088553726635e-004 5.33801417217258e-006 3.26124506217214e-007 -8.43716027149514e-009 1.93712153748704e-009 
3.13032492774801e+004 7.20963511956584e+004 -1.37407150406501e+003 -5.46074913162039e+002 7.08018773155786e+000 6.17284917967939e-001 5.13072590755872e-003 1.42229422073283e-003 -1.46348790675472e-004 1.10864454038853e-006 2.06197456292422e-007 -5.74392460565191e-009 1.11801554631767e-009 
1.50023015269017e+005 -1.52877211862781e+005 -6.97127458208736e+003 1.15826980028362e+003 3.12231516632240e+001 -1.63127115089530e+000 -6.36352525437409e-002 -2.16272909762660e-004 1.56455675870000e-004 -7.96983895083959e-006 -7.41627294157026e-007 2.17260384622535e-008 3.06344364152562e-009 
3.24307726144688e+005 4.95031735379428e+004 -1.51147019143533e+004 -4.47432218291358e+002 4.93793923080121e+001 1.28783467807570e+000 -2.03587856883141e-002 -2.57115386168384e-003 4.66035379730037e-005 9.16151709446085e-006 -5.29793228761521e-007 -4.39990414349510e-008 3.27195327820360e-010 
1.45777683612036e+005 3.78315327925777e+004 -6.80203263382211e+003 -3.22324881872971e+002 2.14961168025821e+001 7.78091250129773e-001 -4.40640238366405e-003 -1.24628031829700e-003 8.97957458167708e-006 5.20524033506340e-006 -1.94351822304381e-007 -2.35322596457179e-008 -1.10318192044226e-010 
-1.63457660566565e+005 -1.47561474878695e+005 8.58859742594663e+003 1.31723716825317e+003 -1.58327633680161e+001 -3.04498768617931e+000 -6.12778146886677e-002 -1.40728231859581e-003 -1.10990370626405e-004 1.35010990290688e-005 2.13608792225167e-006 6.24010018335089e-008 -2.57344321802703e-009 
2.95994282726272e+005 -7.77767622508822e+004 -1.50346363790315e+004 5.02550867299611e+002 6.58068654385046e+001 1.89900181420661e-001 -6.69040024996765e-002 -2.33162025996263e-003 -2.43630656024130e-004 -2.21924010721742e-005 6.18437966751689e-008 1.02417580434456e-007 5.04377998137675e-009 
1.59628024272281e+005 -2.51154682821910e+004 -8.13930204154417e+003 1.30411274545553e+002 3.37368493591133e+001 3.61992834220974e-001 -2.75619465353956e-002 -1.02309497033283e-003 -1.09679414110587e-004 -1.20791102973599e-005 -1.57911009920664e-007 4.48016790910396e-008 2.70390909923053e-009 
-3.46269938684257e+005 -2.51357929565770e+004 2.05782924928609e+004 4.88257600690137e+002 -9.24655903620591e+001 -4.30669190285296e+000 4.56498531939290e-002 1.88095303991659e-002 1.53252612511072e-003 1.33488751672663e-005 -8.79159251716989e-006 -7.62048109092047e-007 -6.48568583329668e-009 
5.16079857629512e+004 -1.56510760816785e+005 -2.95862349126395e+003 1.45357503943693e+003 4.15917734604613e+001 -3.49707627989981e+000 -2.84459054392446e-001 -9.20388561393508e-003 7.00904306582344e-004 1.22036016403874e-004 5.23644605906366e-006 -3.49679055289889e-007 -5.99071602868808e-008 
5.58751676996176e+004 -7.45705976020238e+004 -3.26699675535102e+003 6.70816226762786e+002 2.85807191127483e+001 -1.33975146725634e+000 -1.43755501028388e-001 -6.16962588276013e-003 2.09457508329655e-004 5.87357217939828e-005 3.34387170599935e-006 -1.04659982935794e-007 -2.88402337489881e-008 
-2.34450227900818e+005 1.32829248122948e+005 1.55858148113258e+004 -1.36973199448778e+003 -1.06979909153128e+002 5.63639071336534e+000 6.46917358101142e-001 -1.55039267907432e-002 -4.80525259285032e-003 -3.27552763087898e-005 3.68419620452670e-005 1.39443196304912e-006 -2.65936869339951e-007 
-2.26926333596362e+005 -1.06879524435403e+005 1.49568761144896e+004 1.20027868667417e+003 -8.71349061174816e+001 -7.06834214673085e+000 3.05801083165397e-001 4.89344867426840e-002 -5.85056470951041e-004 -3.81733374624210e-004 -7.05636486954487e-006 2.90355338661478e-006 1.48220455731522e-007 
-9.06189170311088e+004 -6.41230924865896e+004 5.97065202259753e+003 7.09997981248017e+002 -3.33849868474120e+001 -3.96817729822675e+000 9.32762621156801e-002 2.53925924940411e-002 1.35355626203473e-004 -1.84532562492631e-004 -6.70451542636554e-006 1.30280823814881e-006 9.61551897625223e-008 
9.13423143614501e+004 1.74958885350058e+005 -5.66482593677712e+003 -1.71788105963777e+003 6.45360983712761e+001 6.08079889063611e+000 -5.67214507774271e-001 -9.55482372992573e-003 4.27398637233826e-003 -1.15120378407499e-004 -2.72460938604666e-005 2.11320354770104e-006 1.25626660368226e-007 
-2.96567552425856e+005 4.02072764722062e+004 1.85031632856230e+004 -6.31223346524099e+002 -9.66319927142708e+001 5.76381077465358e+000 2.39747901934830e-001 -4.55162305596397e-002 4.17062091258854e-004 3.11163443890465e-004 -1.66308963710528e-005 -1.70265653457913e-006 2.11242047083851e-007 
-1.53407649791365e+005 4.37583399016756e+003 9.58108805925579e+003 -1.59066248879126e+002 -5.31585227101078e+001 2.29495730567326e+000 1.67723673626996e-001 -2.15050203470886e-002 -1.71362192469579e-004 1.62891203415871e-004 -5.76765245777575e-006 -1.02178040440154e-006 9.26522914812198e-008 
3.46344850998177e+005 6.95573740253452e+004 -1.82313332696594e+004 -3.50906219554177e+002 7.93921466833985e+001 -2.13846904148476e+000 -2.64759703810628e-002 1.58763144771162e-002 -1.20560427841901e-003 9.51519061039341e-006 5.28784893789069e-006 -5.32184876892603e-007 1.57124769506584e-008 
-1.04686293262718e+005 1.40694157665560e+005 5.52919565275139e+003 -1.27048962328919e+003 4.64079399044688e+000 2.66371384542847e+000 -2.12121380108448e-001 9.17960945459824e-003 5.28041650177095e-004 -8.60263003630637e-005 4.42309507350118e-006 8.96686771269166e-008 -3.52778088258773e-008 
-8.16105477722957e+004 6.29475776901657e+004 4.31030701441405e+003 -5.93624616508173e+002 -4.71438354012730e+000 1.49871939235310e+000 -1.01720131802135e-001 3.10807437806427e-003 3.65268125600138e-004 -4.30735931739707e-005 1.70579348389112e-006 9.08433584714909e-008 -1.86999968243695e-008 
3.39524086058837e+005 -7.45465768388202e+004 -1.60950950049844e+004 6.26899286424234e+002 4.76745478292733e+001 -8.39872080682160e-001 3.93397722323796e-002 -5.24905598580369e-003 -1.76917216297652e-004 1.65482937180745e-005 -4.89950786175549e-007 5.37355104352341e-008 -5.94286209003518e-010 
1.75378489790241e+005 1.27939286138143e+005 -8.14472244331787e+003 -9.50322126509998e+002 2.96494675025963e+001 8.01669207351925e-001 2.55224952799311e-002 3.85489741370762e-003 -3.55305651650456e-004 1.09608853549001e-006 5.64507041958759e-008 -1.99300115177801e-008 4.57238718935703e-009 
5.63815011549014e+004 6.92646904550113e+004 -2.59841663456884e+003 -5.22042363003094e+002 1.04269210322732e+001 4.71538085796788e-001 9.05782418984488e-003 2.34739287406652e-003 -1.59168962187255e-004 -9.21627470964425e-007 7.15540185250035e-008 -1.44673731025847e-008 2.29695085687254e-009 
3.51228273888235e+005 7.06954650054388e+003 -1.60003231761909e+001 2.65246173359396e-002 -1.50301658173722e-003 4.78916456833430e-005 -8.50771220937195e-006 -1.64172408210950e-006 -1.82447188509875e-007 -9.11941848042944e-010 -5.58154409745793e-010 
-5.58267996251783e+005 5.74224862950572e+003 1.40071804903050e+001 6.85126535239109e-002 1.76312956085480e-003 1.36117091339987e-004 1.67286337661833e-005 7.66055568351437e-007 -1.23086119313922e-008 -1.93338520044954e-008 -1.43512094065539e-009 
-2.46094482201857e+005 2.24696759891377e+003 6.16277741306393e+000 3.10576202895026e-002 1.01288220250182e-003 7.28529886242267e-005 9.86154463544867e-006 5.77402406339485e-007 1.23000182936865e-008 -8.21254473394596e-009 -7.19192854399163e-010 
3.65239999444008e+005 6.94226492532781e+003 -1.59128038809867e+001 -3.28732568015647e-002 -1.08163088291687e-002 -1.45095481354374e-003 -8.77460471759436e-005 1.38358516440667e-005 4.05375976293464e-006 3.87220741619516e-007 -2.54240104422865e-008 
-5.46668274483214e+005 5.85841991449219e+003 1.51537525603192e+001 1.35463582987771e-001 5.91284754803054e-003 -3.27891206653377e-004 -1.65172663017553e-004 -2.12368574433472e-005 -1.53415569117369e-007 4.20891797858446e-007 7.55839975072668e-008 
-2.41549735860557e+005 2.29824365461100e+003 6.72806922666878e+000 7.24819873207503e-002 4.30407753677545e-003 -1.91228894292819e-005 -7.91388816452379e-005 -1.27816228307065e-005 -5.02352401700218e-007 1.86651272093724e-007 4.29994139083762e-008 
-7.51547339192658e-005 1.73639007595624e-007 6.47046791972883e-007 4.05689727824487e-008 -3.50352958301797e-008 -1.48925077541587e-009 3.61872771165671e-010 8.18801981798874e-011 9.67024250259359e-012 -6.18081811115762e-012 
2.11649729248923e-005 -7.07543579744448e-007 -4.99204342752859e-008 7.77588152710164e-008 3.38498609784377e-009 -2.01817493762999e-009 -1.08909070647357e-011 -4.77208228437601e-012 -1.05122359805182e-011 1.52223126512702e-012 
-7.31199117551124e-005 5.70372017551101e-007 -6.91432998232743e-007 2.47107829246794e-009 6.05191743453328e-008 4.82433369447277e-009 -1.28033804748749e-009 -2.32944085914568e-010 -1.84935103240707e-011 -2.44488301720785e-012 
2.09687930404050e-005 5.73205209876829e-007 -1.14021444543816e-008 -1.12379598582289e-007 -6.08969105739989e-009 4.45754197542891e-009 6.09612597212767e-010 1.43685693063301e-011 -1.00761263601497e-011 -6.66478493226549e-012 
-7.14589547176611e-005 2.47845714634042e-006 5.14789296743849e-007 -3.23381480666499e-007 -5.35714640737834e-008 2.57903430796177e-008 2.62321161853434e-009 -1.45514127640239e-009 -1.01084937655179e-010 6.67442012159368e-011 
2.08658774441049e-005 -3.37975982213543e-007 3.35331009256856e-007 8.99996164762894e-008 -4.01133619518440e-008 -5.93699243808790e-009 2.54350532494853e-009 2.52212005722699e-010 -1.16957544665013e-010 -8.81305862512678e-012 
-6.91948629564462e-005 -6.24505688402219e-007 -2.70958204772763e-008 2.11186910545635e-007 -1.28621426010666e-008 -5.00443437927802e-009 6.97190331920328e-010 -5.53176954302071e-011 5.01003538597988e-012 -3.04259411712085e-012 
2.13602226085652e-005 1.67572747134628e-007 -2.90649001401442e-007 1.04866807643987e-008 1.69128882317630e-008 -1.40480257440962e-009 3.71186831029673e-011 -9.08608310556606e-012 -2.04504401488927e-011 5.94443497483384e-012 
-6.12586947517100e-002 6.50974778244652e-004 2.63603040064869e-004 -3.75254423103770e-005 -2.56648397633537e-006 1.00512988555287e-006 -2.17888315209789e-008 -1.33119891198121e-008 8.46490842656079e-011 1.07999888408485e-010 
3.96032828271854e-001 3.86249946811767e-004 -6.53204998408040e-005 -1.34076230272742e-005 2.61074675802338e-006 9.84541489833582e-009 -4.86844343617147e-008 1.06512553264323e-009 4.80869674250502e-010 1.42574075697224e-011 
2.85023420690409e+003 9.19331146581277e-001 -2.42224534482169e-004 3.26138598650198e-005 2.35595957655052e-006 -9.15446007320039e-007 2.07254584722735e-008 1.22175683802426e-008 -9.67366576290585e-011 -9.72628587421990e-011 
-5.91508511779355e-002 1.15934650867602e-003 -9.40380333377874e-005 -2.24082128444918e-005 -2.05238998347961e-006 -5.86657802794802e-007 7.63723163428669e-008 2.25259234064669e-008 6.00110012698034e-010 -1.54809276409785e-010 
3.96120387832078e-001 -3.08376120918201e-004 -8.43392227122653e-005 1.31456595508625e-006 -2.34870614843927e-008 2.19099117573024e-007 5.49902950342640e-008 -1.90748320402357e-009 -9.99687149382017e-010 -8.75481714011821e-011 
2.85207206764982e+003 9.18789606147274e-001 7.08021242849480e-005 2.04487271885511e-005 2.12040266503614e-006 5.54635321541929e-007 -6.96336657365443e-008 -2.07975601260988e-008 -6.06906685025640e-010 1.34374268412898e-010 
-5.86001954951697e-002 -8.20886043234375e-004 -3.06544397850477e-004 3.77089398538703e-005 1.28254917095695e-005 -6.76708082803457e-007 -4.22804820940611e-007 2.12805179330951e-008 1.31267687582189e-008 -9.28729847386763e-010 
3.95158317700170e-001 -5.07310417905328e-004 9.06414870333320e-005 2.59334279257329e-005 -2.02987229283573e-006 -9.13330101718413e-007 4.48687755407187e-008 2.89151783033740e-008 -1.81934283660816e-009 -8.92788214973179e-010 
2.85391119265468e+003 9.20549612801814e-001 2.88292883483001e-004 -3.19353554585770e-005 -1.20172724796220e-005 5.62088505028109e-007 3.95343854456208e-007 -1.79558243191713e-008 -1.22988868241688e-008 8.03814890634830e-010 
-6.03998713781806e-002 -4.04388067134996e-004 3.31549769484856e-004 4.63471935384600e-006 -9.13790474761308e-006 5.65245196375696e-007 1.01509836833046e-007 -1.18112773684277e-008 4.95658296866575e-010 -5.50480744802362e-011 
3.95101313172877e-001 3.97297384302930e-004 3.64006943147711e-005 -2.40932927176662e-005 6.63962960756616e-007 4.27446207069517e-007 -3.83349585201812e-008 -1.77983170221754e-009 2.73766636887659e-010 -5.56528073974141e-011 
2.85575253117169e+003 9.20263003294168e-001 -2.95125398996774e-004 -5.77510979031149e-006 8.31698008173153e-006 -5.07167536009840e-007 -9.49167250449892e-008 1.11281864900951e-008 -4.47408428855603e-010 4.39935214744446e-011 
