-5.57494237408742e+007 -3.64278008788326e+006 1.17036630775736e+006 -2.16595159338718e+004 -1.30849609663349e+003 1.35978653322806e+002 -7.55562095584255e+000 1.75095091733668e-001 1.22818855434054e-002 -1.82362839945344e-003 1.20314092502576e-004 -3.68164187293026e-006 -1.73505642648669e-007 3.33746803309481e-008 
-2.60116966723491e+006 -1.42435746206934e+007 2.93937846711075e+004 4.79907638211941e+004 -2.15786230435676e+003 4.62588905568285e+001 2.89897266557079e+000 -4.11864565151596e-001 2.59984821143941e-002 -7.68785603533026e-004 -3.50931752027122e-005 6.61910240850643e-006 -4.84789211149786e-007 1.76417093368156e-008 
4.52350770288106e+006 -7.23197317975955e+006 -1.05550870089286e+005 2.78818661979015e+004 -1.01722005554629e+003 1.06247778246759e+001 2.33149700126786e+000 -2.38168647335732e-001 1.26164828950028e-002 -2.21757712689240e-004 -3.12127596362108e-005 3.91737528111681e-006 -2.40990516210801e-007 5.96633597384936e-009 
-5.46445424953786e+007 4.47689554943928e+006 8.47981955332821e+005 -2.87427581503132e+004 6.09922912955381e+001 2.21443371509213e+001 -2.31254674945587e+000 1.23433671569235e-001 -4.87977078626411e-003 9.32339526494573e-005 4.95032005680557e-006 -6.96591611470792e-007 4.82140833261491e-008 -2.31442540735446e-009 
-2.93905032006161e+007 -1.22107514850367e+007 4.33496216446460e+005 2.20670292830549e+004 -1.10043416645492e+003 4.46430007357168e+001 -1.23462274251879e+000 -6.07957624338110e-003 3.29850525697988e-003 -2.71821809412124e-004 1.45471429875032e-005 -5.33692843328300e-007 5.92407632444244e-009 1.01850010275107e-009 
-9.90270011233061e+006 -6.98721308502812e+006 1.43730809034233e+005 1.47665964538351e+004 -5.94198915272810e+002 2.15552013073903e+001 -4.19979508318121e-001 -1.60360771766527e-002 2.26771580081824e-003 -1.54874159927593e-004 7.25859643485059e-006 -2.12939362368706e-007 -1.83095341774314e-009 7.83945741730829e-010 
-3.99746803161854e+007 9.91645724994875e+006 5.16316092371479e+005 -2.63365599482269e+004 1.52609830242943e+002 -5.99806129161633e+000 -4.72036405924338e-001 2.65269466650894e-002 -1.47516573768380e-003 6.03991284083921e-005 -1.87043454036672e-006 3.85180459814814e-008 9.79179242146572e-010 -1.39451244935511e-010 
-4.96784632306142e+007 -7.92520464776875e+006 6.17078149622159e+005 1.00653001912085e+004 -4.83012582781096e+002 1.88814387432883e+001 -8.23347723985589e-001 1.75991264998888e-002 -3.86580900646863e-004 -1.72028795649152e-005 1.54928348472938e-006 -1.01107358042400e-007 4.64538243327830e-009 -1.74651624012871e-010 
-2.22610882932396e+007 -5.26132362787183e+006 2.76166427734834e+005 8.10567730575788e+003 -2.73848546064850e+002 1.07083556952845e+001 -3.90949086049782e-001 6.65363280952661e-003 -5.36896461350194e-005 -1.54477935598790e-005 1.02145426454807e-006 -5.80050665584566e-008 2.38025543461923e-009 -7.88564923963099e-011 
-1.69906772960015e+007 1.28121646240303e+007 2.09481544113634e+005 -2.52921062017962e+004 -4.11178383802967e+001 -1.21678018210594e+001 -1.45789150092954e-001 3.19027924717735e-003 -2.17280663605368e-004 2.06187518161723e-005 -2.01882242938335e-007 3.24715810540558e-008 -4.44852707891391e-012 2.53247559483295e-011 
-6.02875417654834e+007 -2.61438673517021e+006 7.00863669169011e+005 4.42242833366201e+003 -2.71694076135808e+002 3.33297647687697e+000 -5.47337734540484e-001 1.44988668657648e-003 -5.48694270918514e-004 -2.34405012188022e-006 -1.75138257969684e-007 -8.03448049599294e-009 6.03903430194827e-010 -1.31415715747231e-011 
-3.03101500768162e+007 -2.72415819769455e+006 3.52715644135583e+005 4.98290023812727e+003 -1.40886219853625e+002 3.04117174719735e+000 -2.77297686079435e-001 4.44043041123393e-004 -2.70615574075470e-004 -3.38840611081974e-006 -7.26474690957106e-008 -7.65637474980139e-009 3.23083003616507e-010 -9.64434449970606e-012 
-1.00122183008801e+008 -7.50333362946057e+006 1.29533152479980e+006 1.54823000409095e+004 -1.40923048701962e+003 -9.08096408666393e+000 6.85278502151475e-001 1.85848419171790e-003 -2.47442863234542e-004 4.11969253286171e-007 
2.66460459352596e+007 -2.11387071113816e+007 -3.51967554445197e+005 4.51380060485229e+004 3.54279008745832e+002 -3.05896871529745e+001 -1.23075960435852e-001 1.20048559330710e-002 -1.23728607743722e-006 -3.81132054257068e-006 
1.83661222686888e+007 -9.03793850117590e+006 -2.40328281183173e+005 1.93332882270246e+004 2.48573340419244e+002 -1.31913100418546e+001 -9.87478407768570e-002 5.28757795462737e-003 1.48835004603016e-005 -1.78475084876339e-006 
-1.04453869842173e+008 3.21118490995718e+006 1.34274477112837e+006 -7.62266679625810e+003 -1.42662484257595e+003 7.13804555805910e+000 6.34183402892799e-001 -5.10345255789323e-003 -1.72133420743000e-004 3.19454140548458e-006 
-1.66948081769337e+007 -2.17384370874911e+007 2.03298693807483e+005 4.58641789897309e+004 -2.60396061095261e+002 -2.96424308118971e+001 1.91945826423794e-001 9.84304919414041e-003 -1.23128011608456e-004 -2.25545006911331e-006 
-8.63581437814200e+005 -9.98559120091759e+006 6.54902187938200e+003 2.11216159736500e+004 -2.69383418612300e+001 -1.37910051402279e+001 4.62631405446865e-002 4.75226043907829e-003 -4.45187304584814e-005 -1.21701746718746e-006 
1.50212421271181e+008 1.83265677264395e+005 -7.01478765197009e+005 -9.11484745751503e+002 2.69183214206429e+002 9.25066140244078e-001 -3.46725098022957e-002 -4.01851164984145e-004 -7.38035264003172e-005 -8.29882761814008e-006 5.69929525021680e-007 5.77905076214294e-007 1.47322840774257e-007 
-4.17879519367240e+006 1.87772906308029e+007 1.59515681689833e+004 -1.46389454314027e+004 -3.03669059009054e+001 3.25234068728662e+000 1.90362402212003e-002 -4.30983648092579e-004 -1.35624939136423e-005 4.74728703044089e-006 1.33945431691813e-006 1.94953156700161e-007 -4.13684222016736e-008 
-1.83245004950820e+006 8.13877807492295e+006 6.92033448894147e+003 -6.34523838559044e+003 -1.31656059045325e+001 1.40974315132274e+000 8.37810028352173e-003 -1.83919475855235e-004 -1.27196818159155e-005 1.28621692080802e-006 6.71873630282669e-007 1.36287285059491e-007 -6.06357380561799e-009 
1.44984892990275e+008 -5.39801526375553e+006 -6.86127110840112e+005 3.49247610233759e+003 2.78077545121182e+002 -7.22030826235492e-002 -4.58574274759542e-002 -6.88780756554231e-004 -2.33916176262030e-005 1.57192675682104e-005 -1.19208566450827e-006 -1.91261829070042e-007 9.46508226764115e-008 
3.29446390977559e+007 1.81990632848543e+007 -1.60412361890839e+005 -1.45825229088535e+004 3.85930189540564e+001 3.61296160501612e+000 9.31650174794732e-003 -5.79103127222973e-004 3.08841132734876e-005 1.27471382382529e-006 -1.13637064998793e-006 2.10864906473592e-007 -2.09576626865666e-008 
1.42582745206202e+007 7.88819446237287e+006 -6.95246661139108e+004 -6.32081818779394e+003 1.67255727868890e+001 1.56643375871685e+000 4.08355738297363e-003 -2.85231828290587e-004 1.26451088961920e-005 2.09060760781973e-006 -6.30807190892027e-007 7.13716733503510e-008 -7.82308688436767e-010 
-2.20231357402766e+008 1.43821581243601e+007 9.99333327402339e+005 -6.09030992902215e+003 -3.58216709873520e+002 -3.60190054856746e+000 -2.87088684011064e-002 1.01181559475389e-003 3.54891310815844e-005 2.42840726554823e-006 6.02632333586395e-008 
-8.86044942018530e+007 -2.51868911320980e+007 3.98000319953827e+005 2.08487935398250e+004 2.24062379850552e+001 -2.73118828500853e+000 -8.31495337644894e-002 -1.54227471309769e-003 9.79038083689991e-007 9.47510492919437e-007 -1.88832215424158e-007 
-3.46887997842068e+007 -1.19407691976689e+007 1.55633766822864e+005 9.72719454564372e+003 1.99271672126429e+001 -1.15586150761235e+000 -3.73972486503668e-002 -7.37512722622740e-004 3.34532696955918e-007 4.94209186914033e-007 -1.15522326225970e-007 
-5.62272227516926e+008 -1.29737437222731e+007 7.07916284123035e+004 2.38971500835915e+002 -8.64461726043726e-001 -2.60903090585760e-004 2.52293756579813e-006 4.22235545350672e-009 
5.11057834323404e+008 -1.10903140220035e+007 -6.43779830901732e+004 2.62871759309638e+002 4.48467364559552e-001 -1.94018180409313e-003 2.50027175986101e-006 9.24322803878423e-008 
2.32733348727096e+008 -4.43782862440757e+006 -2.93164964555996e+004 1.06860203224287e+002 2.13281055454508e-001 -8.24645233232199e-004 9.68415750188293e-007 3.95070225511583e-008 
-1.38199851750667e+009 -3.12324094945320e+006 3.15719156955362e+004 4.00753344146028e+000 -6.39795585128052e-002 3.68025250496791e-005 1.84351423162302e-007 
2.11271298416683e+008 -1.22191334394529e+007 -4.80237296163166e+003 4.78384475048555e+001 -8.53188826791361e-003 -6.08962458668999e-005 -2.46767525417255e-008 
1.46787553830693e+008 -4.91262285149288e+006 -3.34367207142190e+003 1.95813570883103e+001 -8.17697398135102e-004 -2.68465323085575e-005 -2.06436087526275e-008 
-1.17225458701012e+009 -8.61303890202401e+006 3.42215632052085e+003 4.41197252264999e+000 -4.38987220245204e-004 -6.55788220283724e-007 
2.31367678253468e+009 -4.07224311707189e+006 -6.75968127575539e+003 1.54135758039646e+000 1.99897150238146e-003 -4.39217428879017e-007 
1.02988957061643e+009 -1.66177993349561e+006 -3.00886603536987e+003 6.12812866996005e-001 8.80841053472748e-004 -1.84361183939684e-007 
3.89027416321645e+009 -3.71857347942110e+006 -2.78165959527446e+003 4.37055755929129e-001 1.66497660010013e-004 2.24207025708417e-008 
2.05267608855660e+009 6.07619316973350e+006 -1.46794024392706e+003 -7.27947735250002e-001 8.87809073755809e-005 4.24139697595567e-008 
7.43317798289628e+008 2.57959420044061e+006 -5.31586970368133e+002 -3.08839818111338e-001 3.22902120915763e-005 1.62567904232342e-008 
4.54321568832149e+009 4.89737138240078e+006 -1.48817089933813e+003 -5.36228831622603e-002 6.40150148696974e-005 -2.69227577147600e-008 
-2.79749681914331e+009 4.55932689999123e+006 9.16343069650519e+002 -3.80155175579996e-001 4.97720710911146e-005 -4.42036672842557e-010 
-2.24186964679682e+009 -5.27249107906672e+004 7.34368482518213e+002 -1.02388121216230e-001 -3.95562787997301e-006 7.05074956785108e-009 
3.60208300264383e+005 -5.42981644361331e+004 -1.68107507374847e+004 4.77673083732465e+002 5.37733317447860e+001 -1.46695045992830e+000 1.09811241420384e-002 4.56114643101767e-003 -2.20790962349245e-004 -1.30547238971262e-005 5.86145045069483e-007 5.04476002400989e-009 -3.59078286425907e-009 
1.36419758405898e+005 1.41367979991898e+005 -6.49252403293145e+003 -1.07303874746558e+003 2.83452516545547e+001 1.27826838156904e+000 -7.26315246662690e-002 3.37648254411596e-003 2.35865353809552e-004 -1.01795304278206e-005 -4.13251854904982e-007 4.21342973857070e-008 -9.79602083284951e-010 
2.34943266193481e+004 6.47613141569775e+004 -1.12043539531240e+003 -4.98631755717609e+002 6.66733154189162e+000 6.82305120824101e-001 -3.14007951995065e-002 9.81042991815870e-004 1.20772357172377e-004 -3.01999471869054e-006 -2.31138486375788e-007 1.72111030385478e-008 -6.69497657171828e-011 
1.44278707483843e+005 -1.53223937731191e+005 -6.76343558722637e+003 1.14255358772057e+003 3.19542048457011e+001 -7.68769776401624e-001 -5.50461907838565e-003 -6.78629674004981e-003 -4.33706814479237e-004 -1.64019635400929e-006 5.54011325119071e-007 8.53293933227629e-008 7.44903803085482e-009 
3.32900037090370e+005 4.71643413323389e+004 -1.59969481102139e+004 -4.67160523440729e+002 4.68916825884411e+001 1.12784824962229e+000 6.20035605859537e-002 3.64938938916852e-003 -2.73952529984122e-004 -2.28713921985509e-005 -1.02781274591320e-006 -4.57428590797582e-008 2.45816496350856e-009 
1.26945622435297e+005 3.45206459890858e+004 -6.10545898277015e+003 -3.08216630995113e+002 1.66919173938401e+001 5.57706800754022e-001 2.69101096419327e-002 2.19032065477827e-003 -7.41577482272580e-005 -9.54561058860200e-006 -4.89944842334246e-007 -2.75338654949801e-008 3.26930805717729e-010 
-1.67783177259960e+005 -1.45439640184082e+005 9.24536256127074e+003 1.43383907238083e+003 -6.99146956622206e+000 -4.35647124173317e+000 -2.96900842149983e-001 -4.58495068605437e-003 1.50236058134876e-003 1.41630726842768e-004 2.45925795646652e-006 -6.91179349669840e-007 -7.58592296080513e-008 
2.92002250996254e+005 -8.81837029993513e+004 -1.60702084869784e+004 5.48668417297162e+002 8.32025502669988e+001 1.81610620466274e+000 -1.30908567479367e-001 -2.32037241769759e-002 -1.11426886629656e-003 5.14647890893193e-005 1.07385393131297e-005 5.84766301042878e-007 -2.18246093460084e-008 
1.39378662044179e+005 -2.34366341775629e+004 -7.68662013740610e+003 9.35407227757911e+001 3.59486122177270e+001 1.19425611645047e+000 -2.70478202817186e-002 -9.40219162647744e-003 -6.16801781373358e-004 8.20890713532222e-006 4.31701209418263e-006 3.14296801127272e-007 -1.96857970709518e-009 
-3.37295586289307e+005 -1.33308643277997e+004 2.18776640306534e+004 3.40526345785645e+002 -1.32799241395431e+002 -4.58362181484555e+000 5.86086394069642e-001 4.74697946181018e-002 -2.76574309147787e-003 -4.48732549041149e-004 9.35921565800788e-006 4.07731502743901e-006 4.20655226166852e-008 
2.42774112443269e+004 -1.67340883841461e+005 -1.51724811997850e+003 1.76078735787425e+003 3.37703180606083e+001 -8.29515577140660e+000 -4.19009430972701e-001 3.89837784255286e-002 4.19132703776170e-003 -1.79362424810838e-004 -3.93638740595656e-005 3.37369231255271e-007 3.53152823206541e-007 
4.21868376353994e+004 -6.96251292022952e+004 -2.74262569642535e+003 7.13280073273001e+002 2.71628822608957e+001 -3.07441511255531e+000 -2.34197390039053e-001 1.19600693823555e-002 2.04271474862549e-003 -3.29103391904339e-005 -1.75854957476642e-005 -2.48630852106345e-007 1.45659613892907e-007 
-2.02281986138164e+005 1.40991122571131e+005 1.32038052165933e+004 -1.59454381217300e+003 -6.12947963172485e+001 9.01209583221061e+000 8.94711094322513e-005 -5.15825448799416e-002 2.45249389786112e-003 2.69548692949702e-004 -3.19528360790383e-005 -6.83849701641610e-007 2.98928206202383e-007 
-2.58203306520946e+005 -9.94815323363046e+004 1.69641945870563e+004 9.24257099078985e+002 -1.15621399400697e+002 -1.98567752316283e+000 6.26013661797734e-001 -1.58980234625148e-002 -3.47557168547057e-003 2.83907537179245e-004 1.40301630374638e-005 -2.97041518557053e-006 2.45305578263270e-008 
-9.04470631334491e+004 -5.56617471014426e+004 5.92852337813685e+003 5.45882415419489e+002 -4.30716502247649e+001 -1.71261890310652e+000 2.65152285332306e-001 -1.77293243025152e-003 -1.70847514178800e-003 9.44269984405928e-005 9.01558880219741e-006 -1.19330560204318e-006 -1.83097390752538e-008 
1.20993196614176e+005 1.65478443277479e+005 -6.73089171720226e+003 -1.42650678637956e+003 5.81887708418608e+001 2.23593721153634e+000 -2.40828550196529e-001 1.40209329721069e-002 -1.42974937056324e-004 -7.88673686850029e-005 7.47598026260881e-006 -1.70512206185160e-007 -2.69794852621101e-008 
-3.07934520664533e+005 5.01895114183009e+004 1.75975589868526e+004 -6.84219046980283e+002 -6.71603615856568e+001 3.92924142054781e+000 -5.27467822614996e-002 -7.82638349315127e-003 1.19798112169054e-003 -6.38731316844503e-005 -1.88303527452331e-006 5.11620993039173e-007 -3.36850551005348e-008 
-1.42392722856727e+005 5.52686851823630e+003 8.12399994066562e+003 -1.52234360374332e+002 -3.41310095505194e+001 1.44496347071381e+000 9.16108833151962e-004 -4.65444309699756e-003 5.21297144004872e-004 -1.95020000120453e-005 -1.51629097335271e-006 2.33187941548292e-007 -1.16837088149012e-008 
3.56365995917315e+005 6.09036846776515e+004 -1.75022322479641e+004 -3.45034112449388e+002 6.89451095806033e+001 -4.31662483411638e-001 -4.99157594540663e-002 7.32045563015871e-004 -1.30792628914378e-004 2.30886750933026e-005 -6.41983308315681e-007 -5.72411286574606e-008 3.44321169564224e-009 
-1.02106693092946e+005 1.45237975160907e+005 5.23527336847743e+003 -1.22215038986023e+003 -5.29862622437331e+000 2.37258229873463e+000 -4.28582649215692e-002 1.12789603791209e-003 -1.78189816596816e-004 2.75290955563102e-008 1.36594884172889e-006 -6.33892785018043e-008 -2.05145890049325e-010 
-7.73040625782924e+004 5.60162842542480e+004 3.91765685558794e+003 -4.85979467007205e+002 -9.00693825142619e+000 1.04703656266811e+000 -1.30899452228418e-002 4.06892585006166e-004 -6.33809780454678e-005 -2.20250651964651e-006 6.41902547585827e-007 -2.13279216445165e-008 -4.21592935241276e-010 
3.37599155407204e+005 -7.79747232465437e+004 -1.55043897706761e+004 6.29843003432194e+002 4.99094557039483e+001 -1.33979970064951e+000 -1.42584939532632e-002 2.51092002339193e-003 1.17960437334838e-005 -1.25051544947255e-005 -3.51478834634674e-007 4.28347494384999e-008 -4.99037342918377e-010 
1.84950382643166e+005 1.30273597366052e+005 -8.54743179598584e+003 -9.81416202112922e+002 3.20368938950560e+001 1.32190994950280e+000 -4.70894795688618e-002 6.40165894603793e-004 1.62853721972176e-004 4.25022758755351e-006 -7.29752339236800e-007 -6.55179369981937e-009 2.10723546084225e-009 
4.68548040972878e+004 6.30647140885141e+004 -2.14163040114713e+003 -4.79474769323653e+002 8.70479757206220e+000 6.94368160168418e-001 -1.84292437041590e-002 2.73408089595517e-005 6.83523277660542e-005 3.02959953286568e-006 -2.76674445543417e-007 -6.97041137532454e-009 9.43588721811953e-010 
7.75659734853690e+005 7.01603289632353e+003 -2.07764622073288e+001 -2.83712666956693e-002 3.82299524151004e-003 -3.35566034706714e-004 4.83534760841726e-005 -4.16032077429906e-006 1.26741358480989e-007 4.87081000680179e-008 -7.44113840635508e-009 
-7.62109358124861e+005 6.91344712720826e+003 1.66203975562992e+001 -1.44414761088729e-001 3.49818345230869e-003 -2.21653511781561e-004 2.84326673414665e-006 2.80201356347487e-006 -5.14226561754639e-007 4.32724532400549e-008 -2.89943148827603e-009 
-3.50246092910172e+005 2.76325122997686e+003 7.89483183741557e+000 -6.93629438530066e-002 1.59846611498487e-003 -8.83587779818978e-005 -3.56745480534968e-006 1.92960377154526e-006 -2.87783918319163e-007 2.05913351632831e-008 -7.87554273210887e-010 
7.89525074734012e+005 6.84924919555151e+003 -2.08475533917702e+001 1.40348838201262e-002 2.53140565068779e-003 3.47094912658067e-005 1.21050191190240e-006 -2.21098229672559e-007 3.01594278899670e-008 1.33739432081862e-008 1.19894462869144e-010 
-7.48154490369277e+005 7.04017063865430e+003 1.51165034401914e+001 -1.11346021654570e-001 1.42473881728540e-003 5.99428300520388e-006 6.30468935775328e-006 -2.30516442130275e-007 2.20551716453985e-008 -1.13210275277442e-008 -8.30061032378238e-014 
-3.44658840835271e+005 2.82339495867594e+003 7.16565599386471e+000 -5.49075823078785e-002 5.17832593262899e-004 -6.08926734523691e-006 3.23690357411663e-006 -9.81545751048156e-008 8.66262427374499e-009 -4.97499506495484e-009 -2.36995540265223e-011 
-8.33921582777198e-005 -1.36741893434342e-006 5.77381251536733e-007 4.19410731711522e-008 -3.08999465833437e-008 -9.65616611392568e-010 1.72914730813018e-010 2.34412696572802e-012 2.76537770139018e-011 -1.69675391635091e-012 
-1.74016893090854e-006 -3.07270564612101e-007 -6.55617907704879e-008 6.98036119670211e-008 3.34110750287266e-009 -1.73862041267802e-009 -5.09400967567708e-011 3.13046125851992e-012 5.78046662182771e-012 -3.78140583584969e-013 
-8.46589156299189e-005 -1.12047550335160e-006 -6.82864475022819e-007 1.62058933340238e-008 7.53660350267815e-008 7.58226536251590e-009 -3.08300677212056e-009 -9.05644149726863e-010 3.73109610248266e-011 5.24577479432563e-011 
-1.40243530831931e-006 6.86657945723125e-007 -6.23749573284827e-008 -1.21348077704593e-007 -5.48689834099293e-009 7.37912522199091e-009 1.21811531113815e-009 -2.15886613614210e-010 -8.33943202781471e-011 2.04491854313353e-012 
-8.63487182778287e-005 5.49544258961689e-007 2.79756136555451e-007 -2.80632560896925e-007 -1.01578626912910e-008 1.80445804332153e-008 -1.59540326878346e-009 -5.14591564217778e-010 1.54063619917675e-010 -2.73376422994277e-012 
-1.36531329480169e-006 -2.57635370700418e-007 2.87095754834740e-007 4.39079372330707e-008 -3.36864028573213e-008 3.27184868237770e-010 1.64052568856972e-009 -2.36612647711876e-010 -4.50862003741224e-011 1.56493632211395e-011 
-8.78121848858325e-005 -2.18501342763604e-006 1.65729422820734e-008 1.81901715382299e-007 -7.21953265318788e-009 -5.28644559533984e-009 3.52739035671801e-010 4.50748949334874e-011 2.72199348426191e-012 -5.41776522288392e-013 
-1.13939338973453e-006 -7.54405192443725e-008 -2.69787151681163e-007 6.33909230486209e-009 1.55307957586641e-008 -9.52621538019132e-010 -2.81159092840720e-010 6.15960625058831e-011 4.66886243629314e-012 -4.06825273442342e-012 
-6.84743648228640e-002 1.18802258360067e-003 3.71069097357919e-004 -6.43504258406713e-005 -6.83982187371643e-006 1.32469025524630e-006 4.81374833550809e-008 -1.27531523034786e-008 2.26753209555383e-010 -4.38761082279070e-012 
4.12917734058618e-001 5.37147897564494e-004 -1.34165984047865e-004 -2.36671703628686e-005 4.00823376626837e-006 2.66186708153615e-007 -5.88491370536395e-008 -9.55287779105261e-010 2.98970340606586e-010 -2.80179193186882e-011 
5.81594376851836e+003 9.18845579690903e-001 -3.42547702737021e-004 5.71124483985787e-005 6.23750427770303e-006 -1.20518516445882e-006 -4.29325701850437e-008 1.17610973554879e-008 -2.07349515818889e-010 5.35793103109024e-012 
-6.56619788067127e-002 1.04184132514977e-003 -3.02610277875573e-004 -1.63448539962032e-005 3.97846902432664e-006 -1.10922750393973e-006 -6.88660195209321e-008 4.27563055936505e-008 5.77369247986096e-009 -6.15178293837342e-010 
4.12758039317872e-001 -6.46687868379720e-004 -8.59684946268401e-005 1.68707552306517e-005 -8.53254250902745e-007 -1.39538041196725e-007 9.96573338334165e-008 8.32528973382169e-009 -2.37744563275035e-009 -5.13990134624299e-010 
5.81778098042433e+003 9.18888576733809e-001 2.61975306517065e-004 1.60361711703270e-005 -3.18353085195320e-006 1.02872875397522e-006 5.45932572787643e-008 -4.05081236501070e-008 -5.22174418649504e-009 6.11638020829873e-010 
-6.62826762851168e-002 -1.66007089642876e-003 -2.73488858945614e-004 5.13087941220109e-005 1.10965684662685e-005 -3.88982186756251e-007 -3.17729281949864e-007 1.60652525897972e-008 5.96412573196728e-009 -9.98397311249325e-010 
4.11432238975379e-001 -4.85841724808432e-004 1.48240941499673e-004 2.36870745941075e-005 -2.04436883414588e-006 -7.72465802234033e-007 2.33542787150108e-008 1.84246613143477e-008 -1.80036440663127e-009 -2.15677592957026e-010 
5.81962120684289e+003 9.21362848407320e-001 2.65733426157237e-004 -4.57711653662833e-005 -1.05667263587675e-005 3.72100803417522e-007 2.97399200258368e-007 -1.59738244456729e-008 -5.45538671621757e-009 9.45969385900698e-010 
-6.90139628596249e-002 -3.67246163861690e-004 5.14430590168258e-004 8.95290451390026e-006 -1.33563768202995e-005 1.09527281912570e-007 1.83835266122297e-007 -6.26774860685692e-009 -1.46046825120948e-009 8.67259343846561e-011 
4.11754938970123e-001 7.06115923218606e-004 3.04506266417881e-005 -3.71367070208808e-005 -1.89604481382685e-007 6.66990571160650e-007 -1.28717536714319e-008 -7.02696542680083e-009 2.98490509572800e-010 4.42899731174747e-011 
5.82146350918211e+003 9.20287444547690e-001 -4.63916803489408e-004 -9.80746064948224e-006 1.21813240611333e-005 -9.94952140342950e-008 -1.68646472323242e-007 5.95815038440138e-009 1.32825205645355e-009 -8.16065932218867e-011 
