-4.91235946487919e+007 -9.34585491915277e+006 1.25535487491672e+006 1.01975734847037e+002 -3.53522315789895e+003 2.42479709987116e+002 -5.70049040668997e+000 -6.07485775152064e-001 8.02277169404189e-002 -4.09417746265949e-003 -5.25067119103826e-005 2.73898088428117e-005 -2.27497235387647e-006 5.82482128243631e-008 
1.35598116244480e+007 -1.34596058590276e+007 -3.80912368399999e+005 6.91914069106607e+004 -2.20400435679834e+003 -6.17664699660002e+001 1.38285718562579e+001 -8.91359940365556e-001 1.13106146432864e-002 3.51364523090612e-003 -3.80716403803914e-004 1.59876676188149e-005 6.53913401510067e-007 -1.54359596292319e-007 
1.24077838246744e+007 -6.22003579581625e+006 -3.33660352047559e+005 3.69489149244055e+004 -8.10665942829127e+002 -5.81405136543545e+001 7.97789779286593e+000 -4.13129807144937e-001 -2.27859842583806e-003 2.30145808745783e-003 -1.97918685821887e-004 5.69942586668203e-006 5.85227970186410e-007 -8.84932890166583e-008 
-5.82430348428796e+007 4.73561542715530e+004 1.04635904912884e+006 -2.72735244057310e+004 -4.55630450040752e+002 7.23234818138295e+001 -5.09852359441562e+000 2.13862175606773e-001 -3.15317639229247e-003 -4.23488777835945e-004 4.96734685367768e-005 -3.13214624813482e-006 1.14374701918142e-007 7.61525872773261e-010 
-1.42109478946552e+007 -1.37982718051341e+007 2.35739443788470e+005 3.50675184581084e+004 -1.70649184008222e+003 5.73016782443957e+001 -2.20350850222057e-001 -1.48493655006129e-001 1.35828063252246e-002 -7.39299978705126e-004 2.11579121681407e-005 6.49565573430976e-007 -1.39048119434714e-007 1.08443581275789e-008 
-1.47987963387745e+006 -7.37509530629538e+006 1.74068152989951e+004 2.15602580454686e+004 -8.64292390338772e+002 2.31078973268213e+001 4.11055853334581e-001 -1.01499132093880e-001 7.58244534392138e-003 -3.50987312420504e-004 6.15019168411096e-006 6.71806820945628e-007 -8.61361481199831e-008 5.71367528083126e-009 
-5.08505917025971e+007 7.06084791240162e+006 7.06400732248843e+005 -2.78969925362637e+004 1.66830511921296e+002 5.01813214064873e+000 -1.20886944436156e+000 6.89891381466329e-002 -3.24322532390531e-003 1.07544934318498e-004 -1.55221287421558e-006 -1.21396446287529e-007 1.42335829790924e-008 -9.15888733235602e-010 
-3.88630940557213e+007 -1.06123914586191e+007 5.27311559338693e+005 1.58586603060579e+004 -7.78871909725958e+002 3.25622583749532e+001 -1.13459642499958e+000 1.76165519120336e-002 6.58840176343762e-004 -1.01052310726035e-004 6.56168373703412e-006 -3.21087732847223e-007 1.12106149770866e-008 -1.73690458108741e-010 
-1.54141203524861e+007 -6.40067628631003e+006 2.08410285712052e+005 1.13642522958068e+004 -4.33346447196081e+002 1.68731313900495e+001 -4.80689919989968e-001 2.25536913479486e-003 6.88277473410047e-004 -6.51317379281701e-005 3.66598847279310e-006 -1.58923480222772e-007 4.51215583649779e-009 2.20669453276558e-012 
-3.21056047605371e+007 1.14183091455506e+007 3.87234381267791e+005 -2.55147922937150e+004 8.61527813117991e+001 -9.50404556336743e+000 -2.56418183139494e-001 1.19320601713748e-002 -7.70271091151477e-004 3.54903812786647e-005 -1.10891616846311e-006 4.01227732047232e-008 -3.70277757769496e-010 -1.16541889642347e-011 
-5.53891774783002e+007 -5.80375484382298e+006 6.60037284453943e+005 7.30806724244178e+003 -3.57088881087590e+002 1.15503547625620e+001 -6.52396957349793e-001 1.13541319646477e-002 -5.13387156399162e-004 -2.92008033327956e-006 3.47303085851291e-007 -3.86288847659054e-008 1.92210308680410e-009 -8.22360410218285e-011 
-2.61850788271368e+007 -4.28398916601907e+006 3.12407554827562e+005 6.54978462400110e+003 -1.99678672849189e+002 7.15541480226772e+000 -3.21893818221875e-001 4.82750391091438e-003 -1.94349075633199e-004 -5.24044189166904e-006 3.00520380675998e-007 -2.47951909790831e-008 1.06511831614979e-009 -4.27188722902425e-011 
9.40373255351371e+007 1.14115250975305e+007 -1.16608323469220e+006 -2.36952416100625e+004 1.16295914460138e+003 1.44431319516411e+001 -3.97275757004255e-001 -3.80137792086992e-003 1.67365499520789e-005 2.68751906422613e-007 
-4.56070956823661e+007 1.94221854098967e+007 5.54857394154447e+005 -3.97157401892162e+004 -5.72817395124504e+002 2.26540407219527e+001 2.27307498410776e-001 -4.25648361464461e-003 -3.89659590730147e-005 -7.74922445062671e-007 
-2.64564771833376e+007 8.01604764322064e+006 3.23422157018404e+005 -1.63682268480398e+004 -3.31305564450769e+002 9.27782263120325e+000 1.27406155929346e-001 -1.67437445482852e-003 -1.85913743460882e-005 -3.65464098640959e-007 
1.06866824455291e+008 1.28022575156800e+006 -1.33102352794685e+006 -3.32994583092498e+003 1.34823524507235e+003 3.70911205119038e+000 -4.93079026768406e-001 -2.87420343133022e-003 4.84985245195498e-005 1.47493847907289e-006 
-3.91926195190275e+006 2.18350299787866e+007 3.90723183644196e+004 -4.50031466462033e+004 -7.56725196055309e+001 2.65131397143103e+001 8.66353576849065e-002 -5.91731786298986e-003 -6.22212942283449e-005 -3.34461795999560e-007 
-8.51268320278609e+006 9.74273196862768e+006 1.01812813898991e+005 -2.00358356087053e+004 -1.19369378535725e+002 1.16933223093199e+001 7.01819181904022e-002 -2.48025632487334e-003 -3.10619909813910e-005 -2.43815054650519e-007 
-1.09297243535159e+008 -1.40670003668002e+007 5.40209269087160e+005 1.12308496586671e+004 -2.42767410043586e+002 -2.74401690682532e+000 5.84497513090962e-002 6.89408098486454e-004 -2.71766671162125e-005 -1.29106502876714e-005 1.76422671158442e-006 2.29401911625180e-008 -5.11779485927086e-008 
8.93522104914121e+007 -1.40738767570209e+007 -4.46232127222512e+005 1.18879102981812e+004 1.79307165857017e+002 -3.58446724149392e+000 -2.81875780351790e-002 6.16881630195663e-004 -5.09724468125777e-005 1.18838631514770e-005 1.78738952859431e-007 -3.53154267490461e-007 8.37477842363751e-008 
3.87503375042804e+007 -6.10196015618908e+006 -1.93462159282343e+005 5.15396368371681e+003 7.77389041388177e+001 -1.55413887560771e+000 -1.23639797963978e-002 2.83596318137776e-004 -1.43819157874684e-005 3.85170117553175e-006 -6.54276261985342e-008 -9.94758819863081e-008 2.95118580314622e-008 
-1.32731835342701e+008 -9.27593544676749e+006 6.50119206372210e+005 6.98687397227473e+003 -2.83012439218228e+002 -1.27934493017780e+000 6.14101315045041e-002 3.79988774788839e-004 4.62338633053441e-005 -1.83593162422983e-005 -6.12930084808757e-006 -7.28393302354201e-008 4.11307482142296e-007 
5.81170426911002e+007 -1.70300013801893e+007 -2.88832712555889e+005 1.41525014043231e+004 1.02339541765306e+002 -4.02239203314157e+000 -5.91393632574273e-003 7.21764726266858e-004 -8.02822971116186e-005 -6.50186379724851e-006 2.95600276368387e-006 9.83841081132569e-007 -1.05641721001872e-009 
2.52078813067455e+007 -7.38357587207737e+006 -1.25222197252352e+005 6.13576714001991e+003 4.43695439849482e+001 -1.74422546772470e+000 -2.67119269209539e-003 3.40261292714859e-004 -2.53412690836987e-005 -3.48237847110402e-006 6.69786329968708e-007 3.54405179553728e-007 2.56057599136282e-008 
1.34960390522903e+008 -2.50184036606034e+007 -7.98268949150587e+005 3.00183054772890e+004 1.27943684147477e+002 -1.49296699254567e+001 2.64228379744099e-001 2.18025364586756e-003 -2.19473099750585e-004 3.97510890438432e-006 6.43326241764710e-008 
1.58019731404396e+008 2.10363631806992e+007 -9.35764561568812e+005 -1.42155711361953e+004 6.57598253721676e+002 -4.20554356686995e+000 -2.22926014727114e-001 7.91557084930493e-003 -5.42132667467145e-005 -3.73686796118319e-006 1.32893974988017e-007 
6.88563204270446e+007 1.03248555428387e+007 -4.07629170554477e+005 -7.33171104573609e+003 2.98158134815835e+002 -1.52534534524019e+000 -1.09387513974387e-001 3.57201297925011e-003 -1.89652516344154e-005 -1.80831778861856e-006 5.73529157127062e-008 
-1.92560413796151e+008 -1.77202274472761e+007 2.61223833852799e+004 3.86193617641394e+002 -6.30173880858998e-001 -2.00287112338228e-003 7.92440242791788e-006 1.88152809258884e-008 
6.88436684103525e+008 -3.49084714219026e+006 -9.34910905476776e+004 1.32191886214697e+002 9.62542509876804e-001 -2.31118986721309e-003 -5.89356318369858e-007 -2.00035408781384e-008 
2.99775865347868e+008 -1.06487598141969e+006 -4.07099338323863e+004 4.72641164050990e+001 4.27903536548012e-001 -9.41850614178399e-004 -4.80434048983158e-007 -1.71278554627123e-009 
3.69113484754215e+008 -1.35542873025213e+007 -9.48020320070129e+003 5.70849644182306e+001 3.04533545267186e-002 -1.06116256757036e-004 2.07650778140733e-009 
1.20973775095609e+009 3.12355302337869e+006 -3.09133516662861e+004 -1.58148816021075e+001 7.28138523803084e-002 4.76159443541395e-005 2.16182198930391e-008 
4.83777760741390e+008 1.87366573753960e+006 -1.23596828475139e+004 -9.00068026008516e+000 2.88326629135530e-002 2.41314451492656e-005 2.44017620618631e-009 
2.44388845344943e+009 5.35760603327239e+006 -5.79726267556941e+003 -1.93169293340060e+000 1.11206811482484e-003 -1.04988142290057e-008 
-1.56656831932268e+009 6.67271342735684e+006 3.71454178398486e+003 -2.75609332293086e+000 -5.05335753943585e-004 2.00535649002597e-007 
-7.20683456832715e+008 2.84670146167801e+006 1.70891388303846e+003 -1.17984211309883e+000 -2.37266453990677e-004 8.67434760452744e-008 
2.80530724450247e+009 5.82809908788760e+006 -1.95109215517286e+003 -6.89758633824093e-001 1.09190467322598e-004 9.66796071014378e-009 
-3.23438984828442e+009 4.42697107219645e+006 2.24979434250083e+003 -4.96132175945240e-001 -1.36931764453267e-004 1.34068684195605e-008 
-1.39369497300562e+009 1.66688755920954e+006 9.69417183286303e+002 -1.85878184558777e-001 -5.87272578447342e-005 4.48862474470752e-009 
-1.12204372264753e+009 7.43355387109182e+006 7.51399341245821e+002 -8.98983385886658e-001 5.04176623011055e-005 9.62402558657071e-008 
-4.30404036385805e+009 -2.15665101624619e+006 2.88179687245794e+003 -2.82651221729810e-002 -2.75902139717965e-004 6.39743685664475e-008 
-1.00509038260852e+009 -2.91272571099951e+006 6.72904273856548e+002 2.62299323725700e-001 -1.01535697527819e-004 -1.04052925243165e-008 
-3.36775463351442e+005 -2.24434186388566e+004 2.21594961431338e+004 1.03124398394343e+002 -1.38355008429018e+002 2.01412376998354e+000 6.19259243959484e-001 -3.54511411715913e-002 -2.65741861791922e-003 3.80404209954454e-004 4.83800712110239e-006 -3.31535955974884e-006 1.01825807179659e-007 
1.74185150414992e+004 -1.65690004699197e+005 -1.05754559713902e+003 1.76922132715231e+003 -1.14402987597509e+001 -8.44091927571267e+000 2.97083329615117e-001 3.68144564390936e-002 -3.58276010484588e-003 -1.21494045812578e-004 3.35007816732964e-005 -4.34590029557727e-007 -2.61799556069451e-007 
4.06468562031225e+004 -7.08283001910268e+004 -2.65315458969055e+003 7.70807615870054e+002 8.68485593320572e+000 -3.92508091167939e+000 6.95910926513312e-002 1.97467404850339e-002 -1.31696366554640e-003 -9.12034887001922e-005 1.42954444757491e-005 1.36177346005084e-007 -1.25522055590347e-007 
-2.22859182488878e+005 1.28573787630314e+005 1.30279123636539e+004 -1.35399665837599e+003 -3.57855834964260e+001 5.01495762301652e+000 -1.62610003738279e-001 -2.16020907440166e-003 1.18666002332659e-003 -1.00389095994458e-004 8.68348081693400e-007 5.10326300566936e-007 -4.75934657237113e-008 
-2.63742960665614e+005 -1.01822926657507e+005 1.51826218621721e+004 7.56439378382952e+002 -8.54377305590090e+001 2.76422773803550e-001 1.83973275595964e-001 -1.61233857338341e-002 7.10444823552957e-004 4.06281984301119e-005 -7.83328529687466e-006 3.89869164523433e-007 1.18515042127954e-008 
-9.44962185135675e+004 -5.75164200126004e+004 5.42286906487314e+003 4.68309680175160e+002 -3.41877487978768e+001 -3.79308755488125e-001 9.72618142686398e-002 -6.88731784520835e-003 1.95936085309616e-004 2.78358035527548e-005 -3.54060435525180e-006 1.21444652550669e-007 9.93393835114522e-009 
8.43958736295571e+004 1.64400548823436e+005 -3.98210103579117e+003 -1.31524207138254e+003 3.13066970484255e+001 2.10964007531420e+000 -7.49023489436870e-002 1.21516680721772e-003 -2.31936926522125e-004 1.22528779773187e-005 1.14440360135753e-006 -1.03895768772880e-007 1.26139103084853e-009 
-3.32673494922917e+005 3.41256199487392e+004 1.67165191323143e+004 -4.31167852763976e+002 -5.85846810869170e+001 1.82757163382947e+000 2.09733252875822e-002 -3.47718914293697e-004 6.41399807820271e-008 -1.99775872464495e-005 1.41512551729101e-006 1.88764874213389e-008 -3.93533824056860e-009 
-1.54932236860246e+005 -9.61592565296354e+002 7.78361028493329e+003 -6.07311489188419e+001 -2.90546190441521e+001 5.95966911492509e-001 1.68986248104295e-002 -2.71565065128761e-004 2.25331931510837e-005 -1.00242368466910e-005 5.12218625623092e-007 1.86505315399339e-008 -1.86381383313600e-009 
3.39098112757882e+005 8.05189740895571e+004 -1.56736860547747e+004 -5.71257001088340e+002 5.61836456907678e+001 4.09187891143772e-001 -6.02236249405392e-002 2.25149149277959e-003 1.76949297988658e-004 -3.79552979081879e-006 -9.23416266998427e-007 2.60269350903612e-008 2.06991645229135e-009 
-1.56400124195653e+005 1.34148010670273e+005 7.19325048622820e+003 -1.05678420845574e+003 -1.92110904590388e+001 1.92767852891045e+000 -2.33849043842130e-002 -2.03902128922699e-003 1.02435574863597e-004 1.30682549637479e-005 -2.56524803696746e-007 -4.21834612046688e-008 2.29764736318715e-009 
-1.01795733702843e+005 5.15213342203311e+004 4.72053871330473e+003 -4.12076169541174e+002 -1.41227199235122e+001 8.13499094866705e-001 -4.18869481955120e-003 -1.12461830209020e-003 2.80287329562619e-005 6.16762093646305e-006 -2.26860492033331e-008 -2.12549660724979e-008 8.11825394771066e-010 
3.64000556610586e+005 -5.67557925343338e+004 -1.70407466230566e+004 3.43983052594434e+002 5.70810535068562e+001 4.65161896800246e-002 2.63485196126163e-002 1.22918151865192e-003 -3.19401406331895e-004 -1.90283767748144e-005 -2.81464435697302e-007 -1.20331730291946e-008 9.92426954575992e-010 
1.27368975950445e+005 1.38421481004551e+005 -6.18608610218182e+003 -1.09456663102618e+003 1.24252480599474e+001 1.36244407313510e+000 1.05761930874902e-002 5.04141184331820e-003 2.10735597854798e-004 -8.15772841407730e-006 -6.86868760036090e-007 -3.44315218268594e-008 -3.70106137361299e-009 
2.14103635290739e+004 6.68280948811348e+004 -1.08069398726762e+003 -5.19917669010851e+002 -1.39074680237749e-001 6.05093598699645e-001 2.38913742743412e-003 2.11549147161070e-003 1.24707697009185e-004 -1.77302649655256e-006 -2.79388324529638e-007 -1.41965411436591e-008 -1.73885342222396e-009 
1.38348703075152e+005 -1.60807123050385e+005 -7.32821792250549e+003 1.28128803141311e+003 5.82672455508684e+001 -7.38463736208583e-001 -1.88978685358078e-001 -1.90701252657435e-002 -6.10482806582020e-004 5.50087241356584e-005 8.06905889632354e-006 4.50013428955497e-007 -6.74183022278034e-009 
3.17103559909586e+005 4.22073596509076e+004 -1.70331596208928e+004 -6.08571241855836e+002 5.53436786885910e+001 3.48367520539962e+000 1.33306489917925e-001 -3.71669951061056e-003 -1.25579495524787e-003 -8.38757089032557e-005 -6.36305668543970e-007 4.25370380710165e-007 4.58499684272227e-008 
1.27333503240333e+005 3.42554583447421e+004 -6.85303850396149e+003 -3.95913938896741e+002 1.89479597734545e+001 1.62787460859010e+000 7.76272508982258e-002 1.84466702999213e-004 -4.99828828673716e-004 -4.26586115918846e-005 -1.06347221857303e-006 1.45823728576502e-007 2.10560736627542e-008 
-1.84315891394838e+005 -1.45708102136139e+005 1.18665849338334e+004 1.67674200868300e+003 -3.93532230617385e+001 -9.54072150001396e+000 -2.25611246738109e-001 4.96585067233423e-002 4.29713753918853e-003 -1.70490763983191e-004 -4.42894278759241e-005 -9.00381284890504e-007 3.41758386145069e-007 
2.56593373927848e+005 -1.02396209008638e+005 -1.65134257156264e+004 8.65459179689949e+002 1.17551938697481e+002 -5.06967850162088e-001 -6.46657782119059e-001 -3.12909514845401e-002 3.13102949546255e-003 4.09438620360463e-004 -4.45857267674258e-006 -3.73757812506289e-006 -1.62023993946646e-007 
1.31550955456031e+005 -3.14690803001842e+004 -8.49257587234939e+003 2.22036922146241e+002 5.61874688300315e+001 7.01562685755705e-001 -2.66143048193583e-001 -1.87373128237485e-002 9.77746899361312e-004 1.98714450673334e-004 2.30038885629917e-006 -1.57618992771890e-006 -1.05156824250923e-007 
-3.33620913619073e+005 5.51434553122237e+003 2.25679022613077e+004 -1.88789082848176e+002 -1.48659753557060e+002 3.33079639389602e+000 7.87580460710937e-001 -4.36555458282997e-002 -4.81704139820443e-003 5.00224581393468e-004 2.81298134177820e-005 -5.36366757629647e-006 -1.07864897185748e-007 
-2.89799105619251e+004 -1.67486515127169e+005 2.01040312649390e+003 1.83135170652857e+003 -3.00689574315157e+001 -9.65359626614178e+000 3.86826961864870e-001 5.43859564688564e-002 -4.50106481441971e-003 -3.26842937378058e-004 4.87482686451452e-005 1.57663381869697e-006 -5.01764107097963e-007 
1.89311359755138e+004 -7.50517314888393e+004 -1.28691945145462e+003 8.33783178588735e+002 1.09012531880208e+000 -4.62067753400753e+000 9.56515785865837e-002 2.84298355235806e-002 -1.53640790804392e-003 -1.93845060875781e-004 1.89697319027485e-005 1.22045751058738e-006 -2.12835482657017e-007 
-1.82940949244644e+005 1.01718200033002e+004 -4.67415004995502e+000 -2.61222142239346e-003 2.39868098791788e-003 -8.41293594544638e-004 7.95396139498846e-005 -1.53782291514287e-006 -9.36800591899081e-007 2.01469683844092e-007 -1.94960362755780e-008 
-7.69305196741689e+005 8.58590348716939e+002 2.46478984965697e+001 -2.12147663143613e-002 6.49059601915911e-003 -1.98636843948654e-004 -4.91456835938404e-005 1.05304958731856e-005 -1.09628974424142e-006 4.33676493603451e-009 1.43636940509130e-008 
-3.21480505968566e+005 9.25938477497327e+001 1.05259016435636e+001 -1.92155494604409e-002 3.12634492903429e-003 -1.58365913814145e-005 -3.44415732814716e-005 5.78333913876739e-006 -4.88478405988582e-007 -1.61755447733619e-008 9.70367717278318e-009 
-1.62634854823539e+005 1.01341926282881e+004 -4.78091790165688e+000 -2.68147344902235e-002 -2.80405847292358e-003 1.78674754336150e-005 7.17986010574979e-006 -6.86419342025137e-007 7.29761572364656e-008 7.39773389048016e-010 3.62311404483977e-010 
-7.67390679308394e+005 1.05608531310041e+003 2.48270246180397e+001 3.72479672834013e-002 1.21465630981682e-003 -1.63755502258303e-004 9.06674724049687e-006 -3.62203276225250e-007 1.15897017652567e-008 -1.59882769155961e-008 -3.87556267184050e-010 
-3.21211337422661e+005 1.76580543846241e+002 1.05282105098360e+001 1.36078759950742e-002 9.21184807453567e-004 -8.50489321940800e-005 4.14427080124324e-006 -1.23781226025764e-007 -1.45982355385164e-009 -6.18447130990377e-009 -2.33471240790301e-010 
-7.59901121690852e-005 -8.45051099797211e-007 4.02123744074252e-007 2.19460663844828e-007 -6.38869686976376e-008 -8.74912088018455e-009 3.95075692027491e-009 -1.49663906739388e-010 -1.33408782771823e-010 2.70255173235121e-011 
4.68739574366113e-006 2.72921651653383e-007 -2.98821291373696e-007 8.46297322268339e-008 2.40551104463324e-008 -7.49525663603922e-009 -4.06487969501825e-010 3.85325706379000e-010 -2.91908677266706e-011 -1.34658825460951e-011 
-7.55674340320456e-005 1.76432509378531e-007 -6.32656738772692e-007 -5.75254188330336e-008 3.78165073650425e-008 5.87934331812177e-010 -7.41781995084487e-010 6.85516185869585e-012 1.31897098156204e-012 3.63427659242729e-012 
5.59206927571469e-006 1.00602765851465e-006 1.09303517615367e-007 -7.43663764527232e-008 -4.24206848029475e-009 2.80519497868593e-009 -1.09863362133348e-010 -5.93530074304331e-011 1.09252144636781e-011 2.79170435344747e-012 
-7.73736938017305e-005 -7.77522342479435e-007 6.61567850271847e-007 7.92196120404996e-008 -3.43740970944821e-008 -4.65524017550024e-009 2.88184401957430e-011 -1.36108578987977e-011 -4.56508775288190e-013 9.10701212195030e-012 
6.71339502183684e-006 -6.43455700726735e-008 -7.92415534100918e-008 7.79702705816567e-008 9.66921444730470e-009 -1.40962903962012e-009 -2.04715491751546e-010 -6.34826001271551e-011 -2.35124022807958e-011 1.16367115354283e-012 
-7.74891153129152e-005 -8.72301547471765e-007 -8.04109271713731e-007 1.33356152054685e-007 1.02228006511940e-007 -9.77606407162247e-009 -7.10366058576625e-009 4.54325066456053e-010 3.80440008694548e-010 -1.85031898482059e-011 
7.68945412068573e-006 1.01029917166790e-006 -1.72418783397448e-007 -1.44194509631089e-007 1.69692051602866e-008 1.20024306039217e-008 -8.16918925579217e-010 -6.66746712115500e-010 2.79438627617613e-011 2.80139367238820e-011 
-6.60260300907286e-002 -8.00729356211746e-004 -3.76560525499990e-004 8.15006297158484e-006 3.38013005987114e-006 1.17392622155091e-006 3.42546050583771e-008 -4.77254274773531e-008 2.32070297233457e-009 9.36992326659477e-010 
4.06967668582501e-001 -7.89239477650571e-004 6.07734277491715e-005 1.93298840792161e-005 1.12507299848717e-006 2.02149445925282e-008 -1.03755305317783e-007 3.05672598889623e-010 2.87845469432994e-009 -3.10024237369398e-010 
2.73985219897785e+003 9.20599281652781e-001 3.58745615678537e-004 -5.71829282338868e-006 -3.49125464767557e-006 -1.08011984577759e-006 -2.42418393363365e-008 4.28218763938736e-008 -2.16667880621163e-009 -8.24838861125635e-010 
-6.91021533709889e-002 -1.68452136694162e-003 3.13048243160180e-004 8.22718061116083e-005 -5.43934455983743e-006 -1.63351334464146e-006 5.60831758343472e-008 2.00989820231457e-008 -8.17656656047537e-010 -1.65362282850437e-010 
4.06509374395857e-001 4.40931065857185e-004 1.77300283614941e-004 -1.88644180594705e-005 -4.90064602114630e-006 2.07460815055169e-007 7.52199337890569e-008 -2.42848136201254e-009 -7.18891460105877e-010 3.09422910354554e-011 
2.74169486296855e+003 9.21516945488075e-001 -2.79950501841307e-004 -7.72469992997436e-005 4.95583811148258e-006 1.51062960121182e-006 -5.28199506651678e-008 -1.84802881579976e-008 7.62097057150402e-010 1.53753475180279e-010 
-6.88509619820760e-002 1.88164790077684e-003 2.51193630729675e-004 -8.88382130916790e-005 -4.17433571366398e-006 1.66967602565824e-006 5.63818293972460e-008 -1.41649591776519e-008 -9.75754498428293e-010 -1.32312525874024e-010 
4.07620185547289e-001 3.40853450733195e-004 -1.95238428802952e-004 -1.50450767001594e-005 5.23435758139396e-006 1.84834692960643e-007 -7.15408019272015e-008 -3.38547192889917e-009 1.56277663087228e-010 2.27219980306280e-011 
2.74353456585517e+003 9.18218022854828e-001 -2.44101000756040e-004 7.99782793879816e-005 3.90771101951027e-006 -1.51285185417378e-006 -4.85565060734443e-008 1.31733461872699e-008 8.71738941465065e-010 1.15755043153855e-010 
-6.58552772113087e-002 5.65181971912902e-004 -3.93558311867741e-004 -1.49767923745584e-006 1.69398070620049e-006 -1.25738384739557e-006 2.17261563376444e-007 6.55805873074575e-008 -8.07653182543929e-009 -2.63230798323809e-009 
4.06976986165639e-001 -8.37500261733845e-004 -3.76295797945152e-005 1.92218637140109e-005 -1.41563824751592e-006 2.51764827672172e-007 1.20499383898496e-007 -1.75776932403383e-008 -5.18280868454967e-009 5.37538464129342e-010 
2.74537158403206e+003 9.19310084029395e-001 3.55830640483148e-004 5.12230354157764e-006 -1.33594653910485e-006 1.05973325435325e-006 -2.07866231107287e-007 -5.75154238642691e-008 7.75734185378698e-009 2.33258587861010e-009 
