4.31367115660950e+007 8.19992823368783e+006 -7.38476798214760e+005 -4.04931436846175e+004 -5.36733313620091e+002 1.79848751805214e+001 3.09560947148221e+000 2.01886306811655e-001 8.80086188399059e-003 1.73845816676737e-004 -1.17531305953644e-005 -1.63548358674251e-006 -1.12846749305877e-007 -5.02981177955763e-009 
-3.55550504018749e+007 1.17014991760335e+007 5.92697538408874e+005 -1.84585628192091e+004 -1.39552222823883e+003 -6.44317767632253e+001 -1.98950294759021e+000 8.80221069675483e-003 6.14371411957809e-003 5.22467843793179e-004 2.77973505828524e-005 8.65386828748649e-007 -1.20935315504770e-008 -4.05415322519350e-009 
-2.35230529784358e+007 5.40096796054628e+006 3.93174444604121e+005 -5.66182028352540e+003 -6.89812259876952e+002 -3.62829434312564e+001 -1.38371315119161e+000 -1.62299485998126e-002 2.36936882389764e-003 2.61068115258964e-004 1.60674415241002e-005 6.31846168221715e-007 5.24013041604175e-009 -1.64414024458413e-009 
5.20287307221209e+007 2.67927899156753e+005 -1.24432646435564e+006 -3.96722396633964e+004 1.18323616315225e+003 1.88723729954839e+002 1.15574576580796e+001 2.25772236898842e-001 -3.00712243580754e-002 -3.78933598362658e-003 -2.08403467112886e-004 -8.51572861708455e-007 9.88018451530582e-007 1.00263539146765e-007 
-8.45319463615717e+006 1.50657665522268e+007 1.88143062102334e+005 -5.28998783109992e+004 -2.92184742180355e+003 -6.11025168186726e+001 5.49767860227067e+000 7.22922486164426e-001 4.03646866467889e-002 3.63584331999748e-004 -1.60362607915441e-004 -1.69978093678551e-005 -8.07899446945322e-007 1.04426318936224e-008 
-9.96683139516903e+006 8.02049985422300e+006 2.29516397584889e+005 -2.41448347257006e+004 -1.68347571275776e+003 -5.22069885430340e+001 1.73846387762252e+000 3.62763643810472e-001 2.46799120395291e-002 5.87100543779353e-004 -6.40559164961858e-005 -8.99167096379993e-006 -5.33998653186697e-007 -4.81574465943209e-009 
4.15781086691633e+007 -1.08885647944928e+007 -1.43664695755342e+006 2.26992059422028e+004 7.00921991045763e+003 2.75427959272954e+002 -2.03618437498140e+001 -2.97845241175023e+000 -6.83285667329966e-002 1.56582145878296e-002 1.58827502984280e-003 -2.42992419930289e-006 -1.22537172555128e-005 -8.82789755870742e-007 
2.06066016489458e+007 1.32337887111464e+007 -7.20302268194804e+005 -9.33611270357012e+004 -6.75024697032428e+002 3.86276925409043e+002 2.76022264733575e+001 -5.14889474896059e-001 -2.12807543010671e-001 -1.11411304459808e-002 7.36301880774950e-004 1.34945884165338e-004 4.13938021336208e-006 -7.46181591907300e-007 
6.64076368695790e+006 8.19861624615520e+006 -2.35817837735562e+005 -5.22252359620115e+004 -1.08731138542651e+003 1.77785114185557e+002 1.68557265163605e+001 3.37649245354617e-002 -1.06593252252406e-001 -7.57482839322657e-003 2.28641851682277e-004 7.23371502026882e-005 3.48170465613340e-006 -3.07061296085917e-007 
1.06058229491686e+007 -1.92658922786433e+007 -4.63292267845640e+005 1.29008565074240e+005 2.74236234016498e+003 -7.25218804481396e+002 -1.96585766824572e+001 5.14572665094696e+000 1.68012309527924e-001 -4.17086563391331e-002 -1.57276805286602e-003 3.65157757807025e-004 1.55129847251213e-005 -3.37906459107060e-006 
3.81176567215795e+007 3.54224067945999e+006 -1.58306799117989e+006 -2.58535474988458e+004 8.48335013665568e+003 1.67614869142296e+002 -5.40124972656938e+001 -1.36174055002720e+000 4.14227187895492e-001 1.24665398167872e-002 -3.50908870083917e-003 -1.22002847632865e-004 3.15470911994486e-005 1.25213306084122e-006 
1.92069614211928e+007 3.89015101339917e+006 -7.97609792653374e+005 -2.71862713167761e+004 4.24731271464972e+003 1.64728386739810e+002 -2.68142197970859e+001 -1.26093210924083e+000 2.03852501290549e-001 1.09838051419666e-002 -1.71142155153959e-003 -1.03031743595138e-004 1.52434542262033e-005 1.01921201164804e-006 
1.06050586454700e+008 -2.37838362569323e+006 -1.32948406080735e+006 4.11999631306837e+003 1.35992396047324e+003 -4.79068436062485e-001 -5.18665849612641e-001 -2.19773727020286e-003 7.15230883834708e-005 1.48161893734107e-006 
1.17010104299322e+007 2.16810938600852e+007 -1.46285719852204e+005 -4.49213918115108e+004 1.08568196238604e+002 2.70028182735765e+001 2.58382762876862e-002 -6.64756524308963e-003 -6.57561730506288e-005 -4.23437355846528e-007 
-1.48131859362460e+006 9.90560035640155e+006 1.83125303359564e+004 -2.04719918883555e+004 -3.72084078769671e+001 1.21796401193070e+001 4.44535730213159e-002 -2.85304357316793e-003 -3.46376810948723e-005 -3.66062537687702e-007 
9.10723132352079e+007 -1.24518025984547e+007 -1.15204333030598e+006 2.51100308804208e+004 1.22239776316925e+003 -1.33584204779750e+001 -5.38974954720929e-001 1.19929278750839e-003 1.28830185807059e-004 6.14034392172357e-009 
5.22337375593333e+007 1.84250437346142e+007 -6.57171876919590e+005 -3.88975896220694e+004 6.38578751268304e+002 2.51699017683892e+001 -1.86069419334804e-001 -8.33455318506522e-003 -3.99903704079831e-005 3.58944315129954e-006 
1.77036562411789e+007 9.07807003647501e+006 -2.22776617061861e+005 -1.90899838373393e+004 2.09958267309374e+002 1.21699548077458e+001 -4.95730581105574e-002 -3.83280994525961e-003 -2.71236920745428e-005 2.12574533676065e-006 
-7.27785250748859e+007 1.77023598472558e+007 3.30507387566793e+005 -1.37282925365881e+004 -1.05615017438939e+002 2.99650694678531e+000 2.35766875042076e-003 -4.68206645538273e-004 2.64736778195577e-005 6.37547075536639e-006 -2.15361756361667e-006 2.67978544389693e-007 7.29568365225320e-008 
-1.21451569782253e+008 -9.10403636652684e+006 5.55830352430890e+005 6.50852008118690e+003 -2.11135794803263e+002 -9.33798361518167e-001 2.63402923336274e-002 -2.22574317003744e-004 6.54950129393698e-005 -3.73385982830954e-006 -1.38692193831906e-006 5.87035835169141e-007 -7.21075416981275e-008 
-5.26493737387416e+007 -3.94688279130379e+006 2.40962378526133e+005 2.82160859664054e+003 -9.15325673685443e+001 -4.04669865221240e-001 1.15374088900315e-002 -1.13548352571995e-004 2.27571192829884e-005 -4.03904704052017e-007 -5.94179399470099e-007 2.04342452150863e-007 -1.66770467093901e-008 
-3.52686925978466e+007 1.96632950312508e+007 1.57609523876766e+005 -1.49379533445223e+004 -4.55999077829179e+001 2.99593360543291e+000 -1.85502241168012e-003 -4.06058025797425e-004 -1.11542377460336e-005 1.37720273439668e-005 1.20926325587606e-006 -4.06647674554402e-007 -6.69135541080850e-008 
-1.35007009729990e+008 -4.40361066021979e+006 6.13158117947980e+005 3.01518724033673e+003 -2.23518227572966e+002 -3.14725681881280e-001 2.25362498760302e-002 -2.61706092718405e-004 9.95265899111671e-005 1.20717557827898e-005 -3.70210136043361e-006 -6.93307092007639e-007 6.37506940163688e-008 
-5.85261381872158e+007 -1.90916211248598e+006 2.65815537711399e+005 1.30717751154968e+003 -9.69002736579737e+001 -1.36061769724429e-001 9.85074728199147e-003 -1.48521930754558e-004 3.64156802792866e-005 7.00712265314341e-006 -1.20207145726802e-006 -3.50538183816579e-007 1.02379276677949e-008 
1.87764676597090e+008 -1.40327197311986e+007 -1.23333431105537e+006 2.22885470744842e+004 6.17644995948111e+002 -1.99340495045893e+001 -3.11045134803296e-002 1.34330225360784e-002 -2.46300370632135e-004 7.04098183849296e-006 2.69659558136886e-006 
9.03672346214904e+007 2.94148949117804e+007 -5.90576493589957e+005 -2.86411624280389e+004 6.31509883906145e+002 7.73057285333861e+000 -4.94651328477383e-001 3.84043670078023e-003 3.23513547112007e-004 -1.19853814675610e-006 -1.82302232325392e-006 
3.63645077243607e+007 1.38712083721424e+007 -2.37573284629610e+005 -1.37389793026936e+004 2.72983563237209e+002 4.08460334894184e+000 -2.26176591796365e-001 1.38542664506777e-003 1.60240880187041e-004 4.35410009885746e-008 -1.23738294815891e-006 
6.89094191295090e+008 -6.77919826066287e+006 -1.07703492518882e+005 1.84203659118980e+002 1.58825575791671e+000 -2.31283262489626e-003 -1.96166208284390e-005 -4.30326806179460e-007 
2.53166372520319e+008 1.61979805029631e+007 -3.95395335511165e+004 -4.19080339794736e+002 6.34784488347334e-001 4.58926321896669e-003 -9.65583911551267e-006 1.55957925185378e-007 
9.17246458855513e+007 7.10794063615270e+006 -1.43254745002374e+004 -1.84114677673714e+002 2.33428019510977e-001 2.02232696592965e-003 -3.84286515084773e-006 1.03811848339803e-007 
-1.38688784454858e+009 2.86841347819514e+006 2.94135230490627e+004 -1.73400409833042e+001 -4.45910693738181e-002 4.53147845762164e-005 1.09232299103420e-007 
-3.79468906093795e+008 -1.18714167294549e+007 8.05096113304255e+003 3.99706502988458e+001 -2.86232176093522e-002 -2.43763160428736e-005 7.80284622041603e-008 
-9.70344732200159e+007 -5.02690748033687e+006 2.05880025038664e+003 1.72559193092146e+001 -9.89901503876595e-003 -1.19895327134620e-005 3.20795455794612e-008 
3.00318497827857e+009 -2.56247349398747e+005 -7.03323076757455e+003 1.70829061629797e-002 1.22202150018094e-003 -4.39713566639670e-007 
7.02521895128882e+007 8.21826549350913e+006 -1.63933362832771e+002 -3.20435355563945e+000 -7.26806218472843e-005 8.13372825257474e-008 
-1.17071737709078e+007 3.60301524967673e+006 2.76310621632388e+001 -1.40365229127806e+000 -4.81576234264378e-005 3.50594385305236e-008 
3.84108602934740e+009 3.83787664254330e+006 -2.69565732159836e+003 -4.66700420460558e-001 1.45599061840422e-004 -9.05517356965909e-009 
-2.11466004054958e+009 6.02815494271620e+006 1.48455252436953e+003 -6.96066896651254e-001 -9.61663010612288e-005 7.73528531971505e-008 
-9.61170414705826e+008 2.37180765954211e+006 6.74750864426549e+002 -2.73278294777533e-001 -4.31329051410368e-005 3.14379274735545e-008 
4.88510696858218e+008 7.61379987894237e+006 -2.81742815462883e+002 -6.94030450122483e-001 1.67305129880106e-004 3.24876836468090e-008 
-4.50727758292511e+009 1.98675172231033e+005 2.59927130704297e+003 -3.74539117653106e-001 -1.26649510892210e-004 3.85996442139550e-008 
-1.55376889915941e+009 -2.23200973793263e+006 8.96028667383817e+002 9.19845345131494e-002 -8.92690617977855e-005 7.99257361537752e-009 
-2.22773401134486e+005 1.33260178661405e+005 1.44173886596781e+004 -1.49491364516196e+003 -7.55242357726118e+001 8.39078542018973e+000 2.51115628052538e-001 -5.22388511807660e-002 -9.95925331673239e-004 3.86427871910362e-004 3.42253439766077e-006 -3.10300553539251e-006 7.87169246189046e-009 
-2.30328313289813e+005 -1.17527143911026e+005 1.47456291542278e+004 1.14192340127973e+003 -1.01998711239076e+002 -4.33612420221402e+000 5.85507270840836e-001 1.61201380337010e-002 -4.06098544885713e-003 -7.13840610380072e-005 3.16814162307776e-005 2.10482148987370e-007 -2.61113258716013e-007 
-1.18912204909756e+005 -3.63906566967398e+004 7.64266449868039e+003 3.33910086927292e+002 -5.05272464392841e+001 -9.99051737187226e-001 2.71904336660650e-001 1.63319776201189e-003 -1.81137857074135e-003 8.09098109443296e-006 1.37003656591651e-005 -2.17891513690836e-007 -1.09348388025478e-007 
9.61493313527146e+004 1.68935949296519e+005 -5.38750543452037e+003 -1.46149602722085e+003 5.77869001387129e+001 2.46085903252365e+000 -3.66234523074646e-001 1.63446238089287e-002 1.07572229712892e-003 -1.67940780558196e-004 4.97892841802249e-006 7.22441042930971e-007 -8.58957993123534e-008 
-3.24937472650312e+005 2.56789908938530e+004 1.81277719619821e+004 -4.92464565942860e+002 -7.29882286033551e+001 4.42345021657489e+000 -2.68091539717178e-002 -2.18610617619024e-002 1.71849452425432e-003 1.71573063650833e-005 -1.15920688381320e-005 7.21324119544666e-007 2.59359529389183e-008 
-1.27297051549219e+005 2.75146474632396e+004 7.10880409121490e+003 -3.52585146634995e+002 -2.50813647942825e+001 2.11139929665108e+000 -4.74772304273508e-002 -7.60868824034786e-003 8.31209689173197e-004 -9.35867237996197e-006 -4.39759718257788e-006 3.75621824314365e-007 2.45198522317708e-009 
3.47518484131896e+005 7.29047409881694e+004 -1.68258320618495e+004 -4.48110142854464e+002 5.94857512700689e+001 -6.37736506239618e-001 3.88350391369887e-002 4.94913542554859e-003 -6.11450786153130e-004 1.69563176108218e-005 4.14011096337061e-008 -1.03959080137255e-007 1.06887889271982e-008 
-1.57376846069934e+005 1.33089819723520e+005 7.69331655005710e+003 -1.09599999142202e+003 -1.28707399533357e+001 1.47394605961705e+000 -8.47006532550755e-002 7.54126907573375e-003 6.94280638326945e-005 -2.44546233508680e-005 1.71959605089970e-006 -9.36856686654713e-008 -1.83143624868824e-009 
-3.18577120657299e+004 6.32711486102730e+004 1.57304464456538e+003 -5.06711356386851e+002 4.91709418749409e-001 5.60784005217629e-001 -3.19364216644584e-002 3.66712021406444e-003 -3.12303306525549e-005 -8.64528190051799e-006 7.29574869287784e-007 -4.97642737838315e-008 2.84287801697279e-010 
3.52742471089764e+005 -6.75761983937413e+004 -1.67021389244739e+004 4.66066034768350e+002 5.79521203227743e+001 2.28092704614390e-001 -2.13299740535818e-002 -7.07972272726796e-003 -1.66753737624703e-004 1.58840386883722e-005 7.90106795119614e-007 2.39817639029805e-008 -4.11316842800081e-009 
1.27467941343867e+005 1.40398919958035e+005 -5.88844840729001e+003 -1.10752429771753e+003 1.23440186247173e+001 1.69993935852740e+000 7.72314927224974e-002 1.92356768755609e-003 -3.68756803930999e-004 -1.06949443609177e-005 2.04279424322920e-007 5.55302536285156e-008 3.00976038722314e-009 
8.85954146876704e+004 5.24052140791661e+004 -4.14001460496616e+003 -4.20319563448836e+002 1.09975814076603e+001 7.39146266005926e-001 3.02905520007492e-002 1.06171043771942e-004 -1.71920090575459e-004 -2.91896375552695e-006 1.65080457089720e-007 2.57495552096616e-008 8.58027699724771e-010 
1.12712190152246e+005 -1.63241980751906e+005 -5.67686824092225e+003 1.33251391791987e+003 4.11881495201382e+001 -2.54899000621453e+000 -1.74488649932679e-001 5.05552899828710e-004 5.72007570391621e-004 8.21334832102241e-007 -2.26757454697625e-006 -2.47662309239685e-008 1.11923864929810e-008 
3.23548667343471e+005 4.67082942270480e+004 -1.65600226759588e+004 -5.45920412581226e+002 6.14826531059815e+001 2.70157990311386e+000 -4.98840906073347e-002 -9.36226960821058e-003 -4.23428269431220e-005 3.16511634377715e-005 1.72142839080321e-007 -1.47248369738988e-007 -3.78911031279472e-009 
1.47302379975989e+005 3.43910658372149e+003 -7.53742848750330e+003 -9.71242858379312e+001 3.00091319376599e+001 8.82244239387621e-001 -3.84450756259511e-002 -3.88919469348407e-003 3.92519278836824e-005 1.34104313065544e-005 -1.53652511837438e-007 -6.44674131380503e-008 -4.79455822607932e-010 
-2.04032801759626e+005 -1.38686503366295e+005 1.19404547778403e+004 1.39316486020446e+003 -4.16444103319579e+001 -4.97324610480163e+000 9.10247051767000e-003 8.60308317356106e-003 -3.07020985731550e-005 7.06997615282073e-006 2.57203752581744e-006 -5.44341672969498e-008 -1.79924088738252e-008 
2.77733486240245e+005 -9.19811427312941e+004 -1.58607801238952e+004 7.24675400748404e+002 8.51999425254341e+001 -9.83226999182447e-001 -2.14719631561813e-001 -1.38279323579647e-003 1.60057961788438e-004 -1.77186554033730e-005 8.24384710471682e-007 2.25200336572450e-007 -3.04681449061716e-010 
9.65345133760498e+004 -5.25020186719513e+004 -5.48733864733247e+003 4.43942103767928e+002 3.17102520087250e+001 -9.10989479547305e-001 -8.94493793179843e-002 2.79931278466879e-004 6.43677771019802e-005 -6.76147823920555e-006 6.02974676558139e-007 8.93677646704009e-008 -1.92189880719804e-009 
-3.45614728855974e+005 5.32292760949565e+003 2.16514374309269e+004 3.02514964547176e+001 -1.17521063264148e+002 -1.39618799570639e+000 3.24540293402035e-001 1.44706368913253e-002 -2.06700190431793e-004 -8.93147402245335e-005 -5.65515082927607e-006 2.92324384374504e-007 5.07964208220447e-008 
8.62909913180621e+003 -1.64255716368611e+005 -5.58227963733630e+002 1.64561933220453e+003 1.34142334936258e+001 -6.02186606796417e+000 -1.54450688106008e-001 1.13952670103147e-002 1.12381030256722e-003 3.50465917166297e-005 -5.11640377888806e-006 -5.57321811064867e-007 4.97374297406212e-009 
-3.07832104247561e+004 -6.85805385131736e+004 1.92148983147972e+003 6.95562678067118e+002 -6.08200364620554e+000 -2.67342056760259e+000 -3.25525450731951e-002 6.23796566989634e-003 4.52015378046751e-004 5.84087390854741e-006 -2.71599933706839e-006 -2.05344403743660e-007 7.15654429258619e-009 
-1.82544356352503e+005 1.49123732379650e+005 1.14295586382975e+004 -1.56983393733304e+003 -5.29344736660560e+001 7.24023321405802e+000 1.47947672460629e-001 -3.30386951885965e-002 -8.05147123092801e-004 1.86086279765127e-004 6.35292350308628e-006 -1.21107573389168e-006 -4.88949468646502e-008 
-2.65597276539619e+005 -9.57191840007126e+004 1.63143121694211e+004 8.71457635375938e+002 -9.99513393925697e+001 -2.79110439087695e+000 4.35238858617403e-001 1.02759033726483e-002 -2.21172294260719e-003 -7.26393398570422e-005 1.35024529771688e-005 5.61094804724531e-007 -9.09712663699699e-008 
-1.29921505475584e+005 -2.54204858643288e+004 8.00239771803740e+003 2.10167789797581e+002 -4.73355471002394e+001 -4.51637967985006e-001 1.97899177878836e-001 1.02660525974994e-003 -1.01081827861452e-003 -1.20036713938873e-005 6.31403531732072e-006 1.15319938212098e-007 -4.31478607815382e-008 
-5.93315096534541e+005 2.59052921727995e+003 2.68575795063509e+001 6.62366283257257e-002 -3.18766982495227e-003 -4.50101174163422e-004 -7.37327588718663e-005 -6.82582948817823e-006 -1.56829437339200e-007 7.64854852485080e-008 1.60198547281116e-008 
-2.06542865144462e+004 -6.44064009913311e+003 6.98539077308814e+000 1.85106622092391e-001 6.04358085581299e-003 3.52647457194374e-004 1.79750524661412e-006 -5.15525484736401e-006 -9.30501224216899e-007 -9.06817184666716e-008 -2.15079643219693e-009 
-6.83261281315259e+003 -2.84427431176587e+003 2.15734552315253e+000 8.17183647048334e-002 3.41150390335123e-003 2.39471051785884e-004 8.66880415786057e-006 -2.04717318985839e-006 -4.80790123012198e-007 -5.63980378145943e-008 -2.81570257675617e-009 
-5.87918180095333e+005 2.80630181273490e+003 2.67095260951786e+001 -1.46878718608305e-001 -2.10483407159297e-002 1.14342809805269e-003 4.93179703665541e-004 5.82859661550323e-006 -1.32527277758515e-005 -1.09164192189156e-006 3.12951086130178e-007 
-3.34714419788027e+004 -6.37419866641488e+003 9.73404230292564e+000 2.30905670147438e-001 -1.22154330471059e-002 -2.64849290479239e-003 8.64147093377253e-005 7.25929227188402e-005 2.88907462352180e-006 -1.87049912331018e-006 -2.23051667217859e-007 
-1.25000183154560e+004 -2.82199706179041e+003 3.50645234407908e+000 1.26701729591558e-001 -4.38927059497733e-003 -1.52781842226387e-003 -4.95085565533683e-006 3.81717517816689e-005 2.91738269229612e-006 -8.86052100017673e-007 -1.51604319452080e-007 
7.81730116069204e-005 1.75185760883968e-006 1.52313655954484e-007 -2.93527952549354e-007 4.67877619977554e-009 1.91241205242008e-008 -2.28687203165609e-009 -7.34597488649506e-010 1.90497006740696e-010 1.97097006790231e-011 
-4.74628327633376e-006 -6.81131124044291e-007 3.40992836019943e-007 1.44307383791586e-008 -3.45444347538840e-008 2.04098102691520e-009 1.62194833942869e-009 -2.59344270368477e-010 -4.85416078752871e-011 1.40040224967667e-011 
7.88920988835247e-005 -9.79590922114961e-007 1.11952442399817e-007 1.75585872764276e-007 -7.55789014616118e-009 -3.94224202319773e-009 1.75373911384140e-010 -4.95037978903423e-011 -1.50992055948860e-011 3.95257954713611e-012 
-5.38270198363369e-006 -5.21044811119497e-007 -2.39665125371899e-007 1.56606750533389e-008 1.33765524214834e-008 -5.46816509674173e-010 -1.01339482247295e-010 6.15088407447808e-012 -2.58044333166175e-013 -1.13919669372579e-012 
7.99482331405849e-005 1.72582227807918e-006 -2.53816947294165e-007 -2.17676253325439e-007 1.31680666734893e-008 1.13098713877298e-008 2.94648896092236e-010 -2.65675194610335e-010 -2.57934266367166e-011 2.02659492458731e-012 
-6.47642309886039e-006 -7.73038711656499e-008 2.67830435027733e-007 -3.96287068446712e-008 -2.35975552403595e-008 5.77345083154366e-010 8.58527851808192e-010 2.24692475331640e-011 -1.86777357714519e-011 4.89721786153742e-013 
8.10927419855971e-005 4.72674897716966e-007 7.72769999576583e-007 9.56720816632991e-008 -8.06344532392147e-008 -7.22187132786093e-009 3.77323335923305e-009 3.88287550999958e-010 -1.10801466372189e-010 -1.87947515489816e-011 
-7.00018027395425e-006 -8.56560689300816e-007 -9.86803610560903e-008 1.23922571924820e-007 1.13823654189076e-008 -8.05242028934149e-009 -6.20472251249494e-010 3.12929100685188e-010 2.91872279885737e-011 -9.30313521331329e-012 
6.64692436402854e-002 1.88273563323026e-004 1.61299267795946e-004 2.24633422944106e-006 -8.83995126959342e-006 -2.85672396873871e-007 3.14239176664129e-007 -9.37849237935245e-009 -8.13167691840451e-009 1.01879139249919e-009 
4.12375036065215e-001 3.01306619865974e-004 -1.43018208067149e-005 -1.64305196188414e-005 -5.62170196563391e-007 6.98909427590071e-007 3.26252723145487e-009 -2.09917962166170e-008 1.55633798448566e-009 4.60873110143848e-010 
3.51979185281746e+003 9.19656102076843e-001 -1.34652794612139e-004 -9.29226708402504e-007 7.70453483277087e-006 2.64281794486335e-007 -2.79506018399855e-007 7.76770851466164e-009 7.28878432656286e-009 -8.97042868473838e-010 
6.71965717189048e-002 2.31640160775800e-004 -1.69113049180370e-004 -9.56735619389259e-006 7.04909067918000e-006 7.82451423553300e-008 -1.22984906946387e-007 -8.97723255010163e-010 3.69505714519027e-010 6.32353170081552e-011 
4.12562440787042e-001 -1.23848264051874e-004 -2.55855502886949e-005 1.57827368788838e-005 3.93309709818167e-007 -4.23062069813202e-007 -1.70753409559680e-009 4.13749960304515e-009 1.03822658253379e-010 2.26662299285299e-011 
3.52163093718231e+003 9.19700971995962e-001 1.58190469580582e-004 7.06420495608193e-006 -6.47292561353372e-006 -6.61862564724463e-008 1.12484737427177e-007 1.04857685684782e-009 -3.51169162585580e-010 -5.97186251684066e-011 
6.68244405689560e-002 -4.06088996572476e-004 3.64011826460880e-005 4.67940272648949e-006 -5.76356934663740e-006 1.50902218441426e-007 2.03506307118960e-007 1.50190226031397e-009 -3.66043848780979e-009 -1.42389316183121e-010 
4.12479307841579e-001 8.60812245169879e-005 2.78217325773660e-005 -8.03448823429967e-006 1.58784387834120e-007 4.84946011075801e-007 -5.42313639548383e-009 -1.17250416362600e-008 -2.94813037795741e-010 1.69668000809239e-010 
3.52347107114349e+003 9.20238104885271e-001 -4.61605047405748e-005 -4.67093007726454e-006 5.48868362478182e-006 -1.28321030836824e-007 -1.87750978358570e-007 -1.46480198902999e-009 3.36825235497319e-009 1.29751789107400e-010 
6.61605422499070e-002 -2.57476709263443e-004 6.32302342242474e-005 3.07021399024460e-005 2.09109969722364e-006 -1.56656740356319e-006 -1.44408574606056e-007 4.52483313985238e-008 4.72538934962900e-009 -9.06933192180007e-010 
4.12810100909348e-001 2.60880253079202e-004 3.85277373544382e-005 -7.47011530679571e-007 -3.05682247627227e-006 -2.63890797086162e-007 1.13369796269776e-007 1.07270408555059e-008 -2.68067995374869e-009 -3.31964303146854e-010 
3.52531133568460e+003 9.20038899654951e-001 -5.58746980571417e-005 -2.58687465945262e-005 -1.95763820814916e-006 1.39705458206035e-006 1.31493651296153e-007 -4.08849313447805e-008 -4.26331896693186e-009 8.22868209523201e-010 
