-5.69026706940125e+007 -2.47666740456748e+006 1.13494013569174e+006 -2.39815062481302e+004 -9.86772111014897e+002 1.13538386932153e+002 -6.84585713239020e+000 2.10372897088083e-001 5.12165240284731e-003 -1.25680950771406e-003 9.73971519425595e-005 -4.17990444180671e-006 -2.38011752202911e-009 1.78867071616955e-008 
-4.16362500665004e+006 -1.41802544234846e+007 9.96063397644409e+004 4.36675651261987e+004 -2.02750188121534e+003 5.31206464014480e+001 1.58974299999781e+000 -3.11769662471219e-001 2.21196861652935e-002 -8.67679101496869e-004 -5.10465198661580e-006 3.97632148074156e-006 -3.61306522909710e-007 1.82748880670604e-008 
3.56847565565968e+006 -7.31764640622355e+006 -6.45584928398821e+004 2.58126351404181e+004 -9.80566572016397e+002 1.65927178560207e+001 1.55946400981485e+000 -1.88355215452511e-001 1.12834060996454e-002 -3.33049125903894e-004 -1.28324302935971e-005 2.55760671353565e-006 -1.92738712523336e-007 7.90534221675766e-009 
-5.37938622055269e+007 5.30798474407563e+006 8.03966219689198e+005 -2.85305576483417e+004 1.08478944861243e+002 1.56329130610750e+001 -1.89957907787047e+000 1.04071627817485e-001 -4.39506058976259e-003 1.09866691574431e-004 1.74192536086732e-006 -4.40891343576284e-007 3.42076131284453e-008 -1.81904483109449e-009 
-3.04017015643119e+007 -1.17547328742970e+007 4.65348505013952e+005 1.99270209972777e+004 -9.89401244866532e+002 4.07639759585184e+001 -1.23327376753083e+000 5.17039899327434e-003 2.19233023298736e-003 -2.03819299070286e-004 1.16299774213981e-005 -4.79926968765872e-007 1.05128141106127e-008 3.88811632098971e-010 
-1.07696838280590e+007 -6.82983024020782e+006 1.65138774980681e+005 1.36040571309342e+004 -5.39727034732961e+002 2.01511812760171e+001 -4.61641606786631e-001 -8.03659298735634e-003 1.62711923757105e-003 -1.20264630808192e-004 6.03058454544144e-006 -2.10639371193627e-007 2.06934120496308e-009 3.96933436606746e-010 
-3.78015648892971e+007 1.04113436992455e+007 4.76428563129681e+005 -2.60191390051010e+004 1.34500452657188e+002 -7.30773759590970e+000 -3.86905673216282e-001 2.09538688005426e-002 -1.21384913945409e-003 5.12101329494908e-005 -1.63750257472282e-006 4.22273528176457e-008 2.56853470752786e-010 -8.25876918559547e-011 
-4.95864907914952e+007 -7.29245291373221e+006 6.31523815910736e+005 9.14025089709985e+003 -4.37271515126893e+002 1.64135899780506e+001 -7.61853417944866e-001 1.58247236515374e-002 -4.49398490411962e-004 -1.05694205676356e-005 1.04843562903610e-006 -7.54139344195085e-008 3.55971872582072e-009 -1.42679411623699e-010 
-2.26772353714695e+007 -4.97589908483933e+006 2.87884309263314e+005 7.58188489322374e+003 -2.47519556418782e+002 9.52520446381487e+000 -3.66772280257311e-001 6.27849458818613e-003 -1.14186868710913e-004 -1.09573206076889e-005 7.30629287300782e-007 -4.47011240830812e-008 1.86998761766981e-009 -6.71372868610089e-011 
-1.41392885549981e+007 1.29967858326897e+007 1.71048490407726e+005 -2.54022974191264e+004 -7.38036637102608e+001 -1.26022273498598e+001 -1.36404747626245e-001 2.48267178630019e-003 -1.23218765730577e-004 2.00458226541243e-005 -1.47261100130346e-008 3.29362829360045e-008 1.80286564620315e-010 2.83463917698671e-011 
-5.88430718835825e+007 -1.90135446266637e+006 7.07178944693376e+005 3.89539879605347e+003 -2.65180915056952e+002 1.64112437531926e+000 -5.46083197002598e-001 -8.67676309270415e-004 -5.61844271498649e-004 -3.37457434222557e-006 -2.11229895804826e-007 -4.50145345829664e-009 5.54837206594655e-010 -2.46469157029300e-012 
-3.00776280127258e+007 -2.36459369608861e+006 3.59980538134139e+005 4.71639127042797e+003 -1.33985982885833e+002 2.18427564285517e+000 -2.77528353750568e-001 -7.21432878742965e-004 -2.87282002541384e-004 -3.88286749165286e-006 -1.11447799946157e-007 -5.80657507310511e-009 2.77324113016065e-010 -4.32810616886144e-012 
-9.07871913827419e+007 1.22742854986375e+007 1.15535127131979e+006 -2.66485661821693e+004 -1.18633654279022e+003 1.90663223204412e+001 4.57673256524873e-001 -8.48846815420222e-003 -5.97696831143320e-005 3.73914308515513e-006 
-5.11777418545012e+007 -1.85901450713170e+007 6.64003917639730e+005 3.85447034225946e+004 -7.41670662083863e+002 -2.32196028601049e+001 3.89273963892422e-001 5.68091926835875e-003 -1.54130434012307e-004 1.56300439608671e-007 
-1.72974032591858e+007 -9.13982819643197e+006 2.25556737470053e+005 1.90255035886034e+004 -2.58533527707828e+002 -1.16518948937968e+001 1.46166064082002e-001 3.09785064655020e-003 -6.56337122071089e-005 -3.07696265297054e-007 
-5.82149368732604e+007 1.99477270579361e+007 7.35970030341987e+005 -4.20658589980754e+004 -7.15092230579078e+002 2.70838618027504e+001 2.09051614864219e-001 -8.80694250297743e-003 3.38641606629586e-005 2.17563796049356e-006 
-8.17447519830454e+007 -1.16614702611498e+007 1.04178310605940e+006 2.35145765493757e+004 -1.10260490678544e+003 -1.25169767534235e+001 4.81306563392960e-001 1.09188419125019e-003 -1.17456338392999e-004 1.56278564570441e-006 
-3.31100915907601e+007 -6.50881511281086e+006 4.22040788560693e+005 1.32403887518377e+004 -4.50719795854797e+002 -7.34502492810313e+000 2.03236211065075e-001 1.05371277254498e-003 -5.45906721781034e-005 3.94977715255813e-007 
-7.35957221828448e+007 -1.80690001109232e+007 3.69014190583976e+005 1.48427639443344e+004 -1.68078025737886e+002 -4.07800740691461e+000 4.17856531315218e-002 3.32267520343553e-004 3.73629208402590e-005 2.50853301380175e-005 -3.92412659060925e-006 -1.42589839617396e-006 3.57913194512775e-007 
1.17227875010482e+008 -9.59097717033156e+006 -5.78150285811006e+005 8.15711139995114e+003 2.46723524291198e+002 -2.52860633483838e+000 -5.26041524765501e-002 1.00192725373785e-003 9.57545043272972e-005 -2.99058864636161e-005 -4.31003742247178e-006 2.20353674294299e-006 1.60769428198780e-007 
5.07997521801794e+007 -4.15842243700328e+006 -2.50681806672877e+005 3.53692979060694e+003 1.06976773853996e+002 -1.09623411948828e+000 -2.26500397263073e-002 4.14239661158715e-004 2.86286189548990e-005 -1.11799549459110e-005 -1.07412444696275e-006 7.98119076959598e-007 2.47793117436584e-008 
-1.06253699847386e+008 -1.44559657053458e+007 5.28493672317685e+005 1.15618087063900e+004 -2.38085567368110e+002 -2.85371465645105e+000 5.72843111895984e-002 9.41017791736123e-005 2.88020289198127e-007 5.94913500545379e-006 1.29302696680996e-007 1.04242093654731e-007 1.60402643141297e-008 
9.37752722049988e+007 -1.37617743770618e+007 -4.58446763688897e+005 1.16399301753101e+004 1.85423127237301e+002 -3.53077521529858e+000 -3.20105037181882e-002 1.00236391695623e-003 2.88784457146738e-005 -4.33966522318926e-006 -1.13338521979071e-007 -1.99164086359769e-008 -3.70791286341958e-008 
4.06311873481628e+007 -5.96684694035863e+006 -1.98778424144718e+005 5.04705341550814e+003 8.03973103023601e+001 -1.53055793250738e+000 -1.38166234944173e-002 4.08126315904216e-004 9.12823058704878e-006 -1.15352141289581e-006 1.27347731695826e-008 -9.52277580362524e-009 -1.26167154201896e-008 
-2.44842761988832e+008 2.62065529928640e+006 1.04052879577372e+006 1.06254926052670e+003 -2.74716445600115e+002 -2.22677429452211e+000 -4.69643135680059e-002 5.53115135243108e-005 1.42359349973187e-005 -3.07312435637883e-007 -5.79455866988457e-009 
-1.03427835276689e+007 -2.77399432901922e+007 4.95039354148702e+004 1.97298418377122e+004 6.99382717464859e+001 -8.58013189437372e-001 -3.04724244163187e-002 -1.07858514555168e-003 -1.23092990036361e-005 -1.87130609367307e-007 1.02131950020886e-007 
1.83551400300346e+006 -1.27942893973913e+007 -5.46334819761551e+003 9.02053879582733e+003 3.95166795505565e+001 -3.33197611590262e-001 -1.27245321212113e-002 -4.94551780028874e-004 -5.78043948119633e-006 -1.71727927637785e-007 5.42128217304606e-008 
-5.66730160825829e+007 1.77745243177054e+007 7.34430198200437e+003 -3.78503022717550e+002 -3.70299194215405e-001 1.80877019763566e-003 4.52760873798983e-006 -4.46860612455525e-008 
-7.22736113592783e+008 -2.73281379734030e+005 9.33464997974020e+004 5.42681295888097e+001 -9.25372082829894e-001 -1.51463709749537e-003 4.34455585504560e-007 1.59696992292520e-007 
-3.08430012890821e+008 -5.50265103152068e+005 3.98341835366401e+004 3.24824214569416e+001 -3.87634442454120e-001 -6.93157036126200e-004 1.65996758480898e-007 6.71369582893139e-008 
-1.12097905838659e+009 7.92076785790134e+006 2.23528716672286e+004 -3.06752419352570e+001 -2.46415208383884e-002 3.37545987926901e-005 1.14100618783047e-007 
-8.95807909697224e+008 -9.32009603646952e+006 1.78475036609433e+004 2.75954670249369e+001 -3.48648299400215e-002 -4.56417857165809e-006 9.51540984652359e-008 
-3.21759149889327e+008 -4.18979884612251e+006 6.40935051862675e+003 1.27205388175945e+001 -1.33697569661887e-002 -3.18388955055693e-006 3.25817923438897e-008 
-9.57826131281164e+008 8.79176354858524e+006 2.65533665015247e+003 -4.26440206798162e+000 -2.01099936633058e-004 6.87190175135974e-007 
-2.45355794161802e+009 -3.26613324457042e+006 6.80398460185213e+003 9.78861693706358e-001 -1.77233613527277e-003 5.16726035607646e-007 
-1.06102642798435e+009 -1.55500949029085e+006 2.94255815153352e+003 4.89325131545696e-001 -7.73564815218405e-004 2.25511433551540e-007 
-4.61174948866828e+007 7.46514653462208e+006 3.11225074379530e+001 -8.50887919823000e-001 -6.94202439313236e-006 -1.29411458251924e-008 
-4.18891680194811e+009 3.57012499739148e+004 2.86860645333622e+003 1.09428032477816e-002 -1.70516425517582e-004 -2.00620218372513e-008 
-1.71340947354026e+009 -1.71185751384471e+005 1.17334167795232e+003 2.56360234149018e-002 -6.94614841962560e-005 -7.45690867923420e-009 
-3.68470735043879e+009 4.47559914694548e+006 2.63086865309579e+003 -4.12385329054823e-001 -3.00152308167429e-004 5.12855232877384e-008 
-2.49729684090945e+009 -6.30625962855853e+006 1.78275179896806e+003 8.31768894749367e-001 -1.21264928648468e-004 -9.92641575770118e-008 
3.30839685488300e+008 -3.31635311384697e+006 -2.36528848888023e+002 3.84313110533833e-001 5.15202990563676e-005 -5.31599559488421e-008 
1.42098507236293e+005 -1.64351770502624e+005 -8.22559293541063e+003 1.42011131647064e+003 7.47753688052160e+001 -2.05208047056933e+000 -4.37858986758798e-001 -2.30553707309720e-002 1.19941021078273e-003 2.34784869517154e-004 8.56481245358180e-006 -1.03559744547906e-006 -1.40649447045258e-007 
3.02769241512835e+005 4.63996299912430e+004 -1.74824437886527e+004 -7.03783456606608e+002 6.93383485555890e+001 5.38560703929544e+000 7.30891224194492e-002 -2.55120745232755e-002 -2.34405473289508e-003 6.77586548110024e-006 1.63306519095679e-005 1.15545872640911e-006 -3.47322186582428e-008 
1.25711804663938e+005 3.72658562379818e+004 -7.27198652708774e+003 -4.62701938470241e+002 2.48225249961561e+001 2.68841164721354e+000 7.59164998477204e-002 -9.56103454436301e-003 -1.19805843995635e-003 -1.95113741914631e-005 6.71454575388421e-006 6.33336929064978e-007 -2.47327329603434e-009 
-1.88758216201045e+005 -1.48914326356742e+005 1.25889057941330e+004 1.66981507175713e+003 -7.15016186398149e+001 -9.58240044210844e+000 3.02511542913933e-001 6.40472387691098e-002 -1.71977948785195e-003 -5.19574566499344e-004 1.09839210918472e-005 4.60177386798199e-006 -6.59596808934044e-008 
2.47060508416045e+005 -1.01228369395612e+005 -1.63255986887992e+004 1.02290671081669e+003 1.13237119394382e+002 -4.49965848406140e+000 -6.78508668926610e-001 2.24246267639719e-002 5.11535675366305e-003 -1.44020361373100e-004 -4.38131090262541e-005 9.53194854783711e-007 3.99066823930753e-007 
1.31912732010337e+005 -3.23597741162364e+004 -8.75075665280482e+003 3.11258886877058e+002 5.92494008333965e+001 -1.15284901019875e+000 -3.42669173066464e-001 4.17253404375380e-003 2.52794563632600e-003 -1.63661916900352e-005 -2.12879408846747e-005 -3.80474429917894e-009 1.90603774768692e-007 
-3.42873148442142e+005 2.54355761620326e+003 2.17912666170751e+004 -2.54715186899482e+002 -1.19697605663994e+002 4.45881129478595e+000 2.97557260026205e-001 -4.11251679292567e-002 8.70499438653235e-004 2.36692687153577e-004 -2.15415807115288e-005 -4.12175085024636e-007 1.93052449659484e-007 
-3.23349957939776e+004 -1.62568795696228e+005 2.07673669064915e+003 1.63993794204576e+003 -3.93545571899514e+001 -5.87084746278410e+000 4.25702755239311e-001 4.13301573361796e-003 -3.00835393854050e-003 1.67950444936061e-004 1.15830352964746e-005 -2.00853860709126e-006 4.08803695030671e-008 
1.78314407055907e+004 -7.52611146160214e+004 -1.13536736776753e+003 7.82673117523386e+002 -6.59978838993296e+000 -3.14532161811443e+000 1.67707143148111e-001 5.88377571668651e-003 -1.47270105840375e-003 5.46943414549678e-005 7.42581529704287e-006 -8.87500561400415e-007 2.48438747905632e-010 
-1.90999711093018e+005 1.39860491273903e+005 1.06229335058186e+004 -1.35482963313631e+003 -2.16692714632668e+001 3.78261442754184e+000 -1.26190106818872e-001 3.72501352075252e-003 2.90271770618569e-004 -6.26250655675315e-005 3.51580278684367e-006 2.68697868908642e-008 -1.71437348041101e-008 
-2.89902951243364e+005 -8.35868707774326e+004 1.57079902612379e+004 5.47101677342332e+002 -7.61674406035376e+001 6.50063690655538e-001 8.52036331651413e-002 -8.20566161186772e-003 7.05177261681381e-004 -1.76700751685235e-005 -2.69321451513164e-006 2.87232084869475e-007 -1.22221677367360e-008 
-1.15555199319415e+005 -5.19343487381209e+004 6.24572142404479e+003 3.83780980453608e+002 -3.31564818832801e+001 -6.94482640096649e-002 5.16431276255523e-002 -4.13913468546734e-003 2.97416475882534e-004 -2.12806622629603e-006 -1.58294211334661e-006 1.30029592591903e-007 -3.98495451901288e-009 
1.21292331194649e+005 1.58786327261229e+005 -5.64949654090858e+003 -1.22428077205682e+003 3.19997038602243e+001 1.85236463402192e+000 -6.07328733902970e-002 -4.81475933262449e-004 -7.26029668663908e-005 1.73556883937988e-005 9.27681237603605e-008 -7.68220742770937e-008 1.52153644361743e-009 
-3.24288860251180e+005 4.90906698642917e+004 1.56229614566330e+004 -4.99859794568049e+002 -5.18918941834553e+001 1.59515336238969e+000 2.54359466112402e-002 -8.13564166349578e-004 -1.19759736045007e-004 -4.72188635496290e-006 1.26004264676386e-006 -1.77052684184504e-008 -2.80032081862090e-009 
-1.61113615077914e+005 7.63789743617550e+003 7.77201078452424e+003 -1.13990783535002e+002 -2.71727430998318e+001 5.58229847853796e-001 1.78467178108245e-002 -3.31117507266667e-004 -4.86296391240852e-005 -3.83812371532528e-006 5.74304829849343e-007 -7.86396218115075e-010 -1.44549014142659e-009 
3.54810714285193e+005 6.58113545279659e+004 -1.63121797402865e+004 -4.97838487641884e+002 5.41376911055241e+001 4.44636302907521e-001 -3.64447242078767e-002 3.30355843759632e-003 1.20704721487519e-004 -1.06401077320085e-005 -5.91067914563925e-007 2.86807818340565e-008 -5.21908852299701e-010 
-1.28388821603495e+005 1.38538559370438e+005 5.76484353281609e+003 -1.05641056341582e+003 -1.75927009727683e+001 1.61756947543833e+000 -2.48512019534793e-002 -8.42124089655665e-004 2.00752513420201e-004 9.57459876123549e-006 -4.69600694274096e-007 -1.23671287253422e-008 1.97324715290618e-009 
-9.25739447677788e+004 5.79213597537707e+004 4.22243117759277e+003 -4.42707170341039e+002 -1.34123283956308e+001 7.09188960796044e-001 -7.78023202976877e-003 -7.04871990080242e-004 8.16476124018122e-005 5.45981919875437e-006 -1.61478577110858e-007 -8.52240215380820e-009 9.62254558194348e-010 
3.47766338454879e+005 -7.33214095459698e+004 -1.68571084966267e+004 4.25504374676931e+002 6.20742549318682e+001 6.39870132286342e-001 2.86690560280014e-002 -2.23454507658385e-003 -5.64509269734078e-004 -2.79730314747034e-005 -3.95763516556450e-007 4.75190052032151e-008 8.79939460699330e-009 
1.52787025967070e+005 1.31435824185412e+005 -7.62265178841411e+003 -1.10372185362282e+003 1.14832058967127e+001 1.64324429085539e+000 6.51985025529889e-002 7.04045614823025e-003 1.36987162043926e-004 -1.94797939428877e-005 -1.72087445398580e-006 -1.05602907618525e-007 -3.80358967807235e-009 
3.83156255826485e+004 6.78095522266581e+004 -1.94393523083778e+003 -5.53563207384626e+002 -5.88946033666992e-001 7.09380796857549e-001 2.78040284110158e-002 3.47651484843612e-003 1.16695311272331e-004 -6.44111309665292e-006 -7.64593085229824e-007 -5.35617096327018e-008 -2.59036934586368e-009 
9.49721645950452e+004 -1.69948279457959e+005 -5.41931473568678e+003 1.48961558109018e+003 6.27136932098144e+001 -2.19257779433152e+000 -3.78997554023352e-001 -2.34370462107902e-002 4.86602854444399e-004 1.92409734415562e-004 1.26765871649933e-005 -2.30677690136737e-007 -1.11618094102911e-007 
3.17131686496604e+005 2.39702158452891e+004 -1.82313587473599e+004 -5.10869593432660e+002 7.33333331099085e+001 4.73529680531445e+000 7.84830241696637e-002 -1.94663596873911e-002 -2.22972221650446e-003 -5.28432593262782e-005 1.02846243916071e-005 1.24849109166551e-006 3.55761107234816e-008 
1.38201588711688e+005 2.70170290161199e+004 -7.96102512487825e+003 -3.78390834643510e+002 2.82423800684077e+001 2.41437156118704e+000 7.19495703909563e-002 -6.86977847656770e-003 -1.08298511865689e-003 -4.25966049341858e-005 3.59892057068383e-006 6.02434402196419e-007 2.69943002639602e-008 
4.29346829967191e+005 -9.96396963347434e+003 -8.33707217424397e+000 1.02763808860293e-001 4.16141729005875e-003 -3.17147880636604e-004 4.14296890042060e-005 -3.81895891337429e-006 1.80372162371822e-007 1.65160693838169e-008 -5.05938918653470e-009 
1.26735686192234e+006 1.71125119275441e+003 -2.36890976826298e+001 -1.68329167245856e-001 5.05410183135844e-003 -2.15014272965197e-004 6.11847215217875e-006 1.86751528697711e-006 -3.94220271903185e-007 3.03489875933952e-008 -3.33591217655061e-009 
5.20057764741068e+005 9.79451021672856e+002 -9.81418472407135e+000 -8.76248502879952e-002 2.35716137847148e-003 -8.81174214913845e-005 -1.02514782169925e-006 1.39558840178807e-006 -2.29244433813965e-007 1.62198320804059e-008 -1.24595888642288e-009 
4.09356720738003e+005 -1.00248639984126e+004 -6.80913486199535e+000 1.48095558812565e-001 2.39772251325374e-003 -1.95307780471375e-006 1.57216445084531e-006 -1.55346933838498e-007 2.34495324828691e-008 -1.81626368290431e-009 1.61811398440994e-010 
1.27058426150813e+006 1.51478853084039e+003 -2.53246579123157e+001 -1.09150776690673e-001 3.05530947215941e-003 -3.90028122414682e-006 5.37924065892478e-006 -1.66205578247543e-007 2.24563189133030e-008 -1.68217467772205e-008 -1.46274308590569e-010 
5.21935200901072e+005 8.97259922090807e+002 -1.06863730010369e+001 -6.02516241460559e-002 1.35457518348042e-003 -7.33810939413663e-006 2.76037673290672e-006 -7.16601464078029e-008 9.55914360890249e-009 -6.99878534679099e-009 -8.20083070288774e-011 
-7.44065217413795e-005 2.38851340003879e-006 2.83287822620957e-008 -3.38885491951892e-007 -2.48854814621092e-008 2.24053387534650e-008 3.54591645712086e-009 -9.03321126423118e-010 -2.55889613554744e-010 2.66445345576357e-011 
1.10633071979687e-005 5.28388967640750e-007 3.90169893597112e-007 1.47913838838511e-008 -4.00190709947779e-008 -4.27511043085452e-009 1.95036706867538e-009 3.81479347341426e-010 -6.35134767741461e-011 -1.93459692518665e-011 
-7.30019081289652e-005 -3.27587725223362e-007 5.49400281094589e-007 1.39122299042628e-007 -6.89065724175613e-008 -1.13725607549391e-009 2.83808465828631e-009 -3.82350485753929e-010 -2.15746696271266e-011 1.89659299363666e-011 
1.23522972839379e-005 9.16356496953158e-008 -2.19221684196099e-007 1.05356762304994e-007 1.14181961646959e-008 -6.92099517239419e-009 4.38095533488247e-010 1.90450094764721e-010 -5.73984963047169e-011 3.77386223181308e-013 
-7.18496875774554e-005 2.66660683150881e-007 -6.56893955721250e-007 -2.86378004084466e-008 3.68439883456996e-008 9.18094125571036e-011 -7.06152939534263e-010 2.10390731939940e-011 1.64896257825862e-011 1.03773868081202e-012 
1.32568378504501e-005 1.06276039097476e-006 6.93125890144737e-008 -7.62412483429234e-008 -2.04160225027614e-009 2.33760090011996e-009 -1.34723188744020e-010 -4.38242819066618e-012 1.29745882231229e-011 -2.00974264641187e-012 
-7.29382418889895e-005 -3.25177810958677e-008 7.64014273591909e-007 5.03544657045532e-008 -4.69403199965500e-008 -6.87304745003033e-009 -8.04076373334154e-011 1.42105870142641e-010 7.97524945967839e-011 1.61056121379407e-011 
1.43552904674931e-005 -5.92445446501910e-008 -1.71529813497993e-008 9.65067390952405e-008 1.01990763473103e-008 -2.31387474175806e-009 -6.91364388369568e-010 -1.48658614179209e-010 3.53298049511864e-012 1.16300187731712e-011 
-6.55402432446751e-002 1.94863296204641e-003 -2.16484938351914e-004 -5.60311946868248e-005 9.89183025110865e-006 1.15684252532417e-007 -3.52610159630422e-007 -4.77388864236129e-009 1.06629797634153e-008 1.00322828542055e-009 
4.03152892465433e-001 -3.94512098879838e-004 -1.66280069161795e-004 1.96907675023029e-005 1.83105283095237e-006 -7.59185534308048e-007 2.51937875148780e-009 2.49508170355865e-008 1.25537062387491e-009 -6.81753615971404e-010 
1.22388404063959e+003 9.18074528328279e-001 1.85612326098267e-004 5.33199733356319e-005 -8.64246718987032e-006 -1.17629959104491e-007 3.11847140351173e-007 3.69564480495413e-009 -9.48307836334583e-009 -8.76971536038779e-010 
-6.43402089505397e-002 -8.93252000702225e-004 -4.03541614136023e-004 9.70979180138979e-006 6.93028352323414e-006 1.11022378616252e-006 -1.10832429863856e-007 -3.02748950216539e-008 4.26557662857690e-009 3.10079344321220e-011 
4.01784126439723e-001 -7.81024302937555e-004 6.99998862080088e-005 2.35980097318944e-005 1.14105122976424e-006 -2.88642357477227e-007 -8.42263632630095e-008 8.50609806249479e-009 1.11142079381583e-009 -2.84319480865654e-010 
1.22572266542636e+003 9.20709787867452e-001 3.87407246621148e-004 -8.26126510450607e-006 -6.73694220201513e-006 -1.00175644626993e-006 1.04347515124223e-007 2.70625098081443e-008 -3.82120624509636e-009 -2.42978182383472e-011 
-6.74643390819631e-002 -1.54601352319539e-003 3.83623897634014e-004 7.80140404439476e-005 -8.25866398628044e-006 -1.49818352821671e-006 1.04863598233246e-007 1.65958516816944e-008 -1.27658899776779e-009 -1.13870657504155e-010 
4.01438422871362e-001 5.26558832485141e-004 1.65602468310136e-004 -2.48589515686449e-005 -4.55372295910793e-006 3.63639725477314e-007 6.57891122336176e-008 -4.25927078618499e-009 -5.45881372054636e-010 5.01394190839606e-011 
1.22756542270062e+003 9.21406331751668e-001 -3.49364926993879e-004 -7.36180573137551e-005 7.59398609657797e-006 1.38550829207275e-006 -9.77557320737773e-008 -1.52612105531009e-008 1.19288223325741e-009 1.06094555852978e-010 
-6.67986096260930e-002 2.03645926675860e-003 1.88623063981642e-004 -9.11097087177081e-005 -1.25079304613621e-006 1.79798938704699e-006 1.41299484714361e-008 -2.12330123014420e-008 -2.04494307138100e-009 -1.38962911779726e-010 
4.02548608189615e-001 2.59753991761999e-004 -2.01274063148490e-004 -8.75815862706840e-006 5.35225598474426e-006 1.25981765709232e-008 -8.54976448565340e-008 -3.37652861150718e-009 4.65371015020000e-010 1.23939722097880e-010 
1.22940473943348e+003 9.18054728179355e-001 -1.90066042751719e-004 8.26345983368217e-005 1.31922402887425e-006 -1.62032340606737e-006 -9.29183383227394e-009 1.94200594067718e-008 1.78860222866216e-009 1.14333326756950e-010 
