-5.74032219789630e+007 4.57277739422991e+005 1.02996406783709e+006 -2.76147481020279e+004 -3.86199421536714e+002 6.63831218742910e+001 -4.80314749996079e+000 2.08277274249615e-001 -3.83193276352679e-003 -3.30711768647966e-004 4.30808713462480e-005 -2.85630057927500e-006 1.14777781031547e-007 -4.90478892530901e-010 
-1.47531514860262e+007 -1.36977476576984e+007 2.56419218996364e+005 3.37262584098126e+004 -1.64950568424449e+003 5.69259902943702e+001 -4.13912048159551e-001 -1.27787819356686e-001 1.22905216413806e-002 -6.95826958546810e-004 2.22502952601103e-005 3.48066071244472e-007 -1.12654100312692e-007 9.43463596437028e-009 
-1.88438026318363e+006 -7.36479606081711e+006 3.01653446116225e+004 2.08791571208995e+004 -8.41067123735045e+002 2.35243172816606e+001 2.76975466282161e-001 -8.98582967849439e-002 6.96261065446669e-003 -3.37396421338529e-004 7.41789073593321e-006 4.82128578724250e-007 -7.20777732701009e-008 5.09049178541354e-009 
-4.93263195533802e+007 7.33524038121436e+006 6.89710212257522e+005 -2.77640226084602e+004 1.71171382329126e+002 3.62380658635782e+000 -1.11583470685291e+000 6.39513982607852e-002 -3.05236475216119e-003 1.04184795066102e-004 -1.78325329517850e-006 -8.99960298675307e-008 1.20006348696967e-008 -7.99066010169023e-010 
-3.90798157851633e+007 -1.03968185462001e+007 5.36677922389200e+005 1.52480933527104e+004 -7.47023073708578e+002 3.12159075771911e+001 -1.10924130337070e+000 1.85288875705789e-002 4.88345987815278e-004 -8.86059733059639e-005 5.88353551971437e-006 -2.94699631907865e-007 1.07176675980064e-008 -2.04849431948627e-010 
-1.57174226688274e+007 -6.31477627423671e+006 2.15154955441824e+005 1.10241667505582e+004 -4.16787205909445e+002 1.62987803530201e+001 -4.76811760372205e-001 3.26597876024993e-003 5.77374182594777e-004 -5.81340439775918e-005 3.32776245463469e-006 -1.48091920336004e-007 4.48071963676235e-009 -2.65405271814882e-011 
-3.01612047929565e+007 1.15652159953048e+007 3.71924099653292e+005 -2.54513854896729e+004 7.65114885315996e+001 -9.80152277444827e+000 -2.40559743469901e-001 1.07516346848688e-002 -7.08291537779461e-004 3.33593796541817e-005 -1.02144544546985e-006 3.91947598968457e-008 -3.91670038519023e-010 -5.10998407272462e-012 
-5.51181151758188e+007 -5.53571505791074e+006 6.64358471058785e+005 7.02617276546694e+003 -3.45968730969107e+002 1.07766123779374e+001 -6.37094088451891e-001 1.05272090483436e-002 -5.17978311461226e-004 -2.31044279243953e-006 2.67337908205995e-007 -3.42626067650771e-008 1.71878025553646e-009 -7.38946952998595e-011 
-2.62729060574891e+007 -4.15676546371956e+006 3.16312092201241e+005 6.39244738373402e+003 -1.92740354699035e+002 6.77293708762504e+000 -3.15370229317688e-001 4.50834637920069e-003 -2.03238546643360e-004 -4.69342963771244e-006 2.48716417787988e-007 -2.23658586475057e-008 9.58721395016339e-010 -3.89439044735739e-011 
-5.01872380357317e+006 1.33231807296587e+007 6.65628074616602e+004 -2.60407910521468e+004 -1.62170339241406e+002 -1.36178501373177e+001 -1.14398575501629e-001 2.51164910407394e-003 1.33873318229470e-004 2.33282792859564e-005 5.17588583053558e-007 4.01705757444612e-008 7.23956914695797e-010 3.34686439475032e-011 
-6.06664898337429e+007 3.36467569038918e+004 7.20072213193340e+005 2.44998443193941e+003 -2.69374949310480e+002 -2.90504989656176e+000 -5.83930239762968e-001 -7.21910580603055e-003 -6.20927300122164e-004 -6.34472628200729e-006 -2.06890246024854e-007 5.56913129116894e-009 7.79332187435611e-010 2.97598828786264e-011 
-3.18448351157511e+007 -1.36407992130251e+006 3.77738268965687e+005 4.00910257888454e+003 -1.27075415026644e+002 -1.39644290794940e-001 -3.00055140418757e-001 -4.11669560926925e-003 -3.45562711042316e-004 -5.80830065842953e-006 -1.64187057977291e-007 -1.19075430708475e-009 3.41220831236845e-010 1.24264708804388e-011 
1.03212784457988e+008 -6.96314540066959e+006 -1.28288216632312e+006 1.35665956420989e+004 1.33108868527689e+003 -6.03132537204309e+000 -5.38290484831433e-001 -1.04503933308913e-003 9.93572487718783e-005 2.00029665830409e-006 
3.03155811789913e+007 2.07740014729608e+007 -3.78654312767006e+005 -4.33259924056429e+004 3.44527254242445e+002 2.68089102982637e+001 -6.04942322311470e-002 -7.48111247870581e-003 -5.73043559397402e-005 7.58629545015349e-007 
7.12923763263324e+006 9.78669643006964e+006 -8.91709896070615e+004 -2.03510093300975e+004 7.07652912561769e+001 1.24430725195043e+001 6.84943403679706e-003 -3.29963427002628e-003 -3.20692768890746e-005 2.14752551698398e-007 
7.97856075121538e+007 -1.62266982156226e+007 -9.98562688456388e+005 3.31944348097401e+004 1.08103933217820e+003 -1.88764504174968e+001 -5.12456239962365e-001 3.23566174075137e-003 1.63850255704008e-004 1.26536118061262e-006 
6.72804271689692e+007 1.57987005392740e+007 -8.48255882716945e+005 -3.36775222095966e+004 8.48299851962688e+002 2.26735673230942e+001 -2.89094038941920e-001 -8.53389312583828e-003 2.22278845010871e-006 2.52999758892396e-006 
2.52419158267914e+007 8.13453577599781e+006 -3.18438819439166e+005 -1.72522954124924e+004 3.13237961090127e+002 1.13954812732622e+001 -9.76330387741075e-002 -4.04418462635859e-003 -9.36912056989653e-006 1.05817619830999e-006 
-1.43679216252398e+008 4.72076121378418e+006 6.85227022598441e+005 -4.51436876388557e+003 -2.62804354451849e+002 1.79520277988417e+000 3.36525508988406e-002 -1.49056059441065e-004 9.66378011362639e-005 -2.01064443555779e-005 -5.16686606996211e-006 7.58821472026746e-007 2.68287685558173e-007 
-3.35837804548707e+007 -1.83291089398833e+007 1.59617428310535e+005 1.42987243347066e+004 -8.76280746325754e+001 -3.16941042530348e+000 2.94241863278563e-002 4.73093431504797e-004 -3.63905906939004e-005 -1.42551707093695e-005 1.00208291815499e-006 6.91937551485569e-007 2.21733148069919e-009 
-1.45776448481484e+007 -7.94645687204701e+006 6.92009370438106e+004 6.19905175479423e+003 -3.79913860449776e+001 -1.37436262589655e+000 1.28678068530166e-002 2.38440911838020e-004 -2.40649193599989e-005 -8.36548871431687e-006 8.47888801572178e-007 4.19434806664810e-007 -1.23650308492250e-008 
-1.28975909521795e+008 9.91740891987400e+006 6.07146440904990e+005 -8.39064372673614e+003 -2.19556599846584e+002 2.46747215642387e+000 2.05106639977716e-002 -1.94382610815652e-004 4.60038422459471e-005 -4.00764101713658e-006 -1.66443099843601e-006 -3.31111746943538e-007 3.08983856584955e-008 
-6.84415449808751e+007 -1.63942246071233e+007 3.20827020549197e+005 1.24294635560209e+004 -1.43651938712826e+002 -2.42659855053912e+000 3.25873736356615e-002 2.28294724544153e-004 -1.15434833863314e-005 -6.85426527714934e-006 -1.12418772711977e-006 3.13962547147462e-008 7.75036292905130e-008 
-2.96899876162794e+007 -7.10760488572452e+006 1.39091510209331e+005 5.38864995254845e+003 -6.22799720909632e+001 -1.05205537476232e+000 1.42570362290546e-002 1.04271678997298e-004 -1.14886465814523e-005 -3.60457286286596e-006 -3.91526378420227e-007 5.65583349014949e-008 4.04243234140927e-008 
2.52476577582402e+007 3.44242539879020e+007 -1.57463850792597e+005 -3.72493732174593e+004 -2.50634912355206e+002 1.55232544036759e+001 4.24303182971844e-001 -1.08524885508094e-003 -3.16870958833931e-004 -6.10734297787027e-006 1.29992234476877e-007 
-1.93248747020146e+008 6.47027688897379e+006 1.22550568371319e+006 8.37846614202625e+002 -7.52668657012789e+002 -1.08944553019871e+001 2.11248882165440e-001 1.12553090286421e-002 9.03020752458569e-005 -5.87770552181627e-006 -1.43044270960509e-007 
-8.93223452361444e+007 2.03698139159835e+006 5.66361244277858e+005 1.39082924381738e+003 -3.38456704337467e+002 -5.41643532134848e+000 8.54399405492642e-002 5.19339309219303e-003 4.99875343824511e-005 -2.58682564016839e-006 -8.13535434581212e-008 
-7.89243707931969e+008 4.30904965534758e+006 9.20887625765573e+004 -8.39539859079148e+001 -7.63785264874056e-001 2.83947632703910e-004 9.06675997701253e-007 -7.69223880121320e-008 
-1.95103197811371e+008 -1.52477498982330e+007 2.27612955541610e+004 2.96499018339198e+002 -1.89630252064618e-001 -9.53248513478597e-004 -2.98131809511232e-007 -4.05867070476491e-008 
-6.44141900049403e+007 -6.64064774661808e+006 7.51415552368104e+003 1.29132834562883e+002 -6.26843264238173e-002 -4.15279627821074e-004 -1.93981902957209e-007 -1.60399228398739e-008 
-6.16689249146360e+008 -1.26063041155800e+007 1.56702481862331e+004 5.17434757048387e+001 -4.68301550319753e-002 -8.61816477851769e-005 4.59717509249946e-008 
1.10706534354569e+009 -5.84033864921470e+006 -2.81335583938829e+004 2.78158848422920e+001 6.41355606172211e-002 -6.80397223236507e-005 4.15292744228457e-008 
4.83808749293308e+008 -1.86961286697180e+006 -1.22949272351706e+004 9.26269423469845e+000 2.85051566588770e-002 -2.44461759523962e-005 1.18028853519215e-008 
2.76688652153164e+009 3.58122481281506e+006 -6.49190042069009e+003 -1.28188659160844e+000 1.13540042365477e-003 -9.36192876821418e-008 
-1.05183784715439e+009 7.56548843472832e+006 2.46761716385651e+003 -3.00142173880823e+000 -3.46508757722487e-004 2.81610041369152e-007 
-4.99812722024666e+008 3.26284626946197e+006 1.17258084695599e+003 -1.29647970498478e+000 -1.67658800325943e-004 1.22390787147830e-007 
3.20369566060740e+009 5.22462557500534e+006 -2.23488337220983e+003 -6.23018041026974e-001 1.20414849195825e-004 1.11404121128348e-008 
-2.89309208397651e+009 5.04243225876177e+006 2.01873175410865e+003 -5.72488407824365e-001 -1.25174512896729e-004 4.45074531786901e-008 
-1.26391825064070e+009 1.93382172927252e+006 8.81917014647787e+002 -2.18797489998394e-001 -5.43127413482608e-005 1.77339037151174e-008 
-5.80366279234453e+008 7.59481407578237e+006 3.71791648484501e+002 -8.52762819532057e-001 1.09972793937882e-004 8.21937370833348e-008 
-4.42954018329708e+009 -1.33159751015255e+006 2.83737316893291e+003 -1.72284630226587e-001 -2.24114847294460e-004 4.13020888565306e-008 
-1.20746033814517e+009 -2.70383814112747e+006 7.73423121345247e+002 2.02916444701424e-001 -1.03329786130940e-004 -2.20099039052623e-009 
-2.47665610544377e+005 1.30380686949745e+005 1.39240224298373e+004 -1.09583918440502e+003 -7.99847903270370e+001 2.37713346798720e+000 2.41891491477654e-001 -3.21011441910077e-003 -4.67325299359850e-004 3.27909173355015e-005 9.33154690097842e-007 -2.74517803049487e-007 -6.11832371790702e-009 
-2.32702711886819e+005 -9.97901036781491e+004 1.33989430194567e+004 1.03632903694925e+003 -5.34302727367395e+001 -4.08753638773916e+000 7.34421276727052e-002 9.88108301904519e-003 -2.62403068240221e-004 -1.58757048140949e-005 2.87001840184548e-006 5.77738619656153e-008 -1.82167689606909e-008 
-1.15335734133811e+005 -5.89750749538817e+004 6.64745923105820e+003 6.02639322748168e+002 -2.55061694279959e+001 -2.29950692415679e+000 2.96778504782760e-002 5.45510956557058e-003 -1.22096037640917e-004 -9.88305580562274e-006 1.50681525967287e-006 4.22684855826633e-008 -9.55922327198260e-009 
7.10214018344313e+004 1.72848003521711e+005 -4.44343466198481e+003 -1.72868673959325e+003 1.34088393215841e+001 6.23249805711855e+000 5.31769572959262e-002 -1.08737293858782e-002 -5.78559024425881e-004 -3.61914826729284e-005 1.97006498108571e-006 4.51459834146317e-007 5.64631232129956e-009 
-2.99430965986703e+005 3.74173678433276e+004 1.85334224690022e+004 -2.99645766679268e+002 -9.98066568802258e+001 1.63497650047877e-001 2.63325713329655e-001 5.78540114943426e-003 -9.19399271864210e-005 -3.49942801875982e-005 -4.31639484955388e-006 4.54640957481198e-008 2.93849110989455e-008 
-1.64112511070437e+005 1.31726679830956e+004 1.01595994902044e+004 -9.11047642009537e+001 -5.43087831458359e+001 -1.66193752209653e-001 1.39754083195998e-001 3.56200008683377e-003 -2.62806947735823e-005 -1.73957117922281e-005 -2.40441265002549e-006 6.20254140704193e-009 1.55988970425207e-008 
3.24167732570018e+005 6.72096392182842e+004 -1.99458547002019e+004 -5.92179144337752e+002 1.14848576052904e+002 1.88104229410028e+000 -4.30044683198135e-001 -1.00362112540348e-002 1.76615724702751e-003 9.68077913313961e-005 -8.52450320191110e-006 -8.23085489227198e-007 4.26319753538196e-008 
-1.05202241782089e+005 1.46805342630074e+005 6.66347290035544e+003 -1.50063501625064e+003 -2.95466057395714e+001 6.29349728447670e+000 9.80093637444951e-002 -2.39086706273004e-002 -8.40020000811606e-004 1.08133222924404e-004 7.86989997996428e-006 -5.48842004749195e-007 -6.29892273957284e-008 
-6.97258226957270e+004 7.63561866836895e+004 4.39584931469071e+003 -7.84297189550381e+002 -2.05849863022906e+001 3.31441106313709e+000 7.03024110729153e-002 -1.24756696299450e-002 -5.24224101478966e-004 5.43394746149552e-005 4.58505427589620e-006 -2.62346499912667e-007 -3.56602458078037e-008 
2.98177634852011e+005 -9.02834635016413e+004 -1.65566083132104e+004 1.01610750062451e+003 6.20101620587960e+001 -5.25232545378950e+000 8.48930951527129e-003 2.32545970849554e-002 -1.02298455081998e-003 -8.71651618268813e-005 8.88060748308100e-006 1.66862940984809e-007 -6.15726338966248e-008 
1.85138136294115e+005 1.29280389513364e+005 -1.02472011757879e+004 -1.06641412387514e+003 6.78203590298020e+001 1.70357013648311e+000 -3.11065300553869e-001 7.81730683638937e-003 1.28046312367868e-003 -8.86284444141344e-005 -3.84317264943765e-006 6.70534379072543e-007 -3.03019233294634e-009 
8.77105192350516e+004 7.32832002908420e+004 -4.85099843472231e+003 -6.15658752362912e+002 3.40257181752225e+001 1.13166204777717e+000 -1.67925332955421e-001 3.26637469393498e-003 7.31308487921631e-004 -4.42129921148541e-005 -2.43035297470520e-006 3.54470726894530e-007 8.61989510357877e-010 
3.09321475432164e+004 -1.64239061786460e+005 -1.43215958638659e+003 1.31878965836215e+003 -1.16404015150064e+001 -1.69873284428159e+000 1.32428746049231e-001 -8.45266360506286e-003 -2.39216307437673e-004 3.93149462341724e-005 -2.02299076313831e-006 -7.08736440659139e-009 1.22990478741494e-008 
3.34612783869082e+005 1.50871214489206e+004 -1.64046812641322e+004 4.49317324346611e+000 5.62053371089998e+001 -1.41237277889904e+000 3.38303138492555e-002 6.53191946217829e-003 -6.07142544879291e-004 7.77807888011883e-006 1.32577683934696e-006 -1.68425316664472e-007 5.63992628753466e-009 
1.79012150844061e+005 1.47523876583214e+004 -8.77999903858372e+003 -5.08228155213180e+001 3.07683749817451e+001 -6.91786973864172e-001 1.27994527546551e-002 3.85991071682697e-003 -3.17374893609176e-004 2.59551012376678e-006 7.96281809895838e-007 -9.04347212960034e-008 2.54026924878715e-009 
-2.62375487306225e+005 -1.17440209429322e+005 1.24835217003012e+004 9.49389955092331e+002 -3.36471531264697e+001 -1.37311784782795e+000 -8.38854976133918e-002 -4.15335058858540e-003 3.84575589888446e-004 1.77255341394218e-005 8.13245332253924e-007 6.11972442342420e-010 -6.80955173882942e-009 
2.43379427970714e+005 -1.02342252227370e+005 -1.16591336821173e+004 7.49365492008519e+002 4.11292195469942e+001 -2.28872695030171e-001 4.22261131452542e-003 -6.91052025505635e-003 -2.88099945375156e-004 6.22330252167159e-006 5.56386844802117e-007 9.10076543710875e-008 1.99457592319742e-009 
1.41693791972739e+005 -5.03954989115740e+004 -6.78342884501573e+003 3.65656606176444e+002 2.35258977048790e+001 -6.92879019987277e-002 5.58118343698558e-003 -3.55472291478828e-003 -1.70627865377363e-004 2.64772536632842e-006 2.67300579716135e-007 4.89873292475468e-008 1.34745312446870e-009 
-3.69635844790552e+005 1.59850555219009e+004 1.93571160496218e+004 7.63520386919723e+001 -8.05225513273408e+001 -2.70417433956017e+000 7.87797615726386e-002 1.77077717077361e-002 5.67878122533519e-004 -5.72488740948930e-005 -5.50568718290901e-006 -1.27120316613372e-009 3.06772263515528e-008 
-1.86461849703816e+004 -1.49155372074149e+005 9.35295295854082e+002 1.29746873009679e+003 1.85550664175536e+001 -2.94641406974566e+000 -2.12924939322144e-001 -1.78130345910704e-003 9.79612537955632e-004 5.34178948098083e-005 -1.99348146510039e-006 -3.84012328428189e-007 -9.72366154558515e-009 
4.88331616232430e+003 -8.09749690081858e+004 -2.72858614021675e+002 6.96026157984978e+002 1.32140427581999e+001 -1.48055944778605e+000 -1.17848313537508e-001 -1.66517421193599e-003 5.05075624863796e-004 3.10659595013206e-005 -8.53949242690977e-007 -2.06821636562020e-007 -6.46478072361145e-009 
-1.97128142238721e+005 1.50027383225747e+005 1.15638223045859e+004 -1.37216618555063e+003 -7.69844745256674e+001 4.29433438305894e+000 3.53944398635827e-001 -1.26633082815349e-002 -1.67966491177513e-003 6.79617708334851e-005 9.47459438785464e-006 -4.29546588711899e-007 -6.14876251035016e-008 
-2.60567150169885e+005 -8.04100103376696e+004 1.55763684993983e+004 9.03327626533594e+002 -7.40807099429073e+001 -4.60505730579834e+000 1.98223239784767e-001 2.09629456150134e-002 -8.01718004272664e-004 -1.07339559209140e-004 4.93111549671207e-006 6.59395372959230e-007 -3.07054998304451e-008 
-1.32327059320802e+005 -4.93192021469105e+004 7.92650629312772e+003 5.41401636956709e+002 -3.68516829651823e+001 -2.65278549246148e+000 9.27226102015951e-002 1.18020368586485e-002 -3.64822616351193e-004 -6.05508358189025e-005 2.27741684929112e-006 3.72409545832650e-007 -1.40817175018686e-008 
6.44708195690980e+005 -3.80123244994922e+002 -2.25605803427453e+001 2.74429719217150e-002 -2.40497669611804e-003 -1.33047621340593e-004 2.82490638698535e-005 -2.76818823628418e-006 2.01784011168987e-007 -2.93562288582045e-009 -1.61211186795363e-009 
5.70618022158906e+004 7.84106136552837e+003 -3.18638697033756e+000 -5.03117210175899e-003 2.50396341312931e-003 -2.96320724124583e-004 1.20751494166239e-005 3.98645945986366e-007 -1.73686069607957e-007 2.56196704720333e-008 -2.56477709933329e-009 
6.87134072185771e+003 3.32249064412005e+003 -9.68337597962368e-001 -5.37495801354824e-003 1.58446649600140e-003 -1.39922192716966e-004 3.55994897714686e-006 4.98575486826791e-007 -1.13744166038889e-007 1.41960473656137e-008 -1.20964834638085e-009 
6.43768008662245e+005 -5.59996094149746e+002 -2.24778837368261e+001 -1.18552797899002e-002 -1.83251879287017e-003 1.02098718441514e-004 2.84411684435196e-006 -9.25332846769313e-008 9.99767749554422e-009 -1.13358549863242e-009 -9.88890580127847e-011 
7.27184890614115e+004 7.81565839634348e+003 -3.15320664303069e+000 2.29152526605200e-003 -8.58535835219704e-004 -6.82548814846109e-005 6.57851364535305e-006 -2.11074120706195e-008 2.33648601516605e-008 -7.34894356865208e-010 -7.76226666832917e-011 
1.35085586645594e+004 3.31474170990422e+003 -9.54384171104644e-001 3.34018912275117e-003 -1.73648465946523e-004 -4.20491801861915e-005 3.21294415828648e-006 -3.70694218373701e-009 1.14262292470788e-008 -1.08843959862348e-010 -3.87659768334292e-011 
-3.45389829823121e-005 9.21610511342392e-007 5.59652995471889e-007 -2.50522391515516e-007 -5.62580112865035e-008 1.15951698086787e-008 2.52037072956428e-009 -2.38641613147858e-010 -5.56584287844571e-011 3.70921388077635e-012 
4.30226153057263e-005 -4.48937598109166e-007 3.10147114812201e-007 8.88029429192440e-008 -2.66571813397550e-008 -5.92800115500841e-009 7.90950763526490e-010 1.86962762108693e-010 -9.68735167753778e-012 -1.99999527701527e-012 
-3.49556951234184e-005 -1.78230264049452e-006 1.31278209912115e-007 2.96929806141886e-007 -3.05749316580127e-008 -1.71490251140829e-008 2.48584751979184e-009 5.86968116055876e-010 -1.20961083222563e-010 -1.71387874713488e-011 
4.30936328047659e-005 -2.42213904430278e-007 -3.97591724148843e-007 3.54960767280488e-008 3.57482751948040e-008 -4.17066694164713e-009 -1.47471699701589e-009 2.48446579131809e-010 4.45543451155344e-011 -9.56780784076918e-012 
-3.55065573503140e-005 6.16219835154384e-007 -3.94982408516372e-007 -1.41330628038915e-007 2.47924712644765e-008 2.56892220109408e-009 -2.84123341822960e-010 8.49396987106148e-011 -5.70142623629178e-012 -1.19248331456622e-012 
4.23492729188287e-005 1.09332159573499e-007 2.42171828076164e-007 -5.20245803868642e-008 -1.29971004274476e-008 1.47576521175001e-009 5.60241671011057e-011 1.15525270254584e-011 -3.11792015587495e-013 -1.11536022136252e-012 
-3.67448010174867e-005 -7.91719733184160e-007 7.75311415613071e-007 1.86755682138542e-007 -4.97229325874986e-008 -1.44917033134101e-008 8.77367723568911e-010 6.58666367250071e-010 2.11793428030292e-011 -2.16636010037475e-011 
4.20713950571697e-005 -8.54255229886091e-007 -2.20732696579719e-007 9.50790637993320e-008 2.55235748417335e-008 -3.29587422170511e-009 -1.41568028674821e-009 -5.49374940103249e-012 5.29700594289379e-011 3.61884455161941e-012 
-2.89583659333953e-002 5.61152263492797e-004 -2.06099782989118e-005 5.08639420341107e-006 5.75846106716023e-006 -7.35814502515297e-007 -2.39788202653881e-007 1.53577846820287e-008 4.99596907914953e-009 -1.20770974212153e-010 
3.84658113998995e-001 -1.26980849500154e-005 -1.39025927656973e-005 6.84736334890393e-006 -1.16839353169774e-006 -4.91275676808929e-007 4.54542067315858e-008 1.39037418577029e-008 -5.84843760275152e-010 -2.13137392375686e-010 
3.00474506610661e+003 9.19331807156092e-001 8.87179892419658e-006 -3.52865069606714e-006 -5.13040333750900e-006 6.73252071735663e-007 2.20390007693918e-007 -1.42594040328278e-008 -4.64051672722004e-009 1.10883827734098e-010 
-2.78208093026454e-002 5.32943217006447e-004 -9.00174572375391e-005 -3.66170048273175e-005 9.45974485332319e-007 1.74386733333264e-006 -3.36477318103827e-008 -4.87916304040944e-008 2.62546187519780e-009 1.06710359826409e-009 
3.84482418207473e-001 -1.99171304386891e-004 -4.39078809817532e-005 4.07273598453382e-006 3.22524598127425e-006 -4.02585236438329e-008 -1.13751202925797e-007 4.00442631676818e-009 2.72485596143256e-009 -2.06761220895080e-010 
3.00658369970455e+003 9.19360169420247e-001 9.38661982368071e-005 3.48684104316667e-005 -1.14624157909377e-006 -1.62565995439216e-006 3.58346518399348e-008 4.52635904910262e-008 -2.53384239727559e-009 -9.88395752178255e-010 
-2.77911881248264e-002 -4.00447103813377e-004 2.29756735127534e-005 4.34686329559981e-005 -1.80894252595559e-006 -1.11598293789715e-006 4.77564688867437e-008 9.74315377625904e-009 -4.24300602105414e-010 1.01652153857526e-010 
3.84152555755231e-001 -2.14726308495071e-005 7.23435042275953e-005 -3.04484294067191e-006 -2.85102641316884e-006 1.25147694408247e-007 4.70281086454838e-008 -1.97889989698053e-009 -4.76453138159996e-011 1.63980441459604e-012 
3.00842345499906e+003 9.20292000391304e-001 -1.95880969001856e-005 -4.19257300243551e-005 1.65583584117972e-006 1.04244489937485e-006 -4.47739891766587e-008 -8.83697338850404e-009 4.01888291717386e-010 -9.63998625599376e-011 
-2.77233874433623e-002 4.83283944252927e-004 4.94573221766391e-005 -2.80679173219229e-005 2.48800916097221e-006 1.36239662719298e-006 -7.63109328977335e-008 -3.96649105287889e-008 -6.49189645444052e-010 8.39865688129044e-010 
3.84318272905174e-001 8.58056565118009e-005 -3.60894899366658e-005 1.31935493000687e-006 2.51694791017785e-006 -2.17124096923156e-007 -9.17050046584584e-008 1.98542858537981e-009 2.24107971346287e-009 1.16295992128259e-010 
3.01026319153094e+003 9.19418142208848e-001 -5.84798782621690e-005 2.60244671485649e-005 -2.03858639965631e-006 -1.25254397150425e-006 6.71907291403832e-008 3.63503205681203e-008 6.55252083309085e-010 -7.66741770697633e-010 
