-5.35477942602472e+007 4.93915646957126e+006 8.23670633564509e+005 -2.86155718077939e+004 8.86731115705610e+001 1.83788429628819e+001 -2.07374811331400e+000 1.12337820750783e-001 -4.61464584130310e-003 1.04346240524127e-004 2.98578774562060e-006 -5.43174040331749e-007 3.99725000240470e-008 -2.03466823084953e-009 
-3.02068830155303e+007 -1.19608778324450e+007 4.51206353871420e+005 2.08619463410036e+004 -1.03715477405542e+003 4.24591423454602e+001 -1.23744062839288e+000 7.01678373171841e-004 2.64359905367726e-003 -2.31972847317570e-004 1.28726512793433e-005 -5.06548255457980e-007 8.99038536039274e-009 6.25859332167978e-010 
-1.04992049549071e+007 -6.90158641100799e+006 1.55529363408170e+005 1.41123900251607e+004 -5.63174320435220e+002 2.07714367131175e+001 -4.45759123527192e-001 -1.12824822326347e-002 1.89087900665918e-003 -1.34731132216367e-004 6.56580502435625e-006 -2.14196469720960e-007 6.54058091952822e-010 5.45446350569873e-010 
-3.81405265683125e+007 1.01937124082435e+007 4.94467963688944e+005 -2.61446385835055e+004 1.42430892060934e+002 -6.74775673651862e+000 -4.22578730044476e-001 2.32884089956142e-002 -1.32405771896215e-003 5.50959786782850e-005 -1.73989779889732e-006 4.09520286660181e-008 5.25241147202211e-010 -1.03784687231089e-010 
-4.98891415777530e+007 -7.57743100494876e+006 6.25051730435715e+005 9.55459381664615e+003 -4.56755184986877e+002 1.74814236556468e+001 -7.87886512272247e-001 1.66191655295999e-002 -4.24585241897706e-004 -1.31996988354315e-005 1.25174398474359e-006 -8.60117986167163e-008 4.01742194523809e-009 -1.55962179183360e-010 
-2.26116853437008e+007 -5.10553195867040e+006 2.82546498027296e+005 7.81641730644434e+003 -2.58745299392198e+002 1.00375179630729e+001 -3.76981922515693e-001 6.46007137181626e-003 -8.93876909314007e-005 -1.27676275040891e-005 8.49143012710155e-007 -5.01906650528445e-008 2.09131343339027e-009 -7.25347224541089e-011 
-1.47720203962204e+007 1.29202379038828e+007 1.88608633840501e+005 -2.53414012915575e+004 -5.95554993046970e+001 -1.24117039865610e+001 -1.40689796323844e-001 2.74795859836848e-003 -1.64650218229923e-004 2.01760080051101e-005 -9.77561992287526e-008 3.26141479207591e-008 9.62056381258483e-011 2.70263774365361e-011 
-5.97544950471562e+007 -2.22207627414308e+006 7.04426298428805e+005 4.14337747779090e+003 -2.67512935650514e+002 2.39261966045233e+000 -5.45587848390832e-001 1.56756571340580e-004 -5.55354711757945e-004 -2.91480338125541e-006 -1.97323311363374e-007 -6.02751012682678e-009 5.65917597056625e-010 -7.04147593810085e-012 
-3.03068224596081e+007 -2.52801945280259e+006 3.56681877497518e+005 4.84278717355383e+003 -1.36706196225669e+002 2.56587257915494e+000 -2.76817253053193e-001 -2.01516953366344e-004 -2.79544019491901e-004 -3.65044220447803e-006 -9.52588067390460e-008 -6.60453434580840e-009 2.92326826455442e-010 -6.55548029112869e-012 
1.15898005011628e+007 1.31765799329502e+007 -1.29926498579821e+005 -2.84392632181834e+004 -3.35413172134343e+002 -1.47419421335806e+001 -1.60805289356500e-002 1.14592628444258e-002 8.90391599310311e-004 5.19383300682238e-005 1.99980799327985e-006 7.51299189688348e-008 1.50787205434553e-009 -4.23072166761555e-012 
-5.84577515124279e+007 3.53832185925003e+006 7.27653382373920e+005 -5.01911881290498e+002 -3.61249196122822e+002 -1.28120198914313e+001 -8.17133487744399e-001 -2.08098109660862e-002 -7.81923009415409e-004 -5.91875842699515e-006 4.54918840752099e-007 5.59549273952321e-008 3.32323961845263e-009 1.53621306770820e-010 
-3.23505876050043e+007 5.22170377708505e+005 4.02142634174326e+005 2.68305789393501e+003 -1.58149582807781e+002 -5.31363703326977e+000 -4.34789859065198e-001 -1.23042196172906e-002 -5.10028387827496e-004 -8.54905409939087e-006 3.56346603575752e-008 2.20933481552344e-008 1.61729867628475e-009 8.23487282808757e-011 
-8.41276423175862e+005 2.38937746832416e+007 2.61557912491401e+004 -4.92531039189193e+004 1.10167270491587e+001 2.90521258732513e+001 -6.54560916903695e-002 -6.57814224998462e-003 6.54365767243375e-005 4.63495298786145e-008 
-9.78776995342289e+007 4.61304708706147e+004 1.21784626732917e+006 -6.95003114394842e+002 -1.23414688327533e+003 1.92565641158960e+000 4.52393293978929e-001 -2.18320386426055e-003 -4.33795267728640e-005 9.70688754850357e-007 
-4.39374895190697e+007 -1.49198810728033e+006 5.46155560845601e+005 2.80546376445290e+003 -5.55849233205006e+002 -9.73785253469827e-001 2.07713134766964e-001 -5.59092270635440e-004 -2.45420888394607e-005 3.79990424543173e-007 
4.53145979602719e+007 2.17851791640869e+007 -5.45087110877887e+005 -4.45723731916124e+004 5.62596364504107e+002 2.54922417139318e+001 -2.23233105142995e-001 -4.85332602730278e-003 3.74902980443554e-005 -9.04433156932488e-007 
-8.83017603202048e+007 9.42649873107494e+006 1.09414713728470e+006 -1.95665934231861e+004 -1.09271020801790e+003 1.19184877351798e+001 3.75934404964720e-001 -3.15021815944701e-003 -1.93974697313260e-005 3.48851247322751e-007 
-4.25522236852367e+007 2.86097490444127e+006 5.26676255989932e+005 -5.97982460295289e+003 -5.27144931679726e+002 3.74795351097986e+000 1.83241001666955e-001 -1.11162664711297e-003 -1.07488709946900e-005 1.87283994949940e-007 
-6.17544438688122e+006 2.01857420644579e+007 3.36387927256488e+004 -1.52115391567333e+004 -5.15026118419680e+000 2.94167705071579e+000 -2.62653062757585e-003 -1.87966744233401e-004 -1.98049110671618e-005 5.91390085572003e-006 -7.34098497199522e-007 -1.02541066345283e-007 7.71164030305073e-008 
-1.38554372284734e+008 -9.86368367780388e+005 6.27772414638898e+005 5.58821515877485e+002 -2.25175105547989e+002 6.57265390730299e-002 2.18916231281633e-002 -3.33110092098016e-004 4.57008744928583e-005 3.29380500691520e-006 -1.76310243009564e-006 3.94397879380983e-007 1.37336614571960e-008 
-6.01190295665546e+007 -4.27716264673093e+005 2.72205927831058e+005 2.42113087418249e+002 -9.76308611758345e+001 2.94768455195733e-002 9.31761774836723e-003 -1.60443264305218e-004 2.71061426520964e-005 1.32664432532473e-006 -9.39821266926260e-007 2.15479153947118e-007 2.66453826677640e-009 
3.38890508588626e+007 1.97277379177811e+007 -1.47468412286076e+005 -1.48283212780311e+004 5.27154517111157e+001 2.84176800698705e+000 -4.19617416260117e-003 -2.37173272427842e-004 -6.11373415940812e-005 7.67913936258486e-006 2.81829631756808e-006 -2.84515745225950e-007 -9.18553255145883e-008 
-1.35526748296477e+008 4.00166762304050e+006 6.12995155512382e+005 -3.00551721467184e+003 -2.18694646320344e+002 5.82840160299167e-001 1.97635400376889e-002 -3.22491777951510e-004 7.90308171299844e-005 1.77736070715782e-005 -3.45923851418452e-006 -7.36826944755491e-007 1.32503599621228e-007 
-5.88062812388863e+007 1.73511920259038e+006 2.65796844483588e+005 -1.30327837337776e+003 -9.48202887707598e+001 2.52193554781979e-001 8.43198437582244e-003 -1.25728827632064e-004 4.45198626104200e-005 7.12160870801520e-006 -2.04282481141183e-006 -2.95618924315299e-007 7.84486705635988e-008 
-2.02966338511606e+008 1.83759474511734e+007 9.53283459840165e+005 -9.18199609832122e+003 -3.97764346216089e+002 -3.84839742043982e+000 -7.95314005355281e-003 1.76596512911765e-003 5.19467761042687e-005 7.52717685786598e-007 -1.10874685198231e-007 
-1.12468982973536e+008 -2.33010880960158e+007 5.26511486228685e+005 2.09356529851882e+004 -1.12103238104820e+001 -3.91455607434471e+000 -1.06052969757000e-001 -1.58819086373434e-003 3.87945642612911e-006 3.17494596415435e-007 4.13516390106987e-008 
-4.60993203817957e+007 -1.11855465330478e+007 2.15676076279598e+005 9.85108274675703e+003 5.62925492997502e+000 -1.69127188963312e+000 -4.84343285558843e-002 -7.75437544619329e-004 5.54950129448238e-007 5.94040177258302e-008 2.58223154057200e-008 
-7.81140350451058e+008 -4.90127906888937e+006 9.31818813270505e+004 7.25494048410581e+001 -8.43640417253227e-001 2.79956808293556e-004 3.62287281694595e-007 4.28474391950868e-008 
1.86226496714242e+008 -1.53040543686486e+007 -2.21861058460618e+004 3.10162675597501e+002 7.07007427405044e-002 -1.25482611772287e-003 2.20339385861154e-006 -9.58367919748209e-009 
9.88615257661051e+007 -6.44097802718124e+006 -1.17803054882959e+004 1.31196878747410e+002 5.08471453007600e-002 -5.45464633022439e-004 9.19436329559983e-007 -1.36406012272564e-009 
-1.41340411944761e+009 -1.30867282048905e+006 3.16554318940441e+004 -2.92884128305701e+000 -5.99241217572088e-002 2.48488468064220e-005 -1.10859907124282e-007 
3.56239776882772e+007 -1.23759691098780e+007 -7.58539926039921e+002 4.62243478541092e+001 -1.76947015052433e-002 -5.17881612941896e-005 1.72253388424576e-007 
7.54707614844499e+007 -5.05420148686072e+006 -1.67629139984560e+003 1.91940577498209e+001 -4.73485037362493e-003 -2.15395165648972e-005 8.00480859018311e-008 
-1.63374136490871e+009 7.58227492340579e+006 4.69615214821708e+003 -3.97171739863477e+000 -7.68860922310023e-004 1.02221371212570e-006 
-2.09705226134693e+009 -5.38675552158040e+006 6.02938441098052e+003 2.15995723695517e+000 -1.74463149810727e-003 3.57991331774818e-008 
-8.95310418858551e+008 -2.46669427002341e+006 2.57422397217243e+003 1.00251643363183e+000 -7.52299998097574e-004 3.43534867261798e-009 
-6.55967056605708e+008 7.38644196531616e+006 4.47955466424626e+002 -8.40326592487687e-001 -3.24741722885810e-005 2.45223349809180e-008 
-4.15335104077383e+009 -9.01438830470081e+005 2.83725888196747e+003 1.14116614558016e-001 -1.52274360860300e-004 2.27836010668016e-008 
-1.68367398978093e+009 -5.52799553632610e+005 1.15015046040251e+003 6.76182592684211e-002 -6.15769612946287e-005 8.58238896707151e-009 
-4.01552811502581e+009 3.58483935464538e+006 2.78384503518077e+003 -2.09565199847057e-001 -2.98908683465666e-004 -3.88944225989426e-008 
-1.95808223273894e+009 -6.82207001255306e+006 1.35778170828309e+003 8.88109244612021e-001 -4.50284287659594e-005 -1.41252026112107e-007 
5.98773790918669e+008 -3.20884961693339e+006 -4.15260793044556e+002 3.39624732641725e-001 7.60322353133159e-005 -2.08829495259929e-008 
1.18323883684550e+005 -1.65195833129121e+005 -7.29467075498939e+003 1.69797105354613e+003 2.09255327947369e+001 -7.47899635575785e+000 6.33646630437035e-002 3.33852633096478e-002 -7.85275170260786e-004 -1.87576652864725e-004 6.53955210065241e-006 1.18013210541153e-006 -5.73544019005459e-008 
3.12795238135644e+005 5.95311281517702e+004 -1.88781630978971e+004 -4.37066982221095e+002 1.10391330922760e+002 3.53667772595444e-002 -4.55385368331440e-001 8.38654573038786e-003 2.29769328581357e-003 -7.06872745543818e-005 -1.38270368319282e-005 6.00022081054579e-007 8.85937615279348e-008 
1.03571103394526e+005 3.04644113644836e+004 -6.21617602370163e+003 -2.51067785186024e+002 3.75084117507252e+001 4.41499178962340e-001 -1.63380952298966e-001 1.02571051509354e-003 8.51982874487644e-004 -1.40362922288041e-005 -5.23312116338188e-006 1.42924205422805e-007 3.44212225239723e-008 
-2.08313307450884e+005 -1.46009091615425e+005 1.10508220851423e+004 1.13483419259316e+003 -6.79084752883084e+001 -7.72843567785405e-001 2.41514313185579e-001 -1.56558027840556e-002 -3.21276402435589e-004 9.53027603572737e-005 -4.04522531737044e-006 -2.60169483142110e-007 4.03067181756933e-008 
2.83523364032686e+005 -8.54260186368061e+004 -1.49606127217196e+004 9.17809870167202e+002 4.60380581689596e+001 -4.01902896713107e+000 1.12799892409695e-001 1.05528147314216e-002 -1.27959149474774e-003 1.79321750116129e-005 5.30994411879036e-006 -4.38428733364178e-007 -2.90239827282342e-009 
1.12135590864721e+005 -2.16051763285457e+004 -5.89982174105268e+003 2.56311240700330e+002 2.00404981754301e+001 -1.36379297993215e+000 2.58684496815994e-002 4.60287719426238e-003 -4.30947476746518e-004 8.25896916092991e-007 2.09720771789890e-006 -1.39080657371262e-007 -3.33504202100145e-009 
-3.81766087166280e+005 -2.14513641662294e+004 1.82661712130517e+004 9.80975559224574e+001 -5.79313799977147e+001 5.60257615454059e-001 -6.03983818236667e-002 -2.38486757825763e-003 5.05510118233614e-004 -9.16475901569650e-006 2.79491956129166e-007 5.55384662426309e-008 -7.08639744227388e-009 
3.34106352246008e+004 -1.53474097396248e+005 -1.59607348414932e+003 1.19115098238675e+003 -2.00211658444411e+000 -1.12346529841902e+000 4.62612924049077e-002 -7.92377311631680e-003 -2.32646482773946e-006 1.53329929711387e-005 -9.05880977595134e-007 8.23228933931007e-008 1.07670296935285e-009 
3.41578380120411e+004 -5.27875363999501e+004 -1.63082713086880e+003 4.12066116622027e+002 2.68591628081792e+000 -4.21330967809387e-001 1.97580442099397e-002 -2.65079509016788e-003 -3.01621103112447e-005 5.88837190630312e-006 -3.34758485864617e-007 2.57648748732492e-008 7.88702545576206e-010 
-2.85690782244982e+005 1.13979775594918e+005 1.40073129491255e+004 -8.10602449938165e+002 -5.80993361768857e+001 -6.84596298146580e-002 6.75330112657318e-002 1.04436594728688e-002 2.33365721953328e-004 -2.41983530438252e-005 -2.10221864661319e-006 -6.89355556548053e-008 6.78704963943836e-009 
-2.42523308015370e+005 -1.11283958779758e+005 1.17648330139502e+004 9.69519374184827e+002 -2.95901388682676e+001 -2.25932701546251e+000 -1.06061216153259e-001 -1.72037465197916e-006 5.85703187341125e-004 2.39684301289408e-005 -2.52979992365769e-007 -1.31490168586712e-007 -8.01422924401571e-009 
-6.86833009693187e+004 -4.59234979170565e+004 3.30802620337267e+003 3.88251480837519e+002 -6.89539878595353e+000 -7.86664336563863e-001 -4.14771747334878e-002 -6.25132634846486e-004 1.91834021948698e-004 9.86759500919749e-006 3.76768542327934e-008 -4.21137609423436e-008 -3.22260416350849e-009 
1.29674468667492e+004 1.72295951743145e+005 -7.83380415803955e+002 -1.56452478850213e+003 -2.07144234247888e+001 4.54930612262973e+000 2.31699783252111e-001 -8.07098186719068e-003 -1.30214168285338e-003 4.73845952281556e-006 6.53163625218023e-006 1.49402293553927e-007 -3.25124729015637e-008 
-3.42534717324330e+005 1.71708438669567e+004 1.87266289321194e+004 4.11345740551871e+001 -8.72857957380346e+001 -2.30964486546212e+000 1.90759569970608e-001 1.68885405800407e-002 -2.99210343907095e-004 -8.68154470127280e-005 -6.47298281791180e-007 4.42318901970058e-007 1.62959480262861e-008 
-1.21626660405798e+005 -4.21247424691410e+003 6.63203196886723e+003 1.07839576187065e+002 -2.93825364523704e+001 -1.08453688492183e+000 5.30158646388628e-002 6.41889644111544e-003 -2.71284008348350e-005 -3.07881937021707e-005 -6.18424216644848e-007 1.46512222891451e-007 7.67379522461191e-009 
2.93254564880777e+005 9.35084276791888e+004 -1.79407980368052e+004 -1.00901956135429e+003 8.98509266019777e+001 4.40823920857377e+000 -2.64282508081611e-001 -1.24301609467901e-002 1.08328596002448e-003 1.14066051606471e-005 -6.63049480575589e-006 1.40194649627847e-007 4.01632251175980e-008 
-1.74498629195900e+005 1.43928436153679e+005 1.04447786318815e+004 -1.36612821124999e+003 -6.48755300402321e+001 4.70713792365572e+000 2.28516256411638e-001 -1.50668287518674e-002 -4.59528742276051e-004 7.87726787154564e-005 -7.88320236257525e-007 -4.93468667551154e-007 1.54829397977888e-008 
-7.91872691645511e+004 4.50817639884880e+004 4.74941587890757e+003 -4.19402117795359e+002 -2.81691749999396e+001 1.38682413189417e+000 9.60595085338391e-002 -4.54406929058405e-003 -2.26026152548095e-004 2.70029867052000e-005 1.19064851405876e-007 -1.81867544239487e-007 3.03712488789052e-009 
3.18458636086513e+005 -6.98755766808290e+004 -1.98000150036334e+004 7.33446518022818e+002 1.03713232260014e+002 -2.96784691402336e+000 -2.67806804653358e-001 6.24369839333394e-003 2.44050353345377e-004 1.78540438138938e-005 2.38290304331230e-006 -2.72458039160393e-007 -1.80328097524782e-008 
1.38032028599210e+005 1.52617405286083e+005 -8.51079316599978e+003 -1.50056084189392e+003 4.94854102552505e+001 5.23426288801687e+000 -1.50052319811839e-001 -9.86359567884826e-003 9.25526524628275e-005 -1.10556380784825e-005 2.66276237158050e-006 2.16062259268603e-007 -2.07708750916901e-008 
2.93816914268454e+004 5.79654666825236e+004 -1.79886749205545e+003 -5.71383569914133e+002 1.11245210486045e+001 2.01515613062601e+000 -3.64910060852813e-002 -3.83133881725936e-003 1.74140431187795e-005 -4.99733137239534e-006 7.93423637765472e-007 9.24251212331369e-008 -6.21289898228592e-009 
6.39250522282688e+004 -1.71249395969694e+005 -3.91214925720958e+003 1.65276541874909e+003 1.53269482909640e+000 -5.83661988140368e+000 8.94528475105947e-002 1.70770923257347e-002 -2.78407117780759e-004 -7.28266404842713e-005 -1.51336347401370e-007 4.31387293889626e-007 3.44420010138838e-009 
3.31840117140864e+005 3.22168027971694e+004 -1.91814994796450e+004 -1.51204320780869e+002 9.90209601944509e+001 -8.94197400653013e-001 -2.89614349097372e-001 5.99797165156999e-003 9.85547794296604e-004 -8.47642950532194e-006 -5.20736110130132e-006 -2.77782260103563e-008 3.18389084730657e-008 
1.13062580538583e+005 2.17528138683177e+004 -6.50742058495007e+003 -1.53139989907739e+002 3.46664861656394e+001 3.84093627542641e-002 -1.07024797818641e-001 1.07136250838952e-003 3.62890286154354e-004 1.45244108918037e-006 -1.82053412303781e-006 -3.59519366581774e-008 1.09798116510346e-008 
1.25300336032929e+006 2.14429354207280e+003 -2.51917313518999e+001 1.94616309083498e-001 -3.71642865577222e-004 -9.18047986840880e-005 1.08681812781599e-005 -1.19520596393287e-006 1.15763467479741e-007 5.53572334219389e-009 7.75426472941685e-011 
1.09018653125894e+005 9.20495663085254e+003 1.89611082863473e-001 -5.87334105898302e-002 5.56864080952587e-003 -1.58207291766078e-004 9.93683991322997e-006 -3.69779185952225e-007 -1.45175114318727e-008 4.24102174339578e-009 -8.23870852574407e-010 
6.28905973060926e+003 3.86268424435153e+003 6.58808502437875e-001 -3.83831970938202e-002 2.69506325367362e-003 -7.83715909737537e-005 4.28742662189767e-006 -7.35917534171298e-008 -1.97878921931492e-008 2.93710448085397e-009 -4.59453495762281e-010 
1.25709768208107e+006 1.95191774666829e+003 -2.29253026331243e+001 1.81764027572263e-001 -9.64355184873993e-004 2.40261864666153e-006 1.62807066972655e-006 -7.21944028208404e-008 -1.05057167065267e-008 1.05611649981613e-008 -1.84686570903816e-010 
1.27428805131963e+005 9.20499645572796e+003 -5.18264305557009e-002 1.49094817559736e-002 4.10223208885591e-003 -6.38704070160372e-006 5.64977970992817e-006 2.12106161578998e-007 2.74497081027555e-008 -1.79124272914319e-009 -2.60321998511237e-011 
1.40186988529390e+004 3.86675753783143e+003 4.20565047189529e-001 -3.20219311625399e-003 1.93150300174450e-003 -4.45084414016571e-006 2.95626447718091e-006 1.20264305293394e-007 1.57504785992250e-008 -8.48910818693685e-010 -4.91418393452191e-012 
-5.20069383769567e-005 1.72357739534978e-006 -1.28723087501972e-007 -2.18160635979534e-007 2.42615317028746e-008 1.02959113801099e-008 -2.14105967419380e-009 -1.76556449953006e-010 1.08419280819152e-010 -3.68915167361234e-012 
-3.86134817543740e-005 3.87074828565058e-008 2.75183797192058e-007 -1.97060079595363e-008 -2.28341944548969e-008 2.94216960780385e-009 7.84713505939098e-010 -1.84975935168911e-010 -1.53617368609319e-011 6.77912616795784e-012 
-5.12981799545284e-005 -6.13330149030979e-007 2.37312026895296e-007 1.42949787724887e-007 -1.08277614295735e-008 -3.46318118050899e-009 -9.44825679206088e-011 -4.10878667086219e-011 8.61846005085552e-012 3.22518318006565e-012 
-3.82370041676080e-005 -9.77790079953406e-008 -1.85397889028361e-007 2.54386302364301e-008 1.13791181422726e-008 -1.69596228149741e-010 -1.23260764578854e-010 -4.11951397946237e-011 -8.10754873684943e-013 1.51128523463170e-012 
-4.99786404556275e-005 1.29209554333948e-006 -4.68070939756614e-007 -1.67783268262197e-007 3.75606804556228e-008 1.16995862741562e-008 -9.76117177991260e-010 -4.82886662290133e-010 7.86908117543760e-012 1.50206262334921e-011 
-3.81281268449257e-005 5.96119544471219e-007 1.94663876417986e-007 -6.74954665158521e-008 -1.98656862895261e-008 2.73406886869838e-009 9.90824117453830e-010 -3.02048662500461e-011 -3.19223205631266e-011 -1.02710294958261e-012 
-4.92636440142612e-005 6.22708621704319e-007 6.37952146763496e-007 -3.92219503084130e-008 -6.40620891719569e-008 4.02360625976759e-009 2.56390174441063e-009 -1.93660903307803e-010 -6.39209130952360e-011 4.37511925937820e-012 
-3.75239026302818e-005 -1.74428284500625e-007 2.80468094642016e-008 1.00614163678446e-007 -4.89682937727800e-009 -5.68198513739163e-009 3.84365607475744e-010 1.58593106548676e-010 -1.42866759117008e-011 -2.22026478623847e-012 
-3.89842748182773e-002 -8.15077768931607e-005 6.44299825219031e-005 -1.80306173844472e-005 3.48151139170859e-006 6.44587606424257e-007 -2.09353723985623e-007 -2.69083453722653e-009 5.50606332206348e-009 -4.35896161279134e-010 
4.31024042719016e-001 1.14338282208671e-004 -2.35033583537373e-005 1.29345521171567e-006 1.64121248790451e-006 -4.29226736698764e-007 -2.98384896564898e-008 1.51536406209372e-008 -5.10373198082512e-010 -3.22500187155170e-010 
9.22137647008308e+002 9.19912951951269e-001 -4.57761116895772e-005 1.66838392763470e-005 -3.48546687223761e-006 -5.78689808844971e-007 1.95429570717220e-007 1.93403056613460e-009 -5.08002678236204e-009 4.13433687972121e-010 
-3.87809288665360e-002 2.82751132633730e-004 4.04401586232947e-005 -1.20491851901209e-005 -4.44512689167579e-006 -7.83796131829605e-008 9.72372608342434e-008 3.84044689798556e-009 -1.24425451276899e-010 -2.48201659121665e-011 
4.31099660756326e-001 -5.08074557662413e-005 -4.06313660613519e-005 -7.60862542192514e-006 2.34256332745594e-007 3.25988169552417e-007 1.06457187653459e-008 -3.31240930342441e-009 -1.68083135953983e-010 -3.64510479094497e-011 
9.23977210963968e+002 9.19640310513338e-001 -3.83177610998786e-005 9.25588451224283e-006 4.08322852724829e-006 8.14442308875129e-008 -8.84920158077485e-008 -3.34420326039852e-009 1.01885685782717e-010 2.03416047780909e-011 
-3.87600968820158e-002 -4.79814884902232e-004 -1.88005292290357e-004 1.47812652107192e-005 8.92943404778025e-006 -1.81653211772360e-007 -2.63684813978787e-007 -6.54347168813535e-009 5.63501076161946e-009 3.64825265416921e-010 
4.30681291292629e-001 -3.07181744695663e-004 3.12295916642557e-005 1.83513790862435e-005 -8.23133613314883e-007 -6.70405444908660e-007 -2.34054632665890e-009 1.65688280248947e-008 7.48228446528195e-010 -3.21765634092642e-010 
9.25816928860317e+002 9.20267732049210e-001 1.60209748015262e-004 -1.27904843079400e-005 -7.91033947547432e-006 1.59547443902482e-007 2.37755724900830e-007 6.04483059813465e-009 -5.09659422823745e-009 -3.35890543488370e-010 
-3.99957853711901e-002 -4.52402556472330e-004 1.35437802679479e-004 -1.00728753996183e-005 -5.81192523675942e-006 1.14233319235265e-006 1.41679618923526e-007 -3.53574838942744e-008 -2.24851435591776e-009 6.35131918591948e-010 
4.30517770834125e-001 1.17891906379287e-004 8.34665782079659e-006 -1.25568080697310e-005 1.91296074961989e-006 4.02433523740988e-007 -9.11300055020004e-008 -7.87127525787972e-009 2.08772644659893e-009 1.15487969022570e-010 
9.27657681332459e+002 9.20224971874780e-001 -1.15206931701379e-004 1.06905540907985e-005 5.13304858840808e-006 -1.06076080723432e-006 -1.27902396265783e-007 3.24408716032850e-008 2.05870342640753e-009 -5.82372118600940e-010 
