-2.49185111118642e+007 -1.74022862047229e+007 8.67429823240130e+005 7.98821655084540e+004 -6.82997527715865e+003 -4.20202973971194e+001 4.03586881001499e+001 -2.14364958235526e+000 -1.39534725770604e-001 2.40250015914395e-002 -5.07482034177833e-004 -1.51603342766142e-004 1.40056967368892e-005 2.85272569366764e-007 
3.45156906414855e+007 -7.78093609709546e+006 -1.21476117441276e+006 7.51933600157501e+004 2.65388112958644e+003 -4.88415346621991e+002 1.29675734606061e+001 2.26634038846454e+000 -2.26100087986035e-001 -1.86270433740393e-003 1.79742691750548e-003 -1.02986587887424e-004 -7.40955614774045e-006 1.33334919194636e-006 
2.09275429510446e+007 -2.35216761533676e+006 -7.38835736664597e+005 3.18833496023865e+004 2.12582837003256e+003 -2.56541392550648e+002 2.74216850481821e+000 1.43289266364476e+000 -1.06308365523752e-001 -3.48614626744233e-003 1.01275782042613e-003 -3.92930463130922e-005 -5.41022886047180e-006 6.82659976710982e-007 
-5.09537202024980e+007 -8.31876277240074e+006 1.25254793431746e+006 -5.37363751037151e+003 -3.05003663203413e+003 2.26649318926817e+002 -7.11632725977245e+000 -3.66966586634840e-001 6.49263334988395e-002 -4.09639764367587e-003 4.83011991177792e-005 1.70226889112611e-005 -1.87941936985232e-006 8.67227483398087e-008 
1.22161816223211e+007 -1.37461131571221e+007 -2.97188109191232e+005 6.54809815222621e+004 -2.30114450859059e+003 -3.04783459136188e+001 1.13250250066042e+001 -8.36500108068694e-001 2.17394714873721e-002 2.09500949440269e-003 -3.03832613798638e-004 1.74828426756496e-005 -1.55953208990731e-008 -9.49185003272179e-008 
1.17148561445932e+007 -6.48046689653040e+006 -2.88625383839558e+005 3.55353842445358e+004 -9.12952270130027e+002 -3.97817295778029e+001 6.78741070915838e+000 -4.08786869641648e-001 4.88043874436547e-003 1.54386385711720e-003 -1.67306529165518e-004 7.57370475627808e-006 1.86527344732293e-007 -5.96949951421323e-008 
-5.81749712381205e+007 8.92867540626687e+005 1.01215358247188e+006 -2.79284786760723e+004 -3.17675143001541e+002 6.03926544234300e+001 -4.49694101445283e+000 2.01357035559823e-001 -4.39488150391656e-003 -2.45025557560062e-004 3.66967010747527e-005 -2.56493985078544e-006 1.12166080540007e-007 -1.47723114333293e-009 
-1.55971124723739e+007 -1.35893087353542e+007 2.77823935032217e+005 3.23340537522411e+004 -1.58913281291888e+003 5.63117051994177e+001 -5.92433565302654e-001 -1.07773366890379e-001 1.09960030485876e-002 -6.47894345063602e-004 2.27957445601592e-005 8.84039411845143e-008 -8.83114810266049e-008 8.04212760558386e-009 
-2.39394681477449e+006 -7.35184989765365e+006 4.34572349969753e+004 2.01679036439197e+004 -8.15931812284595e+002 2.38179890632112e+001 1.49820711186162e-001 -7.84469066797149e-002 6.32942742186667e-003 -3.20693008907317e-004 8.37297086981508e-006 3.13250663346740e-007 -5.88216596229774e-008 4.44922025404971e-009 
-4.93727441779800e+007 7.62502460221428e+006 6.71837828674212e+005 -2.76195257059033e+004 1.74571969332041e+002 2.23732113385203e+000 -1.02336549127356e+000 5.88866381140922e-002 -2.85598716126475e-003 1.00235071077455e-004 -1.96589207764687e-006 -6.17004149946708e-008 9.92998485529589e-009 -6.88054282264540e-010 
-3.95781284910605e+007 -1.01693204694952e+007 5.46372893417472e+005 1.46164176838524e+004 -7.14272805249569e+002 2.98110867289058e+001 -1.08132231466476e+000 1.92516603398402e-002 3.28122951987533e-004 -7.66933798613688e-005 5.22058539443089e-006 -2.67901324910108e-007 1.01182410265448e-008 -2.26479492624344e-010 
-1.61171023674981e+007 -6.22302974453798e+006 2.22196405557106e+005 1.06715778461063e+004 -3.99647538997375e+002 1.56922823221662e+001 -4.71497289944218e-001 4.17746187545920e-003 4.71417108153722e-004 -5.13592526139554e-005 2.99231546285067e-006 -1.36695941277065e-007 4.37568584079792e-009 -4.97807000194654e-011 
-1.03034625999967e+008 -5.99175698546694e+006 1.31969647406007e+006 1.21675866948681e+004 -1.43264839303418e+003 -6.68873371119788e+000 6.90994443673019e-001 7.26371388425393e-004 -2.37638888692377e-004 1.82151035916363e-006 
2.18825309904751e+007 -2.15134426723955e+007 -2.72318808924392e+005 4.58701768192348e+004 2.64751487256794e+002 -3.09531947574118e+001 -7.47813914908001e-002 1.19959260406114e-002 -1.95049026541167e-005 -4.51606417857797e-006 
1.63351429195172e+007 -9.30027763893212e+006 -2.06028771942154e+005 1.98675588635826e+004 2.09772524568825e+002 -1.35031052252246e+001 -7.73867952733218e-002 5.35424915129278e-003 7.26421172833235e-006 -2.09774763204057e-006 
-1.04276298534207e+008 4.75583947446446e+006 1.32666044526289e+006 -1.09318864473398e+004 -1.40318667782675e+003 9.32507991697347e+000 6.12665913109940e-001 -5.88648990440767e-003 -1.50779688001647e-004 3.18084355292404e-006 
-2.15600812706147e+007 -2.14653395030929e+007 2.83099292102409e+005 4.51672224198251e+004 -3.46029346345521e+002 -2.89271100535705e+001 2.30953163210488e-001 9.28893391145802e-003 -1.33654907482881e-004 -2.47493604058900e-006 
-3.13218853401829e+006 -9.95873552851358e+006 4.34195108898061e+004 2.10130174299171e+004 -6.68881746645210e+001 -1.36046098690301e+001 6.51089743969070e-002 4.55255442230887e-003 -4.97712410320882e-005 -1.47228707582616e-006 
9.68863521865753e+007 1.54032002392919e+007 -4.41095488098618e+005 -1.18763753742700e+004 1.50127239413010e+002 2.52319803943464e+000 -1.10024661773369e-002 1.60692467442119e-004 4.95937596804273e-005 -2.20735229790748e-005 -1.34028460210242e-006 1.46585017347056e-006 -4.03919966377138e-008 
-1.05610780515001e+008 1.20341683165732e+007 4.82867972754893e+005 -8.85036968409543e+003 -1.81182185174218e+002 1.51223593325139e+000 2.39648377930851e-002 9.80038962968834e-005 -1.01186033142042e-004 4.57530914511206e-006 5.67266862659742e-006 -7.96714673096048e-007 -2.95767154434894e-007 
-4.57933720274403e+007 5.21729672827686e+006 2.09339122472884e+005 -3.83687885625599e+003 -7.85482628736749e+001 6.55151352859312e-001 1.03986431252809e-002 8.61487785150723e-005 -4.64709354469272e-005 -7.34457237281891e-007 2.81906999984461e-006 -2.08366761511851e-007 -1.62905305400072e-007 
1.23743982064295e+008 1.13489493593013e+007 -5.67580053202127e+005 -9.08493776953384e+003 1.97848496412960e+002 2.21948862940987e+000 -1.66113824445428e-002 8.08265073621122e-006 6.42931726824828e-005 -6.60479405726588e-006 -3.29198354686618e-006 -4.46236891655738e-008 1.22398058411666e-007 
-7.80489611592087e+007 1.54255092347842e+007 3.60366520807730e+005 -1.14770642126213e+004 -1.45386619550325e+002 2.07050666675313e+000 2.49120425838076e-002 1.00646690293068e-004 -5.49681660489390e-005 -6.15558852221171e-006 1.54284510623409e-006 3.60667717871038e-007 -3.28787902240102e-008 
-3.38442373528638e+007 6.68755657887909e+006 1.56231274499735e+005 -4.97563613118105e+003 -6.30306060198386e+001 8.97282944664036e-001 1.08801539222426e-002 7.49634538745100e-005 -2.74177388584209e-005 -4.44528353267590e-006 6.88227501640681e-007 2.28881743433739e-007 -9.16236250609173e-009 
-2.33696553071200e+008 1.02174353094105e+007 1.02856123069318e+006 -3.30747586332172e+003 -3.24158724947940e+002 -3.19205177001830e+000 -4.00326200898012e-002 6.40723281410708e-004 3.43380712784913e-005 -6.93563229716013e-007 -1.96349689904963e-007 
-6.07786183606679e+007 -2.65745918984176e+007 2.71118191699787e+005 2.05862544499962e+004 4.57220702067400e+001 -1.85765733860598e+000 -6.17735345789330e-002 -1.34867245576639e-003 -1.55836284770032e-005 -1.15974995253036e-006 1.24349517280372e-007 
-2.15937192661758e+007 -1.24650203296084e+007 9.65712220570387e+004 9.53171515532389e+003 2.97278245860398e+001 -7.66153211729930e-001 -2.72490469565981e-002 -6.29816840796545e-004 -8.10106153420330e-006 -6.15782134755575e-007 7.69666520469349e-008 
2.64203403347178e+008 1.67471724088615e+007 -3.63222557220059e+004 -4.04410115454142e+002 8.20590888323538e-002 3.23112464639825e-003 7.62911331395087e-006 -1.70119978013507e-008 
-6.64364703145535e+008 6.61824172627248e+006 9.13530105738834e+004 -9.95801985982413e+001 -1.16109298913660e+000 -7.76693979653715e-004 6.15687103673999e-006 -9.93292112954728e-008 
-2.91208007625964e+008 2.42896710343512e+006 4.00410343634289e+004 -3.28370305404955e+001 -4.99680585251115e-001 -4.12185184045949e-004 2.47277876511680e-006 -3.54180924556219e-008 
-1.31807324170344e+009 -5.08074516636122e+006 3.07813758294905e+004 1.23491767932474e+001 -6.89226619553482e-002 2.21428727181188e-005 2.33366136648467e-007 
4.01044099329235e+008 -1.17729009985873e+007 -9.35612924746238e+003 4.80723160868950e+001 2.15250948787233e-003 -7.13565253072753e-005 -1.01171988423548e-007 
2.22387434195639e+008 -4.64395447084523e+006 -5.18960980645859e+003 1.93231540119171e+001 3.85447358117587e-003 -3.03140566621868e-005 -5.03564581260827e-008 
2.96211679367483e+009 1.53475580146559e+006 -6.91958143314737e+003 -5.95983122895849e-001 1.12317897970587e-003 7.77816051131383e-008 
-4.53708945339746e+008 8.10335109737295e+006 1.05897853168246e+003 -3.15833410765749e+000 -1.58991377926613e-004 2.63638409634996e-007 
-2.40608236636827e+008 3.52736113882398e+006 5.61669183995420e+002 -1.37489166588310e+000 -8.59250498821326e-005 1.10763802829342e-007 
3.57388849013897e+009 4.50377301995336e+006 -2.50164279286525e+003 -5.44438956580128e-001 1.47305372012760e-004 5.23842122877625e-008 
-2.48758436148488e+009 5.61477243869170e+006 1.74144677990394e+003 -6.41333928518047e-001 -1.05186067045873e-004 -1.01619399445239e-008 
-1.10715812910816e+009 2.18602976255228e+006 7.75061243715535e+002 -2.48950803344627e-001 -4.65708664737416e-005 -5.86814209337268e-009 
-3.30797023144081e+005 7.65045873058098e+006 4.06783646671494e-001 -7.73083836284410e-001 1.41106958298322e-004 3.34786453123243e-008 
-4.49832475390102e+009 -4.84004700839286e+005 2.72930254120113e+003 -2.98027330183339e-001 -1.81350650673538e-004 1.24830594970114e-007 
-1.40368869274972e+009 -2.45610468644535e+006 8.51629862554761e+002 1.40245908198031e-001 -1.00553223861333e-004 2.07052945652639e-008 
2.20575816142408e+005 -1.40972378053253e+005 -1.38228535571715e+004 1.31439489538975e+003 9.10631654069665e+001 -3.27175515614076e+000 -4.07926281400596e-001 -8.75154692496447e-003 1.35201430146198e-003 1.52487718019004e-004 1.16353578388498e-006 -9.58348358608187e-007 -6.59548888773814e-008 
2.31344576998767e+005 1.00395053264662e+005 -1.45009964143658e+004 -1.11583301686245e+003 6.61491634916007e+001 5.59797202948240e+000 -3.70477063546302e-002 -2.21333713550288e-002 -1.32949398008248e-003 3.89415279095391e-005 1.16241256971412e-005 4.61176905658097e-007 -4.90579148793160e-008 
1.34975195447760e+005 4.23368958457884e+004 -8.46239763043164e+003 -4.88411140916673e+002 4.05533268075802e+001 2.67853578192238e+000 -4.73088879907721e-002 -1.20776227935732e-002 -5.96054954266577e-004 3.06705476734481e-005 6.10501369469268e-006 1.73176894015083e-007 -2.99621084282912e-008 
-1.09908612214980e+005 -1.71999055141418e+005 6.90486462565689e+003 1.76931137092329e+003 -5.20188701327256e+001 -8.12774977576172e+000 2.94610922145102e-001 4.25872805126261e-002 -1.72451904732868e-003 -2.95652834377263e-004 1.12105493357013e-005 2.28339875739589e-006 -7.94926529545462e-008 
2.91080518876104e+005 -4.42270990516352e+004 -1.86863379915820e+004 5.40494745509702e+002 1.10927907343147e+002 -3.29778591229032e+000 -5.07921815348660e-001 1.86823132073271e-002 3.13854520778418e-003 -1.13646070854127e-004 -2.32504735632659e-005 7.70167805598757e-007 1.83893386173459e-007 
1.43220198959900e+005 -3.47401525096027e+004 -9.21018179418099e+003 4.01673261041195e+002 5.39437497924167e+001 -2.26842487468694e+000 -2.43112550109770e-001 1.26132014780719e-002 1.50846112091361e-003 -7.92329960406952e-005 -1.12814210173368e-005 5.56150242106679e-007 8.98563428246361e-008 
-3.47200520750829e+005 -5.45598436663487e+004 1.96925359794961e+004 2.41511203609547e+002 -1.01149033215891e+002 2.76217684780531e+000 2.30349412652349e-001 -3.01043682490671e-002 4.44898165500077e-004 1.56945890807771e-004 -1.17750221505675e-005 -3.17951255714395e-007 9.94632836008811e-008 
8.98186776692379e+004 -1.45498846846850e+005 -5.08195683565191e+003 1.42090768263007e+003 -5.04917775185520e+000 -4.82709053288915e+000 2.90440473575949e-001 5.73188438701654e-003 -2.08347963956781e-003 8.19884950687979e-005 8.18865223046822e-006 -1.02422238304397e-006 6.27528291173165e-009 
2.26097693052819e+004 -7.91527791400038e+004 -1.27927089054152e+003 7.53201138302648e+002 -9.57021824255196e+000 -2.31357646736411e+000 1.66390502203070e-001 9.05099954444713e-004 -1.04946554963427e-003 5.32821796635754e-005 3.43563257454137e-006 -5.52748962562449e-007 1.00871323738421e-008 
-3.05742235045023e+005 9.20436053378406e+004 1.50474994272458e+004 -8.55431132678338e+002 -3.93877244639132e+001 2.08501778897987e+000 -1.17905665530154e-001 3.34298759967900e-003 5.17200146097390e-004 -3.95496574612773e-005 1.59795827732029e-006 3.41209367264288e-008 -1.29853226287956e-008 
-1.92171724420637e+005 -1.24331051920095e+005 9.44183340069141e+003 9.08545939156717e+002 -4.36205616535598e+001 -1.55191557215499e-001 4.00046844044378e-002 -9.55714502579462e-003 4.35165246813161e-004 6.75776338386609e-006 -1.83875559703010e-006 1.71272653351987e-007 -4.99786838709653e-009 
-1.20664225669402e+005 -5.80909199600724e+004 5.92992776402296e+003 4.12037019346757e+002 -2.53372778013465e+001 6.25128907903072e-002 1.26934473941980e-002 -4.72316828741179e-003 2.61096096364929e-004 7.86943736620029e-007 -8.43465865175129e-007 9.11128330272131e-008 -3.48277735299914e-009 
-3.97331418943785e+004 1.63068424499834e+005 2.01856699915379e+003 -1.25314249129582e+003 -1.28599984852083e+001 1.32141179997853e+000 6.67470938754847e-002 6.45979490919061e-003 -1.92993395403445e-004 -1.75777906308946e-005 -5.39004984411113e-007 2.73091592982945e-011 5.38066808631381e-009 
-3.39297891836060e+005 -1.72835689283096e+004 1.60434665983495e+004 1.75424668451885e+002 -5.06676601385496e+001 -8.47789523495980e-001 -3.78695230510041e-002 3.52167438627146e-003 3.71517040613742e-004 -2.19011827461925e-006 -4.09855672367104e-007 -6.38337542399078e-008 -1.20796916239026e-009 
-1.78580172532977e+005 2.28026083059864e+003 8.45322326953934e+003 4.41024102599894e+000 -2.71572341977753e+001 -3.47240550999705e-001 -1.49630887833932e-002 2.26912040776927e-003 1.79173239881096e-004 -2.35255306748468e-006 -2.49646588518277e-007 -3.30604110410527e-008 -2.54481725643476e-010 
2.54282801456386e+005 1.18367546087514e+005 -1.29800545311330e+004 -1.11985683359062e+003 3.78656882320038e+001 3.75004726985183e+000 5.93367186643475e-002 -9.45465914427722e-003 -5.59925831661064e-004 2.40569047795497e-005 2.70662146272316e-006 -3.32745200030977e-008 -1.44703671144784e-008 
-2.49476520514745e+005 1.04348565532952e+005 1.27085285575812e+004 -7.65650731725457e+002 -6.29085493286288e+001 4.62285326328127e-001 1.65845033354498e-001 6.80128982683448e-003 -4.12455006961006e-004 -3.48197256474152e-005 8.86948781207040e-007 1.77645311933483e-007 1.14181814878379e-009 
-1.11778710074162e+005 6.22240459433888e+004 5.68926512484162e+003 -4.74082226627770e+002 -2.99736491984666e+001 4.99778521321138e-001 9.00131015955047e-002 2.86778833265817e-003 -2.52438334687249e-004 -1.63773199701703e-005 6.46766450645737e-007 8.97430609552891e-008 -4.08451686314691e-010 
3.55637644362462e+005 -2.32656406557669e+004 -2.03576186347668e+004 5.25635014163970e+001 1.00484969563936e+002 1.24728129939329e+000 -2.45164637946391e-001 -5.26607273964386e-003 5.84969269082198e-004 -9.87119120591084e-006 -2.92309722503786e-006 1.54307401891542e-007 1.86545012766401e-008 
2.11732307231987e+004 1.54437662723000e+005 -1.42318144915646e+003 -1.45394218188400e+003 -9.16695524345974e+000 4.61868878483841e+000 9.58900353220573e-002 -9.96142841016701e-003 -1.25215791721274e-004 3.37882840492101e-005 -1.40949088451359e-006 -2.17046535638095e-007 9.61542735622211e-009 
3.54283457939188e+004 7.84049974758595e+004 -2.14146822238425e+003 -7.49488053748953e+002 2.21022096900973e+000 2.47899145054452e+000 3.26454322649844e-002 -5.52717201477076e-003 -2.43148365160298e-005 1.68339766910894e-005 -9.32025392211575e-007 -1.01796711960141e-007 6.26982680373028e-009 
1.67401167470293e+005 -1.56575572106665e+005 -1.03560094064143e+004 1.51981840164156e+003 6.28195937045674e+001 -4.93298011328374e+000 -2.28618447575795e-001 5.22587979391181e-003 5.12033963108998e-004 4.62455244216998e-005 1.32181648048824e-006 -3.66418662724962e-007 -2.30969755871236e-008 
2.66504971654626e+005 7.81304345818739e+004 -1.65563882676466e+004 -8.31127076146491e+002 8.38276221345938e+001 3.62863890483824e+000 -1.78133658436788e-001 -1.08502851305409e-002 -1.93814216023314e-004 6.95980156548129e-006 4.15776616078515e-006 2.09702113355440e-007 -1.97502615261815e-008 
1.49554101371560e+005 2.96906006240021e+004 -9.28783480857995e+003 -3.25315526953664e+002 4.77616205115648e+001 1.53682673463730e+000 -1.08127348225805e-001 -5.25278150882062e-003 -6.46871594515461e-005 6.78626701923260e-006 2.24338609024900e-006 8.32773560221163e-008 -1.18210386967302e-008 
-1.81426039726139e+005 -7.47365419713562e+003 3.57095928412235e+000 1.16473004789096e-002 1.72974150702544e-002 -1.07568165504415e-003 -1.07850733435669e-004 3.79849490829567e-005 -3.44193795058258e-006 -3.52316834697808e-007 1.38392046995629e-007 
6.69763961402680e+005 -1.68938015516794e+003 -2.15536216727044e+001 -1.78113658865827e-001 1.77665184599025e-003 1.37510489505938e-003 -2.17151489678309e-004 5.35649412221313e-006 3.96630317645689e-006 -7.48160283532467e-007 1.90631305933103e-008 
2.82755339388300e+005 -5.81791871241162e+002 -9.01715485983322e+000 -8.41737683774123e-002 -7.57932493384320e-004 8.40014792794512e-004 -1.04886847533580e-004 -1.07577827405986e-006 2.47557005495392e-006 -3.60216674388950e-007 -4.15926619504163e-009 
-1.96342081147051e+005 -7.44142103895314e+003 4.70202767127715e+000 1.40031812182473e-001 2.76245163911246e-003 -1.54958576191383e-004 2.35694809146271e-005 -2.58997538296211e-006 1.97578982718365e-007 5.26545398349963e-009 -1.06434907134788e-009 
6.66206921844588e+005 -1.86903766143030e+003 -2.32070015610675e+001 -9.54830784010380e-002 4.28831892491364e-003 -1.68262724709057e-004 1.16385263404005e-005 2.21674632868237e-007 -1.49273613548406e-007 4.05449020045554e-009 -2.32198510873287e-009 
2.81516686431756e+005 -6.57572120612448e+002 -9.86743099667778e+000 -5.30035392532011e-002 1.95769122167254e-003 -8.07808658984535e-005 3.77292011511991e-006 3.88702391099104e-007 -1.00261205488256e-007 4.53250661920913e-009 -1.12460487077979e-009 
5.90221015145250e-005 2.24842633679668e-006 2.47694980985205e-007 -3.55345898984157e-007 -3.58913584889486e-008 2.30119752011605e-008 2.76885767747587e-009 -8.64152375201525e-010 -1.65146172536933e-010 2.05402783486252e-011 
3.27468005919404e-005 6.57687989316057e-008 4.06194180502899e-007 4.24083141910296e-008 -4.29632144218775e-008 -3.97300120650911e-009 2.12321077640874e-009 2.64365112209886e-010 -7.17359615676920e-011 -1.29779985916315e-011 
5.99426863869040e-005 -1.18847911485210e-006 2.57500789403825e-007 2.01047657847302e-007 -4.11185359687962e-008 -3.14340592153628e-009 1.78677539882216e-009 -3.48382712839038e-010 -2.79023273992124e-013 2.07329107479094e-011 
3.35429957575144e-005 -6.41417874608765e-009 -2.87949645225831e-007 6.50185105672145e-008 1.55045543179208e-008 -4.47993137709983e-009 2.72787837156774e-010 1.15138238279660e-010 -4.39002374995781e-011 1.48365785774834e-012 
6.02302602668072e-005 7.87529449424193e-007 -4.48559057320118e-007 -1.62454597101427e-007 2.02418320839487e-008 7.32392847657852e-009 2.98003884482072e-010 -1.48703884881328e-010 -3.57983852490304e-011 2.54616963939989e-012 
3.37674672153700e-005 7.03619766131777e-007 2.20332245514888e-007 -5.80258051745299e-008 -1.67484082211800e-008 7.77361753604951e-010 3.99057552785594e-010 6.46811972898346e-011 3.22274358950912e-012 -3.24749435853821e-012 
5.93059206707894e-005 -4.55269021842298e-007 8.46433147323920e-007 1.10199853468100e-007 -7.41835227733451e-008 -9.10706969222113e-009 2.49634600148927e-009 3.46734412087575e-010 -4.42541401839943e-011 -5.97929873859012e-012 
3.44054852484565e-005 -4.40300048307160e-007 -1.18724061447557e-007 1.29872596602270e-007 1.48730286110078e-008 -6.76260258661762e-009 -8.00446963424774e-010 1.58197941653050e-010 1.93207366965794e-011 -1.14363088479750e-012 
4.56975682813444e-002 1.94261430166439e-003 1.83064123640516e-004 -3.77094673354830e-005 -5.23170660013901e-006 -1.11692499998738e-006 9.29987892203617e-008 5.80231198826582e-008 -8.14599095753863e-011 -1.62974154564840e-009 
3.89753181760518e-001 3.44497602427347e-004 -1.35132803199105e-004 -1.30430342019711e-005 -2.41602678689146e-007 2.81202460846853e-007 1.14458588928809e-007 -3.20948707376970e-009 -3.84711418018570e-009 -1.08980777290294e-010 
3.28432016882176e+003 9.17999086548458e-001 -1.70492759595132e-004 3.75283341338086e-005 4.90222023779093e-006 9.84434087494131e-007 -8.97497105337962e-008 -5.28471334028463e-008 2.41119287424796e-010 1.49669948475065e-009 
4.87274744344800e-002 4.34522156744538e-004 -5.47904401675162e-004 -2.04644458511760e-005 1.45444121341391e-005 4.74291282991768e-007 -2.40933402087001e-007 6.19101805980548e-009 2.13127683804061e-009 -4.68802020030105e-010 
3.89283411208417e-001 -7.34825545658042e-004 -3.35502525705566e-005 3.71968221179848e-005 1.43824846222420e-006 -7.42548093050548e-007 -8.91904263667606e-009 1.02174224173896e-008 -9.31510827524424e-010 -1.03682823326214e-011 
3.28615702074599e+003 9.19468609441827e-001 5.19590224618642e-004 1.80510383080034e-005 -1.36277918581325e-005 -4.17097841159461e-007 2.21035520816328e-007 -5.90872353427646e-009 -1.87855919797498e-009 4.26235048375538e-010 
4.67210057808163e-002 -1.79546692031225e-003 1.77128938119052e-004 7.87120252749891e-005 -7.78672377830132e-006 -1.17698421294216e-006 1.51402271850974e-007 1.72646979113091e-008 -9.20308113551038e-010 -2.75533060027997e-010 
3.88627837689152e-001 2.68650444655330e-004 1.82574270070695e-004 -1.53954585092421e-005 -3.83690984190629e-006 4.48090185043536e-007 5.17401999014811e-008 -5.39286149157272e-009 -8.29201840768490e-010 -1.22662173782307e-011 
3.28799866749438e+003 9.21565417508141e-001 -1.69378511183537e-004 -7.44131316527251e-005 7.28277920859571e-006 1.10583476672208e-006 -1.39658965121083e-007 -1.61228451297705e-008 8.37775230667714e-010 2.56324834615737e-010 
4.58196808676508e-002 1.00088263651294e-003 3.30755079736817e-004 -2.28533696642002e-005 4.01268223797316e-007 4.65020643284044e-009 -2.23801781939277e-007 9.37512872039369e-010 5.09418778921105e-009 6.64138231189353e-011 
3.89796837856800e-001 6.85090202979264e-004 -6.53502864946096e-005 -1.29799026642536e-005 6.06070129231772e-007 -3.49751671613111e-007 4.48618650284507e-009 1.42785989558797e-008 1.10515039627216e-010 -2.21688655709454e-010 
3.28983923490783e+003 9.18900611498722e-001 -3.14438530924865e-004 2.25320498581207e-005 -1.92348381694305e-007 -1.90321313408586e-008 2.05569105460222e-007 -8.23482811624107e-010 -4.72241673986162e-009 -6.15478635610710e-011 
