-4.94618156567833e+007 -8.73754085892995e+006 1.25443863886896e+006 -3.24190348113011e+003 -3.24284231903888e+003 2.33455204547743e+002 -6.62345687813605e+000 -4.58391772600190e-001 7.11137738627346e-002 -4.14390722967850e-003 1.30512311550244e-005 2.09801858317098e-005 -2.05705073003526e-006 7.90567880179732e-008 
1.29790707645595e+007 -1.36337104086489e+007 -3.30683247010765e+005 6.70027023271326e+004 -2.26905172680909e+003 -4.24344210615070e+001 1.23196312223015e+001 -8.62666915884472e-001 1.81345507826821e-002 2.63141042657428e-003 -3.35680994927031e-004 1.72653845265551e-005 2.17610549988588e-007 -1.17791284929316e-007 
1.20745683087684e+007 -6.37718495106240e+006 -3.06724176134214e+005 3.61270997788122e+004 -8.75786901573480e+002 -4.68760285338602e+001 7.26763116994185e+000 -4.13277739041058e-001 2.31262014880442e-003 1.83533770177231e-003 -1.80664537080382e-004 7.04707534216233e-006 3.29552846397042e-007 -7.11187732452084e-008 
-5.74538536453657e+007 5.50703359506288e+005 1.02613629137235e+006 -2.76854143011560e+004 -3.70883831111029e+002 6.50528667113307e+001 -4.73591353509816e+000 2.06863691069145e-001 -3.96860542446139e-003 -3.10940792537492e-004 4.16394911438863e-005 -2.79293332262708e-006 1.14477051303401e-007 -7.32989269648182e-010 
-1.48210596326430e+007 -1.36744769192830e+007 2.61077468223928e+005 3.34214778317087e+004 -1.63634417924629e+003 5.68111870980922e+001 -4.55146561420757e-001 -1.23261614799782e-001 1.20024508588522e-002 -6.85577898659623e-004 2.24228818861401e-005 2.86345378612886e-007 -1.07035635218811e-007 9.12190211026597e-009 
-1.94773172087071e+006 -7.36213293084063e+006 3.30518637183499e+004 2.07237100044844e+004 -8.35628300367901e+002 2.36010702566666e+001 2.47977270692740e-001 -8.72941164602419e-002 6.82290040685084e-003 -3.33972192471582e-004 7.65973938098421e-006 4.42578338176400e-007 -6.90463755928539e-008 4.94866765285317e-009 
-4.92214915633380e+007 7.39728231433263e+006 6.85864912987790e+005 -2.77316841460317e+004 1.71983245013488e+002 3.31465131731841e+000 -1.09516168920975e+000 6.28240158097969e-002 -3.00911552805139e-003 1.03363085260228e-004 -1.82879377068401e-006 -8.33865836259465e-008 1.15239925241648e-008 -7.73821405931573e-010 
-3.90732123791793e+007 -1.03477025668849e+007 5.38774249267358e+005 1.51103185824934e+004 -7.39795161642617e+002 3.09077500188438e+001 -1.10324447237906e+000 1.87090711624367e-002 4.51595517804441e-004 -8.59004706058852e-005 5.73461074593920e-006 -2.88784053270154e-007 1.05945148674358e-008 -2.10540532948089e-010 
-1.57572409443855e+007 -6.29504197951993e+006 2.16674895387086e+005 1.09472119809422e+004 -4.13011647396360e+002 1.61663100407535e+001 -4.75755782179764e-001 3.47914075640419e-003 5.53267847815292e-004 -5.66040864775151e-005 3.25290635297606e-006 -1.45613156679412e-007 4.46427394530763e-009 -3.22211831856511e-011 
-2.99618965460789e+007 1.15979305945569e+007 3.68404660435086e+005 -2.54368820399522e+004 7.42209212070882e+001 -9.86803821236885e+000 -2.37092984206291e-001 1.04898957545655e-002 -6.94415301318998e-004 3.28887986692725e-005 -1.00151855449569e-006 3.89793018178512e-008 -3.94722111300777e-010 -3.72054184947900e-012 
-5.50006324748164e+007 -5.47489144069833e+006 6.65318123032571e+005 6.96271851189563e+003 -3.43476251876769e+002 1.05994029213807e+001 -6.33686451725492e-001 1.03350600018001e-002 -5.18961898881793e-004 -2.18724883502321e-006 2.49955704437056e-007 -3.33149851728051e-008 1.67476172969465e-009 -7.20594168849245e-011 
-2.62634193207883e+007 -4.12772548026522e+006 3.17190913716959e+005 6.35703135346877e+003 -1.91171759470384e+002 6.68518809630349e+000 -3.13911145452033e-001 4.43291372748421e-003 -2.05205282002136e-004 -4.57885958527197e-006 2.37374413486967e-007 -2.18379743156394e-008 9.35541514825365e-010 -3.81062572309201e-011 
4.26668329427372e+007 -2.21808674576312e+007 -5.35376829489872e+005 4.64247281730949e+004 6.16570716616195e+002 -2.91094409800935e+001 -3.55146265772676e-001 8.56528646098455e-003 1.69943402807025e-004 -1.17522798601657e-006 
9.05214927371188e+007 8.05978184964869e+006 -1.14835063699786e+006 -1.77757588426307e+004 1.20209687034644e+003 1.35022220180069e+001 -5.03534009336802e-001 -6.93815530174811e-003 1.07130062928798e-004 3.30199595356477e-006 
3.80388488506350e+007 5.02952572413550e+006 -4.82765828351562e+005 -1.09354603859579e+004 5.01799879394576e+002 7.91659878539132e+000 -2.04059847197368e-001 -3.66130045037906e-003 3.76587638575926e-005 1.57097393657142e-006 
-4.12618596580802e+006 -2.41145957282598e+007 6.04462125517888e+004 5.12611176660971e+004 -2.84978294992916e+001 -3.42017151651342e+001 -4.99245915131216e-002 1.27237949455117e-002 7.41385254213354e-005 -3.75255650050529e-006 
9.70202372121658e+007 -1.63732667908277e+006 -1.23963457633919e+006 2.90384052524491e+003 1.33801661952057e+003 -4.19276254862274e-001 -6.32543668518109e-001 -1.71039145856898e-003 2.12986315993360e-004 2.03900364774489e-006 
4.39233171049455e+007 7.89130232617974e+005 -5.61543436541350e+005 -1.93783702637799e+003 6.03778787303404e+002 1.97713204001906e+000 -2.81304147512049e-001 -1.57674301381345e-003 8.98730198645473e-005 1.08168427063899e-006 
1.57820559691534e+007 -2.07656036971741e+007 -7.56868932768107e+004 1.71773010074479e+004 4.24857803953805e+001 -4.83610285901297e+000 -1.62862636009997e-002 7.23968589344373e-004 2.99869945283377e-005 4.71702315951809e-006 -1.33757244751317e-006 1.51903495123975e-009 5.12026839193594e-008 
1.33982059586580e+008 1.89098316754830e+006 -6.66162695436996e+005 -1.81148786032535e+003 2.87923692616260e+002 7.65529878424925e-001 -6.39516014698052e-002 -1.76154246764165e-004 8.26761667429327e-005 -8.19698273493151e-006 -1.49418019236842e-006 4.68383925743127e-007 7.35131864542221e-009 
5.80670834945465e+007 8.19807663987918e+005 -2.88806258360389e+005 -7.85303319120283e+002 1.24830242159931e+002 3.32089519787161e-001 -2.75890219027595e-002 -7.34810712413499e-005 2.80009281276668e-005 -3.26897708882372e-006 -4.00297455949184e-007 1.65746787164752e-007 -1.86081425936666e-009 
-2.56986585351453e+007 -2.05424782828135e+007 1.31282601539607e+005 1.70709835989910e+004 -5.59540587072835e+001 -4.89141162098104e+000 1.15641455691299e-002 6.48159904820719e-004 2.54030793751694e-006 2.35249819336389e-005 3.38374403600821e-007 -1.56875795365499e-006 -4.78668189011194e-008 
1.32421595493224e+008 -3.44633189558058e+006 -6.60024251011933e+005 2.83455797412098e+003 2.87905846553253e+002 -7.76510248179003e-001 -6.60291473012027e-002 3.02162921010124e-004 1.55895254006376e-004 -8.49193136779312e-006 -9.62668753454282e-006 3.51027929354298e-007 6.65559864527797e-007 
5.73905598872333e+007 -1.49411255560313e+006 -2.86143794708181e+005 1.22904784420530e+003 1.24822709377071e+002 -3.37187197256913e-001 -2.85782563710771e-002 1.08635283333380e-004 5.57538402503494e-005 -2.31307758366523e-006 -3.28733581636821e-006 8.40413968409162e-008 2.26583641350606e-007 
7.65858170084905e+007 -3.01964973307623e+007 -4.11920868519212e+005 2.99522835242756e+004 -1.16808554230158e+002 -8.16392946153218e+000 2.46129246433112e-001 -2.55233829489920e-003 -5.23181578866218e-005 1.05407966143087e-006 -2.44809340140650e-007 
1.94815807665618e+008 1.25252897749357e+007 -1.05076830549191e+006 -4.04818416171667e+003 5.28459524253282e+002 -7.26938235793959e+000 -3.12998643402491e-002 4.84011900351552e-003 -1.16459086648780e-004 -1.99968264766763e-006 4.17448872411934e-007 
8.72762794662958e+007 6.56042699271027e+006 -4.70828584110924e+005 -2.66608578658214e+003 2.45548204209768e+002 -3.11448142806304e+000 -2.09409332774569e-002 2.29612355836717e-003 -5.36487801707986e-005 -9.98579989687942e-007 2.36794009520858e-007 
-6.74927806924052e+008 9.84607667575522e+006 7.94268725730155e+004 -1.78918012960671e+002 -7.20032762377596e-001 2.98858862810806e-004 1.36156581661293e-006 3.32839405501914e-008 
-4.22658065183643e+008 -1.29101824027712e+007 4.97392828505224e+004 2.62118946287388e+002 -3.50568658957137e-001 -1.07152045498591e-003 -7.65999703501182e-007 -7.02667502620433e-008 
-1.64735718150220e+008 -5.77350085497836e+006 1.93860376459660e+004 1.16708311556083e+002 -1.32734488908760e-001 -4.66197056939565e-004 -3.49374618124671e-007 -4.04665106171272e-008 
-8.09542833528175e+008 -1.14510211874867e+007 2.03238327098798e+004 4.49561529431642e+001 -5.86088647060376e-002 -6.37454881342036e-005 1.65882522608862e-007 
9.99705318824639e+008 -7.54738994614738e+006 -2.50924467787319e+004 3.52843795742810e+001 5.21560182152818e-002 -7.92835126941914e-005 1.18315966759645e-007 
4.47766777419283e+008 -2.62442743775116e+006 -1.12390674670471e+004 1.26392818017018e+001 2.40612715860773e-002 -3.00469145550629e-005 3.76930328418616e-008 
2.82084180152184e+009 3.16195421485794e+006 -6.60798435952379e+003 -1.13655499233024e+000 1.13385579732778e-003 4.83951311451658e-008 
-9.29576110428103e+008 7.71415138316040e+006 2.17742950189396e+003 -3.04340433851979e+000 -3.09364300342726e-004 2.54820137985263e-007 
-4.47028210802936e+008 3.33388722289300e+006 1.04712283758774e+003 -1.31689948022172e+000 -1.51369213863325e-004 1.10323249429655e-007 
3.28613523600798e+009 5.07969501224440e+006 -2.29394831737090e+003 -6.07465634501365e-001 1.22532368204488e-004 2.88603874985711e-008 
-2.81138904995378e+009 5.16985613450383e+006 1.96301317770482e+003 -5.88211014011080e-001 -1.20186041073283e-004 2.40893708110854e-008 
-1.23252918524272e+009 1.98958520631971e+006 8.60582477045415e+002 -2.25630715691968e-001 -5.23342851247456e-005 9.37007879551431e-009 
-4.58672849901499e+008 7.61600388185532e+006 2.90627160962684e+002 -8.37898109298520e-001 1.22172780460630e-004 6.14151531238529e-008 
-4.44939595689406e+009 -1.15056400727227e+006 2.81947458613101e+003 -2.00425778803894e-001 -2.16217700938410e-004 4.02822943598960e-008 
-1.25032247603342e+009 -2.65372925620052e+006 7.92268442409009e+002 1.89696072103715e-001 -1.03312902326695e-004 -3.55043231391314e-011 
3.49964219242529e+005 -2.03773520064229e+004 -2.08623305135862e+004 3.43035582942851e+002 1.00546503720392e+002 -2.45936652481018e+000 -1.81468945515810e-001 7.29289637893253e-003 -2.19985209642558e-004 2.31024275049482e-005 2.28248636895842e-006 -3.27187045152347e-007 -3.76803223973809e-010 
4.87866656983880e+004 1.53194168743474e+005 -2.73490359445455e+003 -1.44371744387560e+003 2.82219590363816e+001 4.23587540487250e+000 -1.38193693086778e-001 -2.89440406220115e-003 9.88758907737293e-005 -2.78234780488710e-005 3.12360553631793e-006 8.51659309204351e-008 -2.03576834551842e-008 
1.95042486264153e+004 8.32689550233089e+004 -1.08050358723413e+003 -7.89986372104484e+002 1.33821909819522e+001 2.35106675690980e+000 -7.15697240809739e-002 -1.72909252484762e-003 5.87546970717798e-005 -1.55114817937070e-005 1.64704335907227e-006 5.26100722526284e-008 -1.10380248855482e-008 
1.71417072435494e+005 -1.48411436911379e+005 -9.30337898461636e+003 1.38785183803624e+003 2.38170799106065e+001 -4.35833575034096e+000 4.07419374924298e-002 9.54238301159109e-003 -1.02155435847600e-004 -3.50784359548843e-005 -4.66500898879186e-007 2.11356940884828e-007 4.51850230349964e-010 
2.87282783312450e+005 7.48341316708494e+004 -1.52073407510311e+004 -5.19477217820119e+002 7.40870900027823e+001 1.65195786126712e-001 -1.77344261832704e-001 2.88464180377866e-003 4.54447394291384e-004 1.68094631454397e-006 -2.38875044417343e-006 -2.21964025175884e-008 1.36838770318658e-008 
1.51875764607102e+005 4.32372956678645e+004 -8.06752868984271e+003 -3.07896521455713e+002 3.98094137435238e+001 1.74135466583436e-001 -9.72142649197920e-002 1.38650206233982e-003 2.48688014656245e-004 1.54517588257569e-006 -1.28651989383697e-006 -1.59877931168446e-008 7.41320136541260e-009 
-1.46439952626840e+005 -1.55645972434651e+005 7.13580093773310e+003 1.19576635781595e+003 -3.80439881915057e+001 -1.47519716997073e+000 1.27245130306169e-001 -4.81968149594873e-003 -3.69616065343013e-004 2.39248069311736e-005 4.36846285503703e-007 -1.08914440979137e-007 3.24249400218140e-009 
3.09141848913006e+005 -5.26181033923898e+004 -1.48326353811036e+004 5.13166836215549e+002 4.80549911565557e+001 -1.96015386995511e+000 1.65823512886927e-002 6.20503020483293e-003 -3.31410471816167e-004 -1.39427873171371e-005 1.38673445934798e-006 -1.17753319720488e-008 -6.33938556209999e-009 
1.69483966698797e+005 -2.56889491745163e+004 -8.16620262607507e+003 2.57079056523666e+002 2.68477494720535e+001 -1.03832097507537e+000 6.39280812382992e-003 3.45563044537536e-003 -1.73045297528877e-004 -8.01353244873020e-006 7.44582029931987e-007 -4.33552802235790e-009 -3.49765729498627e-009 
-3.63486388425885e+005 -5.29652827334518e+004 1.72354021662455e+004 4.57059058046693e+002 -5.15607802522941e+001 -6.17200121783221e-001 -5.36572001973399e-002 -4.67242457775558e-003 2.92599318369430e-004 1.51411120931416e-005 5.30231796703418e-007 6.13021765747600e-008 -1.48446297332471e-009 
1.12216184513521e+005 -1.36220273127229e+005 -5.18206360636227e+003 1.02474047225310e+003 1.98714607464397e+001 -8.42175541846952e-001 2.19039688885548e-002 -5.46526467186592e-003 -3.07670555404715e-004 3.55209763306622e-006 1.41274548078730e-008 4.20129715484592e-008 5.19208590362085e-009 
6.67624590079925e+004 -7.27891934365745e+004 -3.10333795426653e+003 5.48773086399486e+002 1.17023879466285e+001 -4.53957264350748e-001 1.25976929903829e-002 -2.87810338736812e-003 -1.71842159535498e-004 1.70578997269905e-006 1.13806485664197e-009 2.17209789688450e-008 2.83862543002877e-009 
-3.25041844175338e+005 9.13247116471732e+004 1.70788001257855e+004 -5.53559358167476e+002 -7.90049315908568e+001 -1.70392492063874e+000 6.86176581873404e-002 1.82961537687238e-002 1.07843604208387e-003 -1.47941495615184e-005 -6.72633116383274e-006 -5.10027297932899e-007 -2.65629006742297e-009 
-1.59853203779991e+005 -1.24509625221969e+005 8.37451153488884e+003 1.16724992772988e+003 -8.82303611731019e+000 -2.97489597493489e+000 -2.07541757098981e-001 -5.56590460342670e-003 8.23678530989459e-004 8.79023957946794e-005 2.89995936739878e-006 -2.56584438819026e-007 -4.06399568532545e-008 
-8.10374962554486e+004 -6.88521503195549e+004 4.26001331333149e+003 6.42619827141550e+002 -3.57197439393794e+000 -1.59287711786720e+000 -1.13445082935623e-001 -3.29184588791247e-003 4.30025431355171e-004 4.78793118630929e-005 1.67368928541414e-006 -1.31278289056082e-007 -2.19838238311330e-008 
-4.26660713181245e+004 1.78939903167702e+005 2.59894477550084e+003 -1.78716535315465e+003 -4.61628802451337e+001 6.99370750891300e+000 4.92053159330309e-001 -2.03228011177837e-002 -4.11682381088207e-003 -9.83595157335993e-006 3.05793473014307e-005 1.27295317830883e-006 -1.96898723942693e-007 
-3.03257623422870e+005 -1.00803531194627e+004 1.87598317809204e+004 3.16513738737767e+002 -1.03756577036745e+002 -4.32633512039317e+000 3.45442794838772e-001 4.01893612819693e-002 -7.22894583044454e-004 -3.16374246740662e-004 -6.60586963431309e-006 2.21996518577257e-006 1.41411943616863e-007 
-1.63114328101875e+005 -8.24984159863390e+003 1.01247458839271e+004 1.99541530821814e+002 -5.56243056609894e+001 -2.45420352101455e+000 1.79971619160804e-001 2.21001154990699e-002 -3.28963019075797e-004 -1.71342255433865e-004 -4.04888800756462e-006 1.18370997019746e-006 7.96590768712568e-008 
2.67765335246267e+005 1.14376386144068e+005 -1.76047278104968e+004 -1.15169181977810e+003 1.15774290605936e+002 4.14742896543473e+000 -6.38143285802882e-001 -3.56050273434196e-003 4.24700943533781e-003 -1.27295088606115e-004 -2.82516305804810e-005 2.00870489080120e-006 1.60348003085360e-007 
-1.82921192258293e+005 1.24618363420493e+005 1.18802195520544e+004 -1.36206748183348e+003 -6.48793642636489e+001 7.38365582516861e+000 1.56892955053343e-001 -4.51767324929908e-002 5.69518302841069e-004 3.07252302659017e-004 -1.52667150248914e-005 -1.91901490400068e-006 1.92225502462081e-007 
-1.02759444232491e+005 6.57224887168677e+004 6.70353982600264e+003 -7.21461032334780e+002 -3.70031268817832e+001 3.94358694047467e+000 9.50692951687039e-002 -2.44413970095827e-002 2.43019329897061e-004 1.68498639445596e-004 -7.83969136678199e-006 -1.07095739418406e-006 1.01715965235841e-007 
3.35275329255076e+005 -4.87179516125200e+004 -1.98971447123584e+004 6.81644249963561e+002 8.57474400614926e+001 -4.38354072197804e+000 -2.14363130238574e-002 1.41941469177899e-002 -1.35690860393283e-003 3.59485594632218e-005 6.04589959602892e-006 -6.71792835325203e-007 1.70745305178124e-008 
1.04335402197183e+005 1.47490205017860e+005 -6.06658718824250e+003 -1.33040171050108e+003 5.19961991476357e+001 2.80950678208668e+000 -2.48906123127089e-001 9.76926169386927e-003 2.80987741725612e-004 -9.47181100712114e-005 5.88539482029822e-006 1.27319321689346e-007 -4.35831095019439e-008 
5.16814959335554e+004 8.05260113324815e+004 -3.00093436651529e+003 -7.32382334922408e+002 2.69383454798295e+001 1.59658463278902e+000 -1.34726069793996e-001 5.06379332227217e-003 1.73376825568111e-004 -5.18745698180120e-005 3.09694049025397e-006 7.93631550923697e-008 -2.38855931186056e-008 
5.86520053589910e+005 -3.05872750443642e+003 -1.96158289673958e+001 -1.22419418692062e-001 2.39684070657729e-003 -6.71529307883913e-004 7.81376022527184e-005 -2.40845470077795e-006 -7.34154714842512e-007 1.67755135892627e-007 -1.92309787080295e-008 
2.95574812735644e+005 6.95771153337521e+003 -5.00670288734265e+000 -4.89051297585759e-002 1.79935911353871e-003 -2.23151518290938e-004 -3.86052085815309e-005 9.48468479072676e-006 -1.06240382554266e-006 3.39925639408425e-008 1.03984570969338e-008 
1.08996943003814e+005 3.00900987576720e+003 -1.58016989029122e+000 -2.27319936195104e-002 9.76681589679106e-004 -4.21411634685661e-005 -2.88086261709520e-005 5.31361992050342e-006 -4.91328887764859e-007 8.80692638393933e-010 7.55225266666384e-009 
5.80241121044095e+005 -3.22140633676298e+003 -2.10608500934706e+001 -1.23325173543908e-001 -9.88702596853353e-005 1.25935538164205e-004 5.68034968807423e-006 -6.52976120159382e-007 6.67794181966842e-008 -1.01414425529978e-008 1.49180405614969e-010 
3.09448393236582e+005 6.91538210291257e+003 -5.60025857198642e+000 -6.20153195646338e-002 -2.79540959932373e-003 -1.00996384817181e-004 1.06898321524895e-005 -3.62472961266897e-007 1.24855278314331e-008 -2.98073215286554e-009 -4.45549946134375e-010 
1.15001541822936e+005 2.99538507892944e+003 -1.82918823816032e+000 -2.43610877602179e-002 -1.09610787575103e-003 -6.24125831737139e-005 4.97153308572027e-006 -1.27570159689682e-007 -1.29045452907862e-010 -4.05288462811744e-010 -2.51864541332022e-010 
-1.67684103545742e-005 6.60342567757558e-007 7.46451841164141e-007 7.30253395043590e-008 -7.05920507257950e-008 -1.32837638893256e-010 2.44912516994542e-009 -1.29562109406978e-010 -4.26062703799675e-011 3.98829163458757e-012 
4.09955462565579e-005 -7.19233157503079e-007 -1.17507779925282e-007 1.23597998766228e-007 5.16105416766359e-009 -6.58427343273561e-009 1.28169332120024e-010 1.61048716589396e-010 -3.54725045933885e-012 -1.79380857835203e-012 
-1.37523592048996e-005 9.31204889744928e-007 -6.90694598681180e-007 2.29891936702629e-008 3.86658987364581e-008 -1.95275114241851e-009 -2.73866789367194e-010 1.08509947540226e-010 -2.62584880660036e-011 -3.32291108219381e-012 
4.08152416870921e-005 6.24698964422109e-007 3.93248456451084e-009 -8.71008087396854e-008 2.10073635912233e-009 2.28948346559300e-009 -1.19864933519574e-010 -1.71770133203568e-013 -3.79276296361333e-012 -1.92679007283049e-013 
-1.23601587528062e-005 1.96989910563531e-006 8.90028266642729e-007 -6.00976178338460e-008 -8.07169415252227e-008 -6.22300333351465e-009 2.85898771558123e-009 8.04784685209609e-010 -1.14920457424104e-011 -4.16903594262258e-011 
4.08392641769789e-005 -5.02773694647045e-007 1.41767248939570e-007 1.29857019410931e-007 8.00886398438769e-010 -7.54069954136750e-009 -1.13991810494797e-009 1.93449325993355e-010 8.19026958243921e-011 -3.02658847036320e-013 
-8.97820280219417e-006 -1.49888316851115e-008 -3.91796713784657e-007 3.27465534150285e-007 1.56648391290764e-008 -2.28092037350465e-008 1.29328805499050e-009 8.11747249658382e-010 -1.50569991540174e-010 -1.28515410066308e-011 
4.13924323825415e-005 4.93222007744195e-007 -3.81467182746129e-007 -4.17774692610127e-008 4.30473957924643e-008 -1.99426004381884e-010 -2.11897638405025e-009 2.18351275884897e-010 6.50281348496569e-011 -1.48852134847621e-011 
-1.21104738938860e-002 8.50372290459810e-004 -1.74741665873360e-004 -3.43651016457025e-005 8.30420526601275e-006 7.86438198009013e-007 -2.37494451753129e-007 -7.42580458265729e-009 4.18650070375860e-009 -1.18654827355353e-011 
3.82722428147405e-001 -2.22361985410831e-004 -6.21772167964679e-005 1.51512888963635e-005 2.11179333854833e-006 -5.56621500534368e-007 -3.29491604645840e-008 1.26670230747586e-008 1.12468051181668e-010 -1.75128161267992e-010 
3.06360136290123e+003 9.19110157673466e-001 1.74157114407067e-004 3.20441419243650e-005 -7.87324711169424e-006 -7.24512391600423e-007 2.19908829631340e-007 6.86582071176490e-009 -3.84930400770726e-009 7.52266260001317e-012 
-1.17321223037815e-002 -3.07068135541316e-004 -9.27092594065416e-006 2.22700835797950e-005 -4.13805260514787e-006 -2.57628952918534e-007 1.16221733696586e-007 -1.78029522506377e-009 -7.48882196831582e-010 1.24836227223074e-010 
3.82301056955251e-001 -1.00939403365146e-004 4.94178547019414e-005 -4.46209092535191e-006 -1.00057125563568e-006 3.09857328738521e-007 4.56758310473055e-009 -4.36802058973067e-009 2.47241896778019e-010 -2.62991800967495e-012 
3.06544088450050e+003 9.20248826249583e-001 9.35890773747661e-006 -2.24212643794735e-005 3.78779911228118e-006 2.48489525839030e-007 -1.07537200369000e-007 1.68912651544227e-009 7.09712786236315e-010 -1.15241539710397e-010 
-1.21308781066369e-002 -5.18467232404378e-005 6.16542508151053e-005 1.79945268352072e-005 4.95979065044131e-006 -1.52184915579893e-007 -2.36597185399378e-007 -2.05029232034955e-008 3.69969507358556e-009 1.06743157537037e-009 
3.82366713831451e-001 1.52749170649469e-004 3.39634307109969e-005 3.08987000870837e-006 -9.13741379751295e-007 -4.86735138637911e-007 -1.75042005832717e-008 1.27250410946524e-008 1.99482192876264e-009 -6.50671786675068e-011 
3.06728112543332e+003 9.19941008917100e-001 -7.25514179349036e-005 -1.65126482738331e-005 -4.21841723019944e-006 1.66435901263448e-007 2.15005254999866e-007 1.78511586114380e-008 -3.47265688319657e-009 -9.63643486040382e-010 
-1.11305027084138e-002 1.08821579688144e-003 7.21111925467226e-005 -5.40477072355831e-005 -4.13146855543830e-006 1.95547579617511e-006 6.97262159274575e-008 -5.47336425973952e-008 2.37303339315495e-009 1.06250145071178e-009 
3.82688889258561e-001 5.63521683127241e-005 -8.86357009325754e-005 -7.65242338240130e-006 3.93781850670805e-006 2.55316947785003e-007 -1.26931638010237e-007 -2.46363835383939e-010 3.05774535608343e-009 -2.90168418308857e-010 
3.06911992705944e+003 9.18850199797725e-001 -5.65444793292208e-005 5.19783981715860e-005 3.50781419182896e-006 -1.81846883252732e-006 -5.72233786905411e-008 4.98569033755032e-008 -2.30334692759299e-009 -9.47793485351317e-010 
