4.84407703869141e+007 5.63494875786255e+006 -9.31203016106130e+005 -4.30240724615444e+004 -2.56530958187388e+002 5.84028653703337e+001 5.86724759669472e+000 3.14601459927767e-001 8.54290549513289e-003 -3.30758974428547e-004 -6.20569920466276e-005 -4.59312076063785e-006 -1.95882896560761e-007 -5.78442146197988e-010 
-2.67730029600745e+007 1.33570997447420e+007 4.84580348250559e+005 -2.86947287847888e+004 -1.95366737109414e+003 -8.04027388334496e+001 -1.28246791020939e+000 1.42241076715840e-001 1.66978219060480e-002 1.02400755492871e-003 3.36147903738881e-005 -7.19560760596414e-007 -2.00522430551465e-007 -1.64643904209547e-008 
-1.92771312264600e+007 6.55234102323562e+006 3.55356862705534e+005 -1.08714782478264e+004 -1.01710880052784e+003 -4.90040309694003e+001 -1.29304031934820e+000 4.33914301507922e-002 8.03516171743799e-003 5.81316221270327e-004 2.43875742472144e-005 9.15005059529381e-008 -8.68272298372295e-008 -8.73566778164810e-009 
5.06763822142447e+007 -3.79526328693988e+006 -1.40009088346771e+006 -2.69846060586604e+004 3.04575668892343e+003 2.95855918172368e+002 1.05422217384156e+001 -5.45881010566555e-001 -1.00354315824752e-001 -5.79885213938124e-003 5.25154119543470e-005 3.87795298181959e-005 3.23368927147972e-006 6.12621481428044e-008 
2.27263169111145e+006 1.52047343687813e+007 -9.84229285639231e+004 -7.15682698476489e+004 -3.07665100133844e+003 3.33867101436706e+001 1.57012555545260e+001 1.13603030397110e+000 1.61742063764743e-002 -4.74336625914557e-003 -5.14024051062421e-004 -1.86822987869042e-005 1.39326199195225e-006 2.44354827375938e-007 
-3.99088489797957e+006 8.51647214182986e+006 9.24873043112421e+004 -3.54372790103263e+004 -1.95918750474207e+003 -1.28185090492326e+001 7.29562173039480e+000 6.63450360670256e-001 1.90385448959459e-002 -1.93316816834744e-003 -2.80043192798909e-004 -1.39984959988921e-005 4.09258549348341e-007 1.24191747922361e-007 
3.17623802906712e+007 -1.49817086600540e+007 -1.22498878038388e+006 6.97096352877447e+004 7.99639720558157e+003 -5.58869799994530e+001 -5.00340204438135e+001 -1.91411880217011e+000 2.69424675913334e-001 2.75702092178960e-002 -7.81446787449739e-004 -2.65916208632737e-004 -6.83729145845626e-006 1.95547591080142e-006 
2.87303098693917e+007 1.03755846763937e+007 -1.13940903264111e+006 -8.65156377321322e+004 3.07081711388051e+003 5.63685717266999e+002 6.27768481041218e+000 -3.46016936973716e+000 -2.08177472597348e-001 1.62300714972357e-002 2.45306340623693e-003 -1.05258606629230e-005 -2.12472624282386e-005 -1.00950421864097e-006 
1.21041856540130e+007 7.09569736737334e+006 -4.81771330365912e+005 -5.34411952914831e+004 8.11965954647871e+002 3.06922902793472e+002 8.53782204660504e+000 -1.65016471152253e+000 -1.39128324971593e-001 5.81380297194286e-003 1.39144129812100e-003 2.19289526597152e-005 -1.06422729586083e-005 -7.41904524998324e-007 
-4.13853722558359e+006 -1.97651553447204e+007 1.37417162874363e+005 1.28635633527488e+005 -2.79970740482718e+003 -6.52148703369074e+002 3.33205980377208e+001 3.74038977811228e+000 -3.50521279281029e-001 -2.06910434418460e-002 3.50638131042951e-003 8.27365732896647e-005 -3.35882536165394e-005 2.03085754063763e-007 
3.81564548673311e+007 -1.32732761697878e+006 -1.58255772938464e+006 2.57670567254446e+004 7.88590227423597e+003 -3.08537568999317e+002 -4.21692730588846e+001 3.22916822251676e+000 2.35817448301775e-001 -3.22196381735145e-002 -1.10088027664311e-003 3.10351334392974e-004 1.15729209899988e-006 -2.88537624633981e-006 
2.08607215037794e+007 1.33938874735245e+006 -8.59672591502499e+005 4.37034520842566e+002 4.50289510649502e+003 -9.72562339635618e+001 -2.59801415498339e+001 1.33753426945571e+000 1.62297484240127e-001 -1.50684881325781e-002 -9.51431512965557e-004 1.57222298789035e-004 4.09873304943179e-006 -1.56243910049598e-006 
4.59949386789097e+007 -2.17097901878173e+007 -5.91628363552711e+005 4.53674929586465e+004 6.74721273683670e+002 -2.82119046943009e+001 -3.77690043595177e-001 8.01223028906865e-003 1.72084142130982e-004 -8.90278162237469e-007 
8.76581351906727e+007 8.97648591229385e+006 -1.12525707024501e+006 -1.97142605819395e+004 1.17316871668582e+003 1.46866605284436e+001 -4.83379591507131e-001 -7.22155216452127e-003 9.62778939098600e-005 3.31729249381822e-006 
3.65342936229735e+007 5.41316949280752e+006 -4.68945180807452e+005 -1.17414814440314e+004 4.85249602340834e+002 8.39380424545260e+000 -1.93628504161889e-001 -3.75637055031389e-003 3.24587718342780e-005 1.54862136712174e-006 
-3.34184278975772e+005 -2.41273129040293e+007 -2.42628950921943e+003 5.12435169811079e+004 4.10282093252892e+001 -3.40107196215997e+001 -8.47263725427804e-002 1.24920008284343e-002 7.89667285208978e-005 -7.91531501569722e-006 
9.60971036029724e+007 -6.34835670340426e+005 -1.24172226559907e+006 7.14912010546508e+002 1.33678054545578e+003 1.11676454933664e+000 -6.25070040687468e-001 -2.42145001235086e-003 1.83422336327025e-004 3.66757958627388e-006 
4.32633384077596e+007 1.24095635739128e+006 -5.58628135956255e+005 -2.91994942728950e+003 5.98963614685415e+002 2.65386134175988e+000 -2.75957931206230e-001 -1.87185068402267e-003 8.07008621024099e-005 2.10198935649687e-006 
9.43456061615840e+006 2.01712582218901e+007 -4.51231229744111e+004 -1.51617331129560e+004 2.03282359130253e+001 2.90545889520542e+000 -3.57375788221227e-003 -9.44768641520158e-005 -3.76234926766568e-005 -2.95827867588428e-006 3.52867906491535e-007 1.80654955063970e-007 5.08823645513542e-008 
-1.39422567095376e+008 1.16517986005553e+006 6.26712511880737e+005 -9.96749033052448e+002 -2.23695312561180e+002 2.97902158739036e-001 2.11313036981752e-002 -3.56712938785058e-004 5.54517260383006e-006 1.00904410695523e-005 1.26381425076951e-006 6.58448111421604e-008 -3.69129033863451e-008 
-6.04151811050049e+007 5.04721505068606e+005 2.71651703654096e+005 -4.31936277370376e+002 -9.69615009049704e+001 1.29332036569741e-001 9.06336274202191e-003 -1.75778631076731e-004 6.49995607223004e-006 5.49697633333837e-006 5.61016206582175e-007 8.07231139607139e-009 -2.27490148142444e-008 
4.88467357043328e+007 1.90924159970213e+007 -2.23214932681460e+005 -1.43780028919569e+004 7.72210301895599e+001 2.78144689504219e+000 -5.41187461823769e-003 -2.79787449352007e-004 -1.49301532287723e-005 9.35105698543698e-006 -1.41731316069231e-006 -7.28557577672685e-008 1.21870952607736e-007 
-1.32158924866788e+008 6.07081827057490e+006 5.93560658686551e+005 -4.50111822836860e+003 -2.12703559298535e+002 8.05017403120105e-001 1.97797202832200e-002 -7.37728789823042e-005 7.61965828560002e-005 -6.05046398830318e-006 -1.71512270566319e-006 7.50020810308361e-007 -1.05666170874010e-007 
-5.72673777596899e+007 2.63110042945921e+006 2.57283140378580e+005 -1.95093047708235e+003 -9.21973321510978e+001 3.48718977167892e-001 8.46519374313429e-003 -1.00778934769764e-005 3.79975291330121e-005 -4.12446923492690e-006 -6.98037728074948e-007 3.78054197938702e-007 -6.40288336397277e-008 
1.20628093556211e+008 2.83632516459593e+007 -8.44171371310417e+005 -3.59630197664590e+004 4.07068281256543e+002 2.55202514992623e+001 5.33052595710284e-003 -1.80545974116712e-002 -2.17910616832454e-004 1.19831270848186e-005 4.28784441580581e-007 
-1.52889958623427e+008 2.05933238366242e+007 1.05794289180063e+006 -1.98193990867216e+004 -8.77960750918586e+002 5.06046143791960e+000 6.15454244794623e-001 3.52390822437417e-003 -4.30715950654967e-004 -8.06092583367995e-006 2.92392519254784e-007 
-7.33544870496707e+007 8.68166293611105e+006 5.08011624661583e+005 -8.12147259551245e+003 -4.13671980154477e+002 1.63354870379001e+000 2.82166085605606e-001 2.09974625287351e-003 -1.92023842094196e-004 -3.99836704723072e-006 1.12453315511252e-007 
6.18016539278575e+008 -1.02002773367879e+007 -9.57070874414624e+004 2.81745249566999e+002 1.32312524271581e+000 -3.68371306014773e-003 -1.21569272484595e-005 -2.02784692487385e-007 
3.82222818115130e+008 1.45145262463132e+007 -5.92617229879551e+004 -3.63153755326518e+002 9.74307561616819e-001 3.54299814515786e-003 -1.18557800861536e-005 5.16930604604650e-008 
1.48788236741234e+008 6.46947455848867e+006 -2.30714904104784e+004 -1.62514057148712e+002 3.85402736117033e-001 1.60763401846064e-003 -4.77986924116275e-006 6.33133215093458e-008 
-8.27839716299593e+008 -1.13219391832544e+007 2.07952386144827e+004 4.42305584803499e+001 -5.99315802160565e-002 -6.06880591320040e-005 5.18236833359212e-008 
9.85779550841133e+008 -7.71488566535947e+006 -2.47821810327391e+004 3.61672551422205e+001 5.09761814072330e-002 -8.18418168338655e-005 1.09486271703917e-007 
4.42832232434827e+008 -2.69900168720147e+006 -1.11322271480688e+004 1.30346730963297e+001 2.36429879616650e-002 -3.12251613922513e-005 3.06855126949207e-008 
-5.04647386821804e+008 -9.33183492431093e+006 1.42653944263575e+003 4.51458136832940e+000 1.69320735473630e-004 -8.29697943114021e-007 
2.53897121716626e+009 -1.99583656545472e+006 -7.18605067150823e+003 4.07282993391074e-001 1.79060545443823e-003 2.42730043891246e-007 
1.11912579181595e+009 -7.42221820418026e+005 -3.16743494574949e+003 1.14707204576497e-001 7.80728401186593e-004 1.17595599297278e-007 
4.13431553232815e+009 -2.86866480429298e+006 -2.95335097317432e+003 3.33391228432653e-001 1.93618701841368e-004 -5.12955292305431e-008 
1.58816064989043e+009 6.46182829017532e+006 -1.13452645132954e+003 -7.71385932543381e-001 6.65648844176756e-005 -2.28653505396976e-008 
5.47113611364570e+008 2.71627726846569e+006 -3.90838106580912e+002 -3.24020254571438e-001 2.22655959777129e-005 -8.97478752019708e-009 
4.16461470055420e+009 5.33347355571677e+006 -1.45539942686911e+003 -9.49648709658929e-002 7.42370145057745e-005 -6.29829996615442e-009 
-3.12422284357591e+009 4.26245276175116e+006 1.09180850829377e+003 -4.10422162679821e-001 5.10815205462609e-005 8.04033619728707e-009 
-2.22976024954181e+009 -2.76769415784531e+005 7.79239201952620e+002 -9.95688505067538e-002 -6.13644796644895e-006 7.61152737102900e-009 
-7.30227151725642e+004 1.60934404951591e+005 3.40336302342357e+003 -1.23191290029292e+003 -9.75701568926488e+000 1.85314214709063e+000 9.25170339664548e-003 -3.29334994109349e-004 -9.84369991172044e-005 1.04242609086293e-005 3.95509103889063e-007 -3.39827819618550e-008 -8.65978959568118e-010 
-3.61971007795713e+005 -2.82113008786899e+004 1.65782728929200e+004 1.97529977780998e+002 -5.51630297332438e+001 -2.47398240224656e-001 2.93254648886439e-002 8.74172606502953e-004 -7.71727039176418e-005 -6.81256956397496e-006 7.02739512686799e-007 1.62555389400456e-008 -1.02124051452494e-009 
-1.20591113747187e+005 -1.52771063038864e+004 5.49130104268203e+003 1.10434640038940e+002 -1.82208228706203e+001 -1.49046771291972e-001 9.35690214720339e-003 3.08685495831411e-004 -2.27088240056638e-005 -2.67391187533401e-006 2.23544537985082e-007 6.68541786353687e-009 -3.11892513551544e-010 
2.29278123912077e+005 1.29246141917900e+005 -1.10674336918163e+004 -1.08411655566919e+003 2.85511296110110e+001 1.98425115115231e+000 1.52802987555127e-002 2.32005946549862e-003 1.61276125537704e-004 -6.45392071553549e-006 -1.15742128629017e-006 -3.10512411521519e-008 -4.72368328234558e-010 
-2.88933224217551e+005 9.87814918987516e+004 1.36220191530660e+004 -6.83973817426633e+002 -5.27335142945352e+001 4.53240964804918e-001 2.38325281249667e-002 2.20389201266772e-004 1.91233870840428e-004 1.77908531585591e-005 1.48208766268827e-007 -3.54551531386585e-008 -1.23885701652245e-009 
-1.06612014657264e+005 2.88575187119536e+004 5.01181941862512e+003 -1.91745404454127e+002 -1.88056502818691e+001 7.77384336965739e-002 7.27485121447977e-003 -9.66612315129108e-006 5.89378280528898e-005 6.26358832894104e-006 9.30281359269435e-008 -1.07901479090170e-008 -4.00627806564600e-010 
3.65666285020329e+005 -2.87973671740769e+002 -1.98895640189370e+004 -2.63761930980285e+002 7.78772323341470e+001 3.10972233613686e+000 3.79757059008629e-002 -7.72680481677591e-003 -1.15966222087491e-003 -5.95149426411937e-005 1.14639371424224e-006 4.08577698003904e-007 3.25693601617299e-008 
-1.78773929601613e+004 1.61560484465250e+005 8.03195781227405e+002 -1.40243681082342e+003 -3.15694165617789e+001 2.30780733575889e+000 1.91019643474516e-001 1.21447784851951e-002 1.32540079457565e-004 -6.10929305436829e-005 -5.89323519057586e-006 -2.03314779947971e-007 1.30287883268699e-008 
-1.95682739080404e+004 5.48374133508465e+004 1.00239257084400e+003 -4.64311963737011e+002 -1.35588846399485e+001 6.59792149744756e-001 6.31938718438755e-002 4.41033239497731e-003 8.85356778014784e-005 -1.84524301972583e-005 -2.03876493253278e-006 -8.42503931597709e-008 3.18654925494326e-009 
2.13786269116801e+005 -1.46557202756372e+005 -1.37788253254443e+004 1.36796854844712e+003 1.06802686154794e+002 -3.15435408573997e+000 -6.55446146440517e-001 -1.86892208857984e-002 3.44686832197483e-003 3.40499289568987e-004 -7.37527481914771e-006 -3.19011893725438e-006 -1.28051533022739e-007 
2.55935913413107e+005 9.76766477221086e+004 -1.64796674638606e+004 -1.20702676840458e+003 7.60471705162406e+001 7.91637122324758e+000 -7.88892492747307e-003 -4.70859602986720e-002 -2.73158069622871e-003 1.96424138984489e-004 3.27696414918927e-005 3.29977920131151e-007 -2.53453360320059e-007 
7.89913010959386e+004 3.86059361312451e+004 -5.06923387065066e+003 -4.59314990754227e+002 2.17017907593649e+001 2.79549300663951e+000 2.21080133629371e-002 -1.52364437741597e-002 -1.05476622490788e-003 5.37126851945178e-005 1.13752563122444e-005 2.31686642595109e-007 -8.10277799167414e-008 
-1.23546643729133e+005 -1.72094511098410e+005 8.27312494877783e+003 1.83896805480661e+003 -7.05371148896161e+001 -9.18842273688696e+000 5.66810471299114e-001 4.99521279766708e-002 -5.23282799483388e-003 -3.11605096324048e-004 5.09189200582455e-005 1.82367545443059e-006 -5.03828200726515e-007 
2.94582370221908e+005 -6.18914514557615e+004 -1.98055088106659e+004 7.88659433805656e+002 1.24807880183472e+002 -5.97565882919704e+000 -6.16459391371216e-001 5.16787638105518e-002 3.66920400629958e-003 -4.91430859908778e-004 -2.24825176720789e-005 4.82872330055839e-006 1.14415955890936e-007 
1.04768655620270e+005 -1.44955602071289e+004 -7.01947260920560e+003 1.97832396669224e+002 4.48473071108053e+001 -1.67727846406026e+000 -2.29836374278740e-001 1.56216344831274e-002 1.43881208911392e-003 -1.54720150557386e-004 -9.52598810462494e-006 1.56688691792048e-006 5.76725463458330e-008 
-3.50819198671848e+005 -4.50760817689701e+004 2.03475135577187e+004 1.07520687171139e+002 -1.01423038445308e+002 3.78277262271780e+000 1.20348975027145e-001 -3.16751536025330e-002 1.81493564596852e-003 6.85508041682282e-005 -1.74076087450643e-005 9.36313385128773e-007 4.86557728621127e-008 
5.86577855403163e+004 -1.60140835376937e+005 -3.43389245941559e+003 1.55608345463408e+003 -2.11443434678240e+001 -4.45330057041275e+000 3.79650248329291e-001 -8.38381470866766e-003 -1.80853748801677e-003 1.93672026216265e-004 -3.11395350890771e-006 -1.08931630258963e-006 1.12452571024467e-007 
3.33790955096554e+004 -5.25747738254865e+004 -1.93577559989308e+003 5.22097828774990e+002 -3.35431317243244e+000 -1.64570446466843e+000 1.24079658354752e-001 -1.65674398898341e-003 -6.80484797975335e-004 6.30202108243393e-005 -4.02026257115459e-007 -4.04066488997135e-007 3.62626027954417e-008 
-2.89771831642020e+005 1.01031810008157e+005 1.43657674047174e+004 -9.38350770512338e+002 -3.61279511850007e+001 2.04919512810226e+000 -8.97321937250075e-002 5.77578720279875e-003 1.71294168875318e-004 -3.49224790794577e-005 2.08296844147435e-006 -7.77666297905992e-008 -2.54498192532051e-009 
-2.36848511331194e+005 -1.22863655637603e+005 1.15177105245629e+004 8.67917469727374e+002 -5.11311779326182e+001 -8.65092103686335e-002 1.35744631755913e-002 -6.30276006966371e-003 5.79250600419443e-004 -1.39000512848835e-005 -7.24927436381993e-007 1.23081440352324e-007 -1.06055313655115e-008 
-6.91561427861121e+004 -4.55417533165382e+004 3.34490110999583e+003 3.28980967447797e+002 -1.58783394943902e+001 -1.02968364905017e-001 7.84949476900864e-003 -2.35604215706908e-003 1.89684347030939e-004 -3.39883166424335e-006 -3.23048872759129e-007 4.46201779689274e-008 -3.49792396112782e-009 
-1.36304018708664e+004 1.63725143342905e+005 7.64259542248728e+002 -1.24992289305569e+003 -3.72988258446976e+000 1.71204778447418e+000 3.87492488567800e-002 1.36400511100818e-003 -2.48734156870163e-004 1.99532280740828e-006 5.81379692749433e-007 5.43168047567613e-009 -6.43341866361747e-010 
-3.67388701893900e+005 -3.15397288225921e+003 1.69366605663543e+004 2.47142362468898e+001 -5.52792407673153e+001 -3.04272108943883e-001 1.20970941470879e-002 3.32518061699864e-003 3.98919627884566e-005 -1.30225046104091e-005 1.71508364367192e-007 1.80829023367904e-008 1.64456524159924e-009 
-1.24130878391045e+005 -7.46798452990477e+003 5.69795175142454e+003 5.67439125560345e+001 -1.84735057508153e+001 -1.68526103913902e-001 2.39259336497083e-003 1.07189020958968e-003 2.30999849873051e-005 -4.47499185548943e-006 3.55570238628716e-008 5.85882717084109e-009 5.82371721565340e-010 
-5.51351670631492e+005 6.66655326448110e+003 2.40180183805341e+001 -4.61580386763341e-002 -4.36513642361574e-003 -8.06342777933966e-004 -1.07520070199096e-004 -4.96668184209333e-006 9.15769710455813e-007 2.47421061683674e-007 2.88591498744590e-008 
-8.33213439069945e+005 -6.04647041787803e+003 1.63661946992701e+001 1.58989282819937e-001 4.92412897977350e-003 2.87831308279719e-004 -4.38543345498429e-005 -1.26307421187653e-005 -1.46938444279721e-006 -4.37004600234302e-008 1.92948770084164e-008 
-3.42821183371561e+005 -2.80031497996938e+003 6.34662720922771e+000 7.85252197332634e-002 3.18116720189477e-003 2.42303017860948e-004 -1.23416779108471e-005 -6.23530696976040e-006 -8.79853734635238e-007 -4.88824104921022e-008 7.32235228378223e-009 
-5.37830150563043e+005 6.85357621627036e+003 2.23222131863296e+001 -2.66992485567712e-001 -1.04792170719449e-002 3.10179096930263e-003 3.02568592174520e-004 -7.46389761555227e-005 -1.03835598530643e-005 1.98213737935595e-006 3.63748613093020e-007 
-8.45168844725403e+005 -5.90721119881031e+003 1.83778187183474e+001 1.03505416205800e-001 -2.16937715596226e-002 -1.38304305319623e-003 4.29553761395169e-004 4.59385453177131e-005 -1.13682810454068e-005 -1.59848655635035e-006 3.14791140049209e-007 
-3.48367526714909e+005 -2.74506495158375e+003 7.47511797592731e+000 7.40456662924753e-002 -1.03233149717580e-002 -1.05726677320258e-003 1.98014266329458e-004 3.22730792939142e-005 -4.99725070084101e-006 -1.05919357998462e-006 1.30485766517501e-007 
-3.02092612219668e-005 1.20948562934238e-006 -1.67614511722557e-007 -1.27299212002016e-007 7.74941175572267e-009 3.91554086587669e-009 3.34717244121725e-012 -1.81586084510368e-011 2.51718920139768e-012 -1.48969322628141e-012 
-4.48860084480782e-005 2.18251877898712e-007 2.02214001116624e-007 -1.88920622990593e-008 -1.11970650899782e-008 2.14916434062688e-010 1.75314588765389e-010 3.51877591182209e-011 -6.38579455778941e-014 -3.47958455877761e-012 
-2.97518022039492e-005 -1.65627402517818e-007 5.02810422616386e-007 1.87091745604305e-007 -2.46448275088882e-008 -1.33222452802124e-008 -1.05168653449412e-009 3.37337176001805e-010 1.39598885121297e-010 1.00161939929586e-011 
-4.44565480180764e-005 -1.76288564769665e-007 -1.84093209725854e-007 5.36604830834705e-008 2.33750842318190e-008 -3.72020559721688e-010 -1.15058718552745e-009 -1.93965633619501e-010 2.61990171433706e-011 1.33572531217771e-011 
-2.79833119519277e-005 5.45236042537721e-007 -7.63621450578356e-007 5.31799671154967e-008 7.15018586611385e-008 -1.14972941646877e-008 -2.76331152387843e-009 1.02860569884127e-009 2.57737194262547e-011 -5.71575218805543e-011 
-4.40855659858958e-005 7.43768118030763e-007 -2.30211386281050e-008 -1.06724334955148e-007 1.18256738730803e-008 6.70726932561194e-009 -1.36405639084046e-009 -2.24925686495081e-010 8.46717528282566e-011 4.28036171676476e-012 
-2.79432196154559e-005 5.73301738055784e-007 3.69210275497204e-007 -8.07989758028842e-008 -2.08184743446144e-008 3.04697973886706e-009 3.83837539455893e-011 -3.82333900178627e-011 2.40341676816977e-011 2.01300046143755e-012 
-4.35599769796822e-005 -3.76708592366123e-008 1.21839172365644e-007 4.77010532200597e-008 -7.59474135536615e-009 -1.15577846783389e-009 1.19589460898998e-010 2.24671944476597e-011 -3.00676419989937e-012 -2.42047299479079e-012 
-2.34940177697964e-002 3.05950006518933e-004 -5.11205315129553e-005 -3.00820535317071e-005 3.73962789621338e-006 7.46695445496423e-007 -8.13836212171501e-008 -1.00366732606896e-008 7.18870262947743e-010 6.53325679352309e-011 
4.34324297419577e-001 -6.52029438137265e-005 -6.04531136393658e-005 6.89860441016279e-006 2.13361552801532e-006 -2.64167639314759e-007 -3.98599515361182e-008 3.58675358406014e-009 3.77312016455523e-010 -2.58626544665952e-011 
5.54361742104535e+003 9.19650275716760e-001 4.26089908825032e-005 2.53972309043317e-005 -3.38673973082005e-006 -6.70871292490960e-007 7.44176565082828e-008 9.15125725156555e-009 -6.49329420937136e-010 -5.82638688756960e-011 
-2.35451322524717e-002 -3.11821830217766e-004 -1.72076145027567e-005 1.02754550369500e-005 -4.95395146164996e-006 -7.38990803585431e-007 1.66413816293184e-007 3.32813006240339e-008 -1.27725977747586e-010 -7.86589992114492e-010 
4.34044533351091e-001 -1.46370322183849e-004 1.24351735693236e-005 -5.63013295407868e-006 -1.20707866463688e-006 4.64786172602357e-007 7.15684196140591e-008 -7.01741698358078e-009 -2.39392704935974e-009 -1.85804249919399e-010 
5.54545723379638e+003 9.20109472053857e-001 -1.72449851621639e-006 -8.67152073153382e-006 4.90280743631342e-006 6.97792159702465e-007 -1.54510203270922e-007 -3.14118047105468e-008 2.61896075294170e-012 7.28933141584566e-010 
-2.44939523239766e-002 -6.85401296178400e-004 -3.73586824431879e-005 3.01717111225281e-005 5.60331094874689e-006 -1.32952937412074e-006 -1.79886294621743e-007 5.45568210070227e-008 8.26764641153612e-010 -1.79377246803505e-009 
4.33822165472647e-001 -3.76920683414932e-005 5.52886075638799e-005 8.79266017090546e-006 -2.66373896513135e-006 -4.95187123743668e-007 1.16136417222755e-007 8.82448469078821e-009 -4.33361868580798e-009 1.66552725271361e-010 
5.54729769708814e+003 9.20426115913651e-001 4.82980331091444e-005 -2.55596288664990e-005 -5.56064856695211e-006 1.20493090840198e-006 1.75390364408904e-007 -5.08182700387333e-008 -9.98122712554558e-010 1.69455469764633e-009 
-2.51833677784537e-002 1.40983091545647e-004 1.17529947577410e-004 -2.89509834501715e-005 -3.70769010929549e-006 8.75430512319747e-007 5.00188998317084e-008 -1.01847531958310e-008 -2.76310779455842e-010 -2.58686656108552e-011 
4.34019838705235e-001 1.37938333462596e-004 -4.83310121505310e-005 -9.87530958919666e-006 2.32223225542531e-006 2.06112997058154e-007 -4.62038865612312e-008 -1.74028179421846e-009 2.28818972305859e-010 1.38958709499183e-011 
5.54913804865910e+003 9.19787165857982e-001 -9.93127154293547e-005 2.45293102094906e-005 3.32644852199247e-006 -7.89411463234483e-007 -4.58387336885674e-008 9.43496616228357e-009 2.31943450931465e-010 2.35415558448599e-011 
