4.46970097220520e+007 7.92502127615073e+006 -7.60915846227143e+005 -4.08737648025625e+004 -5.18260226111736e+002 2.15506342245680e+001 3.36325128504990e+000 2.14964349067853e-001 9.06490858827354e-003 1.48921368091944e-004 -1.53171854438514e-005 -1.89695879423222e-006 -1.25012692386974e-007 -5.20877082445868e-009 
-3.47237265886283e+007 1.19215844917735e+007 5.82112213619854e+005 -1.95088547774167e+004 -1.45554116886796e+003 -6.65998576208256e+001 -1.97117300643913e+000 1.85118186850423e-002 7.04966419008062e-003 5.74939209771925e-004 2.94982208778311e-005 8.26813760290046e-007 -2.29259882039176e-008 -5.00156920283579e-009 
-2.31489537434252e+007 5.54677724572737e+006 3.89840931936155e+005 -6.18379990490246e+003 -7.23797066802220e+002 -3.78107875346155e+001 -1.40164783378513e+000 -1.23973250996719e-002 2.82602856379416e-003 2.91684077340189e-004 1.73454542022140e-005 6.38334329366947e-007 7.13774588246039e-010 -2.13174775895448e-009 
5.28541580003630e+007 -1.91442981470827e+005 -1.26574715614629e+006 -3.87218916064616e+004 1.36248378483303e+003 2.01537623547261e+002 1.18108458890934e+001 1.76636559307012e-001 -3.66325857511247e-002 -4.16924876056751e-003 -2.07560603443452e-004 1.59728007694414e-006 1.23963742899324e-006 1.11376619395253e-007 
-7.31942015877729e+006 1.51320734897826e+007 1.58286820585548e+005 -5.50577075498095e+004 -2.97389867273318e+003 -5.44732874260836e+001 6.46341382639480e+000 7.82108642603665e-001 4.06741326903980e-002 3.61310569360004e-005 -1.96319927317112e-004 -1.87225713881325e-005 -7.63382679496981e-007 2.59408042998303e-008 
-9.35555489368845e+006 8.10322372192550e+006 2.15777729738245e+005 -2.53965167402906e+004 -1.72986179807883e+003 -4.99927974212659e+001 2.22818300408775e+000 3.99477318510514e-001 2.55252815972080e-002 4.51540003302922e-004 -8.33524574433958e-005 -1.01668899643486e-005 -5.36303864490839e-007 2.31038697515614e-009 
4.13954828321615e+007 -1.14077308308665e+007 -1.42245413506647e+006 2.79129530408623e+004 7.24744887199343e+003 2.50871685366660e+002 -2.42122897412314e+001 -3.05635734145787e+000 -4.02024065429813e-002 1.85202209283910e-002 1.55357521541658e-003 -3.14323393072897e-005 -1.41866420989848e-005 -7.64510807628004e-007 
2.15552233238683e+007 1.29638305838438e+007 -7.71529869869015e+005 -9.36950199293013e+004 -3.07964097953805e+002 4.15911427493670e+002 2.67248589889080e+001 -8.37970701451627e-001 -2.29704243959477e-001 -9.53785805268549e-003 1.01402022585583e-003 1.41794335089590e-004 2.09994841129334e-006 -9.70929234205958e-007 
7.25689994603932e+006 8.10780702966060e+006 -2.64669035574121e+005 -5.29441939126798e+004 -9.15875743862518e+002 1.96164495655862e+002 1.67861535317053e+001 -1.30768025829820e-001 -1.18536380173996e-001 -7.01502024087873e-003 3.80609076194546e-004 7.90029315041750e-005 2.59253315467400e-006 -4.39395401811425e-007 
9.70075786091472e+006 -1.94201900964914e+007 -3.92293706815237e+005 1.30772205119968e+005 2.07483684230073e+003 -7.43158577507113e+002 -1.29898611741815e+001 5.34073151713313e+000 9.80028807048289e-002 -4.39003239231218e-002 -8.17139592033356e-004 3.90287005667669e-004 7.23415188744131e-006 -3.67271430402158e-006 
3.81898559770783e+007 2.96841721178690e+006 -1.59555448758251e+006 -1.96308094622744e+004 8.60970266239378e+003 1.07976173032542e+002 -5.53680433407569e+001 -7.48527389365447e-001 4.29429929619755e-001 5.92813779768313e-003 -3.68369940892740e-003 -5.07078328835129e-005 3.35757015998173e-005 4.58343721409294e-007 
1.94288649035626e+007 3.59909090241869e+006 -8.11649741151567e+005 -2.40440376340803e+004 4.38405916160169e+003 1.34724773663644e+002 -2.82300128967847e+001 -9.53542045022594e-001 2.19234248253067e-001 7.71800294159776e-003 -1.88305713740955e-003 -6.75496106219409e-005 1.71856087533057e-005 6.25601874237077e-007 
-2.11484685234206e+007 2.34186004435357e+007 2.66681106701470e+005 -4.85416366080556e+004 -2.28493878900550e+002 2.92947497741028e+001 1.49240455386208e-002 -7.34481829412457e-003 6.23299706830830e-005 2.14017310107078e-007 
-9.66620314419760e+007 -3.92116691980232e+006 1.20137694763615e+006 7.39517921787772e+003 -1.23126781598269e+003 -2.64186792555677e+000 4.73554457385534e-001 -1.44716732777298e-003 -6.73519695251785e-005 1.59086452062251e-006 
-4.21511982393676e+007 -3.24591003545268e+006 5.23661878515643e+005 6.39887273768621e+003 -5.39528641785722e+002 -3.04231794576712e+000 2.12123076582638e-001 -1.86353798312080e-004 -3.42475277966005e-005 7.02177645633960e-007 
2.59629593623321e+007 2.32042242203995e+007 -3.18537648528084e+005 -4.75567853484668e+004 3.45486366982931e+002 2.74084970854008e+001 -1.63417161782360e-001 -5.46525150376159e-003 4.94521795171823e-005 -7.35721452637153e-007 
-9.48489075674068e+007 5.70982475140547e+006 1.17212724311703e+006 -1.21278175614437e+004 -1.17478610578589e+003 8.04158079766960e+000 4.10442531782500e-001 -2.83698869210283e-003 -2.51651192759144e-005 6.55107351399038e-007 
-4.43160823033827e+007 1.10093501395722e+006 5.47532091276473e+005 -2.44746625821004e+003 -5.50434878782375e+002 1.88386676614569e+000 1.95011340179946e-001 -9.30720850071283e-004 -1.44536253326632e-005 3.42496480561926e-007 
-1.37383275088860e+008 7.62923940778561e+006 6.48648703255278e+005 -6.70640938500728e+003 -2.41053423596644e+002 2.20013276908233e+000 2.79498169791646e-002 -1.56256676195969e-004 -9.43607290364731e-006 -1.27850113172989e-005 -1.31765161309258e-006 2.79115814238171e-007 1.18017634558283e-007 
-5.33312310071540e+007 -1.74426173305606e+007 2.50026628740137e+005 1.33961192256614e+004 -1.19904997336228e+002 -2.77273975931909e+000 3.23001443903211e-002 1.21147185131597e-004 -5.06654627852863e-005 -5.10603637887477e-006 7.81557363147479e-007 3.75785596673921e-007 2.20503511223523e-008 
-2.31368934182234e+007 -7.56181900923052e+006 1.08388609866766e+005 5.80742942708822e+003 -5.19787733988460e+001 -1.20228351503986e+000 1.38904826577308e-002 6.85005149984042e-005 -1.50235362700637e-005 -2.38022261385362e-006 7.84858943352819e-008 1.26771636264225e-007 1.54335850415935e-008 
-1.17234390845407e+008 1.24345158086950e+007 5.46589364024010e+005 -1.01792239466591e+004 -1.91460041240857e+002 2.70282828845051e+000 1.61416406783595e-002 -2.11787408424908e-004 -8.40919022877102e-005 -2.52413688916888e-006 4.40543635556580e-006 -2.85520682572617e-007 -1.93921785752044e-007 
-8.57328296904878e+007 -1.48359487874559e+007 3.97573857112880e+005 1.10754965130766e+004 -1.67731177592871e+002 -2.00539595376440e+000 3.29233235919675e-002 -2.40354447049810e-004 -5.84981237977496e-005 1.29681954856942e-005 1.49972617145401e-006 -7.48066567965179e-007 -1.28646625838090e-008 
-3.71838509099693e+007 -6.43180185748826e+006 1.72352744629002e+005 4.80141832319859e+003 -7.27132329200508e+001 -8.69822016461040e-001 1.42766259175218e-002 -6.42060139698597e-005 -2.74808430295163e-005 3.52746552133323e-006 9.15688446586271e-007 -2.45476482418396e-007 -2.54401630715131e-008 
-2.18222795753614e+008 1.50673163944336e+007 9.93338102620718e+005 -6.58246069235538e+003 -3.65195827813085e+002 -3.67166679308099e+000 -2.51082924355799e-002 1.13324591882683e-003 3.43735027080254e-005 1.46936717343901e-006 -8.16683272619023e-008 
-9.23538676828676e+007 -2.49182716706961e+007 4.19495625800704e+005 2.08965899346824e+004 1.79071600073902e+001 -2.91225056789930e+000 -8.73063410938043e-002 -1.61336883461288e-003 -6.93177119789560e-007 5.62445513828569e-007 -1.17561589795305e-007 
-3.64729367776573e+007 -1.18363030953217e+007 1.65590447624697e+005 9.76251078186157e+003 1.80741930712861e+001 -1.23727879955211e+000 -3.93551385534690e-002 -7.63245148023885e-004 -1.78563730923211e-006 1.24128662304735e-007 -3.99484890203593e-008 
-3.17402063040489e+008 -1.67261475987351e+007 4.19900703370370e+004 3.45430945673727e+002 -7.46808361362151e-001 -1.31028382426336e-003 6.65161702688160e-006 -6.18204125478558e-008 
6.54381572101529e+008 -6.09904375500797e+006 -8.65485726998204e+004 1.82719239474065e+002 7.91666138880521e-001 -2.28515936169043e-003 1.00745483059760e-006 2.40171705109450e-007 
2.88200710435428e+008 -2.20699879566763e+006 -3.81193370377248e+004 6.99091431606803e+001 3.57512218379589e-001 -9.47582568950772e-004 2.30429603081825e-007 8.18441289683771e-008 
-9.67165553420732e+008 9.38238446135580e+006 1.88623643322750e+004 -3.36749554326354e+001 -1.88820681406422e-002 3.10679950604854e-005 -3.24135261376106e-009 
-1.05159833314590e+009 -7.94732996929176e+006 2.05066560618099e+004 2.23784381819031e+001 -3.53204088741626e-002 2.02703707559928e-007 3.77007900356470e-008 
-3.92725562874884e+008 -3.68658316014995e+006 7.65803235255332e+003 1.06939958415907e+001 -1.37761492938497e-002 -1.24930504372647e-006 1.67414951909553e-008 
2.92519883394162e+009 -2.10126178107694e+006 -6.90350457988620e+003 6.36638239881087e-001 1.18986127900644e-003 6.75243918062482e-008 
6.07538214459391e+008 8.00723954027419e+006 -1.43384517158200e+003 -3.19097252501379e+000 1.23145064946535e-004 2.49378265970294e-007 
2.24713110157085e+008 3.53667802877355e+006 -5.30368944499495e+002 -1.40656503956644e+000 3.68549894446816e-005 1.07446133224741e-007 
4.07038712701681e+009 3.10320713657129e+006 -2.86458773029376e+003 -3.84303885667342e-001 1.67989647721006e-004 3.09953133289264e-008 
-1.70468260209172e+009 6.38287879014664e+006 1.19985468533726e+003 -7.40240399667886e-001 -7.68804148587009e-005 2.06125801567867e-008 
-7.99073144053716e+008 2.53528923242308e+006 5.62425754178416e+002 -2.93415409312075e-001 -3.55921798081400e-005 7.81356491897729e-009 
9.87794426022801e+008 7.50470415701362e+006 -5.38772029722899e+002 -6.03763574217128e-001 1.71594931857451e-004 -4.19605390685637e-009 
-4.47196920948380e+009 8.64214980891568e+005 2.43887633313484e+003 -4.32306677757996e-001 -8.98539388253164e-005 5.84982044913264e-008 
-1.69318286707223e+009 -1.99145340818823e+006 9.23401229681220e+002 4.70874655590952e-002 -7.97686908812681e-005 1.72664923073955e-008 
-8.61420254470814e+004 -1.60417202910909e+005 4.12003611982930e+003 1.22095586037146e+003 -2.25090475786278e+001 -8.77882594938106e-001 3.51223685817182e-002 -9.21337261978865e-003 2.17553636125169e-004 1.19358784412873e-005 -1.10011186280946e-006 1.20033879616233e-007 -2.44416784339060e-009 
3.55753251914149e+005 -2.85206739945081e+004 -1.70841436175253e+004 3.05529984947569e+002 5.15283174457542e+001 -1.04552769197194e+000 7.61538008622382e-002 -5.28830751138912e-004 -4.81086265705141e-004 1.84835778040162e-005 -7.25017826221286e-007 -2.56785809247860e-008 7.92038602411278e-009 
1.17057854031622e+005 -1.70841870566966e+004 -5.62271835211366e+003 1.60567941643235e+002 1.64781151070966e+001 -3.98032968262335e-001 2.76141962652662e-002 -6.04439881755996e-004 -1.53732900398927e-004 6.85357161289567e-006 -2.97996554074567e-007 -3.21171266574383e-009 2.58397378884257e-009 
-3.32857346960081e+005 -7.63751026052324e+004 1.59822498590952e+004 6.96343235766057e+002 -4.72331245643343e+001 -2.05380856730328e+000 -7.76303229274019e-002 3.07069793204551e-003 5.89901096366635e-004 1.11132138168050e-005 -8.32558232030820e-007 -1.26024283919354e-007 -3.96998381946751e-009 
1.82822950201117e+005 -1.37587060281539e+005 -8.91500445036421e+003 1.03177151603240e+003 4.06776831115957e+001 -6.85210291644002e-001 -8.38011894717137e-002 -8.64323721414357e-003 1.14046918239099e-005 2.60629342271702e-005 1.40668984092762e-006 9.06567780249983e-009 -7.64291940085004e-009 
4.68847516375050e+004 -5.03088489330450e+004 -2.29486709890440e+003 3.83038942147222e+002 1.16306363673908e+001 -3.27514140812381e-001 -3.19909067040635e-002 -2.79793525515340e-003 3.10660203255202e-005 9.36879933292247e-006 4.39590184956544e-007 -2.71111774733978e-009 -2.78096557301938e-009 
-3.42646062520769e+005 6.85849186114182e+004 1.82944514399439e+004 -4.21314054319137e+002 -8.90932301467784e+001 -8.76886560622880e-001 2.27621008861401e-001 1.24970349781014e-002 -5.73615147302314e-004 -6.70612897571908e-005 1.30135030657980e-006 3.70108032083022e-007 2.65945816734367e-009 
-1.18006665466503e+005 -1.50426467334897e+005 6.37252918344069e+003 1.39625856012549e+003 -7.80102827276466e+000 -4.43203694911706e+000 -1.36891134185583e-001 1.04715256429942e-002 8.92754386525066e-004 -2.67210437693345e-005 -4.68721715918516e-006 2.51864965896407e-008 2.61690684223076e-008 
-5.58682802388112e+004 -4.79947108100713e+004 3.00936859210669e+003 4.55199492951388e+002 -6.76261875699062e+000 -1.54574120677230e+000 -3.60261543502325e-002 4.13233256955997e-003 2.76956417472761e-004 -1.21711991280717e-005 -1.53297648793065e-006 2.56129702485236e-008 9.01665735267063e-009 
-9.16737852237930e+004 1.71445226196393e+005 5.25858538022115e+003 -1.62843188053272e+003 -4.04676006582256e+001 5.45131401610574e+000 1.61676130942906e-001 -1.44650907190071e-002 -1.67146290463389e-004 5.93565725538142e-005 -2.37187560980866e-006 -3.46639491693823e-007 2.09799351560877e-008 
-3.21089786509863e+005 -4.17841563691032e+004 1.92424666746268e+004 5.20442008809302e+002 -9.60854487184337e+001 -2.73641500026833e+000 2.58845471474539e-001 7.19768024746084e-003 -8.13582563475638e-004 1.13054112848699e-005 4.28864755456723e-006 -2.26760131753977e-007 -2.47151216430999e-008 
-1.13378036566234e+005 -6.32332785303783e+003 6.78364824869825e+003 1.01963169906458e+002 -3.45111139957985e+001 -6.78501249839627e-001 9.53595690239645e-002 1.77745864979657e-003 -2.84133229157656e-004 6.58431230049534e-006 1.34851401275031e-006 -9.30462326525113e-008 -7.43438099418692e-009 
2.29551687759202e+005 1.33328805242281e+005 -1.42530652765064e+004 -1.32569196185174e+003 7.62598341606197e+001 4.86579865474275e+000 -1.89201701609667e-001 -1.13275698349924e-002 -7.66444795174521e-005 4.90744095706223e-006 4.30228422962073e-006 1.63798043468149e-007 -2.72025242946032e-008 
-2.50649016275326e+005 1.09198424455215e+005 1.56348523482698e+004 -1.09039473688605e+003 -8.37908913171370e+001 3.84998003815046e+000 2.38585279792198e-001 -5.47521742845742e-003 -3.91459269696871e-004 -3.48293218656708e-005 -1.12610169412445e-006 3.53244900580763e-007 1.54189115179669e-008 
-7.46623768743632e+004 4.32542299782616e+004 4.66074001888288e+003 -4.31442956669500e+002 -2.49651685122461e+001 1.53128215553206e+000 7.23190793990313e-002 -2.37849312561648e-003 -1.36328482250619e-004 -1.16198717187421e-005 -1.85744252011616e-007 1.27586126894149e-007 3.99190765089406e-009 
3.50002441583642e+005 -1.83062667882374e+004 -2.07072806877718e+004 3.26754235404218e+002 1.05780844933116e+002 -2.53848928069269e+000 -3.22067507472992e-001 1.12445621328066e-002 1.30212538466976e-003 -3.42082046557515e-005 -7.74376419342879e-006 1.15960314920311e-007 4.95647483389961e-008 
4.01898621904667e+004 1.66615007470498e+005 -2.17523995545183e+003 -1.59308026265199e+003 2.72368127275562e+001 5.62815571082778e+000 -1.64979754451976e-001 -1.83697942399063e-002 5.83125663127117e-004 9.32505942944287e-005 -1.68750079368954e-006 -5.90513169217843e-007 6.67588324683090e-009 
2.97666162543218e+004 5.58194094880118e+004 -1.68807112847125e+003 -5.26408654101146e+002 1.41016710361814e+001 1.79501240017190e+000 -7.08291030532455e-002 -5.72391511534578e-003 2.57797883926033e-004 3.01187982114428e-005 -9.28150318422069e-007 -1.95366665591741e-007 4.54021388486218e-009 
1.76667065026430e+005 -1.45318866672646e+005 -9.23399133482314e+003 1.35516418177566e+003 1.73897466406596e+001 -4.26698526329571e+000 1.57424691431779e-001 8.07369268287172e-003 -1.12851874674758e-003 5.99430298837861e-006 4.98247312519888e-006 -2.49399815477056e-007 -1.59382659684266e-008 
3.05092096725442e+005 8.66991690431446e+004 -1.59832627871937e+004 -5.81167604537710e+002 7.79885701686775e+001 -6.12782561196158e-001 -1.88415215904960e-001 1.40120108602279e-002 2.36047440906042e-004 -7.31534944670538e-005 1.82127881247842e-006 2.88376272720770e-007 -2.29435728121765e-008 
1.11918950165606e+005 2.28391192246463e+004 -5.85569652026551e+003 -1.35611469549983e+002 2.72780915345104e+001 -4.04224127143026e-001 -5.67494429208755e-002 5.13327433632231e-003 2.84536123259223e-005 -2.45829106942041e-005 8.47348937781511e-007 8.65635853084535e-008 -8.52779272590224e-009 
-1.36366247683686e+005 -1.54444443611862e+005 6.60327640583727e+003 1.17073801864426e+003 -2.90045039820732e+001 -8.70475800539704e-001 4.92677396467185e-002 -8.74493113129882e-003 6.17142494278480e-005 1.76897422384457e-005 -1.12408612265628e-006 7.05967343296546e-008 3.36558500299809e-009 
3.42285040757302e+005 -4.97387328971969e+004 -1.63222217442207e+004 4.47998491769154e+002 4.91878094809305e+001 -1.22737555736517e+000 6.99235876999616e-002 1.10052291679513e-003 -4.89502655862668e-004 1.08725551317877e-005 -7.69676602990564e-008 -7.28968735176917e-008 6.17112929148268e-009 
1.10264244815059e+005 -2.39686086311197e+004 -5.24976628543635e+003 2.05359492357914e+002 1.53745913896114e+001 -4.55418466249312e-001 2.61207148416548e-002 -2.56130483278922e-005 -1.63542336044548e-004 4.50023494013006e-006 -7.82267320668909e-008 -2.15570894029015e-008 2.25141111632517e-009 
2.36078042084399e+005 6.57072186741418e+003 -1.30512079508089e+001 1.54909064507282e-001 1.05582321983087e-003 -5.63279039766548e-004 -7.94631484863853e-005 -6.89189272328946e-006 -8.81830515540487e-008 1.01577285537114e-007 1.80182112197089e-008 
-2.66139327161710e+005 3.69388387271272e+003 1.53351513563178e+001 -3.49758528200149e-002 9.23276424981116e-003 4.30556638225809e-004 -2.93915744971836e-006 -5.87595217276666e-006 -1.00523919771416e-006 -1.08596576262001e-007 -8.19059249040054e-010 
-1.32793211401684e+005 1.43447398908457e+003 6.76926171188444e+000 -2.29937608754853e-002 4.63956577501171e-003 2.83403067175930e-004 6.76574736715452e-006 -2.42448319855180e-006 -5.27894727713045e-007 -6.60103735891164e-008 -2.30552647803299e-009 
2.49120137315312e+005 6.47245374196284e+003 -1.18029544416898e+001 -5.99229306539251e-003 -1.77295046365660e-002 1.30570240710794e-003 4.92179866069458e-004 -3.86106025897013e-006 -1.40321327186477e-005 -7.79446285629203e-007 3.65837754337390e-007 
-2.58628355020306e+005 3.81747252681174e+003 1.57639788274422e+001 6.34219161757712e-002 -9.06978655849925e-003 -2.54028756035656e-003 1.30394548960381e-004 7.39509335242570e-005 1.27780890684607e-006 -2.05815246225412e-006 -1.76163625701825e-007 
-1.29869947665452e+005 1.48898359495142e+003 6.98948646336939e+000 4.26554450862060e-002 -3.26527398987268e-003 -1.49487114415189e-003 1.87345230655638e-005 3.99028947740403e-005 2.13734552848541e-006 -1.01609107942698e-006 -1.32033981340079e-007 
3.85719426445147e-005 -1.01788891005132e-006 -4.69937441610943e-007 -1.59727348347215e-008 2.56607871799974e-008 6.58273970040164e-010 3.28263241280742e-012 2.43112324474342e-011 -2.42966423507779e-011 -4.20891514839915e-012 
-3.70251676003746e-005 1.18061857864215e-007 2.12897251601226e-008 -5.87090569529068e-008 -2.09067229913109e-009 1.16835530315942e-009 5.02611567445796e-011 3.89303770021177e-011 4.39501311501637e-013 -1.75884213135061e-012 
3.59799975691893e-005 -4.68261059699987e-007 6.69826543727180e-007 -2.90499004724305e-008 -5.60916227379573e-008 -1.48961072603534e-009 2.13779176084791e-009 1.65206691143518e-010 -5.01965662197673e-011 -6.25789465107074e-012 
-3.77457462980691e-005 -8.37609626186191e-007 4.76734715231357e-008 8.86562471554713e-008 -7.23506927633164e-010 -4.82185583372371e-009 -2.15405812992811e-010 1.34685370271256e-010 9.33704440090538e-012 -2.33364173188768e-012 
3.52438987624225e-005 -1.37120629665438e-006 -3.61567475000448e-007 1.99989394781874e-007 3.22310062479653e-008 -1.29955014775405e-008 -1.19220816875708e-009 4.50864918092188e-010 3.66783753581565e-011 -1.01609625525328e-011 
-3.84663752932441e-005 -1.77480402665843e-007 -2.35410999469098e-007 -5.12492563643528e-008 2.40190802369253e-008 2.59932212821967e-009 -1.10958901038959e-009 -6.86250185272226e-011 3.39853400480613e-011 1.43115195205495e-012 
3.41054981340987e-005 5.26031942498768e-007 -9.75266984582546e-009 -1.55414822787921e-007 1.02326989453409e-008 4.91744399892057e-009 -8.26746962215771e-010 8.96914613501369e-012 2.41965416084802e-011 -2.98456047810856e-012 
-3.95851286740078e-005 -4.64898101945466e-007 2.23144496060955e-007 -7.52348384082041e-009 -1.44007442980740e-008 1.38570799445071e-009 2.41740680801992e-010 -6.70922689667331e-011 9.31377806709899e-013 1.06678960872372e-012 
3.19730592993946e-002 1.45026462559751e-003 -3.07486711752626e-004 -7.48461244505643e-005 8.09867089358644e-006 1.25493318172024e-006 -9.56685416401883e-008 -1.06256459399672e-008 -1.28029323289046e-010 -1.30586819956978e-011 
4.33400525465320e-001 -4.51022793550060e-004 -1.76815902467856e-004 2.36530967775888e-005 4.37580141773704e-006 -4.19279323026616e-007 -5.42340343216538e-008 2.73800932007007e-009 2.47270727467453e-010 4.02636608611155e-011 
3.76267297770609e+003 9.18612624086460e-001 2.78983403162596e-004 6.62619597122175e-005 -7.33462087806802e-006 -1.13128186415338e-006 8.65342538863947e-008 9.81196571585255e-009 1.17344450705431e-010 1.05703955208759e-011 
3.16227204830847e-002 -1.70371573126238e-003 -2.12460291441167e-004 6.41005917849695e-005 -1.04052661515675e-006 -1.28168275793787e-006 1.52648097883774e-007 2.84313849735856e-008 -3.07850780540724e-009 -6.32119854654380e-010 
4.32256130505817e-001 -4.00125335958055e-004 1.55778157395490e-004 7.71794105491800e-006 -3.85145311383499e-006 3.04514497323390e-007 7.70364253138419e-008 -9.97028052951280e-009 -1.76174615369525e-009 1.55780047515331e-010 
3.76451310179023e+003 9.21413169353613e-001 1.80780884185842e-004 -5.79064235313782e-005 1.17676276476552e-006 1.16577473526787e-006 -1.41250807888270e-007 -2.59236767438643e-008 2.84086318058774e-009 5.75539030967617e-010 
2.84185368943779e-002 -1.06534639656835e-003 3.23095919831165e-004 3.90010005609376e-005 -1.55275449161743e-007 -8.93103569390926e-007 -2.01687270920769e-007 1.98603036448155e-008 5.40737981213734e-009 -3.13506228927477e-010 
4.32612790868430e-001 6.98549321476770e-004 8.93439239650072e-005 -1.45637576551506e-005 -2.49794153135913e-006 -3.28221809353027e-007 5.60655617558893e-008 1.49889346880071e-008 -1.10929618224789e-009 -3.13688829827564e-010 
3.76635569219431e+003 9.20797776425292e-001 -2.87522188718757e-004 -3.37021086482980e-005 6.30242969547056e-009 7.88087516797006e-007 1.84163658922061e-007 -1.78171997058649e-008 -4.89583502692172e-009 2.82043705768566e-010 
2.92478300577771e-002 1.74529864418092e-003 1.30062309782888e-004 -8.75972303201731e-005 -4.61655486101976e-006 1.58392495392582e-006 5.10077045187745e-008 -1.98259623405769e-008 1.09883171527221e-009 1.00293421530815e-010 
4.33796908172616e-001 2.20893640373426e-004 -2.08939407099835e-004 -1.13586037128861e-005 5.25930652241753e-006 2.51313236598935e-007 -7.88292929015970e-008 -5.50586427820267e-011 7.69369130969063e-010 -1.07110898129110e-010 
3.76819467362879e+003 9.18320051324382e-001 -1.11189735965893e-004 7.81307155393110e-005 4.09028235639381e-006 -1.42094189542710e-006 -4.69620515847231e-008 1.78350349306723e-008 -9.71496673229346e-010 -8.99871069040793e-011 
