-4.28658293530789e+007 9.62144569268136e+006 5.38300651396862e+005 -2.65069694571897e+004 1.60181363723252e+002 -5.16488377896570e+000 -5.26836116805173e-001 2.99624284127422e-002 -1.63182325865816e-003 6.57045097057620e-005 -1.98051754559929e-006 3.43091718227215e-008 1.55714519524304e-009 -1.81537504013588e-010 
-4.82980273358273e+007 -8.27142115665108e+006 6.08434404973709e+005 1.06179871291871e+004 -5.10092317243975e+002 2.02748162283022e+001 -8.58009895315636e-001 1.83915539601268e-002 -3.37597619690564e-004 -2.19509908760633e-005 1.88156446175917e-006 -1.17573058974373e-007 5.30304799570460e-009 -1.92225102131850e-010 
-2.13660298498996e+007 -5.41521134475584e+006 2.69261856985270e+005 8.41883878340204e+003 -2.89097783648791e+002 1.13663203540831e+001 -4.03778458081271e-001 6.72056627313590e-003 -1.12663948620317e-005 -1.85342879324399e-005 1.21037390069568e-006 -6.63660701762107e-008 2.67156712054542e-009 -8.38582359419056e-011 
-2.03003739981153e+007 1.26878393354756e+007 2.30535578159213e+005 -2.52550766375658e+004 -2.45441995479173e+001 -1.19191820883262e+001 -1.52588485305900e-001 3.72846937544229e-003 -2.69493411414565e-004 2.13130341480744e-005 -3.00583168118976e-007 3.26251540095284e-008 -9.25055216239440e-011 2.34877484285469e-011 
-5.96516471805847e+007 -3.00872013354004e+006 6.97050993710775e+005 4.72896821572447e+003 -2.76936864990597e+002 4.24495093704128e+000 -5.51290644362300e-001 2.65485171397996e-003 -5.43351405244604e-004 -1.90083111180388e-006 -1.47540352791860e-007 -1.01412159027920e-008 6.62007937052254e-010 -1.90986015586732e-011 
-2.97685338786270e+007 -2.92149605545833e+006 3.48491478979123e+005 5.14309833794806e+003 -1.45402224447069e+002 3.50269486819893e+000 -2.78698508428513e-001 1.03208311806731e-003 -2.62347250512532e-004 -3.22449432736331e-006 -4.76765201912439e-008 -8.79446240647388e-009 3.63324709308367e-010 -1.26542196042811e-011 
5.94250959452950e+006 1.32939299872783e+007 -8.33187736483175e+004 -2.77270428891980e+004 -2.93195396432928e+002 -1.46060551224064e+001 -5.33770275709850e-002 7.99417274204792e-003 6.52680483148027e-004 4.18586438646003e-005 1.56207457570709e-006 6.49407257085909e-008 1.44981813197880e-009 1.83802490648292e-011 
-5.99648502670398e+007 2.72111080979207e+006 7.27666867824724e+005 2.46895014283895e+002 -3.28939455593182e+002 -1.01749322755446e+001 -7.41336816699080e-001 -1.73264408411078e-002 -7.46142520549759e-004 -7.60575470867753e-006 1.69790629743226e-007 3.68944655996052e-008 2.35173527608513e-009 1.11542029507110e-010 
-3.26540657823495e+007 7.66920170641032e+004 3.97366881509659e+005 3.00481051478055e+003 -1.45347169388421e+002 -3.92223560179366e+000 -3.90504029363313e-001 -1.00845310779476e-002 -4.66233879936858e-004 -8.39965678068740e-006 -7.11465829011915e-008 1.29778290811244e-008 1.10621628310945e-009 5.76970171086107e-011 
3.07393566609848e+007 1.11947078567825e+007 -4.53695544557421e+005 -3.46828662651527e+004 -5.59809590545938e+002 -8.85717644441762e+000 8.13419938804062e-001 7.17383927281041e-002 4.12424780919155e-003 1.74361082012732e-004 4.67432064510392e-006 -3.01018206614771e-008 -1.47683592517703e-008 -1.20444161352273e-009 
-4.87698399645206e+007 8.44205532443925e+006 6.88632640471579e+005 -7.82613943604158e+003 -7.64098680313143e+002 -3.65610675704684e+001 -1.55937915353911e+000 -3.78957676636105e-002 2.58388017694264e-005 9.84206709243512e-005 7.95791741260837e-006 4.41449216846030e-007 1.77065579013452e-008 3.97066940350648e-010 
-2.92418552494172e+007 3.35044155507165e+006 4.14890285509112e+005 -5.87243578095121e+002 -3.50192098216511e+002 -1.86138697429845e+001 -9.17332261637121e-001 -2.76777440689434e-002 -4.13521409192607e-004 3.45118056087309e-005 3.76693998199964e-006 2.38950452679860e-007 1.09893430120813e-008 3.36915672030633e-010 
-1.05250071750396e+008 -4.27861043634054e+006 1.33962711707570e+006 8.46334044071627e+003 -1.45013457711920e+003 -4.01059516893535e+000 6.92268261015358e-001 -5.11382779460075e-004 -2.35576670725722e-004 1.55175397719804e-006 
1.38070875364389e+007 -2.18112081107434e+007 -1.83465931137815e+005 4.64248567821471e+004 1.64838427417778e+002 -3.11494650876535e+001 -2.08942885861302e-002 1.18268302161714e-002 -4.48495524145850e-005 -3.91601764686784e-006 
1.28549193725239e+007 -9.54417722338324e+006 -1.67301334231307e+005 2.03557790506787e+004 1.65910803778907e+002 -1.37635398005452e+001 -5.31938785276188e-002 5.35438537190001e-003 -5.27781462285926e-006 -1.86049518129107e-006 
-1.03047469335514e+008 6.44989551757656e+006 1.30220307663946e+006 -1.44971269458864e+004 -1.36947316587429e+003 1.16513099293129e+001 5.84604008604218e-001 -6.64683163820721e-003 -1.36098312836278e-004 3.51615904361842e-006 
-2.95182552777532e+007 -2.10526888461276e+007 3.69107177523935e+005 4.41592506243238e+004 -4.37682650677962e+002 -2.79553909769937e+001 2.71872805593476e-001 8.55833084580475e-003 -1.44294892290702e-004 -1.42167139316298e-006 
-6.78039425301484e+006 -9.88150493909544e+006 8.37236416574795e+004 2.07887064919501e+004 -1.10325855931136e+002 -1.33169528679887e+001 8.53615069732845e-002 4.27171227538804e-003 -5.63227437297852e-005 -8.62174257687027e-007 
-3.76351334031178e+007 1.95900884782245e+007 1.67657792365184e+005 -1.48973052438079e+004 -4.89812088384696e+001 2.99839939041061e+000 -1.05332297818877e-003 -2.60302855009471e-004 -4.00319628118623e-005 1.39759373537544e-006 1.32449052590729e-006 2.00518028231705e-007 1.33786466274806e-008 
-1.34957589257082e+008 -4.67933231316536e+006 6.11111308970517e+005 3.21597506946547e+003 -2.23206882202656e+002 -3.45524744915251e-001 2.36033266359230e-002 -4.24309681064272e-004 1.86225751869340e-005 1.37762566814170e-005 1.09146144896319e-006 -1.86189006462688e-007 -7.51005535217662e-008 
-5.84746987150317e+007 -2.02852936895870e+006 2.64890605932815e+005 1.39412135252141e+003 -9.67509050139634e+001 -1.49366221300942e-001 1.02136136890207e-002 -2.18059967051456e-004 7.41180198265035e-006 7.43448510916485e-006 6.39899475110889e-007 -9.88919809085656e-008 -4.02387961035495e-008 
2.31379495708962e+006 2.02074934215657e+007 -1.38441559943539e+004 -1.52048343578634e+004 1.02933677409022e+001 2.92560850237780e+000 -3.84593861263959e-003 -2.67815674888629e-004 6.15996263379389e-006 5.32233465971445e-006 -1.38041549458724e-006 1.67647969068142e-007 5.17077451978475e-008 
-1.39348235881081e+008 3.02881923854400e+005 6.28144168523663e+005 -3.80578226499445e+002 -2.24573656794538e+002 2.04325660649883e-001 2.05904578239462e-002 -1.05924802044841e-004 6.56858408427316e-005 -5.63066446997033e-006 -7.80668013721035e-007 5.11492612805888e-007 -1.07488368163364e-007 
-6.03783291365481e+007 1.31053730676997e+005 2.72275206437944e+005 -1.64836391148763e+002 -9.73428559673299e+001 8.86051544255473e-002 8.80562336107164e-003 -4.87283217799375e-005 3.51745489312236e-005 -2.94024090477913e-006 -4.66961100142658e-007 2.72577412527733e-007 -5.55022743413587e-008 
-1.09979410209561e+008 -2.85736510248673e+007 4.80545593842839e+005 1.89878915444669e+004 -2.57859675034612e+002 6.60846717547030e-001 2.33456738577481e-002 -1.52335607831838e-003 2.61652171421598e-005 -2.95436608264073e-007 -1.45273938999461e-009 
1.95140450502101e+008 -1.13911028181914e+007 -8.61779906575199e+005 1.18471799127705e+004 1.82134442564238e+002 -3.35619144600148e+000 6.83502391676889e-002 -5.81279831896781e-004 -9.32924410480696e-006 3.90145843485910e-007 -7.88414216800473e-009 
9.24877475370039e+007 -4.45436726518982e+006 -4.08236169397538e+005 4.92230429207901e+003 9.04927355735339e+001 -1.55723310822340e+000 3.07192067144325e-002 -2.25323375701537e-004 -4.99682895579376e-006 1.87839017789593e-007 -3.48597775999099e-009 
7.40882028467396e+008 2.72546677182909e+005 -1.15026128059715e+005 -2.53545591406535e+001 1.68942140917878e+000 8.79921764128594e-004 -1.67865845772424e-005 2.55805995536257e-008 
-1.22117547849753e+007 1.73719207939172e+007 1.81981292363721e+003 -4.49118743432053e+002 -1.34548363798545e-001 4.90246352761619e-003 4.08794957022164e-006 -4.83509389932869e-008 
-2.32646494477971e+007 7.43931409290440e+006 3.57975245379883e+003 -1.91885994848729e+002 -9.87873998172547e-002 2.07997047788422e-003 2.17882344430715e-006 -2.02760033037411e-008 
-5.34757232049445e+008 -1.29878099441601e+007 1.36732289363553e+004 5.40949838614619e+001 -4.14607995569454e-002 -9.38693750428392e-005 6.57672335126983e-008 
1.14053129257419e+009 -5.11048591091684e+006 -2.91985024136350e+004 2.46057950338773e+001 6.85585346143719e-002 -6.12230258448167e-005 -2.21843996633647e-008 
4.94129105782876e+008 -1.55147412995656e+006 -1.26496709557362e+004 7.83312195509782e+000 3.01098587782405e-002 -2.12136506868605e-005 -1.37446161774320e-008 
-2.79289380069400e+008 -9.43767491748305e+006 7.79685104990291e+002 4.46366755188165e+000 3.52480607654717e-004 -7.01123524098675e-007 
2.57857516201888e+009 -1.30394882558238e+006 -7.22011258426124e+003 6.67842128137696e-002 1.75751147855561e-003 1.57809041347477e-007 
1.13328594778302e+009 -4.37698542287783e+005 -3.17324701089486e+003 -3.34743322534489e-002 7.63746358965404e-004 7.81363700334116e-008 
4.19974328581600e+009 -2.58292469643273e+006 -2.99867732944730e+003 2.96324935474959e-001 1.88572078527432e-004 5.89676801642346e-008 
1.43181268672228e+009 6.56538099720881e+006 -1.02250644315865e+003 -7.84483431996032e-001 6.74567514323424e-005 2.68807213921526e-008 
4.81490712322478e+008 2.75154800124006e+006 -3.43862194049386e+002 -3.28450412189140e-001 2.30042640116626e-005 8.67072795797882e-009 
4.03494017260340e+009 5.47250225693647e+006 -1.44068063129750e+003 -1.09627658701466e-001 7.93663090905625e-005 -3.35077207747562e-008 
-3.22524108787998e+009 4.15478006845334e+006 1.15159952460296e+003 -4.19877721155193e-001 4.70332917524664e-005 2.18797870752966e-008 
-2.22221460503149e+009 -3.52261538329334e+005 7.93477289718166e+002 -9.80571712917615e-002 -1.00083860766064e-005 2.12901995822272e-008 
-2.08538662305208e+005 1.39864634949588e+005 9.68826988477561e+003 -1.05230704959131e+003 -3.70480105151302e+001 1.33191925604768e+000 5.84002332054535e-002 1.57838205976280e-003 -1.91469991073684e-004 3.99077636660411e-007 7.69091006286931e-007 7.86550672981494e-009 -1.87293524993834e-009 
-3.09487734255695e+005 -8.22433466892191e+004 1.42934600514230e+004 6.69411201975382e+002 -4.53543057055660e+001 -1.45531313213580e+000 2.17797071622968e-003 2.71260284721944e-003 5.72094809034959e-005 -1.23784971895808e-005 6.84604110502546e-008 3.72130702038648e-008 1.46090241132722e-009 
-1.02998716659228e+005 -2.73420730938660e+004 4.72738802217703e+003 2.22122157202257e+002 -1.48911799065244e+001 -4.81249919673389e-001 4.46582781678263e-004 8.94494385514132e-004 1.89779709927919e-005 -4.09133074570313e-006 2.20667838299338e-008 1.22833615193654e-008 4.86871661311741e-010 
1.03261344351766e+005 1.59333009659845e+005 -5.35482448848023e+003 -1.35110929126069e+003 4.38010708955802e+000 2.77524708033339e+000 5.48576032123762e-002 1.66565581392104e-004 1.34992063145193e-004 2.83641200319267e-006 -1.35756899021477e-006 -7.78922004207152e-008 7.04967973108340e-010 
-3.44265864169334e+005 4.98335846655788e+004 1.70907868892667e+004 -2.61108802672366e+002 -6.81104033886511e+001 -5.89583318929911e-001 6.09259798783112e-002 1.38112322291835e-003 6.12786017206467e-005 1.87692530864697e-005 7.87285964776852e-007 -5.26405780308808e-008 -4.18525241988319e-009 
-1.14736361109569e+005 1.64028373815425e+004 5.67055760914759e+003 -8.42554142523967e+001 -2.24867884488124e+001 -2.02231830397912e-001 1.98172421439378e-002 4.54849052074494e-004 2.03467852495265e-005 6.23174799105591e-006 2.63501372433518e-007 -1.72563108282425e-008 -1.38573135652013e-009 
3.31681267471806e+005 5.75489283331601e+004 -1.90657524443841e+004 -7.58689031230070e+002 7.45372591288281e+001 4.22118671209923e+000 3.11991546605631e-002 -8.83807922487148e-003 -1.14881441552552e-003 -5.85675613629032e-005 2.17726506021430e-006 4.99513689129388e-007 2.89782626824889e-008 
-1.31070074177334e+005 1.55232733079039e+005 7.35183093153760e+003 -1.33987494245893e+003 -5.81390149946530e+001 2.21274518956097e+000 2.25482257022666e-001 1.15160293808200e-002 9.97487400455807e-005 -6.67538292949923e-005 -6.30314080781002e-006 -1.23365594733607e-007 2.35654726997110e-008 
-4.41600256011605e+004 5.15042059268902e+004 2.47240726561604e+003 -4.41990519807576e+002 -1.94091631552122e+001 7.18121867027151e-001 7.45696878192036e-002 3.85286328527542e-003 3.63746972528039e-005 -2.20009460243451e-005 -2.09699247532430e-006 -4.22680101074224e-008 7.73954091862445e-009 
2.83670866948826e+005 -1.05200969088658e+005 -1.85296072705753e+004 9.82317666730150e+002 1.23021753905310e+002 -2.21768337102940e+000 -6.34291067821985e-001 -1.45947148033480e-002 3.36514634224366e-003 2.64186061857946e-004 -1.31264318808763e-005 -2.67628532164190e-006 -2.05570483050906e-008 
1.79814756894970e+005 1.39617390469710e+005 -1.16729650796992e+004 -1.54926700608687e+003 5.35103795231557e+001 8.30238217698011e+000 7.34725689085710e-003 -4.42693198390341e-002 -2.13049140465194e-003 2.15647924838254e-004 2.61931224722470e-005 -4.64357836870387e-007 -2.31221858542786e-007 
5.93114330460947e+004 4.66551303560227e+004 -3.83069345492271e+003 -5.15718933410255e+002 1.73934363489856e+001 2.75525614623781e+000 4.25551131026147e-003 -1.46387519733618e-002 -7.15942265335438e-004 7.08355687121156e-005 8.72535410900298e-006 -1.46977442423194e-007 -7.66654019893678e-008 
-1.94083636317701e+004 -1.81185962479981e+005 1.18072603427483e+003 1.89195181613013e+003 -3.27129662068688e+001 -8.74254826431506e+000 4.08720103327432e-001 4.05840470655884e-002 -3.96084073446561e-003 -1.95634406408837e-004 3.62393871189225e-005 5.97800584566702e-007 -3.20570092148942e-007 
3.24083257000867e+005 -3.09001214557695e+003 -2.08117365757112e+004 2.18529487804700e+002 1.25600181744109e+002 -3.67426809600550e+000 -5.52594695962032e-001 3.87665817372808e-002 2.71110714817718e-003 -3.61371830040550e-004 -1.15313720216235e-005 3.25883067011535e-006 6.11238875712487e-009 
1.08056073915920e+005 -5.18904276538132e+002 -6.91008771820722e+003 6.72729457553147e+001 4.16716883324813e+001 -1.19533661509904e+000 -1.84138220023603e-001 1.27526245977050e-002 9.09459384789963e-004 -1.19372978726688e-004 -3.91993590148095e-006 1.07967119350195e-006 2.86299192480966e-009 
-3.12769702102313e+005 -9.88033901755829e+004 1.71260200486661e+004 6.31872572177899e+002 -8.89390145617799e+001 1.73418519917203e+000 1.53733350154186e-001 -2.43818159055463e-002 1.01945313529388e-003 6.48719526222147e-005 -1.09073846671252e-005 4.92814008065970e-007 3.06824443869741e-008 
1.78445186398909e+005 -1.33155432736989e+005 -9.77281562142843e+003 1.32349585057844e+003 1.26542027694926e+001 -4.22776617114133e+000 2.62401427142737e-001 -1.76489101175202e-003 -1.48579322763753e-003 1.19075553298253e-004 -6.41943933473516e-007 -6.86075126950684e-007 6.10555039344814e-008 
6.05267298544371e+004 -4.39375973282600e+004 -3.29932490486850e+003 4.36245283108436e+002 4.41504087931618e+000 -1.40183930982081e+000 8.67521515484826e-002 -5.27997837710930e-004 -4.95483504522408e-004 3.93378737903292e-005 -1.85710673827181e-007 -2.28899690896891e-007 2.01808341571286e-008 
-3.64399680471920e+005 4.74289098806924e+004 1.75073770293565e+004 -4.71986668483192e+002 -5.18050980578163e+001 1.17075292866365e+000 -6.84422217590707e-002 3.47449084442949e-003 3.36833407391609e-004 -2.36390874653094e-005 1.02462061124260e-006 -3.98236972473461e-008 -3.67773273977512e-009 
-1.16356901325996e+005 -1.48894826847016e+005 5.45823819473897e+003 1.12090740550073e+003 -2.69664277630145e+001 -8.12308320155321e-001 1.00818940778659e-002 -6.95628659174553e-003 3.69780335967601e-004 1.84810267590916e-006 -6.14367912717322e-007 8.73286087706955e-008 -6.40706914681171e-009 
-3.73233095151353e+004 -4.96927199386830e+004 1.74077238074088e+003 3.72594158648286e+002 -8.70942518369572e+000 -2.66748452052890e-001 3.45919039145549e-003 -2.32491896682343e-003 1.21481970991365e-004 6.62879412842549e-007 -2.05690864591114e-007 2.91365442658738e-008 -2.11569398811060e-009 
-1.56420795053101e+005 1.52165739788672e+005 7.47904218290528e+003 -1.15592295929194e+003 -3.32823503258399e+001 1.30674087062862e+000 8.43209250655139e-002 4.53459031752863e-003 -2.39797927536736e-004 -1.50199160016072e-005 2.24413372501733e-007 5.05994550983866e-008 2.40490225904049e-009 
-3.33966044146065e+005 -6.01404056986911e+004 1.57038628604511e+004 5.30463454084618e+002 -4.96718292335703e+001 -1.57883923318055e+000 -2.17781256630027e-002 4.29424093784032e-003 2.82072109915817e-004 -9.88025137212522e-006 -7.48130903401214e-007 -1.41261491269567e-008 3.25486853741432e-009 
-1.10592839096388e+005 -2.07047895168928e+004 5.17297513782738e+003 1.80866488934144e+002 -1.62145803665700e+001 -5.26849584397579e-001 -7.86950979054151e-003 1.39839891322830e-003 9.45166967744002e-005 -3.19100142226911e-006 -2.48266888703135e-007 -4.97732145541301e-009 1.06644543373960e-009 
-7.60306605622881e+005 1.84485490051311e+003 2.24241197905576e+001 5.96983863676536e-002 3.39375725818886e-003 5.02811475365290e-005 1.17663484044640e-006 -2.66467451071360e-007 3.39853726238767e-008 3.81147491888126e-009 -1.05908045313269e-011 
-4.92701081030718e+005 -7.63919894289655e+003 -3.44795935866508e-001 -8.10045066657038e-002 1.25091079602205e-003 1.57560461222036e-005 6.99677206868600e-006 -2.62164907026643e-007 2.14595234439044e-008 -4.02364821285532e-010 -1.20124747096339e-010 
-1.89809760692236e+005 -3.35982243586158e+003 -6.15488402163302e-001 -4.04393097727135e-002 4.32829778327737e-004 -3.86083419891498e-006 3.55088301134722e-006 -1.10053740694032e-007 7.97040362718000e-009 1.91776967939957e-011 -7.64180423638705e-011 
-7.56434530449089e+005 2.02811575411728e+003 2.35006478359538e+001 1.22248467354240e-001 4.38242624554250e-003 3.46423319530653e-005 -3.67024392944538e-006 -5.98242579478215e-007 -7.99109959110113e-008 -1.53127605543198e-009 -5.89686909189612e-010 
-5.07985026148921e+005 -7.64542844630767e+003 -1.16005825491401e+000 -5.03456240967727e-002 3.08630572530033e-003 1.81961943118199e-004 1.08414162299300e-005 6.07534881990006e-007 3.04400335734546e-008 -2.27817627553335e-009 -4.27790822021604e-010 
-1.96535769584104e+005 -3.36654803800502e+003 -1.04803029328933e+000 -2.98732168884973e-002 1.15982425539747e-003 8.58545373393263e-005 6.17821737695480e-006 3.88886547232203e-007 2.45166866935572e-008 -4.86008215280996e-010 -1.79110560112665e-010 
-4.49341282745275e-006 1.12727161046851e-006 1.79674180602641e-007 -1.33433192891053e-007 -1.40035697701577e-008 3.92180491919392e-009 4.87687074635956e-010 -2.85043122604164e-011 -9.68868254341827e-013 1.17301492816303e-012 
-4.74449692212545e-005 -3.13487327305352e-007 2.07622888646443e-007 2.14872787434865e-008 -1.14613276316930e-008 -1.31689614656846e-009 1.59475333101368e-010 5.34539279225636e-011 9.37777764686262e-013 -2.89134396554973e-012 
-3.77150747933180e-006 -4.65169527122832e-007 1.96050917631909e-007 2.33411673860805e-007 1.89068347937606e-009 -1.41294345460073e-008 -1.65309353157833e-009 2.99025020391480e-010 1.17542021904162e-010 9.44027201545540e-012 
-4.75483193553643e-005 -2.46677247975171e-007 -2.54420107268449e-007 1.02777747515561e-008 2.69502966662040e-008 1.64907670687621e-009 -1.09139743258057e-009 -2.08398818259343e-010 1.92598169742326e-011 1.11210062836231e-011 
-2.14504707290041e-006 1.18150832071733e-006 -6.35161053098442e-007 -7.76011669977422e-008 6.44038380912687e-008 -2.52211598290774e-009 -2.97971514227281e-009 6.21385055039984e-010 6.83069298880021e-011 -4.18666658643651e-011 
-4.78530956736783e-005 3.70782282481196e-007 1.31901709805986e-007 -9.08282285542249e-008 -4.12440822518163e-009 6.32046061711173e-009 -5.06392314459657e-010 -2.48312961874604e-010 4.82560846683754e-011 6.26800128495296e-012 
-1.88877360355866e-006 1.57705162035939e-007 4.73315849325678e-007 1.72947586016618e-008 -2.67611267861372e-008 -3.02222268444910e-010 1.32713736522975e-010 -8.96887177997570e-012 2.61815444789684e-011 2.42475861587088e-012 
-4.77219279477092e-005 -3.43084992486222e-007 -6.02484655068411e-009 5.73205234643041e-008 1.08509256817235e-009 -1.42109960170174e-009 -6.47740235463134e-011 -2.91684148444419e-013 2.09948694214765e-012 -4.77176661580287e-013 
-8.16639579570379e-004 7.42609635774842e-005 -1.15553334452678e-004 -2.82305660600592e-005 7.98761033682436e-007 9.17597141141265e-007 3.87506073079823e-008 -1.26842245843968e-008 -8.98282270110743e-010 7.95538789743073e-011 
4.35984831568325e-001 -2.21365094828100e-004 -4.48149131589964e-005 6.01334529821602e-006 2.38176714681440e-006 4.33226012738180e-008 -5.08918842658373e-008 -2.86734728788318e-009 4.66242191053265e-010 3.97034038440204e-011 
5.45528800967206e+003 9.19848828548660e-001 9.71526346867838e-005 2.40140196959355e-005 -6.46616209733680e-007 -8.27322171439237e-007 -3.53005504694667e-008 1.15858931800567e-008 8.27129558431976e-010 -7.16765299796282e-011 
-1.80186006183507e-003 -9.46116346467173e-004 1.97934716466618e-005 4.88237960056828e-005 -1.33144711239488e-006 -1.74772547567032e-006 -2.58964021175410e-008 4.18215559091175e-008 4.09827011356570e-009 -4.70375078313129e-010 
4.35652156793172e-001 1.33195668755485e-005 8.89593074229516e-005 -3.25100773092355e-006 -4.06912243976184e-006 5.50368946774494e-008 1.21220296310507e-007 6.04719901117532e-009 -2.19095292151866e-009 -3.77837702538992e-010 
5.45712863653837e+003 9.20669844596252e-001 -3.14998095597498e-005 -4.29615872695076e-005 1.55871566653733e-006 1.59702738814070e-006 1.82318149281254e-008 -3.90770037900201e-008 -3.72999037788365e-009 4.56623518879899e-010 
-2.80845550804736e-003 -4.54729255571815e-005 5.92783358749623e-005 -1.75920102005189e-005 4.37447301085306e-006 4.28236317363610e-007 -2.49588985236345e-007 1.02765912344114e-008 6.08038848048274e-009 -1.02472006420626e-009 
4.35948695551082e-001 1.70431212619956e-004 -3.02426392427130e-005 2.63011602566507e-006 1.40254691259296e-006 -5.27074810727426e-007 -6.53982761463373e-009 1.79590061857617e-008 -1.74106270110907e-009 -3.07878575163482e-010 
5.45896915565657e+003 9.19861202900740e-001 -3.87176006764124e-005 1.69013653155535e-005 -4.39684463648147e-006 -3.77220418953896e-007 2.34175502194358e-007 -1.05018291329830e-008 -5.58835207799508e-009 9.71671682644407e-010 
-2.57441701176529e-003 2.64287529451313e-004 1.85343505098251e-005 -1.66233500244822e-005 -4.08930378037602e-006 1.36962289985366e-007 1.00696928861335e-007 8.11142938989111e-010 -4.96495685319269e-010 -6.21349496485933e-011 
4.36089211668797e-001 -4.26865230072370e-005 -4.59818020664184e-005 -6.08258635865588e-006 7.19452688040202e-007 3.20870770071233e-007 -2.39115621963364e-009 -4.03506955432847e-009 -1.27843733584852e-010 -8.74004268374495e-012 
5.46080868313948e+003 9.19668732332207e-001 -1.44406308895743e-005 1.32306035972674e-005 3.72867525369376e-006 -1.14467540466863e-007 -9.18582385560699e-008 -6.48321812495386e-010 4.36816122473323e-010 5.64491903342760e-011 
