-5.91037116001885e+007 -5.77912794274593e+005 1.06982953987819e+006 -2.66623655244684e+004 -5.68362225191673e+002 8.16235241738908e+001 -5.53860545224956e+000 2.19494341123328e-001 -1.82417424024080e-003 -5.83862317080131e-004 6.03115207132012e-005 -3.51642545750714e-006 1.06362965175723e-007 3.31635953134343e-009 
-1.07792361506011e+007 -1.39288140768899e+007 2.04021790336572e+005 3.71065065283965e+004 -1.78952692064768e+003 5.73468940922413e+001 1.19342750536145e-001 -1.82520685971546e-001 1.55902079378256e-002 -7.96025728258435e-004 1.81539893261017e-005 1.21340939154624e-006 -1.84154859279270e-007 1.29983879840972e-008 
2.22402243377374e+005 -7.38002101235198e+006 -1.98325054885934e+003 2.25860938274255e+004 -8.96932947914764e+002 2.21659580897993e+001 6.38210926799949e-001 -1.20258906697230e-001 8.51675370194830e-003 -3.64657494994336e-004 3.44280313203195e-006 1.01297799605700e-006 -1.09421521216234e-007 6.59931191661610e-009 
-5.27652191428391e+007 6.63287382570487e+006 7.30913654556496e+005 -2.80811546903991e+004 1.57589980496569e+002 7.27256419493401e+000 -1.35787647582068e+000 7.68742372875661e-002 -3.52900757231085e-003 1.11296573807424e-004 -1.07041816137826e-006 -1.77831730119693e-007 1.80689675305870e-008 -1.10799076590154e-009 
-3.58835297825157e+007 -1.09196119480630e+007 5.12926886901131e+005 1.67996672769617e+004 -8.27791450980845e+002 3.45700256509991e+001 -1.16808339268692e+000 1.57105581340479e-002 9.52098811257470e-004 -1.21778622734745e-004 7.65295303632129e-006 -3.60956848045347e-007 1.17118373212227e-008 -1.01781292978365e-010 
-1.38442394837356e+007 -6.52053937740645e+006 1.98172898304401e+005 1.18862495423900e+004 -4.58515029519614e+002 1.77114246569369e+001 -4.83093545392167e-001 4.18071145189388e-004 8.74605574657280e-004 -7.65905312633046e-005 4.19863088221645e-006 -1.74348135679676e-007 4.38231964049028e-009 6.03792703323780e-011 
-3.46871987369440e+007 1.11775544451789e+007 4.09673999478744e+005 -2.56216748031612e+004 9.95372236376818e+001 -9.02911580152312e+000 -2.82890336474781e-001 1.38447245715405e-002 -8.67827911218509e-004 3.89045028291400e-005 -1.23884304616790e-006 4.12797335089358e-008 -3.02525926568393e-010 -2.34910294218052e-011 
-5.31109552242418e+007 -6.19145827500663e+006 6.53414004501736e+005 7.73840082692762e+003 -3.74801157707203e+002 1.27128971953605e+001 -6.76712207216844e-001 1.25344342000989e-002 -5.03896813613024e-004 -4.14099734415177e-006 4.83139138656067e-007 -4.59406633495232e-008 2.25866453128176e-009 -9.54187183836535e-011 
-2.49210239742129e+007 -4.46633834326060e+006 3.06534242218749e+005 6.79101874707986e+003 -2.10526558647434e+002 7.72717421607453e+000 -3.32128335607708e-001 5.25930985804631e-003 -1.79143492819212e-004 -6.24746044753410e-006 3.86579717699287e-007 -2.88212437918076e-008 1.23780816069387e-009 -4.85254335553364e-011 
-1.00194757686657e+007 1.32365334662344e+007 1.04870197987915e+005 -2.57534060753111e+004 -1.29243430435384e+002 -1.32701245882385e+001 -1.22550806701745e-001 2.17833210137564e-003 3.53701340493806e-005 2.12988956114934e-005 3.10869158412419e-007 3.65286304872090e-008 5.14976107898216e-010 3.20305200432263e-011 
-6.00350551999515e+007 -6.80602915283464e+005 7.16070773828146e+005 2.97871405796464e+003 -2.64277031585401e+002 -1.21405432635259e+000 -5.63232872080501e-001 -4.83255466604623e-003 -5.95302371031365e-004 -5.28116772318481e-006 -2.25684062080739e-007 1.44129234980293e-009 6.31247616132887e-010 1.68296716415798e-011 
-3.11776995020317e+007 -1.73623309273026e+006 3.71617262995233e+005 4.26226284413920e+003 -1.27760261755604e+002 7.27880802766457e-001 -2.88143754419906e-001 -2.80729138938051e-003 -3.21653567998557e-004 -5.03014691714410e-006 -1.52792076277671e-007 -3.01892418108473e-009 2.83785640690656e-010 5.66771340128505e-012 
-1.06693332866308e+008 2.49722122641273e+006 1.34840666318177e+006 -6.13118994278128e+003 -1.43629656817973e+003 6.14798752577883e+000 6.44787927477022e-001 -4.76825445481681e-003 -1.75746447201667e-004 2.79689349804029e-006 
-1.24679031040795e+007 -2.18529543056183e+007 1.67312925155934e+005 4.61347584714909e+004 -2.21714441211563e+002 -2.99719916503322e+001 1.74072478356841e-001 1.01664577758684e-002 -1.18459171428086e-004 -3.11442213421451e-006 
1.09280966784914e+006 -9.98917308309709e+006 -1.00718259247800e+004 2.11428866094086e+004 -8.83740081167552e+000 -1.38726099489566e+001 3.74718172749164e-002 4.87589195666833e-003 -4.12646893843123e-005 -1.74028828612228e-006 
-9.14109529725823e+007 1.26140447145067e+007 1.14358025308516e+006 -2.73430623674436e+004 -1.17227789749074e+003 1.94832954255231e+001 4.48916775953885e-001 -8.58317614723426e-003 -5.70987193448818e-005 3.36396941970061e-006 
-5.31535874160847e+007 -1.84039256854417e+007 6.80843011656834e+005 3.81069407578530e+004 -7.58831946955446e+002 -2.28731629602301e+001 3.95776782120490e-001 5.47728002164943e-003 -1.57203340201906e-004 2.18684162797139e-007 
-1.81779457387225e+007 -9.07784421580919e+006 2.33915938331277e+005 1.88739243685914e+004 -2.67183084588478e+002 -1.15232012066972e+001 1.49638786458902e-001 3.00720504279106e-003 -6.71105630705342e-005 -1.12328743817804e-007 
6.62277821994944e+007 1.80586118151769e+007 -3.04615970238755e+005 -1.36804592758899e+004 1.03611916161320e+002 2.70511827953883e+000 -8.20526878886375e-003 4.20422002411432e-006 8.55272753603294e-005 1.37584022557388e-006 -5.12433760603242e-006 -6.25134554522089e-007 2.79789330378217e-007 
-1.23710112255833e+008 8.30643429535088e+006 5.62722055937409e+005 -6.11032927899505e+003 -2.03884221808086e+002 1.04189101279441e+000 2.25111149050630e-002 3.66427808079637e-004 -5.48876472314681e-005 -2.43694231590111e-005 1.22514805687666e-006 1.65473164770684e-006 8.39338641852684e-008 
-5.36072096424868e+007 3.60157719995233e+006 2.43973453270972e+005 -2.64923481802134e+003 -8.83968936764648e+001 4.51805707087081e-001 9.90245970017407e-003 1.56432351163798e-004 -3.49627467745480e-005 -1.11508520309800e-005 1.17661485383409e-006 8.17236169129393e-007 3.89393235450914e-009 
9.94107841170679e+007 1.49972519217290e+007 -4.57081438033294e+005 -1.15998196670594e+004 1.55826267794765e+002 2.49788957167492e+000 -1.12884531498869e-002 2.16745233951707e-005 2.49437798833207e-005 -6.02461420087853e-006 -1.46581014125802e-007 1.36360427417337e-007 -1.29656867956587e-008 
-1.02865641470407e+008 1.24612325268847e+007 4.70607512142761e+005 -9.17671670661209e+003 -1.77734932631077e+002 1.57365566050059e+000 2.38286743741068e-002 1.06348732936017e-004 -4.54981472849146e-005 8.14540159455564e-007 9.14786701383171e-007 -1.29075351063520e-007 -1.25687239641017e-008 
-4.45694058723135e+007 5.40292705748414e+006 2.04035805411182e+005 -3.97869654883087e+003 -7.70590241146465e+001 6.82633929791919e-001 1.03830268307760e-002 1.94115473630913e-005 -2.17117830820233e-005 1.36069345800423e-006 3.91573390513163e-007 -7.73126315326969e-008 -2.84404066170963e-009 
-1.17680997718568e+008 2.99397960554435e+007 6.20782800531296e+005 -2.23519762857623e+004 -5.07546081188735e+002 -1.06743716169664e+000 1.68238686670771e-001 5.37637357332675e-003 5.39910941076297e-005 -2.35795797033197e-006 -2.12848538796250e-007 
-1.77901288260126e+008 -1.26786034623919e+007 9.52611581079587e+005 1.76932855544164e+004 -2.49890430478669e+002 -9.76153732139371e+000 -1.47016252480563e-001 9.13304927461656e-004 9.97289962104037e-005 1.70744255822199e-006 1.30222298449319e-007 
-7.84320427756891e+007 -6.62437166915752e+006 4.20146728195843e+005 8.71977950409625e+003 -1.00890884058911e+002 -4.44845580350330e+000 -7.19890797681289e-002 2.69660340278776e-004 4.37370033216517e-005 9.43372406596092e-007 9.69909201058155e-008 
5.42612721795029e+008 1.23409231498628e+007 -7.91499747323416e+004 -3.39256349241013e+002 7.86897950559241e-001 4.05756396124949e-003 4.05746503379474e-008 -2.91704709844134e-008 
-4.79742017201462e+008 1.27927195035455e+007 6.99457636323112e+004 -2.75782815364245e+002 -1.12665260171869e+000 1.25915755120806e-003 1.18417538414712e-005 2.39534833536744e-008 
-2.18854702934252e+008 5.18287278158726e+006 3.19101065458223e+004 -1.09948464975453e+002 -5.02117060872688e-001 4.40105127884331e-004 5.09978525739903e-006 1.38046141703191e-008 
1.36163493175597e+009 -4.02467765313722e+006 -3.09901647255034e+004 7.64703469773959e+000 6.43855987227155e-002 2.54658365379554e-005 -1.11291710724067e-007 
3.44313283410737e+008 1.18696178083064e+007 -7.83768861050770e+003 -4.70357434113863e+001 -2.05030388159777e-003 6.13241070362477e-005 6.46956152201203e-008 
8.36401546968320e+007 5.07526573636730e+006 -1.90416174920450e+003 -1.97534093224606e+001 -3.59566472482380e-003 2.42916379922627e-005 3.24071293456548e-008 
1.77100179560226e+009 7.47964172308783e+006 -4.31445230567523e+003 -2.80381502104533e+000 1.03236536487198e-003 -2.53880481261705e-007 
-2.16828878532100e+009 4.78992821903750e+006 5.28261553086332e+003 -2.22191210719294e+000 -8.59461202945572e-004 3.97809586111387e-007 
-9.74703531157202e+008 1.99205841659134e+006 2.37471236483625e+003 -9.33579927932979e-001 -3.90662395701097e-004 1.80439264641377e-007 
2.16017826734465e+009 6.54662893244999e+006 -1.49566181155802e+003 -7.64341465923718e-001 7.62128162356244e-005 -2.05466024835349e-008 
-3.64402246694307e+009 3.43157554269938e+006 2.52378688524079e+003 -3.79563559934750e-001 -1.57595515194694e-004 4.62399415749998e-008 
-1.54529906306481e+009 1.24158527563149e+006 1.07020566903286e+003 -1.36261669032025e-001 -6.63683909377570e-005 1.79467737516224e-008 
-1.87480310702054e+009 7.00327018430314e+006 1.31775177691492e+003 -9.03069871231311e-001 -4.73229589545103e-005 1.26726318479341e-007 
-4.01755101980032e+009 -3.34875097560737e+006 2.82378933670646e+003 2.17261120729633e-001 -3.00229781035802e-004 -7.97078568909791e-009 
-6.88883538543426e+008 -3.15507855028866e+006 4.84162120086697e+002 3.39803029499594e-001 -8.10252317241688e-005 -3.19995711810150e-008 
-3.53240901138743e+005 6.84755835778891e+004 1.73723827496902e+004 -3.90730372611345e+002 -6.37164874181209e+001 -1.00654190093268e+000 -3.30674334222711e-002 6.16903440754598e-003 7.15074301744094e-004 2.15573431970576e-005 -4.11195728777424e-007 -1.58211198101637e-007 -1.36715434313458e-008 
-1.35888144651876e+005 -1.42445042781584e+005 6.75146660034144e+003 1.19099466260092e+003 -6.57214669182736e+000 -1.71859234166496e+000 -1.09028518270148e-001 -8.48026507438759e-003 6.95212272773092e-005 3.25719604102434e-005 2.40315805468044e-006 1.05731191559546e-007 -3.98036881634972e-009 
-4.03829372249449e+004 -4.82598543841917e+004 2.00827713976572e+003 3.99253367067803e+002 -1.31074117327365e+000 -5.49555007246602e-001 -3.57146115584219e-002 -2.90263446589081e-003 1.30141166726693e-005 1.04698309394827e-005 8.02480724597303e-007 3.73361013602827e-008 -1.12509490129517e-009 
-1.05276406857805e+005 1.70056619789639e+005 6.04550980248659e+003 -1.50510371962280e+003 -6.34836649632238e+001 2.92572594180782e+000 4.25014139328268e-001 1.54577995938506e-002 -1.61067900304048e-003 -1.98745050348365e-004 -2.53843221617551e-006 1.17023204877535e-006 9.77201455715766e-008 
-3.25266895424133e+005 -3.69012127226353e+004 1.86527667896989e+004 6.13501372361405e+002 -7.78367726915210e+001 -5.15550756119044e+000 -1.02059623044908e-002 2.75157218387126e-002 1.92056815939278e-003 -5.15892667454695e-005 -1.56914762113651e-005 -7.09265280493792e-007 6.21323410946242e-008 
-1.06725893607494e+005 -1.46345974632015e+004 6.10114343115476e+003 2.23896640250460e+002 -2.48399913980016e+001 -1.74718334864086e+000 -9.60476639065466e-003 8.89402587566462e-003 6.59465365082530e-004 -1.42503946625843e-005 -5.16339283863995e-006 -2.51795447406558e-007 1.91940303333858e-008 
2.19065861949101e+005 1.37016041780215e+005 -1.43846131289244e+004 -1.52224770347588e+003 8.17055443194912e+001 8.36167033979095e+000 -3.51932978488443e-001 -5.13057905422019e-002 2.14079985748226e-003 3.81721498788411e-004 -1.56393986850903e-005 -3.13255217931029e-006 1.20290332574370e-007 
-2.45726894894675e+005 1.14270785989522e+005 1.59768943239331e+004 -1.14832292595475e+003 -1.07978572363429e+002 4.99239548545569e+000 6.00545181268691e-001 -2.52173280687845e-002 -4.12298234557803e-003 1.73439371471799e-004 3.24748694722173e-005 -1.30866951212019e-006 -2.74208697944739e-007 
-8.49276928947190e+004 3.59559814224333e+004 5.50116079050688e+003 -3.58682941344703e+002 -3.68841744464774e+001 1.53350473324103e+000 2.03834257879713e-001 -7.62258390954081e-003 -1.39656798386838e-003 5.20336035362726e-005 1.09849413611817e-005 -3.89013392246504e-007 -9.25924094737215e-008 
3.41425519952426e+005 -2.06905840989149e+004 -2.15655308601780e+004 4.04756507799714e+002 1.14770824430221e+002 -4.41694332163064e+000 -2.60192438795132e-001 3.42760292247761e-002 -7.96566131673865e-004 -1.74348084113988e-004 1.65848670027031e-005 2.07277999623581e-007 -1.31414524102731e-007 
5.33390771584687e+004 1.68412394624923e+005 -3.37260892371289e+003 -1.67911432204385e+003 4.30420458216986e+001 5.80131812523192e+000 -3.87653157718890e-001 -4.11092189889877e-003 2.48072959010184e-003 -1.37254845675068e-004 -8.63605657671574e-006 1.50471387752627e-006 -3.19146003339192e-008 
1.25452677859495e+004 5.61791550559851e+004 -8.02544384598074e+002 -5.61524687044034e+002 1.26204601735634e+001 1.98085617069889e+000 -1.24766026674608e-001 -1.84152368477926e-003 8.33484684652384e-004 -4.30141006386871e-005 -3.09831927332178e-006 4.95738071684986e-007 -8.70560435512271e-009 
1.59906135820278e+005 -1.50211137532300e+005 -9.01877045808774e+003 1.43494338435861e+003 1.65900314580492e+001 -4.02540657759658e+000 1.12338748838596e-001 -1.48997816409752e-003 -2.13845734278523e-004 4.84790382735752e-005 -3.04218409044577e-006 -3.60202766674198e-008 1.48996465430389e-008 
3.11528004862704e+005 7.83163434640157e+004 -1.70546573126612e+004 -5.08101045489187e+002 8.26173045069064e+001 -6.00998949253515e-001 -1.13165349204372e-001 7.25217998291131e-003 -5.30321333723189e-004 1.59242967429329e-005 2.35598571004131e-006 -2.52118118174856e-007 7.71619383504618e-009 
1.00923925009348e+005 2.82543982812193e+004 -5.51078754372203e+003 -1.88927437789250e+002 2.70603745321915e+001 -1.43776625004630e-001 -3.89014134764339e-002 2.42827820383128e-003 -1.73046328587218e-004 4.57870235202124e-006 8.24434833764254e-007 -8.30009057569265e-008 2.34663717661547e-009 
-1.58435811634712e+005 -1.54217839537488e+005 7.56786859765382e+003 1.18754725547921e+003 -4.03518778821691e+001 -1.76032071097438e+000 8.89463999852578e-002 5.76661876286545e-005 -7.15190147847636e-005 -1.40951624602952e-005 4.52639379032573e-007 6.74927257758663e-008 -3.69387916592251e-009 
3.27217216884908e+005 -6.16739259998331e+004 -1.59685256044653e+004 6.14351936014601e+002 5.32334365807067e+001 -2.02744449638471e+000 -2.37105267539574e-002 2.75204192751228e-003 8.37620445871237e-005 -3.29604515679311e-006 -1.11144085638367e-006 4.65085759057814e-008 2.75232058225810e-009 
1.11059972154465e+005 -1.80086306381027e+004 -5.39667601459391e+003 1.85217261468149e+002 1.81445836639350e+001 -6.44021768767387e-001 -8.98011854972235e-003 9.04915497631781e-004 2.87207300702286e-005 -8.66410028577583e-007 -3.74467295016885e-007 1.43758438811526e-008 9.63319698501492e-010 
-3.70256921706303e+005 -4.96016312088008e+004 1.71396439521197e+004 3.68099331823248e+002 -5.66679837833314e+001 -1.26444713814066e-001 2.45446392858578e-002 -4.30527440436909e-003 -1.89080949198126e-005 1.36577488971961e-005 2.13360553623370e-007 -2.11173228521917e-008 2.04123101306475e-009 
1.07615105636822e+005 -1.48595664358282e+005 -4.84682677511334e+003 1.13894786301035e+003 1.36008953391999e+001 -1.66638847639271e+000 3.96619377024943e-002 -2.87274427135119e-004 -2.65141002565419e-004 -4.23539427949758e-006 5.17705491353651e-007 -8.11853352666502e-009 -1.06540142483506e-009 
4.17266085413774e+004 -4.83644901641432e+004 -1.86942779594703e+003 3.70175616215668e+002 5.32145844082602e+000 -5.45725154366493e-001 1.28548964797158e-002 -3.09958492762524e-005 -8.71990745916046e-005 -1.60834837927475e-006 1.67250098794285e-007 -2.38878536175481e-009 -3.83767487429444e-010 
-3.29345682770665e+005 8.95994368426760e+004 1.60355703252390e+004 -5.62769045857868e+002 -6.13304869866898e+001 -5.51633855044164e-001 -2.09123895586576e-002 4.42369699987425e-003 6.29876047374425e-004 2.38354988792530e-005 -9.08551852539792e-009 -9.26785008838608e-008 -1.12593330324997e-008 
-1.83968895029462e+005 -1.31284225363508e+005 9.14358328432960e+003 1.12113955933643e+003 -1.59432087866854e+001 -1.78194060385340e+000 -8.42209020347119e-002 -7.46052769838432e-003 -2.70482192113848e-005 2.62519108379083e-005 2.02336058302394e-006 1.11094240780523e-007 1.22209798934846e-009 
-5.53628847324175e+004 -4.48502623488937e+004 2.76253318710091e+003 3.78522984613228e+002 -4.28306762815533e+000 -5.74834116801508e-001 -2.74306468335799e-002 -2.53809058165662e-003 -1.92215806999979e-005 8.25718569620957e-006 6.67059452303733e-007 3.81989271981776e-008 5.90105270172915e-010 
-1.09020754422964e+006 -5.79940425337891e+003 1.79039165713174e+001 1.35550824167639e-001 3.37160176865815e-003 -2.09581972903226e-004 3.05990428303853e-005 -3.16370727737057e-006 2.07932810238514e-007 1.70951916270594e-008 -2.44342702331278e-009 
6.50518871989717e+005 -7.89707506896627e+003 -1.88738749754997e+001 -9.52212735981793e-002 4.59574720441881e-003 -1.86796819789577e-004 1.04634593517524e-005 7.69427668815703e-007 -2.39157872559725e-007 2.17080636391043e-008 -2.85117277274920e-009 
3.10685086303071e+005 -3.22806209997362e+003 -8.42249664411388e+000 -5.26251723755045e-002 2.09613312100669e-003 -8.53819776790898e-005 2.39646769910478e-006 7.41211453654704e-007 -1.49334033731896e-007 1.23005605355256e-008 -1.27661370775657e-009 
-1.10165743314544e+006 -5.64891163869846e+003 1.97900755140435e+001 1.76767042025124e-001 2.37704124215918e-003 5.56042770279710e-006 7.56036312648054e-007 -9.37041111277904e-008 1.49802995863178e-008 1.47484607627433e-008 6.68665295203611e-011 
6.34570866036891e+005 -8.05157816265710e+003 -1.96530305436146e+001 -3.78367074457249e-002 3.25569773247393e-003 2.21193080925433e-005 5.04189439826026e-006 -9.79431510647492e-008 2.35066604855803e-008 -1.10634579013867e-008 3.59754035401638e-011 
3.04159920068524e+005 -3.29749459889656e+003 -8.89247541602158e+000 -2.75667300621103e-002 1.33784423266836e-003 4.26658069009252e-006 2.66253082118862e-006 -4.11078800589033e-008 1.09556135677368e-008 -4.99073349119614e-009 4.10472860126038e-012 
-6.97379670916196e-006 2.94794752431605e-007 5.94643531342461e-007 2.59575345410722e-008 -3.89242485159360e-008 -5.03143543279442e-009 1.89512935492706e-010 1.69106882706856e-010 6.32159166584226e-011 7.86798153814060e-012 
-4.66389419621738e-005 -1.59553375245460e-007 1.34935138439663e-008 7.43981675518700e-008 6.41219042150098e-009 -2.45736541463919e-009 -6.40666540988842e-010 -4.47569652015849e-011 2.20651489681269e-011 5.73865829101298e-012 
-5.94531576851392e-006 -4.83504719076626e-007 -5.16241561069050e-007 1.87018036189856e-007 5.00584927295461e-008 -1.60386839869266e-008 -2.10121948121341e-009 9.30580939665409e-010 3.48096944035679e-011 -4.35896270428183e-011 
-4.59208299130936e-005 6.76658415976643e-007 -2.02715755880941e-007 -7.38013445047569e-008 2.50349610058108e-008 4.62621480080582e-009 -1.53875299855051e-009 -1.60256107892241e-010 6.97879854012750e-011 3.74756889063410e-012 
-6.05688041364036e-006 7.94947475555567e-007 -4.21564392312322e-008 -1.67458451312282e-007 8.28164568663264e-009 6.33836958311269e-009 -7.03052274898235e-010 -5.83876931167728e-011 2.22307217671677e-011 -1.41267006710384e-012 
-4.53748156297715e-005 3.31498597752294e-007 2.26437343784179e-007 -3.84557409949813e-009 -1.58884597552699e-008 1.10209474264947e-009 3.44795770473151e-010 -2.68481583113120e-011 -4.40506426478535e-012 -1.73002536843731e-012 
-6.94757932949474e-006 -1.56137419462098e-006 7.01496032502292e-008 1.44451640118557e-007 -5.93556229465088e-010 -3.63896130794216e-009 -2.46026164634565e-010 -1.90292281850489e-011 2.38678011434130e-011 3.53947595107218e-012 
-4.43302361614908e-005 3.12343167317176e-007 -1.97348618038478e-007 6.13017235253246e-009 1.10994825867136e-008 1.07894689163437e-010 -1.39827515855052e-010 -1.26551605437426e-012 5.34059552980820e-012 6.21189095412158e-014 
-7.05861706700411e-003 -5.97763169033419e-004 -1.86107177482759e-004 9.00863583727443e-006 -1.31837537764865e-006 -1.45478881518025e-007 1.27690791979457e-007 1.36927490124877e-008 -7.24565127071814e-010 -4.05207672417181e-010 
4.35621498060653e-001 -4.12661527015786e-004 3.22285838185037e-005 6.15915030396716e-006 -3.70950810369527e-007 2.88827165063343e-007 2.18132629866313e-008 -6.21726669251011e-009 -1.14605275237229e-009 -7.23290436510298e-011 
2.35712641426563e+003 9.20403734659687e-001 1.54565568731603e-004 -9.02282318840794e-006 1.43239013876772e-006 1.59011252129184e-007 -1.15050242036922e-007 -1.27667565033232e-008 5.68689216308805e-010 3.61786254210038e-010 
-9.19892800038249e-003 -1.30759512976926e-003 1.14011013382562e-004 6.05075711321214e-005 1.26834907454664e-006 -1.94372924129427e-006 -1.28260974533861e-007 6.11250199821612e-008 2.45942664912650e-009 -1.89844083117477e-009 
4.35357368020673e-001 2.31789187229885e-004 1.22253523830398e-004 -3.49710853297843e-006 -4.56257341179493e-006 -2.59885644144328e-007 1.43052694886312e-007 8.90693768879626e-009 -4.48273313269775e-009 -8.06657090600395e-011 
2.35896799105198e+003 9.20975384067757e-001 -9.99300203105674e-005 -5.21133712001680e-005 -1.30213142902626e-006 1.71520336870009e-006 1.23082668339595e-007 -5.47350579561650e-008 -2.48939492471772e-009 1.71663950694497e-009 
-9.76866445366424e-003 7.86435839840867e-004 1.68260835086171e-004 -5.75197034479392e-005 -2.02859007156400e-006 1.37703545819822e-006 -3.98130974578199e-008 -1.74851340210565e-008 1.27091898431572e-009 6.32273263483667e-011 
4.36096813549738e-001 2.87895195062774e-004 -1.19568783010768e-004 -9.94493702559962e-006 4.02218503138950e-006 2.60042538065322e-009 -7.25067339203410e-008 3.67505900251121e-009 5.99571850975359e-010 -4.93029562288738e-011 
2.36080817343315e+003 9.19171160509551e-001 -1.39088250851594e-004 5.12517738552141e-005 1.68074521170052e-006 -1.24105561340256e-006 3.59661898052340e-008 1.59723363714522e-008 -1.15787199287634e-009 -5.94762531412385e-011 
-8.53632158093504e-003 1.27311383963063e-004 -2.07343644842265e-004 4.16049835147742e-006 2.31133765944613e-006 -6.36574057881868e-007 3.42908612270097e-009 9.05954024274796e-009 -1.50100597703976e-010 2.39544442216320e-011 
4.35879907835565e-001 -4.09565574530767e-004 -1.76177061360458e-005 1.15526989244701e-005 -1.23309030025380e-006 -4.25499266486635e-008 3.88613464986929e-008 -4.19078543953356e-010 -1.99774916497504e-010 1.64964384093465e-011 
2.36264687626573e+003 9.19803435826970e-001 1.81352585787345e-004 -5.69511075483059e-006 -2.04581060131233e-006 5.89554917425269e-007 -2.94630824408404e-009 -8.12690548417023e-009 1.54914938458061e-010 -2.16534718252822e-011 
