5.01409379305302e+007 5.28625585646060e+006 -9.55057746473138e+005 -4.31812696932998e+004 -1.98828174445422e+002 6.51458576115229e+001 6.28012213517164e+000 3.26537607498493e-001 7.87804907579842e-003 -4.54684436167564e-004 -7.18014566542388e-005 -5.02241226037702e-006 -1.94193220677183e-007 1.65325871102401e-009 
-2.55728326063758e+007 1.35376132334912e+007 4.68131593634921e+005 -3.01683544491824e+004 -2.02813901849278e+003 -8.16697825542290e+001 -1.07942042895916e+000 1.68242017188468e-001 1.84433225942575e-002 1.08349543811781e-003 3.16069660573375e-005 -1.21119406605842e-006 -2.42426687318510e-007 -1.85082147663511e-008 
-1.87174824122145e+007 6.68444210933796e+006 3.49034161970395e+005 -1.16429710843928e+004 -1.06288078030409e+003 -5.03792444362268e+001 -1.22730471017181e+000 5.60490656179833e-002 9.03669429777470e-003 6.25932066173465e-004 2.43243120340133e-005 -1.26702319061781e-007 -1.09393265764826e-007 -1.00586947158299e-008 
5.15024689668872e+007 -4.31278697205051e+006 -1.41406943280116e+006 -2.46146434229472e+004 3.32311947492494e+003 3.06888425453880e+002 9.72514606191129e+000 -7.00785191141731e-001 -1.09737373890034e-001 -5.61486967260311e-003 1.38638237485556e-004 4.60015487303273e-005 3.31873288207766e-006 1.64033698549587e-008 
3.63280129716363e+006 1.51641868562053e+007 -1.38714228168362e+005 -7.38040091624967e+004 -3.03546738435933e+003 5.16182166137196e+001 1.71692195535815e+001 1.15232898074752e+000 7.44876014956593e-003 -5.71870855476366e-003 -5.47465440841086e-004 -1.48815477842967e-005 2.01907286659806e-006 2.79097349725766e-007 
-3.25619745881139e+006 8.54788694305555e+006 7.23973174116312e+004 -3.68777436870031e+004 -1.96590580443531e+003 -4.21901124927117e+000 8.16465492159483e+000 6.88205879085090e-001 1.53484585667217e-002 -2.47335244102219e-003 -3.06832682192187e-004 -1.27160007467006e-005 7.34805857238437e-007 1.47401101438799e-007 
3.15863752900188e+007 -1.54205717424197e+007 -1.18475920751147e+006 7.55285013002515e+004 7.91583358126149e+003 -1.12087446615918e+002 -5.21807030989503e+001 -1.48535898183490e+000 3.13063936286691e-001 2.56094653426655e-002 -1.32662367549759e-003 -2.75155819927692e-004 -1.73828315433199e-006 2.32996774747944e-006 
2.96344037424353e+007 9.95384553239150e+006 -1.18612417759808e+006 -8.40445891078177e+004 3.58829543627874e+003 5.67724644015368e+002 1.65277812163395e+000 -3.74025242528932e+000 -1.77558345129137e-001 2.06459030386821e-002 2.37981165884817e-003 -5.94651933943476e-005 -2.31181868415911e-005 -6.03618295439410e-007 
1.26978415498741e+007 6.91519548175341e+006 -5.10911881098418e+005 -5.27236699425731e+004 1.09684744901712e+003 3.14904874807819e+002 6.28905247867920e+000 -1.84424516500245e+000 -1.27290447930026e-001 8.37631383255783e-003 1.40879565788058e-003 -3.26067191404923e-006 -1.21702027225338e-005 -5.63860025634669e-007 
-4.71706592641993e+006 -1.97030234013203e+007 2.07483480245815e+005 1.26386358823210e+005 -3.37875725174296e+003 -6.13216443425625e+002 3.77713576353937e+001 3.20681630963303e+000 -3.79268658803460e-001 -1.41886710165443e-002 3.60004145647655e-003 1.01900697811427e-005 -3.22402280675144e-005 9.49442294918792e-007 
3.80150188771772e+007 -1.89772524954061e+006 -1.56697268124981e+006 3.14329091432225e+004 7.58444321177444e+003 -3.52471497448805e+002 -3.78445276313312e+001 3.53486906869326e+000 1.81594404034864e-001 -3.36683957481383e-002 -4.80588234174131e-004 3.05657701891914e-004 -5.35388671589601e-006 -2.61804572941116e-006 
2.09360962393489e+007 1.02747010252536e+006 -8.58611490190597e+005 3.69816324287756e+003 4.40184415397255e+003 -1.24767498624034e+002 -2.41307030043759e+001 1.55617551388803e+000 1.36305641217779e-001 -1.65164770885798e-002 -6.29718327621293e-004 1.62234012199554e-004 4.80020759729590e-007 -1.49698878555950e-006 
7.86351857005389e+007 1.64061231362596e+007 -9.64206004064430e+005 -3.36877481818456e+004 9.63853447604351e+002 1.95965117727297e+001 -3.33201759750676e-001 -4.14442218918435e-003 1.90412827427768e-005 -3.85930967559383e-007 
-6.65057801570750e+007 1.62229545917004e+007 8.11624955908372e+005 -3.31961674695836e+004 -8.17597462931543e+002 1.90192051080038e+001 2.92734900826611e-001 -3.67863712503009e-003 -2.55279179018080e-005 -6.45755715653388e-007 
-3.48627475343682e+007 6.26287360531269e+006 4.26231738950102e+005 -1.28076692016439e+004 -4.28899638899840e+002 7.31929955901096e+000 1.52822546938693e-001 -1.39587748513023e-003 -1.24586977305921e-005 -2.54969656545715e-007 
1.02656450469683e+008 7.36440392112859e+006 -1.26450784536936e+006 -1.56034596266019e+004 1.26674241507934e+003 1.02702646814537e+001 -4.41350103867603e-001 -3.54708173237713e-003 2.55630735628037e-005 8.09234930560057e-007 
-2.89647956963442e+007 2.09313593579560e+007 3.48470485778865e+005 -4.28898871195064e+004 -3.75869734609448e+002 2.46945450043160e+001 1.74680178437763e-001 -4.88782789461832e-003 -5.07617357997826e-005 -7.04484124496957e-007 
-1.94880795960641e+007 8.95364905656263e+006 2.36803078920421e+005 -1.83139159222370e+004 -2.49275732907449e+002 1.04631902391060e+001 1.06523821869040e-001 -1.97511826317440e-003 -2.44593406098683e-005 -3.67401496505758e-007 
-8.42240687175473e+007 1.66414418385740e+007 3.90007332676454e+005 -1.30377827380812e+004 -1.27767791718106e+002 2.95609147606466e+000 4.77991586772705e-003 1.77476728062311e-004 5.46050000312445e-006 -2.85665313802504e-005 -6.27971919641010e-007 1.88081781391387e-006 1.13531394663456e-007 
-1.14972657907918e+008 -1.06916697504544e+007 5.24222203638765e+005 7.73907281520760e+003 -2.03311373651044e+002 -1.19198690111835e+000 3.03058698453920e-002 9.44766127664780e-005 -1.02851037694615e-004 -1.67999589873413e-005 6.26596502732578e-006 1.34039443429132e-006 -3.87334510048700e-007 
-4.98501674304197e+007 -4.63469914626845e+006 2.27221279934955e+005 3.35460841194989e+003 -8.81252884406786e+001 -5.16724434341854e-001 1.32908584586359e-002 4.47937946409811e-005 -5.75522394660512e-005 -7.72563634152005e-006 3.58899686543667e-006 6.35341791715832e-007 -2.26274632241679e-007 
-4.83381087485023e+007 1.91054631258396e+007 2.23256422408537e+005 -1.46042163692981e+004 -6.78977472386325e+001 3.00197181971387e+000 -4.60878951691846e-004 6.40982503936448e-005 3.50248559308599e-006 -5.58007933535326e-006 -5.33630109689148e-007 6.68439034109585e-008 3.00639536568057e-008 
-1.31908210820303e+008 -6.18328455178197e+006 5.96907685766134e+005 4.33237832998123e+003 -2.20459950164942e+002 -5.39440560142844e-001 2.66116701723374e-002 -3.53172190995330e-005 -4.94061755264729e-005 -5.73100635954898e-006 7.25268760546779e-007 2.61083629886437e-007 8.16325936580028e-009 
-5.71916910677110e+007 -2.68055688103037e+006 2.58728170251374e+005 1.87798720394081e+003 -9.55586595725303e+001 -2.33575116885516e-001 1.16291781907468e-002 -3.31608387321684e-005 -2.68222894159699e-005 -2.08254922521028e-006 4.96347531012782e-007 1.23041882317163e-007 -9.95104738616739e-010 
-2.05215418054168e+008 -1.73225970299732e+007 8.49511846759776e+005 1.09816684724210e+004 -2.29925685435726e+002 2.94714939066533e-001 -2.84419198585164e-002 -5.04331487547318e-004 3.65334345260638e-006 -1.59192971758392e-007 2.10230556133986e-007 
1.22358893425907e+008 -2.28174105450766e+007 -5.08475296078895e+005 1.62399498055140e+004 1.00086843460155e+002 -9.43803645068961e-001 2.86642941393082e-002 -7.01876578192430e-004 1.98870173001465e-006 5.02063487285625e-007 3.46813341687267e-008 
6.16758079155729e+007 -9.99969322847817e+006 -2.56121367004635e+005 7.15325060083391e+003 5.21049551047195e+001 -4.40925015057011e-001 1.39158778402943e-002 -3.09486572972918e-004 4.38822104614759e-007 2.10845656989516e-007 2.50396623167960e-008 
-4.49945127957342e+008 -1.50414405400412e+007 5.80081640221966e+004 2.93265457061633e+002 -8.26191832743326e-001 -7.10652017285648e-004 4.59205624181642e-006 -5.75087393473817e-008 
5.91011539724577e+008 -8.83636272762160e+006 -7.62257119808686e+004 2.29055246411852e+002 6.11208403699650e-001 -2.13949869468691e-003 2.15895954461292e-006 2.62029252012963e-007 
2.64269721994152e+008 -3.42141735118155e+006 -3.40837206272219e+004 9.10432390347304e+001 2.82097317680342e-001 -8.99425060559526e-004 7.43725736438994e-007 9.15885726599290e-008 
-1.35298186924604e+009 -4.12940088541163e+006 3.12798997927548e+004 8.18752406832260e+000 -6.65887528762008e-002 3.00139089288899e-005 1.06874344260464e-007 
3.08310287077443e+008 -1.20285979202238e+007 -7.10914622217592e+003 4.82220820064837e+001 -3.37010209264034e-003 -6.72872756870242e-005 -2.01885292940542e-010 
1.85619961546297e+008 -4.79058248943619e+006 -4.28370267165322e+003 1.95625273070630e+001 1.43922102102309e-003 -2.92233043438067e-005 -7.53788300393132e-009 
-1.10292139591695e+009 -8.71915247245856e+006 3.20972998313098e+003 4.43865729707891e+000 -3.95223899842133e-004 -5.00590036806662e-007 
2.34538636233185e+009 -3.85478255060100e+006 -6.83058250460810e+003 1.41267126623281e+000 2.01853822786212e-003 -1.44486515716465e-007 
1.04279743533765e+009 -1.56504011860677e+006 -3.03692228849923e+003 5.56116663391005e-001 8.89198695613572e-004 -6.14514792268178e-008 
3.91966579866311e+009 -3.62922744851623e+006 -2.80238285009193e+003 4.26410939348451e-001 1.66365600273759e-004 3.63454022809065e-009 
2.00388015812690e+009 6.12260675027560e+006 -1.43286443688790e+003 -7.33506180033028e-001 8.51104337913974e-005 4.76095199468330e-008 
7.22613642549702e+008 2.59636727022365e+006 -5.16713894209408e+002 -3.10856080173512e-001 3.07902448144546e-005 1.95503470949891e-008 
4.50384634467026e+009 4.94495060819101e+006 -1.48549776129790e+003 -5.77738179203180e-002 6.56222112377225e-005 -2.08781314482853e-008 
-2.83385335306434e+009 4.52971114232990e+006 9.34667172518129e+002 -3.83353070569370e-001 5.01185727756462e-005 -3.81595297894422e-009 
-2.24135363633228e+009 -7.63032701154389e+004 7.39276910482025e+002 -1.02127737358020e-001 -4.18454676853396e-006 3.31577424823981e-009 
-2.09696150765885e+005 -1.33360399148377e+005 1.18274443300938e+004 1.34154093966651e+003 -2.67077777851453e+001 -4.21557036943924e+000 -1.54366610750940e-001 -2.33961544043680e-003 6.46845545394887e-004 8.17687090515065e-005 3.15471440807362e-006 -1.67622234065028e-007 -3.03916747223761e-008 
2.66683085148527e+005 -1.04128493645628e+005 -1.47193000491015e+004 7.46052691023376e+002 7.85330090491050e+001 3.34687601873962e-001 -1.29350491733934e-001 -1.23297377715536e-002 -7.48392950461238e-004 6.19428514873157e-006 4.90006013101879e-006 3.65246894040314e-007 6.81712346611679e-009 
1.30203471283267e+005 -3.03030001285291e+004 -7.20417170514319e+003 1.78502376475591e+002 3.49584832263598e+001 5.48676574634787e-001 -3.85049978992773e-002 -4.87714385190920e-003 -3.71566156659749e-004 -5.30444821328924e-006 1.72071118255485e-006 1.67061838148690e-007 5.74450198226185e-009 
-3.40884622537778e+005 1.08627166209827e+004 2.20488104027697e+004 9.47614031922143e+001 -1.29493972761751e+002 -3.74184321880012e+000 4.41977906980860e-001 4.35598063735180e-002 -4.19801682194878e-004 -3.40350199991616e-004 -1.56679281514753e-005 1.79295712108202e-006 2.26714507165873e-007 
-1.66902626538320e+004 -1.66013853033528e+005 1.05192171688585e+003 1.74259961084296e+003 2.00928942174563e+001 -7.46675881489554e+000 -3.85662505097419e-001 2.06798582873552e-002 3.70945803187877e-003 5.85031500500135e-005 -2.49932524478433e-005 -1.85021341948630e-006 9.62950936922888e-008 
2.56128050250109e+004 -6.96659755167144e+004 -1.68176783426732e+003 7.10062901540786e+002 2.07991660535579e+001 -2.72112696560749e+000 -2.02033642444667e-001 4.34501471592143e-003 1.57327984486994e-003 5.69424911877837e-005 -8.81880244922129e-006 -9.37083954679855e-007 1.79669837234024e-008 
-1.64530993315286e+005 1.56074084408461e+005 1.09021506762394e+004 -1.75440523520860e+003 -5.26593409123716e+001 1.00661833440845e+001 9.62412131094076e-002 -6.58664131687203e-002 5.80450784032566e-004 5.04618789720331e-004 -1.40632864271484e-005 -4.05860634190354e-006 2.01341911847787e-007 
-2.78676160282994e+005 -8.13045942008969e+004 1.83485329552023e+004 7.51058458871173e+002 -1.26043669524365e+002 -2.07300458338192e+000 7.36062871432378e-001 -2.06529120769709e-003 -5.27260664141368e-003 1.13301579543893e-004 4.13719077271266e-005 -1.74998040220508e-006 -3.31266990001123e-007 
-9.96378339992628e+004 -4.86221291738022e+004 6.53281422779868e+003 4.79270630763550e+002 -4.69455115913947e+001 -1.82633049621281e+000 2.94659464560950e-001 5.48974755996747e-003 -2.23406769149687e-003 -1.76306837470841e-006 1.84467159178591e-005 -3.32439024608589e-007 -1.56247164132837e-007 
1.67153824362253e+005 1.58429877056466e+005 -9.46143099083561e+003 -1.31154216383344e+003 7.57431336558862e+001 1.14910902288662e+000 -3.53552392233279e-001 2.46390996239502e-002 3.18498892314807e-004 -1.77103347928630e-004 1.14379356047557e-005 2.76706808915079e-007 -1.02377146830733e-007 
-2.88971768143009e+005 6.92289532029712e+004 1.63667159874695e+004 -8.86131360952532e+002 -5.53857655168968e+001 5.15303592390863e+000 -1.55630228451652e-001 -1.53012665886896e-002 2.20530439102360e-003 -6.64125793474150e-005 -8.93223884982582e-006 1.15299505093287e-006 -3.01270778247997e-008 
-1.35808528360668e+005 1.33746339417615e+004 7.67987132017120e+003 -2.39139322815593e+002 -3.01652112992920e+001 2.01461979258418e+000 -3.03082769611747e-002 -8.68803929242622e-003 8.80368034958124e-004 -1.03963972471515e-005 -4.79042404283084e-006 4.49740215515827e-007 -2.59814550472669e-009 
3.72950026856369e+005 4.02146514932926e+004 -1.80784330081162e+004 -1.68068350633035e+002 6.12410680044416e+001 -9.87744054080020e-001 5.46221207655010e-002 1.78823386906992e-003 -5.77432921996355e-004 2.70861058150610e-005 -6.31736230158541e-007 -4.66308830390896e-008 9.86821779551068e-009 
-5.97247579826547e+004 1.48806369146543e+005 3.02483595524633e+003 -1.19074449312181e+003 4.29972240679259e+000 1.31161344648928e+000 -6.47056679826236e-002 8.39017701747456e-003 -1.93320294408350e-004 -1.57457981760447e-005 1.63296146545496e-006 -1.25704627808303e-007 4.09725659991210e-009 
-6.07760992021259e+004 5.77199674547655e+004 3.00403423908498e+003 -4.75534923357280e+002 -4.18470094097717e+000 6.33722591638147e-001 -3.19126940513244e-002 3.29878777970705e-003 -2.41717008072961e-005 -9.10620427397735e-006 7.34940793655329e-007 -4.74780096354911e-008 7.43458376635168e-010 
3.13406214133386e+005 -9.68947357303309e+004 -1.46597321019233e+004 7.14155304636674e+002 5.10185634859381e+001 -4.41003580341740e-001 -4.13571210963122e-002 -5.46748665597812e-003 5.46365329561759e-005 1.50607197364096e-005 1.72256595832458e-008 -2.22849588497173e-008 -3.09856221463789e-009 
2.18835833603975e+005 1.18795442387532e+005 -1.00798345739828e+004 -9.33072902710334e+002 2.91949447606600e+001 1.61348078844691e+000 4.57333302846688e-002 -1.00652602225325e-003 -3.06994987006206e-004 3.68583201208706e-006 5.27564761969484e-007 2.40394736193403e-008 -1.16606395468864e-009 
6.03728571956850e+004 5.86215094252198e+004 -2.74434857237877e+003 -4.55424328852773e+002 7.05118041425194e+000 7.09641536143862e-001 2.31263107574519e-002 1.16446783643612e-004 -1.32313147670274e-004 4.99824312799179e-008 2.16224729894725e-007 1.21594142642304e-008 -1.80536271086760e-010 
3.84729858033783e+004 -1.67259994537525e+005 -1.77855499384494e+003 1.36331592476663e+003 2.27837192619592e+001 -2.64740257413864e+000 -1.06596482775306e-001 1.75543413063023e-003 2.05350320964230e-004 -1.39280588098035e-005 -6.58780152617135e-007 7.95086374698044e-008 5.30747998580080e-009 
3.47726207953346e+005 4.03194090310660e+003 -1.72835090136709e+004 -1.74540955996867e+002 6.55321566745899e+001 1.54545406711374e+000 -6.91539698321239e-002 -4.71086716770548e-003 1.21214996794790e-004 7.79730915906278e-006 -1.13934510935355e-006 -5.55071235579529e-008 4.10403571698503e-009 
1.40527110755399e+005 1.79716624089322e+004 -6.98268027164637e+003 -2.05665758250747e+002 2.48603024804492e+001 9.00554717758130e-001 -1.80767422601439e-002 -2.12323689906812e-003 2.99767815265807e-005 4.58363617734972e-006 -4.07165822502087e-007 -3.07639982375919e-008 1.17860048134461e-009 
-2.57246129820981e+005 -1.14663423862952e+005 1.46354046601554e+004 1.18932669214714e+003 -4.98587545977261e+001 -4.30012680400397e+000 -2.56947920149984e-002 4.08241982406595e-003 2.96095245924617e-004 3.96272894573757e-005 1.68547350398557e-006 -1.51357518475913e-007 -1.61768298920640e-008 
2.24535133128321e+005 -1.23215812883400e+005 -1.24622874201599e+004 9.93991535026102e+002 7.12600518283874e+001 -1.34138411991524e+000 -1.70320119999232e-001 -4.79966201571889e-003 -2.12309658695777e-004 1.93131070313378e-006 2.91808683978573e-006 1.88732820788490e-007 -2.86742988841206e-009 
1.18317790280305e+005 -3.98739923757554e+004 -6.59518725873532e+003 2.94889943171183e+002 3.43971072380928e+001 -1.30981317931711e-001 -6.79994267869778e-002 -2.39572475974513e-003 -1.17266384553063e-004 -3.08340313704028e-006 1.04404743730357e-006 9.30649515357085e-008 4.02703698654893e-010 
6.54688278220950e+005 8.03112580135368e+003 -1.39645206888483e+001 1.36699511128396e-001 -4.90000147020160e-003 -9.83359798709542e-004 -1.10357555460809e-004 -4.15673673414448e-006 1.13586163276135e-006 2.92728176993164e-007 2.91878038463544e-008 
-8.63458653814465e+005 5.78051065296479e+003 1.53029411885715e+001 9.54804562696431e-002 9.86994560110097e-003 2.53515767670033e-004 -5.43205222572055e-005 -1.37100161992259e-005 -1.49180682626661e-006 -3.39287747970182e-008 2.40771375212977e-008 
-3.90204615512738e+005 2.24922173730178e+003 6.68647764109181e+000 4.00571690456418e-002 5.50303698206006e-003 2.37992021454648e-004 -1.74853245750690e-005 -6.89462106313063e-006 -9.14641825048004e-007 -4.57236357148806e-008 9.83295424691951e-009 
6.70641792160033e+005 7.92271855965167e+003 -1.35958934756695e+001 -1.06823943161633e-001 -1.15118730830091e-002 3.13972124682817e-003 2.54761129771191e-004 -8.12950222324594e-005 -8.61196185195429e-006 2.29280544961346e-006 3.01396596345950e-007 
-8.51770158563194e+005 5.90941995211044e+003 1.69641976685059e+001 1.03947265859034e-001 -1.80264842743326e-002 -1.20053369684513e-003 4.53229706381635e-004 3.74174534780412e-005 -1.25598233291220e-005 -1.30624853906935e-006 3.67399029782860e-007 
-3.85650220747335e+005 2.30591618478636e+003 7.54854762625097e+000 6.56088167425711e-002 -8.67799062276815e-003 -9.63685611459636e-004 2.15819787957775e-004 2.84104587508111e-005 -5.81754872297429e-006 -9.32671886971771e-007 1.65042225816780e-007 
-8.72384876238917e-005 -4.00550058536891e-007 -5.89043619031411e-007 9.26517974565546e-008 7.07940619970221e-008 1.55179549094046e-009 -2.86717197601082e-009 -5.45289228327004e-010 1.61934013861053e-011 3.10293708061352e-011 
-1.03881079380994e-005 3.05254944383375e-007 -1.27970133886160e-007 -1.11602593417651e-007 3.76710304939583e-009 7.01049281843707e-009 7.23029306233206e-010 -1.93389204409012e-010 -6.43890591092426e-011 3.57714473318322e-013 
-8.66043908546805e-005 1.83935951216004e-006 8.43204798905368e-008 -3.01148004882110e-007 1.30311048301212e-008 1.90896586283144e-008 -2.94726024702187e-009 -6.16087887143495e-010 2.28947123786547e-010 6.22384551448196e-012 
-1.08890110529051e-005 -2.93087793387188e-007 3.31481132126366e-007 1.03928312347985e-008 -3.57982970904669e-008 2.58509497432815e-009 1.79669892755425e-009 -3.14620404594241e-010 -5.83480755509552e-011 1.71369603016958e-011 
-8.58541696081358e-005 -9.16137823933440e-007 1.58904459719370e-007 1.66188211154361e-007 -1.14645539159810e-008 -3.44885300575403e-009 1.90159641835373e-010 -8.43635807077103e-011 -1.74171012996392e-012 7.82618322783603e-012 
-1.08578233518320e-005 -2.24630639152690e-007 -2.32701126960413e-007 1.94690491148717e-008 1.29504355590480e-008 -5.67409212420170e-010 -1.68606370431781e-010 -8.52910063159339e-012 7.68196895529286e-012 -2.21644454098832e-013 
-8.47553490534656e-005 1.63572780723260e-006 -2.70650678519944e-007 -1.97447606148284e-007 1.34330050298363e-008 9.63944959338265e-009 3.05682156710591e-010 -1.92577652664671e-010 -2.62942713589157e-011 1.87548763513264e-012 
-1.13029153214502e-005 2.61529609549789e-007 2.67699363910120e-007 -3.40382652592665e-008 -2.12060723088838e-008 1.60826992641595e-010 6.46035356103272e-010 3.41687462932503e-011 -9.97968232409108e-012 4.03425532682525e-013 
-6.34409500145448e-002 6.30597975136920e-004 -3.82021398620193e-004 -3.97537380356060e-006 4.47176029218301e-006 -1.14142905245994e-006 -2.77516197571861e-008 3.80447600311936e-008 3.64911180328777e-009 -4.03833879284306e-010 
4.15926624799936e-001 -7.95869031137982e-004 -5.09742313228478e-005 2.08853106815154e-005 -1.34212243052398e-006 -9.37113971246097e-008 9.59937458021609e-008 4.43582683044275e-009 -1.97305220080599e-009 -3.34113597392918e-010 
5.78650365846295e+003 9.19257526513746e-001 3.33253014376007e-004 4.68157663914362e-006 -3.70124223204198e-006 1.05961095376614e-006 2.12185958714687e-008 -3.58287455749985e-008 -3.41535134855127e-009 3.86766152408100e-010 
-6.49505763252897e-002 -1.97638421070120e-003 -1.62637080539990e-004 6.60157341988499e-005 9.40169346375334e-006 -7.84038049892315e-007 -3.26737068336958e-007 2.79198959740794e-008 7.41537288992184e-009 -1.49723148099976e-009 
4.14641475305194e-001 -2.97397040751993e-004 1.80097344022804e-004 1.73765651511908e-005 -3.03674589313490e-006 -7.45582086008746e-007 5.03798961715622e-008 2.07768331154670e-008 -2.77452083309736e-009 -3.47183236463639e-010 
5.78834467004925e+003 9.21631511802065e-001 1.63142042617245e-004 -5.90455371070359e-005 -9.06418996167059e-006 7.24160389376091e-007 3.09699201983603e-007 -2.68153252269340e-008 -6.98347212753876e-009 1.42591186310591e-009 
-6.73926235513973e-002 1.65800231574750e-004 5.42856156002606e-004 -1.40854873382719e-005 -1.35654313854549e-005 3.78466379937630e-007 1.65159816740751e-007 -4.39106336453372e-009 -6.82004185590445e-010 -4.25714459516862e-011 
4.15287261445432e-001 7.63340236099063e-004 -2.54693791748324e-005 -3.90882759346054e-005 9.70429007217435e-007 6.60038710114638e-007 -1.80857172690470e-008 -5.44251321484098e-009 2.55928210270324e-011 -1.88381504017136e-012 
5.79018665649803e+003 9.19768474497697e-001 -4.91816347229312e-004 1.11893936495062e-005 1.23874737221329e-005 -3.44591281712595e-007 -1.51247780188825e-007 4.31624991517016e-009 6.02692746747388e-010 3.67165349216039e-011 
-6.48586434052435e-002 1.68347528033176e-003 -2.28952037614000e-004 -5.19501895299666e-005 8.42662980007548e-006 1.96741967973172e-007 -1.91573116991675e-007 -7.27534748572226e-011 2.64514672244519e-009 7.09419421042487e-011 
4.15743195234204e-001 -4.18479778177585e-004 -1.57175342734351e-004 1.92011385202512e-005 1.81606786475575e-006 -5.44841230577622e-007 1.31016221401120e-009 9.98264671395155e-009 1.20577684204872e-010 -1.01302223379504e-010 
5.79202415364740e+003 9.18339411066303e-001 1.95908247405742e-004 4.67199224030029e-005 -7.52018712259027e-006 -1.65290844192548e-007 1.74776572658144e-007 3.20851776920984e-011 -2.41124781515834e-009 -6.74680441054997e-011 
