-5.74894552672360e+007 5.81492443135793e+005 1.02487405920181e+006 -2.77088017929378e+004 -3.65933633578076e+002 6.46222622272127e+001 -4.71399929331459e+000 2.06385641434431e-001 -4.01082745226630e-003 -3.04654434911827e-004 4.11751755875817e-005 -2.77212386204485e-006 1.14329352286052e-007 -8.07745589410694e-010 
-1.48499699438063e+007 -1.36668184600219e+007 2.62609087548974e+005 3.33218017236207e+004 -1.63206490281046e+003 5.67706299182992e+001 -4.68212908909706e-001 -1.21808167964541e-001 1.19090806947388e-002 -6.82178009723987e-004 2.24692991757045e-005 2.66961234510249e-007 -1.05239373703822e-007 9.02063555627440e-009 
-1.97102885858440e+006 -7.36125694804794e+006 3.40012438154894e+004 2.06729126064353e+004 -8.33854300800504e+002 2.36240686352596e+001 2.38721985683271e-001 -8.64681665933208e-002 6.77736764810543e-003 -3.32809453961385e-004 7.73298408742605e-006 4.30074389174810e-007 -6.80727986354700e-008 4.90240881360250e-009 
-4.92058823952850e+007 7.41770110213982e+006 6.84590468027374e+005 -2.77217561806555e+004 1.72252902629597e+002 3.21563471121230e+000 -1.08844488989438e+000 6.24593747749608e-002 -2.99528124907836e-003 1.03077443008866e-004 -1.84155289708347e-006 -8.11905868381796e-008 1.13703988099519e-008 -7.66628109508600e-010 
-3.90775992041950e+007 -1.03315351019917e+007 5.39464829018816e+005 1.50647263733314e+004 -7.37460468867378e+002 3.08080814145981e+001 -1.10126075342955e+000 1.87619858995004e-002 4.39807098270433e-004 -8.50246164204842e-005 5.68797325264898e-006 -2.86861713509796e-007 1.05414050797202e-008 -2.12690774254592e-010 
-1.57727893356793e+007 -6.28854120786730e+006 2.17176668289462e+005 1.09218685259018e+004 -4.11792168053014e+002 1.61231758852370e+001 -4.75403381206948e-001 3.54543690573746e-003 5.45624790019808e-004 -5.61034882486167e-005 3.22878861285909e-006 -1.44858338946472e-007 4.45331804960119e-009 -3.37108357513651e-011 
-2.99152882987122e+007 1.16085960740196e+007 3.67230652900675e+005 -2.54324264495809e+004 7.35103862965584e+001 -9.88848747667677e+000 -2.36005983890619e-001 1.04034973155539e-002 -6.89667715987844e-004 3.27448963421299e-005 -9.97191168187804e-007 3.88876560211569e-008 -3.78643476096361e-010 -3.47049125437971e-012 
-5.49685330094253e+007 -5.45488704742436e+006 6.65628465166581e+005 6.94113137902657e+003 -3.42671730391571e+002 1.05419856999870e+001 -6.32599301683219e-001 1.02751495893845e-002 -5.19080337190140e-004 -2.16854879550211e-006 2.43476916598479e-007 -3.28380356937731e-008 1.66523569683818e-009 -7.30168323765272e-011 
-2.62627211926618e+007 -4.11815620504919e+006 3.17479537729658e+005 6.34505073546943e+003 -1.90671897565813e+002 6.65653547074407e+000 -3.13425973584732e-001 4.41025837278851e-003 -2.05881640514628e-004 -4.55498480962360e-006 2.34397853777106e-007 -2.15822526928410e-008 9.21461870147943e-010 -3.84337856131294e-011 
-4.72352085839840e+006 1.33290011100201e+007 6.17640173084859e+004 -2.60801280613307e+004 -1.66323066582257e+002 -1.36592920100060e+001 -1.13322872058700e-001 2.58054460436897e-003 1.46726072437924e-004 2.36462117801923e-005 5.45516020188149e-007 4.06757153899225e-008 7.48659035712412e-010 3.39659874659280e-011 
-6.03479087507244e+007 1.21118826092139e+005 7.20495663860156e+005 2.38355952197795e+003 -2.70280354117227e+002 -3.12004743333926e+000 -5.87015036786347e-001 -7.52443399749722e-003 -6.24528398034284e-004 -6.46228557704834e-006 -2.03004710883974e-007 6.09409350198575e-009 8.07257557163422e-010 3.16118975755435e-011 
-3.17496055327131e+007 -1.31800919638512e+006 3.78464018050967e+005 3.97763659774458e+003 -1.27131153175542e+002 -2.50066304767259e-001 -3.01816798801250e-001 -4.28756467281833e-003 -3.48772123909575e-004 -5.90372158267313e-006 -1.65309426457837e-007 -9.42528952161528e-010 3.54040332445590e-010 1.31979865564467e-011 
-7.87759331135254e+007 1.59320932301912e+007 1.00068868551665e+006 -3.40822069748212e+004 -1.00648199063571e+003 2.31791128758725e+001 3.52963350308777e-001 -8.99253559546694e-003 -1.36365844430769e-005 3.06784128031495e-006 
-6.66736121938970e+007 -1.60263552512558e+007 8.45637044063457e+005 3.28947810998057e+004 -9.20169914224096e+002 -1.89535899018843e+001 4.43652130444931e-001 3.58091503859608e-003 -1.45730197440384e-004 1.16713145448075e-006 
-2.50025370392277e+007 -8.21892168683459e+006 3.17129739713518e+005 1.69563874145469e+004 -3.50298887112557e+002 -9.99416916656905e+000 1.77293796344760e-001 2.18468281496531e-003 -6.47768220058261e-005 2.17342294491655e-007 
-4.03697555347278e+007 2.20656917320329e+007 5.11635582078240e+005 -4.61023321526316e+004 -4.78462841986432e+002 2.86646773778332e+001 1.08115626199649e-001 -8.17234358830419e-003 5.28092467944462e-005 1.39459725878658e-006 
-9.09044402288026e+007 -7.95751408576945e+006 1.14147406743099e+006 1.57430858866798e+004 -1.18721321922220e+003 -7.59331045025277e+000 4.84706469331557e-001 -3.79695973399273e-004 -9.16606631066814e-005 2.08807015232400e-006 
-3.83352723253237e+007 -4.97686111523734e+006 4.81177319602175e+005 1.00004098655530e+004 -5.03853354800155e+002 -5.23034338884467e+000 2.11181020610141e-001 3.51967065096113e-004 -4.38595217015216e-005 6.51590355568165e-007 
-1.47760950047757e+008 6.97503361878975e+004 7.12227759822217e+005 -8.60564097593351e+002 -2.86224662068570e+002 9.84229558500465e-001 4.50534777518689e-002 -6.79726667664223e-004 8.22591485974394e-005 1.77018368281920e-005 -8.57870610813224e-007 -8.77693526705313e-007 -1.82107536671537e-007 
-2.34025582191383e+006 -1.89063612420245e+007 1.29258765474080e+004 1.50934176583213e+004 -3.06970625526286e+001 -3.68015612656357e+000 2.12206563730439e-002 6.21490480323051e-004 2.48234198753295e-005 -4.50450830985947e-006 -1.99502859697173e-006 -2.62316002339292e-007 4.33312319502178e-008 
-1.03331736333152e+006 -8.19655600606481e+006 5.60328512969977e+003 6.54352582540073e+003 -1.33066334139046e+001 -1.59593465538289e+000 9.14530039583184e-003 3.06935182990131e-004 1.65394367850058e-005 -3.35065443534167e-006 -1.27659485146493e-006 -1.29660205448191e-007 3.37891615462748e-008 
-1.42010066124966e+008 5.65027548460489e+006 6.75255422241489e+005 -5.22684777538999e+003 -2.56468046938186e+002 1.93589064176798e+000 3.12884475713954e-002 -3.43094933075855e-004 4.64057909583357e-005 -7.65896241777745e-006 6.08408560802086e-007 6.61909530682754e-009 -8.18166353414899e-008 
-3.94854748305092e+007 -1.80922099520754e+007 1.88773429150003e+005 1.40454918868847e+004 -9.82638700875698e+001 -3.05041884836998e+000 2.99001661548848e-002 3.55976424285365e-004 -1.63096021690288e-005 -2.32468334795324e-006 4.25876372753481e-007 -1.87206994427072e-007 1.61718859078281e-008 
-1.71370473378904e+007 -7.84359692830885e+006 8.18394522642300e+004 6.08922897718552e+003 -4.26009282600166e+001 -1.32280711567743e+000 1.30557301269086e-002 1.74562634796986e-004 -1.24823619689684e-005 -1.27819017062870e-006 3.01397477092142e-007 -1.07257359773347e-007 1.25546365276123e-008 
-1.09871148502230e+008 -2.85045401345738e+007 4.85151515435442e+005 1.89010727122786e+004 -2.57547410725701e+002 6.75822306599253e-001 2.24700027962155e-002 -1.50758638951222e-003 2.58878531196573e-005 -3.07414241737506e-007 -2.21896252416186e-009 
1.95549263382699e+008 -1.15068906477638e+007 -8.58817673091825e+005 1.19057852190448e+004 1.80678235876892e+002 -3.32260113145333e+000 6.81150077440219e-002 -5.85969327767899e-004 -9.07116181821002e-006 3.47441324459187e-007 4.35258745943279e-009 
9.26478296388508e+007 -4.50819024035432e+006 -4.07024735869435e+005 4.95016381300997e+003 8.98318700946536e+001 -1.54225410080215e+000 3.06354062512728e-002 -2.27949689342077e-004 -4.89195913916525e-006 1.75459029658636e-007 6.77895408107909e-010 
-6.10298255072971e+008 1.16700505902152e+007 7.23691399255710e+004 -2.13026859650292e+002 -7.00962466781624e-001 3.44191677154296e-004 2.65437560405844e-006 -1.77279157661312e-008 
-4.96310728725674e+008 -1.16057599236912e+007 5.88536107392769e+004 2.43694843810154e+002 -4.18100926752939e-001 -1.15848421741446e-003 -6.52849981445455e-007 -1.34071258375048e-007 
-1.97879509721423e+008 -5.25879220636851e+006 2.34645501114603e+004 1.09641465993388e+002 -1.62142366802744e-001 -5.03855362738400e-004 -3.85175507498428e-007 -6.77332855681789e-008 
-8.76746643074417e+008 -1.09442423914108e+007 2.18905928819338e+004 4.20595629011520e+001 -6.19843932214779e-002 -5.34953990134253e-005 9.05965292345271e-008 
9.52646003641561e+008 -8.13401128066182e+006 -2.37785429075262e+004 3.76706369477820e+001 4.71839604274462e-002 -8.47505012220145e-005 9.30768335468685e-008 
4.31222406937827e+008 -2.88854064718631e+006 -1.07637970965716e+004 1.37494115297320e+001 2.21536927218322e-002 -3.27865342622989e-005 3.12633713371122e-008 
2.83933676191307e+009 3.00287949624051e+006 -6.64791984996929e+003 -1.08208808167517e+000 1.13321164248682e-003 -8.54249056584047e-008 
-8.83137114844259e+008 7.76509280923505e+006 2.06760313979552e+003 -3.05797108267763e+000 -2.97300381894200e-004 2.68631204000576e-007 
-4.26950657770446e+008 3.35844822649887e+006 9.99585204363985e+002 -1.32404104826921e+000 -1.46089834347220e-004 1.16972597921646e-007 
3.31644770736176e+009 5.02437868232508e+006 -2.31571092524635e+003 -6.01565275402059e-001 1.23107841416584e-004 1.95255592842224e-008 
-2.78022909631255e+009 5.21671350936148e+006 1.94173413310272e+003 -5.93942957522096e-001 -1.18249350006628e-004 4.52950676773803e-008 
-1.22052991164438e+009 2.01014134993926e+006 8.52414709447182e+002 -2.28128150054307e-001 -5.15671006423250e-005 1.82671763852507e-008 
-4.12956639134982e+008 7.62261781899113e+006 2.60569549148289e+002 -8.31934103795355e-001 1.26460453537164e-004 6.38334223007254e-008 
-4.45609651790252e+009 -1.08298470073962e+006 2.81207331067819e+003 -2.10734457777872e-001 -2.13669913199712e-004 1.89751093104898e-008 
-1.26618764206128e+009 -2.63463358377157e+006 7.99008264155591e+002 1.84738605984638e-001 -1.03320939065339e-004 -3.71779639750546e-009 
-3.83089044877016e+005 2.18158411754835e+004 1.79067292901464e+004 -8.36928063411766e+001 -6.28266733052024e+001 -4.59274434235101e-001 4.91167202819886e-002 7.70804039287615e-004 -1.25935992206167e-004 5.00271026610991e-006 1.07044869185752e-006 1.72472464343636e-009 -2.69667589576925e-009 
-3.79891721705081e+004 -1.43611643157166e+005 1.87126702787246e+003 1.12734362473135e+003 9.32891213817359e-001 -1.91932684130579e+000 -2.66517663331898e-002 1.04558913448630e-003 -3.59077689123858e-005 -1.23405162037250e-005 1.80479239596340e-007 5.25522632333671e-008 5.43313967008773e-010 
-1.78496690739134e+004 -7.88257550331743e+004 8.80684692614082e+002 6.18395886330472e+002 1.03331218594996e+000 -1.04949867328179e+000 -1.50337371962561e-002 5.69056416308259e-004 -1.86297523286551e-005 -6.80012420653792e-006 9.02057208454411e-008 2.87891446432139e-008 3.19822827699973e-010 
-2.11633180543552e+005 1.43700421460980e+005 1.07857906897053e+004 -1.09442740768089e+003 -5.91573436902123e+001 9.46878802695653e-001 9.00200036316775e-002 5.77312333843196e-003 4.97302095180970e-004 1.05612993128936e-005 -1.95539203108087e-006 -1.73285173713367e-007 -7.02221669711594e-009 
-2.69273440430394e+005 -7.73928000873978e+004 1.41223936323404e+004 8.04164770983033e+002 -4.33489871570048e+001 -2.58656048286396e+000 -4.44064773829810e-002 -1.40453095475627e-003 1.79844957699048e-004 3.63584151237359e-005 1.87715587635361e-006 -1.24599270236949e-008 -6.60624871043174e-009 
-1.45881282759324e+005 -4.35248000892305e+004 7.65144743014832e+003 4.49448531821563e+002 -2.32926102612403e+001 -1.42629099928654e+000 -2.50009618332939e-002 -8.11509471914410e-004 9.46519704245856e-005 1.98382366024633e-005 1.04390165797399e-006 -5.48505594204975e-009 -3.56632629040331e-009 
1.10775536160452e+005 1.63959431382307e+005 -6.80060983562583e+003 -1.68900059873192e+003 1.89065496463159e+000 6.22134827968122e+000 3.23356654688645e-001 -4.01126609217944e-003 -2.34301076911428e-003 -1.57722801576438e-004 4.17401188788300e-006 1.40264649494321e-006 7.97329213318072e-008 
-2.91647105170837e+005 5.81346107410570e+004 1.77493724600370e+004 -3.43670530141310e+002 -9.91659021750329e+001 -1.96469385603488e+000 2.37061371041042e-001 2.71095690823620e-002 8.17480723256801e-004 -1.19993888385470e-004 -1.46631578543035e-005 -2.85530276814171e-007 8.10375708676519e-008 
-1.60662400630612e+005 3.05678025064507e+004 9.77833510023098e+003 -1.75069545968810e+002 -5.43710602448209e+001 -1.12495539049720e+000 1.27474769424819e-001 1.48865151166488e-002 4.65995199754703e-004 -6.45327136114100e-005 -8.06732259100208e-006 -1.67328746306562e-007 4.37884568666141e-008 
3.27871073427417e+005 4.02583485684398e+004 -2.19605142631648e+004 -4.62120324456301e+002 1.43397621308464e+002 3.21089811614759e+000 -7.66748642910992e-001 -3.03002858166208e-002 5.12300410547042e-003 3.21736531470848e-004 -3.81189277910343e-005 -3.41547804600484e-006 2.88730163015030e-007 
-6.54401755248474e+004 1.56897791867527e+005 4.46438984927301e+003 -1.70762480563902e+003 -3.29995781888427e+001 9.01910252032656e+000 2.62450666546092e-001 -5.37957939723360e-002 -2.71610904987791e-003 3.86076842994372e-004 2.89226248528283e-005 -2.92384762642294e-006 -3.06053599774485e-007 
-3.84260507306095e+004 8.56455047004577e+004 2.61663228880632e+003 -9.32175366955186e+002 -1.91967349132191e+001 4.91862939213262e+000 1.49780527026262e-001 -2.92477761921912e-002 -1.52814874426371e-003 2.09072652446064e-004 1.61447506412461e-005 -1.57571232084471e-006 -1.69950046659113e-007 
2.41795892923798e+005 -1.20195777674681e+005 -1.47919013688402e+004 1.40703483018941e+003 5.17395780872526e+001 -7.99227712459571e+000 1.78424739952517e-001 3.70543973067431e-002 -3.44429344846720e-003 -7.05028026815603e-005 2.99427732177881e-005 -1.23821010605415e-006 -1.66944778312805e-007 
2.21680363578320e+005 1.14984704986453e+005 -1.35578838732170e+004 -9.57585484458852e+002 9.64575720119712e+001 6.93160246072207e-001 -4.92932562259598e-001 2.65313210899618e-002 1.81248391201192e-003 -2.96307730143604e-004 3.64620228312906e-006 2.09496676089814e-006 -1.56218090196441e-007 
1.19539300948403e+005 6.39224570335887e+004 -7.31434421665355e+003 -5.35504813800048e+002 5.24743934956249e+001 4.42249107814134e-001 -2.71574813828324e-001 1.42496940641667e-002 1.02006272784214e-003 -1.61824888042140e-004 1.76532546903773e-006 1.15762068630693e-006 -8.43067265155252e-008 
-6.00202780958928e+004 -1.66646733164910e+005 3.00914273400487e+003 1.34121484071117e+003 -3.65568478051399e+001 -1.21627486543758e+000 1.50688366768290e-001 -1.46197395714803e-002 3.53439985790904e-004 4.12107049144633e-005 -5.11622639131896e-006 2.85230873820327e-007 2.50966507722080e-009 
3.24225545155681e+005 -1.49476346246576e+004 -1.66574654217018e+004 3.27208845213644e+002 5.52748354705785e+001 -2.41716368163324e+000 9.16742292463944e-002 3.17441993265306e-003 -8.99310307680401e-004 5.29275080475239e-005 -5.29850591214603e-007 -2.31986111174318e-007 2.62345584753376e-008 
1.78046897714242e+005 -6.90245019978952e+003 -9.14740939389678e+003 1.69313990857077e+002 3.05814044574078e+001 -1.31657863145185e+000 4.89960573739944e-002 1.85403352785567e-003 -4.95499820752597e-004 2.86849670785484e-005 -2.50369510602831e-007 -1.29343583986740e-007 1.43557945623152e-008 
-3.26055563106517e+005 -8.92777260690614e+004 1.51217509595838e+004 6.50060295127373e+002 -4.88502016700805e+001 -7.45493602555864e-001 -3.91011206877688e-002 5.39350523120588e-004 3.62478046732332e-004 -8.77933669029863e-006 -5.01838024004119e-008 -2.46151537779057e-008 -1.30815711044122e-009 
1.82174526383195e+005 -1.20383262646055e+005 -8.64839263540634e+003 9.35317249888405e+002 2.55329511010066e+001 -9.95959643040361e-001 -7.74664428118481e-003 -5.23340026784367e-003 9.75756377858382e-005 1.09521345829057e-005 -2.01457577617305e-007 2.00242902344611e-008 -3.20616286912282e-009 
1.02307823820826e+005 -6.52287047864821e+004 -4.84800986223709e+003 5.07729398386044e+002 1.43365102137033e+001 -5.42494299937856e-001 -3.94312161637054e-003 -2.86744727846970e-003 5.08169423301130e-005 6.06916783923892e-006 -1.10480987151152e-007 1.11475692066937e-008 -1.74577143416698e-009 
-3.69205549226835e+005 4.82542040027692e+004 1.76372445376962e+004 -2.77376799761444e+002 -6.65983343024332e+001 -5.46011374894393e-001 7.76169899504850e-002 5.10573963429881e-003 -1.35931773021163e-004 -1.49086233047008e-005 6.29649956030352e-007 6.96029183512626e-008 -3.86104014847256e-010 
-8.85009112134943e+004 -1.39516577349190e+005 4.22484255985998e+003 1.13506873700806e+003 -4.94223983270795e+000 -2.28052747300697e+000 -6.38961419329969e-002 2.13213306224249e-003 2.45275136053969e-004 -9.03465468322770e-006 -8.25047271103406e-007 2.32262222068993e-008 4.46745800694177e-009 
-4.55218211042340e+004 -7.67141794890678e+004 2.18480949760404e+003 6.23488153485859e+002 -2.26350351195332e+000 -1.24605106312758e+000 -3.54490957942378e-002 1.13447508898086e-003 1.35313464486893e-004 -4.84349457768413e-006 -4.56342587392446e-007 1.22275331277682e-008 2.44819539993033e-009 
5.43447259515205e+005 -4.16263023389213e+003 -2.40965797483804e+001 1.46488502393860e-001 3.36142820134140e-003 -1.96984559294950e-004 2.54455642578092e-005 -2.69661584633534e-006 2.00818695534232e-007 -1.00688625681486e-008 -1.47249787803794e-009 
3.77061502242199e+005 6.55115068419116e+003 -1.45261105860360e+001 -1.88105403020671e-001 5.38571342707994e-003 -1.80637141007821e-004 1.09523305229935e-005 3.29700295187237e-007 -1.66480007923621e-007 1.88637128453596e-008 -2.56659416120927e-009 
1.44420331291233e+005 2.86562829189374e+003 -5.61955796116694e+000 -9.55015544156892e-002 2.52054192188495e-003 -8.37101373992620e-005 3.26090214241955e-006 4.57587706112526e-007 -1.09815858057754e-007 1.14154621149529e-008 -1.21353216271647e-009 
5.34935324063424e+005 -4.34762659782585e+003 -2.20842981287822e+001 1.86104245153661e-001 2.10503548054699e-003 -1.21869038170566e-005 1.27234284228017e-006 -6.03645802550064e-008 9.77466911592364e-009 -7.45193497170687e-009 -4.85651327435446e-011 
3.90041354985437e+005 6.42719033153964e+003 -1.63427392510299e+001 -1.18038565802477e-001 3.97743045049163e-003 8.78310494974930e-006 4.68443509211103e-006 -3.42390410550764e-008 2.36397371554235e-008 -6.96741525528873e-009 -1.46581731100297e-010 
1.50103423603935e+005 2.81667972683042e+003 -6.56212674856008e+000 -6.34501825511837e-002 1.76104168532805e-003 2.31696137890250e-009 2.45858137227019e-006 -1.12221527811291e-008 1.15883703383667e-008 -2.63113552696605e-009 -6.94640274517959e-011 
-6.41823704433287e-006 -1.43235946568568e-006 6.65870771290161e-007 1.31223141761769e-007 -3.39904442655978e-008 -5.78400650451011e-009 3.28905776939055e-010 6.69258200072711e-011 5.10610401844339e-012 6.33706973668103e-013 
4.68474358986638e-005 -5.28744560776258e-007 -1.74246522415879e-007 7.91682028680949e-008 1.41442908746404e-008 -2.09537624102865e-009 -4.14150510832597e-010 3.97400289440599e-011 7.05962758252631e-012 -4.51743525395623e-012 
-6.70682774376956e-006 -4.12163462633016e-007 -9.03568930944654e-007 -1.12173690130036e-008 1.06162159193699e-007 7.41996252450794e-009 -5.63954730025672e-009 -9.02384786541885e-010 1.92785501678902e-010 5.74529177463901e-011 
4.67728606408214e-005 6.41583715981885e-007 -4.75792920855534e-008 -1.66919855432182e-007 -4.91437321142788e-009 1.19781747179967e-008 1.15014921700740e-009 -5.20427739663638e-010 -8.88634307778819e-011 1.65890987454176e-011 
-7.79887764210324e-006 7.31786443669818e-007 3.78410621748237e-007 -2.52201126663017e-007 -1.04340957724727e-008 1.43095846634414e-008 -2.03381042258459e-009 -1.68237877157593e-010 1.52499624902727e-010 -2.20124088337656e-011 
4.64069472821424e-005 -5.86808693495917e-007 2.98310326209818e-007 5.30498528753892e-008 -3.14505155307238e-008 1.44193698820125e-009 1.13988868208891e-009 -3.21983382244167e-010 -2.43024583954287e-012 1.69803348884017e-011 
-8.58711536686880e-006 -1.99811180402755e-006 -1.78066460726045e-007 1.91743221252543e-007 1.57020058297210e-008 -4.59780586401702e-009 -6.24370287595618e-010 -3.71094978847723e-011 2.70969260878435e-011 4.17855117949121e-012 
4.63377267703843e-005 -5.70292556678255e-008 -2.96797186565133e-007 -2.98693236489665e-008 1.58352306820254e-008 1.19471518762138e-009 -1.39127020259069e-010 2.56956706134243e-012 -7.37888593381912e-012 -3.04142089453863e-012 
-6.53606102308866e-003 -4.27424355497865e-004 -5.06943802397991e-006 1.38758852745092e-005 4.11826857604335e-006 3.91098112048757e-007 -1.05324865388548e-007 -1.22924822244454e-008 8.17845303177942e-010 8.00395493194548e-011 
3.81963826405318e-001 4.75082499488256e-005 5.08071230065102e-005 5.10356694767798e-006 1.28838184195715e-007 -2.86889779308910e-007 -3.17109609179207e-008 3.93484416606241e-009 4.61451907414739e-010 -2.19492519524656e-011 
3.08567413887448e+003 9.20339576515938e-001 -7.22581462421273e-006 -1.44274650445887e-005 -3.70096328362413e-006 -3.50217864734000e-007 9.77620559458241e-008 1.14653082069113e-008 -7.42247711269478e-010 -7.49458099063623e-011 
-6.43324640224794e-003 7.86598660697408e-004 2.62371647195380e-004 -1.90296333456344e-005 -1.22165178157675e-005 -1.16260913483337e-008 3.97080827261662e-007 2.67165061682629e-008 -9.63021901439187e-009 -1.65591601078221e-009 
3.82396249146214e-001 3.07753207387267e-004 -4.34642186907263e-005 -2.21599043620008e-005 6.57532022752796e-007 8.37447017177665e-007 2.76610508461926e-008 -2.37084185690246e-008 -2.64680414620113e-009 4.75156661260595e-010 
3.08751381245351e+003 9.19097695828765e-001 -2.52988517141655e-004 2.02267291358444e-005 1.16355131603723e-005 -2.21835797705858e-008 -3.77771966717954e-007 -2.49490225000455e-008 9.20524836192349e-009 1.56864490185497e-009 
-4.47909769080529e-003 7.23562138289271e-004 -2.17760835700351e-004 2.64867481556014e-006 6.95711223129332e-006 -1.08592474262387e-006 -5.91805834523991e-008 3.25165119312314e-008 -3.55869019932215e-009 -1.98012641969823e-010 
3.82393295408906e-001 -2.88510675475243e-004 -2.51562922967281e-005 1.57856379737291e-005 -1.38276661678108e-006 -3.14346104338442e-007 7.84249713504552e-008 -2.49924358843284e-009 -1.35732700436767e-009 3.09912907758793e-010 
3.08935167909516e+003 9.19202996820373e-001 2.17585819681593e-004 -2.62478912599199e-006 -6.75242780407450e-006 1.03660899638224e-006 5.48564381084855e-008 -3.09166688369856e-008 3.43497798876938e-009 1.84253940474537e-010 
-4.24828032505592e-003 -3.54153190144835e-004 -6.68224240871864e-005 2.78436685200246e-006 -4.99244140421538e-007 6.36213240633694e-007 5.34108959516283e-008 -1.01951517439523e-008 -1.16831361057224e-009 1.18926798980430e-012 
3.81920974881077e-001 -1.38053466580365e-004 3.60905193600342e-005 2.09713519521723e-006 8.96538083891286e-007 9.35696619326397e-008 -3.61723138442325e-008 -3.12429855617329e-009 2.48306822147913e-010 5.58357956706719e-011 
3.09119129651319e+003 9.20271257530254e-001 6.05947226180061e-005 -4.51310315136991e-006 4.81671665652949e-007 -5.77010964013203e-007 -4.90982062521581e-008 9.39069998524528e-009 1.06825599570936e-009 6.56286602450792e-013 
