-5.49008321248563e+007 -5.39710785008977e+006 1.21264660250623e+006 -1.69579192787777e+004 -1.87283196595227e+003 1.70793015683623e+002 -8.18208204710476e+000 6.01432504684523e-002 2.74906820116333e-002 -2.78894217321704e-003 1.38717692353844e-004 -3.18974322091946e-007 -6.30357145372797e-007 6.30317604972829e-008 
2.71049215293447e+006 -1.41988908022768e+007 -8.40857439842297e+004 5.45414327839376e+004 -2.29471076940882e+003 2.79756580508529e+001 5.43852026143610e+000 -5.76565139086705e-001 2.96256984137073e-002 -2.62627044221387e-004 -1.07708760116344e-004 1.14752976225128e-005 -5.94936714598707e-007 2.39995215117680e-009 
7.20885451490639e+006 -7.02575412684984e+006 -1.70594667901040e+005 3.08938172478441e+004 -1.03175188531436e+003 -2.75574407196514e+000 3.75325173853572e+000 -3.14236825796857e-001 1.29771396892261e-002 1.48737544438704e-004 -7.19144575170782e-005 6.16322107512103e-006 -2.52494112421230e-007 -5.25001635075662e-009 
-5.68661402889401e+007 3.17798089995429e+006 9.11480489119004e+005 -2.87585991888720e+004 -4.22394208653550e+001 3.39041960062509e+001 -3.02471596040416e+000 1.53520933596906e-001 -5.31102537019602e-003 3.06634206884797e-005 1.26144832046670e-005 -1.22865221160941e-006 7.31987967985797e-008 -2.86792952741541e-009 
-2.46834064220782e+007 -1.28094623276414e+007 3.80632313162888e+005 2.55678228428803e+004 -1.27420430018274e+003 4.98936017024648e+001 -1.14000710174768e+000 -3.16875965269858e-002 5.49142251010478e-003 -3.94768093915893e-004 1.88922568127682e-005 -5.21414902938849e-007 -1.09401795437233e-008 2.64375623186586e-009 
-7.22137906146818e+006 -7.17221374124092e+006 1.08872458366113e+005 1.66389485324621e+004 -6.76309063702826e+002 2.31397149163032e+001 -2.95524217496009e-001 -3.28382374700653e-002 3.48396393406659e-003 -2.14064739143956e-004 8.78496093449864e-006 -1.51206446855190e-007 -1.34303148832023e-008 1.70950634019627e-009 
-4.42977875884419e+007 9.10979289885772e+006 5.75153382201647e+005 -2.68055050407295e+004 1.70001736904069e+002 -3.55986029854502e+000 -6.33794743996410e-001 3.64898167133450e-002 -1.92265828748814e-003 7.51317952831254e-005 -2.12425181255855e-006 2.21652092079448e-008 2.90734614937299e-009 -2.73039656591609e-010 
-4.64867469466751e+007 -8.81805053836295e+006 5.92992181057911e+005 1.16067073207515e+004 -5.59495769424962e+002 2.27223587785309e+001 -9.18673492548530e-001 1.94241317492339e-002 -2.25986556385657e-004 -3.21155768651812e-005 2.55612088358145e-006 -1.50127831028766e-007 6.53140851122119e-009 -2.19332680717447e-010 
-2.01713356699900e+007 -5.65473615802162e+006 2.57172502251872e+005 8.97843795789665e+003 -3.16503660143962e+002 1.25073407825790e+001 -4.25078458575486e-001 6.59456562873570e-003 7.85276858562809e-005 -2.49429069628285e-005 1.58566984931805e-006 -8.24938098171253e-008 3.18791586821093e-009 -8.88681337382301e-011 
-2.24690876691419e+007 1.24611274139884e+007 2.65488168965671e+005 -2.52324187398242e+004 2.21964100639124e+000 -1.14778929828121e+001 -1.66536805438857e-001 4.88890110637419e-003 -3.61087906581994e-004 2.30725064349812e-005 -4.67935675428531e-007 3.34595902860198e-008 -2.21149668967586e-010 1.98270602725238e-011 
-5.90269076744270e+007 -3.64159254129558e+006 6.90127550716636e+005 5.25388344767956e+003 -2.88453694581284e+002 5.78188859129956e+000 -5.62955816999371e-001 4.63840336237143e-003 -5.36603293538292e-004 -1.37009633027810e-006 -8.64935969448637e-008 -1.41504939499741e-008 8.10536242694870e-010 -2.97712959856322e-011 
-2.91325652959255e+007 -3.23676467449866e+006 3.41155903840467e+005 5.42169684025893e+003 -1.54324326581283e+002 4.27809495161115e+000 -2.83484673069530e-001 1.97111290307498e-003 -2.49195668456731e-004 -3.11979645239144e-006 2.34295482541225e-009 -1.10409689666763e-008 4.54480431707030e-010 -1.79945635473858e-011 
-6.12875762655375e+007 1.95658657046140e+007 7.69073719096622e+005 -4.12853689153039e+004 -7.50964195184455e+002 2.67238731509211e+001 2.25670188108807e-001 -8.83357307300898e-003 2.87340518627103e-005 1.87860973644678e-006 
-8.20826437114134e+007 -1.22038333965054e+007 1.02260391872582e+006 2.46757892534126e+004 -1.08520421225925e+003 -1.32904448076152e+001 4.78558810120661e-001 1.36761250480451e-003 -1.23408905690470e-004 1.57150634790730e-006 
-3.30386667012411e+007 -6.72913427949537e+006 4.11491481454543e+005 1.37155270780104e+004 -4.40807638585198e+002 -7.67116556638485e+000 2.01062312875820e-001 1.17425514969638e-003 -5.73392652951853e-005 5.89824507556261e-007 
-1.76885513678539e+007 2.35746201229036e+007 2.19923924481539e+005 -4.88122573846834e+004 -1.81606229779092e+002 2.93250758314541e+001 -1.26302983480338e-003 -7.20078777814320e-003 6.21664799484202e-005 2.58833948604730e-008 
-9.75909003822406e+007 -3.14985237412221e+006 1.20780129885584e+006 5.81578387343067e+003 -1.23513039193011e+003 -1.73660088582455e+000 4.70582048020859e-001 -1.61773539029080e-003 -6.32866051513518e-005 1.60368631549587e-006 
-4.27750367121022e+007 -2.90867228237791e+006 5.29568751449523e+005 5.70512651188984e+003 -5.44292787887366e+002 -2.63665770293970e+000 2.11851287968039e-001 -2.70409799449337e-004 -3.24115630970733e-005 6.87295258895448e-007 
-1.37509176415711e+008 -7.76289440469453e+006 6.71950080961278e+005 5.67426613182793e+003 -2.89203014047202e+002 -8.54270841232642e-001 5.92019992293418e-002 -1.01638506662899e-004 5.09765225984322e-005 -7.33063498878655e-006 2.12067390416169e-007 2.67378995431586e-007 -1.26594166120505e-007 
4.83079264744776e+007 -1.76346970911332e+007 -2.39399873443520e+005 1.45723037442726e+004 7.92098556331913e+001 -4.05931405689166e+000 -7.56266571508278e-004 8.95746350006540e-004 -3.55194635424151e-005 -6.41638418099941e-007 8.93802343086200e-007 -3.26057628509610e-007 3.15762501928859e-008 
2.09536409034179e+007 -7.64435931295671e+006 -1.03778082784484e+005 6.31674032520186e+003 3.43370654510505e+001 -1.76002497460645e+000 -3.05033559115620e-004 4.21054776127319e-004 -1.83121849712048e-005 -1.17357770866937e-006 5.70526598261858e-007 -1.69183139681501e-007 1.12593515680481e-008 
-1.47499810161224e+008 -2.19439027576306e+006 7.11963225340811e+005 9.87077774040271e+002 -2.92273484867924e+002 5.10506263754213e-001 4.99894757629361e-002 -3.23559819540944e-004 1.23982708456905e-004 -3.19563017717083e-007 -5.98868699016896e-006 -4.42844607694482e-007 1.84116465412102e-007 
1.16882384518706e+007 -1.88350230587337e+007 -5.95920287267346e+004 1.51957438698900e+004 -6.54494533182704e-001 -3.86481610846575e+000 1.67476240965556e-002 7.79760182844875e-004 -1.90591168561548e-005 -1.33198655014142e-005 -3.00691923247916e-007 4.82952627888170e-007 7.05185508521694e-008 
5.07957054571694e+006 -8.16470349440390e+006 -2.58356013192069e+004 6.58701342752305e+003 -2.82877216528693e-001 -1.67564691583846e+000 7.37509049232210e-003 3.71437395956303e-004 -1.60138570126611e-005 -8.00289600837364e-006 1.54679134845109e-007 3.25462998021282e-007 2.96998714527193e-008 
-2.29308786724664e+008 -1.15169683969161e+007 9.41665969884208e+005 8.02094834384845e+003 -2.30126830680721e+002 -3.56562921386101e-001 -3.78508544224095e-002 -3.63489096616195e-004 9.02806863749857e-006 -2.10122842714178e-007 7.27118716880722e-008 
8.33550935394033e+007 -2.55889674505261e+007 -3.44928538919556e+005 1.74539055019794e+004 8.87232359848403e+001 -5.43485386838807e-001 1.22808342741155e-002 -6.91977513160445e-004 -2.17319552594521e-006 -1.79241821313088e-007 -4.32939738062573e-008 
4.44440688663081e+007 -1.14267309166980e+007 -1.83611858504419e+005 7.78954896402843e+003 4.69069636114211e+001 -2.40286397628221e-001 6.65356272138885e-003 -3.00689309037706e-004 -1.66756587260624e-006 -1.86020631909985e-007 7.33363531076773e-010 
-6.44823756322335e+008 -1.09204512069175e+007 7.95305344388145e+004 1.91315843296489e+002 -8.70314402101739e-001 -3.32870932809840e-007 2.03027275634443e-006 2.83325376668153e-008 
4.30295133699724e+008 -1.26904651743018e+007 -5.31523871100078e+004 2.83368740795666e+002 3.22697989073317e-001 -1.70846930080977e-003 2.74846574653629e-006 2.15046706720932e-008 
2.00140400274289e+008 -5.17360313870381e+006 -2.47185714635706e+004 1.16802355160256e+002 1.59509400082846e-001 -7.32559993934607e-004 1.06201584927257e-006 1.41647863688528e-008 
1.34697336579829e+009 -4.45652787304467e+006 -3.08575908154084e+004 9.21648018450210e+000 6.57337460915352e-002 2.50699601047069e-005 -1.23759874848476e-007 
3.83154677031148e+008 1.17561073568355e+007 -8.78694226213968e+003 -4.70981416489874e+001 -7.82943408571307e-005 6.47846641716866e-005 9.23831316184120e-008 
1.00244690196017e+008 5.04777113679815e+006 -2.30041781301484e+003 -1.98496349310546e+001 -2.86328523527444e-003 2.56255225267887e-005 4.75078982770447e-008 
1.25191018186649e+009 -8.56339501570228e+006 -3.24568374288647e+003 3.46817823708709e+000 1.04122596383550e-003 -2.11546488643173e-007 
2.40604577883705e+009 3.27223271784665e+006 -6.23900164887737e+003 -1.87691046872046e+000 1.07551324293763e-003 5.19332390751817e-007 
1.03607479858971e+009 1.55424786023162e+006 -2.68664245163989e+003 -8.71269322387091e-001 4.55648824191021e-004 2.28282999706698e-007 
4.45893086967730e+009 -5.20613930087019e+005 -3.17159004318709e+003 4.60239956554405e-002 1.95655167251082e-004 1.31404562481814e-009 
3.00268584612794e+008 6.97802952369566e+006 -2.13537332625224e+002 -8.27593338565067e-001 8.50159477352821e-006 2.39749580748715e-008 
1.18912723446893e+007 2.86910461562571e+006 -8.45140082794889e+000 -3.39862490914994e-001 -1.30536221436183e-006 9.04738027723940e-009 
3.04966137109348e+009 6.37934646678890e+006 -1.26846177253859e+003 -2.44113554633114e-001 1.21746578150842e-004 -2.74096061545362e-008 
-3.84351283338087e+009 3.24475875976754e+006 1.59874380663824e+003 -4.74500292514325e-001 2.85209963733453e-005 2.01042335884511e-008 
-2.11829767925314e+009 -9.09485058366259e+005 8.81129488858136e+002 -7.45080157839182e-002 -2.81153573351377e-005 1.41197710070983e-008 
-3.35508327651525e+005 -4.93974263560239e+004 2.10484158909676e+004 2.78164354863291e+002 -1.30156325017163e+002 2.07183532578735e+000 5.85045052305205e-001 -3.56774696293415e-002 -2.67356672342788e-003 3.57990469291461e-004 7.70255087988623e-006 -3.15167153123806e-006 5.41551570764101e-008 
7.86280858350468e+004 -1.52283183483034e+005 -4.97942839978757e+003 1.62094668569113e+003 2.84073392779750e+000 -7.81567240326220e+000 2.63520947265632e-001 3.65570547892647e-002 -3.17544700382876e-003 -1.55002120977034e-004 3.00111014864316e-005 1.34047338332047e-007 -2.52961634525543e-007 
1.85987494446932e+004 -8.25396734150921e+004 -1.18356008107172e+003 8.62172780343451e+002 -7.25578076192129e+000 -3.93007735631502e+000 1.76382312483566e-001 1.66425504727948e-002 -1.83177086452762e-003 -5.67264516547528e-005 1.61359524600646e-005 -1.41072982268905e-007 -1.28040905732832e-007 
-2.76303273857828e+005 1.03135234202512e+005 1.46832962564934e+004 -1.08881804014214e+003 -3.60736280418776e+001 4.03652993556493e+000 -2.09827966718975e-001 -1.06770193889925e-003 1.39036033500982e-003 -9.69755424482140e-005 4.05371276501192e-007 5.43044206696448e-007 -5.00034503848102e-008 
-2.09516182372253e+005 -1.22318705491146e+005 1.11452764268145e+004 9.01079946556453e+002 -6.48273950243381e+001 3.21259564282522e-001 1.52454646399621e-001 -1.85502287452942e-002 5.90221201613210e-004 5.48587016540254e-005 -7.59555530793934e-006 3.37575513189907e-007 1.88428193394354e-008 
-1.27372582309402e+005 -5.67522089774661e+004 6.77921826780940e+003 3.95613314823807e+002 -3.61743225607512e+001 4.38782845112230e-001 6.54062047218528e-002 -9.72714278670378e-003 4.00193933672628e-004 2.20657269460731e-005 -3.92665166536269e-006 2.12026385332044e-007 6.46321088967807e-009 
2.17151098992034e+003 1.63075386133061e+005 4.39648777429285e+001 -1.24872441467289e+003 6.49670469736846e+000 1.10728646430893e+000 -3.97689878816064e-003 7.48522741157232e-003 -2.52448549579061e-004 -8.15579027534206e-006 3.77219829318378e-007 -7.24520740450798e-008 5.32464759617177e-009 
-3.42482876169271e+005 -6.44371501230175e+003 1.62216420246817e+004 -1.53397828693972e+001 -5.03142232795393e+001 3.55077645084261e-001 -5.31466430584518e-002 1.65933288672565e-003 3.58790636289999e-004 -1.37570775831735e-005 5.15082731633122e-007 -3.01197771646447e-008 -3.36320622607906e-009 
-1.77978294033241e+005 7.50837710071543e+003 8.43502697123067e+003 -9.20180108651635e+001 -2.57216545393632e+001 2.62275683447377e-001 -2.78815038355983e-002 1.36037853134371e-003 1.69601385701815e-004 -7.71495579314106e-006 2.93590536380912e-007 -2.04830712532826e-008 -1.39301560000867e-009 
2.83727724474932e+005 1.07180945523171e+005 -1.34547304564641e+004 -9.21098541285259e+002 3.89122794927469e+001 2.37258039513054e+000 5.41198197525303e-002 -4.39669137383982e-003 -4.20813162298564e-004 7.42727788148156e-006 1.33780830951247e-006 3.53627356213695e-008 -4.92717047906526e-009 
-2.35674503881956e+005 1.09152356990718e+005 1.13053451733318e+004 -7.98870096440831e+002 -4.72034531715292e+001 5.31899484940153e-001 8.76152740757609e-002 5.73940472055335e-003 -1.68597930300479e-004 -2.12022739162710e-005 -3.84833638248610e-008 7.15382218625657e-008 3.96347718562210e-009 
-1.03742581648750e+005 6.38368983022247e+004 4.97248098815022e+003 -4.76866348259994e+002 -2.18696737199672e+001 4.37665291071330e-001 4.90304739777346e-002 2.68156457495636e-003 -1.15857291057535e-004 -1.05072116963217e-005 7.01917437566316e-008 3.95002156705880e-008 1.72697422342290e-009 
3.65407265099136e+005 -3.03175722231640e+004 -1.91439433954019e+004 8.91665851456923e+001 8.38571355015010e+001 1.26205096595178e+000 -1.53362836625988e-001 -5.76075518183848e-003 3.55958303923947e-004 6.56090745793065e-006 -2.29794262651244e-006 -3.35371166375810e-008 1.23089512799264e-008 
3.47758990674446e+004 1.50159674583959e+005 -1.98586363386216e+003 -1.31883496669249e+003 -8.13476760566198e+000 3.41268368592500e+000 9.61820666795552e-002 -5.48552334860433e-003 -2.11739335203157e-004 2.44534536005889e-005 3.07719752238011e-007 -1.56375874457690e-007 -3.88114776464796e-009 
4.21427879035940e+004 7.59424194187769e+004 -2.30984207678647e+003 -6.78390867102558e+002 1.44642211401492e+000 1.85541957445458e+000 3.94547850846937e-002 -3.23720305397816e-003 -8.58802745663108e-005 1.31471807164527e-005 5.95109237647267e-009 -8.34096888074683e-008 -1.18823412027499e-009 
1.71441343562259e+005 -1.55946792633041e+005 -9.93779516397820e+003 1.39844824113993e+003 6.48336417746525e+001 -3.36113736697361e+000 -2.12321246921297e-001 -1.24701759147052e-003 1.52471852852820e-005 2.56450121211906e-005 4.15728509087463e-006 4.20888591745514e-008 -2.01052526326449e-008 
2.71290617084289e+005 7.44744755929545e+004 -1.60905305962600e+004 -8.34864074681495e+002 6.95325369781264e+001 3.69749687982160e+000 -7.33519259317803e-002 -7.09832835943497e-003 -3.11558011200775e-004 -3.12519766521184e-005 6.69445958198534e-007 2.95594751429352e-007 9.58361204896588e-009 
1.52019956077705e+005 2.82890296170236e+004 -9.00831038516003e+003 -3.39008348380200e+002 4.04254874403276e+001 1.68872790426661e+000 -5.24292885011660e-002 -3.75565027832485e-003 -1.59820508281641e-004 -1.44897745328137e-005 6.24010430147604e-007 1.56015281002643e-007 3.61724207976120e-009 
-1.58860383214795e+005 -1.57583563079311e+005 9.96565025991287e+003 1.63056049800044e+003 -4.89489879429892e+001 -7.12731951786070e+000 4.18856394367315e-002 2.80856419736119e-002 1.13968905194895e-003 -1.02859900473173e-004 -1.29316210252165e-005 1.16948001844434e-007 9.31573272448790e-008 
2.76185269868380e+005 -7.08554445993786e+004 -1.75520694694686e+004 6.79530645393481e+002 1.02340960273336e+002 -1.78165864460051e+000 -3.97387052478864e-001 -6.25456232472849e-003 1.53225779261733e-003 1.20416472362897e-004 -4.09873574039491e-006 -1.01926171622220e-006 -1.60390966388312e-008 
1.32684535579611e+005 -4.71601185615611e+004 -8.43026976908364e+003 4.61599785792724e+002 4.97370341160502e+001 -1.40404370620275e+000 -2.03008695967765e-001 -1.35084392537312e-003 8.69748392578229e-004 5.54770979521224e-005 -2.98767369266679e-006 -5.20107793590266e-007 -2.07472432958149e-009 
-3.47802907487034e+005 -2.19859302265547e+004 2.10694966559625e+004 3.55609439432494e+001 -1.19156121753073e+002 2.02905942003734e+000 4.67443482971861e-001 -2.08472017107268e-002 -2.25882376113362e-003 1.64193693426960e-004 1.24317806474450e-005 -1.33500276793910e-006 -6.65036391057397e-008 
3.57452527840534e+004 -1.56680576105811e+005 -2.28860577947268e+003 1.57958812296245e+003 -7.01808073462200e+000 -6.67181077991981e+000 1.85106751415384e-001 2.86521018035487e-002 -1.58445489938513e-003 -1.53015129745571e-004 1.27555499770329e-005 8.54104762199415e-007 -1.05609732230321e-007 
-4.35733254222094e+003 -8.25672844069067e+004 2.22700126938148e+002 8.20541466629530e+002 -1.16683490661183e+001 -3.32141777165984e+000 1.27337945154107e-001 1.34475277254698e-002 -9.72064987814935e-004 -6.82658377112906e-005 7.43896493050193e-006 3.53080293889655e-007 -5.91513176796142e-008 
-5.91737349616070e+004 6.09570341842152e+003 -2.12727999891337e+001 9.31898594111598e-002 4.67881849526765e-003 -5.39998729827287e-004 5.99805359428546e-005 -4.26247681123901e-006 -3.42001581827779e-008 8.35357235569658e-008 -1.16553347909591e-008 
-6.44989874900216e+005 4.16513130822266e+003 1.17226032824190e+001 -1.88796250431406e-001 7.20958286756173e-003 -2.35783705794156e-004 -8.25754870689373e-006 4.63042845810924e-006 -7.12326216190454e-007 5.56555196901917e-008 -1.09355268175165e-009 
-2.67231162610238e+005 1.65994847823948e+003 5.51167504691841e+000 -9.71630978732390e-002 3.33896958314211e-003 -7.63517921966419e-005 -1.05706846935294e-005 2.91625350212683e-006 -3.77035702776770e-007 2.31335623475104e-008 6.11447275544989e-010 
-4.71483958509960e+004 5.93078481716998e+003 -1.98997536158717e+001 1.27693161265639e-001 1.12455921717780e-003 -2.80861076262963e-005 3.21093724111295e-006 -3.20008939805151e-007 3.96612519214959e-008 1.25697599346521e-008 1.29979370202362e-010 
-6.36571837805888e+005 4.25148574034624e+003 1.00124353200249e+001 -1.04180514379343e-001 4.05308004667619e-003 -5.53557010836780e-005 6.22001196698332e-006 -2.69775654432879e-007 2.07161524709865e-008 -6.72236335813284e-009 -7.12794316694842e-011 
-2.63870311294409e+005 1.70015336392305e+003 4.60943964672053e+000 -5.69084476962244e-002 1.91033448547057e-003 -3.12669981613587e-005 3.07669019578354e-006 -1.10775938288690e-007 6.90932872268398e-009 -2.89104367335856e-009 -6.33236628514436e-011 
5.83064822997775e-005 -1.50688739906571e-006 3.69236130426742e-007 2.18214078492291e-007 -6.33302982792373e-008 -5.37181203343719e-009 4.00461298954814e-009 -4.32541352693214e-010 -1.38192172043663e-010 4.10872613529794e-011 
3.60110928677261e-005 -1.49596910980435e-007 -3.08593340151870e-007 9.24242172516487e-008 1.94669800658821e-008 -7.85261635852874e-009 1.20640476395418e-010 3.68199043708501e-010 -5.45788563851812e-011 -1.08510882462154e-011 
5.77663502690923e-005 3.10864072070024e-008 -5.43348483838786e-007 -1.06525883418445e-007 2.69324092629497e-008 3.59540182869477e-009 5.38834404422062e-011 -1.54644652836324e-011 -3.28807055680219e-011 -3.22994492770945e-012 
3.60727700197608e-005 6.28220570524463e-007 1.55384702546642e-007 -6.88245280301052e-008 -9.94470756538241e-009 1.58587990560485e-009 1.33857255082834e-010 2.47216948808470e-012 6.27558698273535e-012 1.14588635737638e-012 
5.56012121519603e-005 -9.02386921675176e-007 8.25917239745694e-007 1.00624694180066e-007 -6.01906504684567e-008 -8.20625133027122e-009 1.47730465036639e-009 2.86909761115524e-010 -1.04140419182636e-011 -5.22754806745921e-012 
3.63528808540812e-005 -6.30644687230104e-007 -1.07546361975409e-007 1.14484178354507e-007 1.36752579308276e-008 -4.94289070655415e-009 -7.01637866959920e-010 8.72038147572616e-011 1.01543398318215e-011 -1.22576303206550e-012 
5.53931499753155e-005 -1.06374870783070e-006 -8.31619852781517e-007 1.57987799620066e-007 8.37549314848861e-008 -1.23064156902254e-008 -4.29975373864858e-009 5.28506484013739e-010 1.79516123901273e-010 -1.52014127501466e-011 
3.62945134120155e-005 4.85983390228005e-007 -2.14155183848480e-007 -1.28575008351032e-007 2.36741672449590e-008 8.40881910186392e-009 -1.30911446077230e-009 -3.58590869235178e-010 4.90605290388900e-011 1.28863915766836e-011 
4.74999464195568e-002 8.37168356905686e-004 -4.48365674658073e-004 -3.35938493139338e-005 1.38825420825904e-005 5.43747872671720e-007 -3.15522047639377e-007 1.38317384264780e-008 5.25477376248165e-009 -1.10954424705543e-009 
3.89092209803648e-001 -5.63902251074335e-004 -6.71949111811604e-005 3.19783221785870e-005 1.95720313593117e-006 -8.07767712075293e-007 -5.23612263980899e-009 1.68517052408370e-008 -1.81820130925980e-009 -1.81407196407723e-010 
4.84444114422367e+003 9.19106521114607e-001 4.29237773537164e-004 3.15186877574410e-005 -1.31842518002067e-005 -4.84426610037431e-007 2.95335065249096e-007 -1.37963959641832e-008 -4.81433159646374e-009 1.05042886540083e-009 
4.64486878501457e-002 -1.43159440993084e-003 5.52988957560812e-005 6.17593813485447e-005 -5.41119027675299e-006 -7.58454817809019e-007 1.23488142459936e-007 7.95780504121483e-009 -7.07394484869879e-010 -1.35398014218501e-010 
3.88416403582161e-001 7.36277573665786e-005 1.46405563263260e-004 -8.19283695372161e-006 -2.80325263067109e-006 3.52635894555006e-007 2.76267069720859e-008 -4.42007707195336e-009 -3.74289988452060e-010 -5.98839518635266e-012 
4.84628196664601e+003 9.21281083651785e-001 -5.06971345683072e-005 -5.90592816477147e-005 5.00722762285638e-006 7.15526245765300e-007 -1.13745895375913e-007 -7.36322653031329e-009 6.35517698327205e-010 1.25439178381165e-010 
4.52493940286871e-002 4.10380646691486e-004 2.87414748461213e-004 -1.26843501485457e-006 4.41291048240137e-007 -1.49118470115379e-007 -1.79591659889270e-007 -1.91504341264267e-009 3.49477332168190e-009 1.17766939272585e-010 
3.89228619844460e-001 6.01340956713309e-004 -1.23405533682950e-005 -1.08551104130375e-005 -2.67014291868919e-007 -2.96599112141401e-007 3.46944113864850e-009 1.06446186584619e-008 2.85876523853993e-010 -1.35142059351639e-010 
4.84812293467577e+003 9.19510361261365e-001 -2.79207992681322e-004 1.35154407420755e-006 -2.02881589039892e-007 1.36766045357505e-007 1.65328546143349e-007 1.87614564014669e-009 -3.23788298297048e-009 -1.13001708710226e-010 
4.77428340359883e-002 1.76383761751608e-003 -1.10663335498342e-004 -8.09905508286597e-005 -1.28917929033041e-006 2.18159049962549e-006 1.32321485281411e-007 -5.55617969050444e-008 -4.11340890416573e-009 1.36664585453357e-009 
3.89819570513160e-001 -1.42926017014580e-004 -1.58220023896988e-004 2.84736233645323e-006 5.13521438771658e-006 2.28567427315784e-007 -1.32367573184986e-007 -9.31692085902280e-009 3.32420141261003e-009 2.75668299875373e-010 
4.84996034223323e+003 9.18207513577463e-001 1.06535002744917e-004 7.69610562865478e-005 1.10177429528753e-006 -2.05215454226875e-006 -1.22265894545053e-007 5.20491024415739e-008 3.83512135641979e-009 -1.28070459121865e-009 
