1.03174501141077e+007 -1.93057287246292e+007 -4.45787487428525e+005 1.29493870584995e+005 2.57890294544727e+003 -7.30376981791237e+002 -1.80364616148602e+001 5.20388774865048e+000 1.51095660125751e-001 -4.23831359417088e-002 -1.39144470591075e-003 3.73105086745638e-004 1.35409541823957e-005 -3.47420951616895e-006 
3.80122259987580e+007 3.39995275955607e+006 -1.58649794961489e+006 -2.43220401889608e+004 8.52003324419542e+003 1.53025552890484e+002 -5.44247477651781e+001 -1.21259675946724e+000 4.19029119998095e-001 1.08858021986071e-002 -3.56600395097087e-003 -1.04876164632492e-004 3.22259228741846e-005 1.06274106506863e-006 
1.92106937728283e+007 3.81824991208014e+006 -8.01258968342782e+005 -2.64182387451843e+004 4.28386343220308e+003 1.57468584785432e+002 -2.72026557713656e+001 -1.18728289878267e+000 2.08171668158250e-001 1.02092197740340e-002 -1.76062556744786e-003 -9.47053155114226e-005 1.58106106840169e-005 9.27888159651649e-007 
-2.71328155762278e+007 -1.69900555449010e+007 9.20478576217011e+005 7.36315862498514e+004 -6.85131683018512e+003 1.10825822455678e+001 3.67714852483294e+001 -2.35778871882518e+000 -9.15619902978421e-002 2.24959716452227e-002 -8.41933319536097e-004 -1.12578665800605e-004 1.42963619774670e-005 -1.09235730566749e-007 
3.27195416401209e+007 -8.32782023931429e+006 -1.16256748626597e+006 7.74065334332273e+004 2.10596687225412e+003 -4.68580699404115e+002 1.62881206478260e+001 1.85265921327056e+000 -2.26214565218848e-001 1.94709436467130e-003 1.51918469195586e-003 -1.18295952316243e-004 -3.64751584934540e-006 1.19814405644170e-006 
2.02671629764880e+007 -2.68659832551580e+006 -7.16456920728113e+005 3.37150564743079e+004 1.83531022668763e+003 -2.51456287309308e+002 4.88834779429280e+000 1.23411425420657e+000 -1.11346413086008e-001 -1.29234991300955e-003 8.98814468078498e-004 -5.15179497215250e-005 -3.43083582166307e-006 6.51331524466849e-007 
-5.21273932176240e+007 -7.73859133969429e+006 1.24817691430809e+006 -8.07738571191907e+003 -2.79538850108599e+003 2.16573455107790e+002 -7.62490137721398e+000 -2.54906653833800e-001 5.66237678211213e-002 -3.94570508186174e-003 8.54340328210960e-005 1.21960215110622e-005 -1.61651213148158e-006 9.04895691235772e-008 
9.75032193155021e+006 -1.38762365402010e+007 -2.52676822448928e+005 6.33633864645574e+004 -2.32903997740950e+003 -1.56971168318389e+001 1.00147813972473e+001 -7.93583156342433e-001 2.54389472155605e-002 1.44558176073649e-003 -2.60166372390163e-004 1.71097922066642e-005 -2.59285364720522e-007 -6.69998517774549e-008 
1.05897527048890e+007 -6.60964759762697e+006 -2.64385720822474e+005 3.46850077789803e+004 -9.54305992769775e+002 -3.08392723449383e+001 6.14026015018939e+000 -3.97489865310904e-001 7.71833276868782e-003 1.18129604897434e-003 -1.47834526171138e-004 7.87533073386964e-006 2.90889171442127e-008 -4.51724254011086e-008 
-5.82877895877495e+007 1.36140457261818e+006 9.92834442256645e+005 -2.81980769318073e+004 -2.51260156433457e+002 5.43922164649259e+001 -4.17968828140818e+000 1.92934667801602e-001 -4.82720300351204e-003 -1.67332785215506e-004 3.05799384026872e-005 -2.26328003117107e-006 1.06858776788107e-007 -2.18910235375186e-009 
-1.80436971768152e+007 -1.34588505475316e+007 2.99762732113886e+005 3.08985710487571e+004 -1.52500968311577e+003 5.54029879808494e+001 -7.51991002642897e-001 -8.86635134902417e-002 9.70852335143039e-003 -5.95662084595567e-004 2.27602100158571e-005 -1.24890990813327e-007 -6.62410982953427e-008 6.66886111395290e-009 
-3.61769601413812e+006 -7.33017141196858e+006 5.71910435722646e+004 1.94290089395382e+004 -7.88581106850259e+002 2.39558797449511e+001 3.16451080426163e-002 -6.73654741690833e-002 5.68660034790799e-003 -3.00845128394957e-004 8.98767483306821e-006 1.67951299477107e-007 -4.64647744518411e-008 3.78929343519448e-009 
-3.16391459342854e+007 -2.30644758720750e+007 4.01080660852121e+005 4.92736788965628e+004 -4.11419610010437e+002 -3.34625778598111e+001 1.57708457842859e-001 1.32060997198746e-002 -3.90050364547833e-005 -3.93173324883759e-006 
9.15793373200496e+007 -7.10560869074039e+006 -1.17980003927773e+006 1.47610840109413e+004 1.28481348818734e+003 -8.98196094097500e+000 -6.27339439768904e-001 2.19670148475058e-003 2.37170271166006e-004 5.86201289441170e-006 
4.31807183210420e+007 -1.73717641865578e+006 -5.56203684974407e+005 3.52334897099885e+003 6.04105452702795e+002 -1.92390762522868e+000 -2.92195094619453e-001 1.67065964722247e-004 1.07209495355248e-004 1.88985547413998e-006 
-7.27983603216089e+007 -1.76515160143038e+007 9.31785019272968e+005 3.76649273067608e+004 -1.01391171643392e+003 -2.54652256438365e+001 4.94030730121651e-001 9.95265348644398e-003 -1.79663353261715e-004 -3.39219350199953e-006 
6.87250785978827e+007 -1.55048079689838e+007 -8.87808378939764e+005 3.30992774766801e+004 9.63976960371595e+002 -2.24680092070474e+001 -4.66036705526077e-001 8.88358278086059e-003 1.67260253696165e-004 -3.39159286368944e-006 
3.55031464591401e+007 -5.85873175529567e+006 -4.58412103948245e+005 1.25087874750263e+004 4.97879692243998e+002 -8.49753279529792e+000 -2.40947777037411e-001 3.36839227449347e-003 8.63818803274163e-005 -1.28408117797869e-006 
-1.43531025952337e+008 -5.42172617339568e+006 6.95978843811595e+005 3.67637558955028e+003 -2.93855323835394e+002 -2.49251549798239e-001 5.89277323465308e-002 1.12308286681630e-004 -5.14330865432920e-005 -2.71835365544771e-005 -1.20925376885513e-006 1.44619663232623e-006 3.00592111083638e-007 
3.33674861442030e+007 -1.83321719118941e+007 -1.63454286732595e+005 1.49947203309883e+004 4.46070498300681e+001 -4.02037295087782e+000 7.72169478995856e-003 4.59055022529724e-004 -6.00338283270738e-005 4.07059595395037e-006 3.41627928602168e-006 2.99925855394630e-007 -1.79667269978437e-007 
1.44646107708775e+007 -7.94745093862730e+006 -7.08621574055505e+004 6.50048991110134e+003 1.93394712748782e+001 -1.74256682107795e+000 3.25496898732946e-003 1.63521681864124e-004 -2.16933180078717e-005 4.23537021329238e-006 1.52703314422367e-006 -6.62612100521007e-009 -1.01740692123688e-007 
-1.48723311316205e+008 2.42744780143460e+005 7.11959486278371e+005 -9.92332454848064e+002 -2.85708789820452e+002 1.01386455139189e+000 4.79878140820634e-002 -4.11807828904584e-004 -7.48893440812067e-005 1.80715778569861e-006 1.75722998159649e-006 -1.94044931160507e-007 -2.99914380687193e-008 
-4.03010273401659e+006 -1.89139513778181e+007 1.81554331973846e+004 1.50796646437986e+004 -3.28332275845004e+001 -3.65960795429363e+000 2.22166317346897e-002 2.21589395908312e-004 -1.20265412032133e-005 5.71334507708692e-006 -3.54242136076513e-007 -9.79800792047924e-008 1.36256528628663e-008 
-1.74817975498289e+006 -8.19967636962144e+006 7.86911359867758e+003 6.53732693372135e+003 -1.42321905763439e+001 -1.58654081328975e+000 9.51288602485224e-003 1.02819006479090e-004 1.06987643024855e-006 1.90066531931392e-006 -3.06509079392957e-007 -1.50907147227104e-008 7.64604476611717e-009 
-2.42521436494406e+008 -5.72008418683922e+006 1.00131406555993e+006 5.23890483549650e+003 -2.40825654284843e+002 -1.09901085875643e+000 -4.34289467764654e-002 -2.47726798161140e-004 -8.21408633080854e-007 -1.73825725494404e-006 1.83180407477261e-007 
4.44618200035513e+007 -2.71892461810672e+007 -1.84641704257647e+005 1.84733082156390e+004 8.21450057229878e+001 -4.52112698360937e-001 -4.03773505221883e-003 -8.51320600078401e-004 -6.27472495197331e-006 5.89523022010048e-007 3.72067034753447e-007 
2.69360927499219e+007 -1.23162021687528e+007 -1.11735017772488e+005 8.33176338316888e+003 4.41862394027902e+001 -1.78196056970949e-001 -6.97289732313196e-004 -3.73917577369017e-004 -3.59609954003823e-006 -3.89877537882005e-008 2.12850596816000e-007 
5.02838278926420e+008 -1.35459096530797e+007 -7.69014573296800e+004 3.70116228299946e+002 9.24667355642250e-001 -4.62202465906114e-003 -2.02442777860851e-006 -4.35458856623053e-008 
5.09976542226924e+008 1.18756611146887e+007 -7.79581762135243e+004 -2.77406512343182e+002 1.25430324262815e+000 2.04134764183511e-003 -1.31417294682983e-005 -3.27225705385684e-007 
2.06335086681167e+008 5.42002328170355e+006 -3.15427328875487e+004 -1.27915385854268e+002 5.15115562043778e-001 9.88446086713679e-004 -5.65146727738523e-006 -1.56471225693334e-007 
-1.31663818983008e+009 4.91081754587818e+006 2.72148618522854e+004 -2.31864338377839e+001 -3.66754020864966e-002 4.19132396103856e-005 -1.78682648577278e-007 
-5.87027689732030e+008 -1.11418808668259e+007 1.21347413810261e+004 3.55692292019774e+001 -3.22144185017418e-002 -1.63460240008283e-005 3.58609422949588e-008 
-1.85789945359124e+008 -4.81352770996572e+006 3.84024317092680e+003 1.56902069696165e+001 -1.17231885141704e-002 -8.58723109055490e-006 2.75831646759712e-008 
2.99401641296696e+009 -7.62348410822356e+005 -7.02205048463795e+003 1.88610175695320e-001 1.16661323658042e-003 -9.72336501917296e-008 
2.17999759875566e+008 8.19399187702180e+006 -5.10470050445377e+002 -3.21183627192125e+000 -2.44046653083878e-005 3.57539781694070e-007 
5.31321473706518e+007 3.59953903616620e+006 -1.24294375148646e+002 -1.40927562939078e+000 -2.70430805625261e-005 1.57248728441039e-007 
3.90841023405374e+009 3.64200210428436e+006 -2.74492128179539e+003 -4.45497576683708e-001 1.49878733616725e-004 3.80270766691633e-008 
-2.00520761636917e+009 6.13231896025074e+006 1.40865680457757e+003 -7.09184307992085e-001 -8.68355692119103e-005 2.72540343949592e-008 
-9.18047063747120e+008 2.41931936666498e+006 6.44912584190247e+002 -2.79190688646246e-001 -3.93329101057397e-005 1.09932908419827e-008 
6.25360439517167e+008 7.59084742542155e+006 -3.55387712211382e+002 -6.69685787248980e-001 1.70417494463623e-004 8.60681720839065e-009 
-4.50202596511301e+009 3.84343235425547e+005 2.55785827886873e+003 -3.92158087200895e-001 -1.17918810484876e-004 6.26773677270225e-008 
-1.59336237219563e+009 -2.16715462069828e+006 9.05273923455508e+002 7.92730570374264e-002 -8.72294350166530e-005 1.57158992009584e-008 
2.03514199733485e+005 -1.40122033854999e+005 -9.61421623632693e+003 1.03400922875394e+003 3.66324132085033e+001 -5.90641056464683e-001 1.78943613184397e-002 -6.55139805825806e-003 -4.20722281243747e-004 -7.65193167475551e-008 1.76896870406760e-007 7.55469278268545e-008 6.92072368653341e-009 
2.97379467700933e+005 8.18867952467284e+004 -1.42348460076140e+004 -6.94731101463703e+002 3.99207233476611e+001 1.03402280609427e+000 6.31301072084907e-002 5.10011494480297e-003 -2.43780560260390e-004 -1.81770511906055e-005 -8.82649165207894e-007 -6.17319312043981e-008 2.21319824343741e-009 
1.36124107798315e+005 2.00575550042969e+004 -6.51169848972373e+003 -1.81739456971004e+002 1.91489372971002e+001 3.48968298717898e-001 2.65491599167674e-002 1.44164653501632e-003 -1.34382407127341e-004 -7.17039757428607e-006 -3.32564333778993e-007 -1.77668643630306e-008 1.49490101359249e-009 
-1.08065270760283e+005 -1.58599603211943e+005 5.76463355340190e+003 1.46163647865633e+003 7.37919917101629e+000 -3.57578578323883e+000 -2.81296275363181e-001 -7.32828496353567e-003 1.13804225125892e-003 1.19126785050538e-004 2.77011628147040e-006 -4.91838039710232e-007 -5.74888024661482e-008 
3.30000037450511e+005 -5.22332765984300e+004 -1.77183916428673e+004 2.13818828186013e+002 7.91331103566118e+001 2.49129473398516e+000 -5.51057710094367e-002 -1.94542401551292e-002 -1.17423877263818e-003 2.33440587758995e-005 8.19709449412567e-006 5.23815700161900e-007 -9.89405578378541e-009 
1.21419995781909e+005 -3.47765670083508e+004 -6.50392736735557e+003 2.16099335549452e+002 3.19142512996893e+001 6.60979448406675e-001 -4.67090099345917e-002 -8.33949138675987e-003 -3.62741599062436e-004 1.98427193493273e-005 3.48636233945625e-006 1.63276246609514e-007 -9.03000928588725e-009 
-3.27209293700794e+005 -4.80182630336666e+004 2.05526027976074e+004 6.89718778626356e+002 -1.13017645427634e+002 -5.72652043942644e+000 3.96167354831807e-001 4.53100444340907e-002 -1.33160053646139e-003 -3.57661752959662e-004 5.43568491717151e-007 2.80389162329873e-006 7.29296848267945e-008 
1.08629765933662e+005 -1.59985585479383e+005 -6.75822226428847e+003 1.58192472154273e+003 6.28782570156029e+001 -6.15821468899275e+000 -4.87421184090079e-001 2.05478396610977e-002 3.79332385205712e-003 -4.60137785596725e-005 -2.96076864334011e-005 -4.44564932449218e-007 2.25868495950369e-007 
1.43257330785700e+004 -6.75747822035233e+004 -8.42749695447043e+002 6.87120947942564e+002 1.46986172616462e+001 -2.94520987471278e+000 -1.57137631216702e-001 1.21626532646638e-002 1.38075417734611e-003 -5.00661015749037e-005 -1.16566395128404e-005 7.40176289783927e-008 9.57931566326783e-008 
-2.57082327952691e+005 1.14802558317401e+005 1.65934640801866e+004 -1.28317468552767e+003 -8.82954765121363e+001 7.23770535873330e+000 1.96862598242260e-001 -4.37858085098922e-002 7.87185832437566e-004 2.65586450145445e-004 -1.77171327883302e-005 -1.23216445363790e-006 1.91166025809304e-007 
-2.00964554982919e+005 -1.32808976800636e+005 1.30886801248499e+004 1.32476729015001e+003 -8.93375504716885e+001 -4.63850471344320e+000 5.11350065021785e-001 3.79791527126526e-003 -3.25645074276178e-003 1.24410298477654e-004 1.83626179637027e-005 -1.75352029103481e-006 -6.44903609756436e-008 
-1.01939814095985e+005 -4.23508508247538e+004 6.64622580580417e+003 4.08513348418683e+002 -4.32217946371932e+001 -1.18350011821274e+000 2.19861565083558e-001 -2.40999969484167e-003 -1.21766216029372e-003 7.28624210432841e-005 5.68213725002197e-006 -8.03089777981062e-007 -8.46975278043982e-009 
4.68582235357846e+004 1.72980491036207e+005 -2.54743730183826e+003 -1.58588348154705e+003 3.74560549654424e+001 3.78784671108615e+000 -2.24699580714617e-001 6.43652734009258e-003 2.64567457618109e-004 -7.81353019129541e-005 5.00026525196423e-006 8.46221860683417e-008 -3.16823307939764e-008 
-3.30856448084299e+005 8.04731688232657e+003 1.92587228152510e+004 -2.81256952852016e+002 -8.69326584207024e+001 2.91659334904877e+000 7.41759828465554e-002 -1.09691856965912e-002 8.94306620005806e-004 -2.40806955231753e-005 -4.06959265678858e-006 4.38497981575047e-007 -1.12332347623091e-008 
-1.26448876115736e+005 1.84216689771437e+004 7.36986521602239e+003 -2.52994319134702e+002 -3.09467747991546e+001 1.49569863200895e+000 9.11471255971849e-003 -3.77424596329972e-003 3.77447569611418e-004 -1.64643965220493e-005 -1.16337730183571e-006 1.80898336162343e-007 -7.26787010178283e-009 
3.22146625402491e+005 9.08188503657510e+004 -1.62690680396343e+004 -6.15505244441292e+002 7.24902617766688e+001 1.74024655967196e-001 -1.07340477919471e-001 1.51711688795992e-003 1.80393361766456e-005 1.97386264876467e-005 -7.56364480197531e-007 -9.25012174777426e-008 5.73941234739483e-009 
-1.84958885151855e+005 1.29697786283861e+005 9.59778215876582e+003 -1.17043062796940e+003 -2.41043905970928e+001 3.02778481797056e+000 -2.85768346624811e-002 -2.16673807444527e-003 -9.57449542043687e-005 2.65870839134202e-006 1.56167504822602e-006 -7.29260374925399e-008 -3.54740075925995e-009 
-4.47203899999174e+004 5.90637715166380e+004 2.33233892046388e+003 -5.16218623752841e+002 -2.94614441047379e+000 1.21103486972138e+000 -2.11434531079998e-002 -7.15613149867473e-004 -3.57513821958419e-005 2.78597966527524e-006 5.48171031211179e-007 -3.70294744402334e-008 -8.83240176462019e-010 
3.63820736905891e+005 -4.97088107025827e+004 -1.69799580916079e+004 4.53243249346287e+002 5.56487350969671e+001 -1.48382214422237e+000 -1.32100076142277e-002 4.57805392428711e-003 -6.89138742444066e-005 -1.63301546099013e-005 1.09782267550625e-007 4.98809893540107e-008 -2.82286786158857e-009 
1.04925933710723e+005 1.47988379801451e+005 -4.94681963539186e+003 -1.13183965148332e+003 2.42524837237231e+001 1.60627300162449e+000 -7.40423283936528e-002 1.13162092646027e-003 2.59864446073759e-004 -7.32349229009272e-007 -8.65081194923369e-007 2.07994956663078e-008 2.53261231456169e-009 
7.29622979667061e+004 5.37678962909031e+004 -3.45499570063792e+003 -4.04276027547992e+002 1.45912990991598e+001 4.97197668543957e-001 -3.05320453892588e-002 8.57088596599962e-004 9.59472897439274e-005 -1.75462197748021e-006 -3.30228705318192e-007 1.26658623268440e-008 7.45235382413059e-010 
1.55022333015474e+005 -1.50847246287252e+005 -7.13915176111634e+003 1.12194937926545e+003 2.99053366885568e+001 -9.65932947039515e-001 1.41627822609618e-002 -4.36531026988366e-003 -4.06862160172771e-004 -3.49969284294515e-006 2.71868227457068e-007 2.86706793626030e-008 5.11551778820641e-009 
3.24258531048966e+005 6.26116235123914e+004 -1.53876540071624e+004 -5.57850285284793e+002 4.52507570670499e+001 9.45774652582254e-001 3.62985028633181e-002 4.65600310173348e-003 -1.27668089624987e-004 -1.82610129212435e-005 -6.41061575325569e-007 -4.56886448399191e-008 -1.19845328187476e-009 
1.40669492155445e+005 1.12497576588425e+004 -6.67203170644496e+003 -1.18084313662827e+002 2.04592011620973e+001 2.78677798586988e-001 1.53386061876246e-002 1.44158185897232e-003 -8.63412834902877e-005 -7.45276987851813e-006 -2.25147651000370e-007 -1.53314759405791e-008 -1.62071491668115e-011 
-4.40877495630502e+005 5.70171199790621e+003 1.34180169555169e+001 -3.26163736310839e-001 1.14660619481582e-002 2.68061718947526e-003 -3.78471892523034e-004 -4.40064183971210e-005 1.34438562823381e-005 4.33517660206396e-007 -4.31272200496339e-007 
-2.21241723493694e+005 -4.40609020428779e+003 2.19056527491872e+001 -9.69318380875156e-002 -2.05009811081016e-002 1.87925183024955e-003 2.90953853402913e-004 -6.59054156912372e-005 -3.89052460039899e-006 2.12976100984177e-006 -2.21251453070349e-008 
-9.70386626264516e+004 -2.03909010487524e+003 9.28187651227652e+000 -2.31490940052080e-002 -1.17242777463303e-002 7.26258155786799e-004 1.94500869903457e-004 -3.06435620769904e-005 -3.47205863995124e-006 1.09298989788912e-006 3.29070908983597e-008 
-4.29376095384824e+005 5.79767600037758e+003 1.09812129687169e+001 -1.04868459708828e-001 6.57804288697353e-003 -6.09109716555722e-004 7.21093255878034e-005 -3.38811108674895e-006 -4.57820753828826e-007 1.30633241170974e-007 -1.74938283157875e-008 
-2.29884282359886e+005 -4.23808290287331e+003 2.00153708873753e+001 -1.57505525234797e-001 3.07683025447957e-003 -1.63902139931475e-004 -2.68135492970026e-005 7.83446684292216e-006 -9.77687784194829e-007 4.71663860515085e-008 5.39550879346633e-009 
-1.01044738433924e+005 -1.96765831780846e+003 8.50197133237285e+000 -7.19585635671995e-002 1.34483563286282e-003 -2.79386010388105e-005 -2.19523223560646e-005 4.53726813552391e-006 -4.74739194739218e-007 1.19560295533477e-008 4.70602184849615e-009 
8.31825880307996e-005 2.50136160731175e-007 9.32551903532765e-008 -1.69376988292119e-007 -1.66661953069123e-008 3.94568379831105e-009 8.45042941421929e-010 1.09473329172675e-010 4.92388734529260e-012 -2.30270035311617e-012 
-1.29949027779563e-005 8.85106587757974e-008 2.40442047128582e-007 1.43276082266431e-008 -1.44015563841121e-008 -1.90257988687305e-009 -1.23946493538750e-010 5.49142166644767e-011 3.05382451072429e-011 1.65818812616018e-012 
8.14574124260313e-005 -1.71786711294676e-006 4.43291589387116e-007 2.46891654056606e-007 -4.79238039921300e-008 -1.93685867678705e-008 2.78956640949436e-009 9.72882691707695e-010 -1.41102785255835e-010 -3.91815241390556e-011 
-1.27025939261785e-005 -3.65170981798223e-007 -2.90950023401277e-007 7.47327564738694e-008 3.18361090498463e-008 -5.25740298503255e-009 -1.77634478249129e-009 2.54981352385161e-010 7.00060209592581e-011 -1.00963945306204e-011 
8.03353860027206e-005 -6.70129259327207e-007 -7.10240592109617e-007 -1.67867809569501e-008 5.25983532960173e-008 -2.81743325725619e-009 -1.29271592136093e-009 1.76421992512971e-010 7.27205252968808e-012 -2.95897292716936e-012 
-1.30000521133025e-005 3.88383228490529e-007 3.89273528075032e-008 -9.28864083304010e-008 2.04329644465879e-009 3.98004221786338e-009 -3.55017839788031e-010 -4.09982075396636e-011 5.86862688483759e-012 -1.55479069663159e-012 
7.73295924464860e-005 -1.12396802002626e-006 5.56226494708928e-007 -7.62718069324456e-009 -2.99417122111732e-008 8.76645357265090e-010 2.19068655895729e-010 -6.57361890019823e-011 2.21053515321581e-011 4.38502602179866e-012 
-1.32984301591064e-005 -6.89189839071306e-007 1.50206037988544e-008 6.57138948605559e-008 -1.96079223380463e-009 -1.85479275294719e-009 6.35431063213946e-011 2.45055650238972e-011 2.69335961636152e-012 -1.57579331086648e-012 
6.25885407737833e-002 1.15741948524126e-004 -7.63417305875377e-005 -9.47624912063668e-006 -3.06949976954306e-006 -2.81335314931416e-008 1.09234111339168e-007 8.93669579297717e-009 -3.02823373384335e-011 -1.42442312453724e-010 
4.19199538181432e-001 -1.20655408104291e-004 -2.10107620450603e-005 -5.04365782852325e-007 3.45157348937160e-007 3.00041105513834e-007 1.42397568630182e-008 -3.90254923878817e-009 -5.71690350164250e-010 -6.99004632579751e-011 
3.58602716245595e+003 9.19820687278319e-001 5.81799053484735e-005 7.12045543255514e-006 2.93476428768398e-006 5.08043805366419e-008 -9.79722805538483e-008 -8.17083002351223e-009 -1.96408061190036e-011 1.22237197723964e-010 
6.18221571664860e-002 -9.06658647857860e-004 -7.45353542563574e-005 4.65698954670439e-005 6.62807641127124e-006 -1.46372209874676e-006 -2.85076317769750e-007 4.26273599071573e-008 9.14943865294438e-009 -1.29848925844681e-009 
4.19021313211273e-001 4.16969005124203e-005 9.10306323139681e-005 9.86509201840626e-006 -3.41689418841175e-006 -5.80154046530611e-007 1.00628336304245e-007 2.08744354699584e-008 -2.95730327737216e-009 -6.32059373869462e-010 
3.58786761374620e+003 9.20659617241136e-001 6.45162287107447e-005 -3.96605669256760e-005 -6.00037395479126e-006 1.27086087197574e-006 2.60954198149219e-007 -3.71829541008282e-008 -8.41269859404926e-009 1.13311466992561e-009 
6.08812811667008e-002 1.94897618291813e-004 1.78706915881918e-004 -3.18616640013888e-005 -3.22958475983921e-006 1.26545252171522e-006 -1.78504760780560e-008 -2.21089236801863e-008 1.55398173689240e-009 8.72971864306022e-011 
4.19576049764428e-001 3.82103814275412e-004 -4.81614498153444e-005 -1.15248732092524e-005 2.87432872074321e-006 7.90197250864542e-008 -7.55836102751804e-008 3.27055859094064e-009 7.97284035668624e-010 -7.56349299565541e-011 
3.58970818734200e+003 9.19719218001322e-001 -1.49606281455235e-004 2.87315701261098e-005 2.78116401076920e-006 -1.14520950297497e-006 1.51021318846914e-008 2.02369149171210e-008 -1.38899432953452e-009 -8.48903691762157e-011 
6.16829851217110e-002 4.10155680332298e-004 -5.32090346658287e-005 -9.08408394933793e-007 -1.28279106979059e-007 -6.05589501437641e-007 2.56770274737889e-008 9.62041904780122e-009 -6.06369878849411e-010 -1.07732951285435e-011 
4.19904006106295e-001 -3.27719530431662e-005 -3.22753314703077e-005 2.18047362140307e-006 -9.62618162152322e-007 4.92854819707932e-008 3.72830856890548e-008 -1.68134214130415e-009 -2.65718729235067e-010 3.65890923621072e-011 
3.59154731927215e+003 9.19578776951488e-001 4.62105440146089e-005 -1.13106842484095e-006 9.62347969516338e-008 5.64223410956832e-007 -2.30510248842231e-008 -8.79117476798295e-009 5.63864570841345e-010 1.15669988671617e-011 
