1.62889874917724e+007 -1.87046395935540e+007 -6.52691634609733e+005 1.21758964820324e+005 4.46650268817942e+003 -6.40644714153594e+002 -3.61330449276471e+001 4.12821651751337e+000 3.31578125743473e-001 -2.93807571384616e-002 -3.22184791990369e-003 2.15840463488901e-004 3.21619134943210e-005 -1.56530156350845e-006 
3.65440051660638e+007 5.11310740628945e+006 -1.53174185876443e+006 -4.23382646240135e+004 7.86907643498591e+003 3.20237868756932e+002 -4.65182363469148e+001 -2.86163414586960e+000 3.22036456187905e-001 2.75820387382873e-002 -2.37708678433169e-003 -2.75893292906754e-004 1.77608376007666e-005 2.82934855746042e-006 
1.79194841756059e+007 4.67092131663589e+006 -7.50518355255658e+005 -3.52425074971387e+004 3.74019999017815e+003 2.37497296770005e+002 -2.11013449967045e+001 -1.95669720635165e+000 1.37635462933053e-001 1.77802423317731e-002 -9.35650770411342e-004 -1.69755277929056e-004 6.15213043612028e-006 1.67364102881467e-006 
-2.15535690633692e+007 -1.79196917884447e+007 7.86130376518391e+005 8.85203901345621e+004 -6.69319738078925e+003 -1.23764569092151e+002 4.46422189773355e+001 -1.69408101872364e+000 -2.09826942751083e-001 2.46519979812775e-002 1.16348164569560e-004 -2.01037160551099e-004 1.14234894337204e-005 9.49569558046765e-007 
3.44681646322590e+007 -6.97506225652764e+006 -1.28477250713804e+006 7.12442317872547e+004 3.45081020750324e+003 -5.07556595311869e+002 7.24207444546638e+000 2.82700316607668e+000 -2.11607675573819e-001 -8.11414113460830e-003 2.09290980928892e-003 -6.36443995199880e-005 -1.29979199507132e-005 1.34521730780689e-006 
2.07349159899836e+007 -1.86757348836184e+006 -7.67806879039873e+005 2.88763442306006e+004 2.53741358086335e+003 -2.58284525078524e+002 -7.61086374584764e-001 1.68576995584364e+000 -9.12737522203121e-002 -6.89078947312702e-003 1.10589374968564e-003 -1.31483109094918e-005 -8.12769219203983e-006 6.20092889420027e-007 
-4.89743969964200e+007 -9.11618812681112e+006 1.25530334918213e+006 -1.18988687723381e+003 -3.42395449902137e+003 2.39248331039892e+002 -6.07803510283777e+000 -5.49300742438661e-001 7.68147065091011e-002 -4.13207392981195e-003 -2.58002306609464e-005 2.49040562428602e-005 -2.20111708521799e-006 6.75780114029726e-008 
1.31883375025911e+007 -1.35265538928578e+007 -3.61825269973436e+005 6.83760096510075e+004 -2.23129146339079e+003 -5.42329026365092e+001 1.32553749635472e+001 -8.82168410314070e-001 1.41081297000910e-002 3.16883501369217e-003 -3.64201236694710e-004 1.66213574639591e-005 4.76051352360728e-007 -1.40281974674272e-007 
1.22114515339702e+007 -6.28011779721142e+006 -3.23454985502108e+005 3.66475221490578e+004 -8.36802727858056e+002 -5.37802783588990e+001 7.71088054845539e+000 -4.14259629286921e-001 -4.29880473884894e-004 2.12119352443298e-003 -1.91868194179310e-004 6.29591627135160e-006 4.82554142954830e-007 -8.19418927273435e-008 
-5.76667124810264e+007 2.38678993257692e+005 1.03878745345545e+006 -2.74384898442417e+004 -4.22690269559008e+002 6.95252757877596e+001 -4.96073796179335e+000 2.11421735908924e-001 -3.48947290907933e-003 -3.78814338394440e-004 4.65431845128713e-005 -3.00462217599164e-006 1.14986665571264e-007 1.35647942828557e-010 
-1.45948697912671e+007 -1.37516888699959e+007 2.45419768217309e+005 3.44402718500839e+004 -1.68003977246962e+003 5.71586738981757e+001 -3.13819341624496e-001 -1.38635725717460e-001 1.29743933294292e-002 -7.19468561179779e-004 2.17504943421176e-005 5.01740767769022e-007 -1.26355976185517e-007 1.01812770827983e-008 
-1.72812338382661e+006 -7.37051705136681e+006 2.33680696045929e+004 2.12422918067113e+004 -8.53585076493749e+002 2.33221731409087e+001 3.46815030632437e-001 -9.59796398968953e-002 7.29234619733441e-003 -3.45030997287054e-004 6.79167250025249e-006 5.79602761476179e-007 -7.94195525390269e-008 5.42442131679267e-009 
3.46150777693460e+007 -2.28500042093567e+007 -4.36157725814714e+005 4.80061192300849e+004 5.11760889885306e+002 -3.05083781676720e+001 -3.10157445349350e-001 9.55211468167745e-003 1.56722376917551e-004 -5.25983204321384e-006 
9.22124966154243e+007 6.42895713912566e+006 -1.18207229622930e+006 -1.43422268559874e+004 1.24550720110444e+003 1.12959625908657e+001 -5.35503904053374e-001 -6.20363908480490e-003 1.10831476628092e-004 4.19628968750594e-006 
3.93232296962758e+007 4.33854719015562e+006 -5.04209899229874e+005 -9.49065669582842e+003 5.27962642489333e+002 7.01295113046407e+000 -2.21279888722972e-001 -3.40663244751015e-003 4.09986821302620e-005 2.73906756578784e-006 
-1.26836287372830e+007 -2.39442848896023e+007 1.67869623852663e+005 5.10085177530637e+004 -1.48613200721948e+002 -3.42592542702712e+001 1.39981288869585e-002 1.30593574738863e-002 4.70246787351528e-005 -4.40418573622026e-006 
9.53162693285972e+007 -3.36489371749541e+006 -1.22955642899842e+006 6.64514696732831e+003 1.33156877528255e+003 -3.09024705803922e+000 -6.36834482827518e-001 -5.04310214066440e-004 2.18107344907060e-004 1.31737848425846e-006 
4.37131253753164e+007 1.56073329378501e+003 -5.63799466180697e+005 -2.38494491332478e+002 6.08475217599836e+002 7.77846665018394e-001 -2.87395251301901e-001 -1.05336101551189e-003 9.51301980204913e-005 8.75597575443355e-007 
3.08187535532313e+007 1.97964236943206e+007 -1.37564634125714e+005 -1.48743308291489e+004 4.96657764822118e+001 2.84569517569488e+000 -4.08001412165394e-003 5.19008459439576e-008 -5.38662852770567e-005 -6.23739307722110e-006 1.37221579121566e-006 3.13291983424114e-007 1.45649992396234e-009 
-1.36617758254290e+008 3.72472197875554e+006 6.14958653307839e+005 -2.81203391917610e+003 -2.19362552154032e+002 5.57721905815232e-001 2.10414704798338e-002 -4.22997339444350e-004 -8.54944627650819e-006 1.77959626055353e-005 1.66633801242125e-006 -4.13843815035453e-007 -7.73204060545295e-008 
-5.92346704468120e+007 1.61459756860811e+006 2.66611055812566e+005 -1.21914664290403e+003 -9.51024801905416e+001 2.41439297586148e-001 9.04693525297611e-003 -1.53372410794167e-004 2.44822552194191e-006 6.51586876230166e-006 3.89134024867125e-007 -1.63637558323595e-007 -2.30125455097943e-008 
6.87582192597011e+007 1.79997297146185e+007 -3.09432723725126e+005 -1.36314678261029e+004 1.05208809812914e+002 2.70206723809221e+000 -6.13693565005448e-003 -1.81317183066637e-004 -3.55769511579983e-005 4.49750357552928e-006 -3.27593556453265e-007 -1.11992943526384e-007 7.23574050826494e-008 
-1.24396952876544e+008 8.45076670155613e+006 5.60609525488567e+005 -6.20588548511383e+003 -2.03229113986956e+002 1.06489483207574e+000 2.05768906547871e-002 -1.64450631720620e-004 4.94524673014461e-005 1.05295274617685e-006 -1.16719647189993e-006 3.88398179605743e-007 -3.44734190810748e-008 
-5.39368850472502e+007 3.66354099521772e+006 2.43048257137498e+005 -2.69052527786297e+003 -8.81088240105585e+001 4.61335783569285e-001 8.97675634097255e-003 -4.60923473038258e-005 1.75342867958206e-005 -1.23631760865074e-007 -3.51743590297141e-007 1.41501641099060e-007 -1.57420173457308e-008 
1.19199195033047e+008 2.86481417603734e+007 -8.27114669947967e+005 -3.62620572280138e+004 3.87934474177477e+002 2.55946557226079e+001 2.43529210619795e-002 -1.78569294051506e-002 -2.35380584023512e-004 1.15743652133458e-005 4.72994710809079e-007 
-1.54194126248112e+008 2.02735335830876e+007 1.06814254453107e+006 -1.92796001652981e+004 -8.83554198982450e+002 4.51959395571963e+000 6.14650028676980e-001 4.00683258736870e-003 -4.28160148828516e-004 -8.16873751901238e-006 1.41690253558158e-007 
-7.39267846440256e+007 8.52425266365580e+006 5.12276348109703e+005 -7.86279667397742e+003 -4.15732586406236e+002 1.38114190690137e+000 2.81165473104453e-001 2.31188403926032e-003 -1.90324190596000e-004 -4.06600313302044e-006 5.82851589789193e-008 
-6.61564654986389e+008 -1.04116677687071e+007 8.13735702440549e+004 1.79538987730823e+002 -8.73537950772764e-001 5.94483166781043e-005 2.76489072445633e-006 -7.33398637708520e-008 
4.09452711704193e+008 -1.30154527207474e+007 -5.03823498809724e+004 2.87895800997130e+002 2.90922255298371e-001 -1.66309479220924e-003 2.87951526677008e-006 -1.55982475275118e-007 
1.91611733702500e+008 -5.32540809059553e+006 -2.35767747432731e+004 1.19031500777069e+002 1.45960431182636e-001 -7.14507671186211e-004 1.23855546012957e-006 -6.90193087519033e-008 
-7.63532022871920e+007 -1.40433859095006e+007 1.94453309036171e+003 6.03978303388234e+001 -5.18849923054038e-003 -1.13397759802472e-004 -4.07003693490207e-008 
1.24494021870346e+009 -9.48084323679636e+005 -3.20663325431819e+004 4.10859753106280e+000 7.99150588021056e-002 -6.20186435428247e-006 -3.22113396529760e-007 
5.17495533620334e+008 2.12977112808105e+005 -1.33286284039832e+004 -9.03601912920512e-001 3.32484598795349e-002 2.23077344205198e-006 -1.23004839668969e-007 
2.60321505293883e+009 4.59299091499447e+006 -6.14066645003700e+003 -1.64468944132085e+000 1.12912999438553e-003 1.40575297016599e-007 
-1.34579974529106e+009 7.11379663645328e+006 3.17353328502259e+003 -2.87644479627327e+000 -4.34232964314768e-004 1.80787332994884e-007 
-6.26245853232639e+008 3.05070386826618e+006 1.47680665314645e+003 -1.23664268388062e+000 -2.06174537290027e-004 7.94567721157518e-008 
2.98772103484664e+009 5.57000003102945e+006 -2.08078208058064e+003 -6.60900485989088e-001 1.15939319908854e-004 2.36599852464636e-008 
-3.08818541876695e+009 4.70870525893364e+006 2.15119059895131e+003 -5.30869364973912e-001 -1.33945266923781e-004 -2.76689522325616e-009 
-1.33839407832097e+009 1.78862748409678e+006 9.32291329257699e+002 -2.00808368317388e-001 -5.77039186479880e-005 -1.61580311504091e-009 
-8.82748581801819e+008 7.51874618634588e+006 5.80252642015765e+002 -8.82661158428735e-001 7.68586697089081e-005 7.60912951259888e-008 
-4.36715726812208e+009 -1.78841221389185e+006 2.86976474498326e+003 -9.60866752687018e-002 -2.53260157344273e-004 9.08446646971763e-008 
-1.09688594998334e+009 -2.82347798997372e+006 7.20750718017462e+002 2.36024651400160e-001 -1.03368596682516e-004 1.89925805324380e-010 
9.38483060070516e+004 -1.61464352652263e+005 -4.53383077481321e+003 1.25157928933468e+003 2.72378571464849e+001 -1.79874798124475e+000 -1.05746200910793e-001 -2.31908999359520e-003 3.44422786891171e-004 9.69149338516518e-006 -8.58859289516471e-007 -5.86824913397923e-008 1.30809485968293e-009 
3.36675648408519e+005 2.67558891244409e+004 -1.60193464545882e+004 -3.00150538733235e+002 5.41423473449980e+001 1.48631333518298e+000 -1.33729946777703e-002 -5.64983819490223e-003 -1.44809117088373e-004 1.63842323582481e-005 5.75833142732624e-007 -3.57017412405722e-008 -4.37176993670309e-009 
1.56850785911433e+005 2.71168710200466e+004 -7.47690651292066e+003 -2.56210115539217e+002 2.43074004888990e+001 8.88484254746833e-001 2.43396586213567e-003 -2.58038142628010e-003 -1.01087591743287e-004 7.22171321136801e-006 3.57793951370420e-007 -1.24916235427166e-008 -2.26231758510202e-009 
-2.14937472478637e+005 -1.33893773751248e+005 1.14627658112626e+004 1.26317575454965e+003 -3.26816817877521e+001 -3.85442326204613e+000 -2.48443192532182e-002 5.97350181629372e-003 -4.31744979775072e-007 -1.25662784797458e-005 1.38682010740973e-006 1.10402674463924e-007 -4.96230348211725e-009 
2.62270064279397e+005 -9.92123584146198e+004 -1.36520721866929e+004 7.30866569497370e+002 6.76311578823694e+001 -6.79454555406219e-001 -1.46472240099674e-001 -1.76426545109420e-003 1.96521282301763e-004 -1.18759631451245e-005 -1.00732416787333e-006 9.01771799967624e-008 7.69811393499362e-009 
1.47020635964590e+005 -3.71498622943207e+004 -7.69629514250371e+003 2.50525322399097e+002 3.61237380115569e+001 -3.02489884572723e-003 -7.00956994148732e-002 -1.38558159221506e-003 9.69349935378333e-005 -4.73399792076191e-006 -6.14548530722418e-007 3.48155119734314e-008 4.21327877409359e-009 
-3.53122185049807e+005 3.76044172106822e+003 2.09878697650338e+004 1.47455524003243e+002 -1.02180174912425e+002 -2.37377098630662e+000 1.70208252587368e-001 1.14421118410831e-002 5.22263368336903e-004 1.92749141577839e-006 -4.49296205474271e-006 -3.36508473642349e-007 4.33922603983989e-009 
-6.10727260230887e+003 -1.57277020835712e+005 5.16061812536323e+002 1.50355661270493e+003 1.67367364365780e+001 -4.47732005927652e+000 -1.62735866153235e-001 1.23579290854618e-003 4.32374238885447e-004 5.47909290386651e-005 2.29215865137334e-006 -2.16834558146533e-007 -2.53396674012862e-008 
2.71989398735652e+004 -7.75172383842854e+004 -1.54705466540348e+003 7.26993811248087e+002 1.70150553706377e+001 -2.00258064319208e+000 -9.47470527471290e-002 -3.60132048624639e-004 1.68516535971270e-004 2.67616851991006e-005 1.50997641720485e-006 -7.78935534980743e-008 -1.28347309558035e-008 
-1.92798370853637e+005 1.49415164377062e+005 1.24494388191348e+004 -1.51753641552344e+003 -7.87835846808546e+001 5.86944573310367e+000 4.12249034390578e-001 -1.35584851387746e-002 -2.64285138307843e-003 -3.02861398699196e-005 1.65809609703664e-005 8.64829107487689e-007 -8.51367489534999e-008 
-2.61386388004132e+005 -8.43534436488090e+004 1.66748940170430e+004 9.06044815086069e+002 -9.35119217412130e+001 -4.77003872048926e+000 2.89449066298571e-001 2.88272909905050e-002 -3.78582628003825e-004 -1.92450799766896e-004 -5.46069398392340e-006 1.13851871054017e-006 8.20682094662125e-008 
-1.11789100332485e+005 -5.41440343232919e+004 7.13355941545317e+003 5.75591226239738e+002 -3.92869053451054e+001 -2.85085574094012e+000 1.07284848210775e-001 1.53423348096868e-002 3.88976940847806e-005 -9.20741002327988e-005 -4.09854669248480e-006 4.86191076506082e-007 4.76170384263892e-008 
1.40168019581249e+005 1.65917075182707e+005 -8.40752420154319e+003 -1.56809699559333e+003 7.03109773702636e+001 5.20009190668539e+000 -4.65056488953915e-001 -1.17551247705855e-002 3.06323601057037e-003 -3.70613978033932e-006 -2.03483434474849e-005 5.56398178654058e-007 1.32097603951290e-007 
-2.82839506392558e+005 6.32971066733061e+004 1.71691789880863e+004 -8.00414825736178e+002 -8.47298994534464e+001 5.35508755118525e+000 2.13309060487833e-001 -3.43537027858012e-002 -2.76994197462794e-004 2.24646925129714e-004 -3.80132152858563e-006 -1.46860848863075e-006 6.66572128315298e-008 
-1.50597339279943e+005 1.70374193850172e+004 9.15840401670740e+003 -2.60120109408469e+002 -4.77350630868437e+001 2.18975329942544e+000 1.44765497007188e-001 -1.58927883106619e-002 -3.97636970125955e-004 1.10802844683941e-004 -1.34226541359212e-007 -7.69682630381635e-007 2.15174235458423e-008 
3.61451714661704e+005 4.66027673135015e+004 -1.89158709091222e+004 -1.69790551028531e+002 7.93366008724799e+001 -2.36594321759175e+000 -4.08747860267279e-002 1.68325150473747e-002 -9.88322869346710e-004 -1.92692776586039e-005 6.14783175378284e-006 -3.68762050542912e-007 -8.13702367032411e-009 
-5.99545794800552e+004 1.47690653340436e+005 3.08678205452996e+003 -1.29602250987587e+003 1.24851971810595e+001 2.66586355999697e+000 -2.16422544930039e-001 6.94143410032272e-003 7.33785768564767e-004 -7.99184964149842e-005 2.05552811148007e-006 2.79604388032205e-007 -3.34118906988338e-008 
-5.97784291681367e+004 6.86707039618265e+004 3.12033522052739e+003 -6.24023643033376e+002 -6.57406097171797e-001 1.51674708323875e+000 -1.02799819045701e-001 1.97617650213338e-003 4.45194958616136e-004 -3.76603547800077e-005 4.85872778526759e-007 1.68934761400621e-007 -1.57362071315744e-008 
3.09855063514017e+005 -9.46966596434903e+004 -1.47837160108758e+004 7.66238548980322e+002 4.30041246119756e+001 -9.30176081468624e-001 5.82563687907261e-002 -5.27650936324253e-003 -2.87305438015997e-004 1.46130711373748e-005 -6.32884444601603e-007 5.69527144594346e-008 2.96136616306227e-009 
2.15045231916439e+005 1.16217165712184e+005 -1.01851732657531e+004 -8.64576366413482e+002 3.48586073638898e+001 5.74164100023908e-001 2.75555149692245e-002 5.32552207489209e-003 -3.40050299420695e-004 -2.67794053234035e-006 -2.53784582908396e-008 -5.48445338714004e-008 4.96802923031217e-009 
7.97569865445826e+004 6.50996746194868e+004 -3.77252725354647e+003 -4.91369941019669e+002 1.35536564363998e+001 3.68415735674233e-001 8.64582791562645e-003 3.06179255689264e-003 -1.43270106593762e-004 -2.59055290867771e-006 4.15418903860350e-008 -3.17458965713001e-008 2.19560514108417e-009 
3.87588353856506e+004 -1.65716002316624e+005 -1.99832842583764e+003 1.31813574430106e+003 2.29221793827977e+001 -1.89310481144233e+000 -1.41614155981279e-001 -5.47645793792372e-003 4.18359036101295e-004 3.36032295415503e-005 2.55844372582531e-007 -1.21481355392205e-007 -8.61332994684947e-009 
3.40656313734543e+005 3.98024830719284e+003 -1.66365133143305e+004 -1.52089268098252e+002 5.81217749456233e+001 1.65867649940761e+000 1.32797762264423e-003 -7.93582919635007e-003 -4.26563526368645e-004 1.24735361108812e-005 1.89523274675804e-006 6.97307590249478e-008 -5.59508004235071e-009 
1.64184808924554e+005 1.57560216037661e+004 -8.03370287269875e+003 -1.85751243500049e+002 2.68267988922068e+001 9.80368680241653e-001 1.22651781710569e-002 -3.46448712760645e-003 -2.45524939878820e-004 3.36271134111988e-006 9.15181574448798e-007 4.45104902311651e-008 -2.04587277069833e-009 
3.78992893464586e+005 6.80899695992267e+003 -1.78451991476378e+001 -2.54012048053265e-001 4.40680288876123e-003 3.17959357561000e-003 -2.68505502413807e-004 -7.02210975485560e-005 1.09389068088867e-005 1.58136726720100e-006 -4.06042426268736e-007 
-5.34825258085332e+005 5.98568601161946e+003 1.63891675606468e+001 -1.73863976569360e-002 -2.15969485058487e-002 1.25570085582874e-003 4.00918247967165e-004 -5.17620802520315e-005 -9.01145600022920e-006 1.90085237626387e-006 1.85277077805588e-007 
-2.36896447185188e+005 2.35576812299026e+003 7.55480897599608e+000 1.50073809967371e-002 -1.18654136921047e-002 3.45613663554301e-004 2.41929939093031e-004 -2.03702466979611e-005 -5.94801393943601e-006 8.53318081831986e-007 1.41068676536770e-007 
3.92460665220582e+005 6.65717436840198e+003 -1.97787638230880e+001 -8.12139144032411e-002 4.37411068947793e-003 -7.17623280995004e-004 7.82498719108867e-005 -1.91899851526684e-006 -8.57393045566464e-007 2.00223957426681e-007 -1.95330161632908e-008 
-5.22725720829215e+005 6.11289494673348e+003 1.52940249655543e+001 -9.83212576486196e-002 3.02987614224734e-003 -1.63329530445884e-004 -4.38295304128709e-005 1.01220337070350e-005 -1.08618516511477e-006 2.15103055248922e-008 1.28982502800028e-008 
-2.32125322630429e+005 2.41500345924361e+003 7.16072899180492e+000 -4.34758940608930e-002 1.36286258659940e-003 -1.06193250221975e-005 -3.16512945033829e-005 5.60394018511283e-006 -4.91213620253457e-007 -7.38056270307980e-009 8.90663256617012e-009 
-6.76673117817338e-005 2.06037790170784e-006 -1.27981987282677e-007 -2.10953908413798e-007 -8.50833292855728e-012 8.46379487426375e-009 5.76682979428335e-010 -1.26594562163710e-010 -1.35999529393661e-011 -9.62464919482153e-014 
2.13387539852232e-005 3.78198874370028e-007 3.11871536739334e-007 -1.02114533136431e-008 -2.08857738378044e-008 -1.03131618906036e-009 4.59681552848656e-010 9.01803807607707e-011 -2.40893910023776e-012 -3.91182451884527e-012 
-6.62436875629540e-005 1.13562475942283e-007 6.84739014044294e-007 2.24389658976985e-007 -5.77260854055678e-008 -1.68440318008877e-008 1.43518053422317e-009 6.71261653923846e-010 2.62341825549961e-011 -1.44874075242617e-011 
2.21705034431161e-005 -1.44708473461012e-007 -2.55955946697158e-007 9.54537993603816e-008 3.06055865320191e-008 -4.41362376496570e-009 -1.59494998765026e-009 3.42424860389604e-011 5.18271231886486e-011 4.62130398436777e-012 
-6.36788471066584e-005 7.31817104778005e-007 -8.98691476174459e-007 6.03779443602894e-008 6.82323081452466e-008 -1.04816755925639e-008 -1.71471704612395e-009 7.18967930579936e-010 -2.40901415485718e-011 -2.90811178888044e-011 
2.28206732804268e-005 1.03662633410298e-006 -1.96388163680414e-008 -1.20177970750488e-007 1.22284011613044e-008 5.71602673705158e-009 -1.28389245789708e-009 -9.68253065993823e-011 6.75545640266017e-011 -1.56346765597112e-012 
-6.35263074797029e-005 8.20503825708015e-007 5.94703769017403e-007 -5.93987013391505e-008 -3.58964535675778e-008 3.31499749425675e-010 3.66913395043899e-010 9.04355061612974e-011 1.61161992598378e-011 -2.37276627350391e-012 
2.35955762469733e-005 -1.06914660757710e-007 1.12603563235470e-007 7.87498339600580e-008 -4.44104995669910e-009 -2.28268158803000e-009 -5.81960385409289e-011 1.54603487193027e-011 -7.08044391507813e-013 -6.24435427846610e-013 
-5.93399978956038e-002 1.19030878540010e-003 2.95365597424133e-005 -2.15548362539609e-005 2.38427258153225e-006 -3.92839077049804e-007 -1.12353046877098e-007 9.18940157469179e-009 2.21679295780377e-009 -2.21459376038195e-011 
3.95602186965424e-001 5.24592135096922e-006 -8.39137631065963e-005 1.34457189004776e-006 2.79146296237311e-008 -2.35458085263369e-007 3.01564460817950e-008 6.59483714815128e-009 -2.74099791091426e-010 -1.01967297234145e-010 
2.85759135307972e+003 9.18794110577518e-001 -3.70295319177496e-005 1.86229975313896e-005 -2.05262838555917e-006 3.72983990354738e-007 1.02618911347537e-007 -8.52932245615499e-009 -2.02413125716197e-009 2.15760133726610e-011 
-5.75956697511022e-002 2.84345630446618e-004 -2.94654577787530e-004 -3.14932822109949e-005 4.99559818967853e-006 1.70002815133979e-006 2.37803350187012e-008 -4.47190649586584e-008 -3.71471192203877e-009 5.99810055907244e-010 
3.95002446817439e-001 -5.71434561350101e-004 -3.44427570517002e-005 1.79305500316934e-005 3.16324647514955e-006 -1.29070850906008e-007 -1.15258603934793e-007 -5.44008135454810e-009 2.24875330590624e-009 2.91943312450794e-010 
2.85942943638564e+003 9.19540020386023e-001 2.64582350816573e-004 3.08454862893875e-005 -4.42354415857553e-006 -1.57982167406701e-006 -2.53444195587152e-008 4.08535049994900e-008 3.46472326693459e-009 -5.36816337632932e-010 
-5.88608035148640e-002 -1.16378183682288e-003 1.35779374583443e-004 6.38954859060491e-005 -7.13496305277382e-006 -1.23853581988564e-006 2.45160834778478e-007 4.88686983854557e-009 -5.86194964871585e-009 6.03363611070601e-010 
3.94350544810031e-001 7.54062851119503e-005 1.33484830400620e-004 -1.30245481309531e-005 -3.76032299422728e-006 5.34089103943154e-007 4.68726765201993e-008 -1.53506149334191e-008 6.42029837490125e-010 2.89969245688509e-010 
2.86127022639785e+003 9.20912216338797e-001 -1.12037778659248e-004 -5.87831173732698e-005 6.28884979134231e-006 1.15491134989169e-006 -2.22943340227660e-007 -5.14839009316285e-009 5.40612980893311e-009 -5.39267578825910e-010 
-5.92607794915347e-002 7.71512157539156e-004 1.66811134487106e-004 -3.22255807551743e-005 9.50329329251938e-007 6.68009101022437e-007 -7.58242688867434e-008 -9.26553659530508e-009 5.01973371135343e-011 7.88131362249315e-011 
3.94863259355544e-001 2.60298317459345e-004 -6.72590770103908e-005 -5.44708999510442e-006 1.92370623523957e-006 -1.79041913181289e-007 -3.19642180295544e-008 2.56356181259002e-009 3.62960624561664e-010 3.68150465934042e-011 
2.86311034557206e+003 9.19186989863553e-001 -1.55460638191472e-004 2.79267633509011e-005 -8.43397075242178e-007 -6.00520621642068e-007 7.04410420167284e-008 8.53986648219249e-009 -6.82580209511810e-011 -7.33347941090394e-011 
