-3.77047230824857e+007 1.06185983126083e+007 4.59638576116423e+005 -2.59088696727198e+004 1.26392220999949e+002 -7.79018667597882e+000 -3.56750010561430e-001 1.89457056490522e-002 -1.11822100044614e-003 4.78138901632138e-005 -1.53553411677109e-006 4.24060138168471e-008 4.78409077244571e-011 -6.24312821546213e-011 
-5.10661061966081e+007 -7.02383526822964e+006 6.37365081790824e+005 8.76974561410738e+003 -4.20138896926399e+002 1.54442210867610e+001 -7.38660435251201e-001 1.50327441599690e-002 -4.67818613526281e-004 -8.47681542971912e-006 8.78924635623958e-007 -6.68205903810252e-008 3.19370661546507e-009 -1.29203188712125e-010 
-2.34830947927154e+007 -4.85296997138201e+006 2.92756007852745e+005 7.37231447226607e+003 -2.37526247676581e+002 9.05759935627267e+000 -3.57537153854274e-001 6.06395471704593e-003 -1.33865408045416e-004 -9.48828366807232e-006 6.28789693996453e-007 -4.00912181913384e-008 1.70088693999794e-009 -6.25382556008160e-011 
-1.37599917597214e+007 1.30722563439981e+007 1.54572429468036e+005 -2.54737048566932e+004 -8.74717554340422e+001 -1.27760117605157e+001 -1.32726813227203e-001 2.30618425889079e-003 -8.41185744782031e-005 2.00990095647671e-005 6.38626436756096e-008 3.35590256097084e-008 2.58768973751994e-010 2.92645498264212e-011 
-5.97503836923585e+007 -1.60044810905180e+006 7.09654813971385e+005 3.66596848844502e+003 -2.63839142118323e+002 9.32318102918210e-001 -5.48204094043759e-001 -1.84144174918973e-003 -5.68857135520783e-004 -3.84236790309871e-006 -2.19521104936192e-007 -3.06439734616444e-009 5.51777036278306e-010 2.28845205828496e-012 
-3.06051282321941e+007 -2.21067854812166e+006 3.63019405789690e+005 4.60102964494311e+003 -1.31852544675718e+002 1.82344751645555e+000 -2.79048397443540e-001 -1.22273556761003e-003 -2.95115625746950e-004 -4.13787223030687e-006 -1.23924067863229e-007 -5.11927359193146e-009 2.68063255194392e-010 -1.80155906670371e-012 
1.26228670661528e+007 1.30418803782853e+007 -1.68435118562919e+005 -2.90646598780177e+004 -3.68035424086806e+002 -1.47255759008004e+001 2.52728640828156e-002 1.50290334885962e-002 1.11746016040351e-003 6.16752685306898e-005 2.38619858820741e-006 8.29676796072378e-008 1.40298853940711e-009 -3.47480947731089e-011 
-5.71875295799629e+007 4.17752054725783e+006 7.26475851629369e+005 -1.17790165375163e+003 -3.92324140168875e+002 -1.50850922234762e+001 -8.86233188149351e-001 -2.36221803246163e-002 -8.00251330541207e-004 -3.19187399415120e-006 7.77702588076442e-007 7.63359400733025e-008 4.32571795305174e-009 1.93393567005758e-010 
-3.19725544332800e+007 8.78726681664958e+005 4.05516033806896e+005 2.38626684319712e+003 -1.71374021738671e+002 -6.52980511387519e+000 -4.75992603615930e-001 -1.41768331198430e-002 -5.43396065751149e-004 -8.10358942252947e-006 1.67909327757692e-007 3.21659577859692e-008 2.16458680018423e-009 1.06907197458836e-010 
3.61700825625903e+007 1.01781422331719e+007 -5.61515420674803e+005 -3.70263609867634e+004 -5.89803251473223e+002 -2.13108004086865e+000 1.45531178493620e+000 1.12088756695086e-001 5.91094931692437e-003 2.15360294980580e-004 2.89226337363131e-006 -3.35647179390592e-007 -3.82883460022934e-008 -2.47027882147438e-009 
-4.31614149836974e+007 9.79431729295543e+006 6.60243306474169e+005 -1.12986590938696e+004 -9.74128896451979e+002 -4.68197250366782e+001 -1.81642505337049e+000 -3.28805700376037e-002 1.37553127567230e-003 2.08153296025293e-004 1.41616741816295e-005 6.78858700225152e-007 2.02927497471332e-008 -1.31698273230667e-010 
-2.69227800493045e+007 4.17600215902988e+006 4.10920160486610e+005 -2.19363828580835e+003 -4.59131173728777e+002 -2.47872062958771e+001 -1.12121474617491e+000 -2.91920561460354e-002 1.21480933504598e-004 8.88400179788712e-005 7.26422033786335e-006 3.97430354235424e-007 1.48117262000916e-008 1.85930978721488e-010 
6.92498313101211e+007 -1.82588459765506e+007 -8.83667687288038e+005 3.76385512849818e+004 9.70091052322109e+002 -2.21287303807841e+001 -4.82172525750262e-001 4.72874950432081e-003 1.73307454361511e-004 7.02481244906607e-007 
7.57315301676692e+007 1.38406748412887e+007 -9.51196617135562e+005 -2.97539359601605e+004 9.65762993004304e+002 2.05832230809733e+001 -3.54099355722283e-001 -8.39168175739997e-003 2.96713750013259e-005 2.90156232127736e-006 
2.96376628875135e+007 7.38212282227486e+006 -3.71954752459966e+005 -1.57671801634926e+004 3.73037485367331e+002 1.06600349680870e+001 -1.28768691663231e-001 -4.07433062623020e-003 2.37843309517273e-006 1.26082831457151e-006 
2.72547382480541e+007 -2.32951230450923e+007 -3.55367517460612e+005 4.90470868652326e+004 4.25796612672556e+002 -3.14790011333480e+001 -2.71786216733975e-001 1.01810764761168e-002 1.50376844443397e-004 -2.12872013863637e-006 
9.48765842482291e+007 5.09350279827438e+006 -1.20365219587907e+006 -1.15468149225106e+004 1.27439906146486e+003 9.47530619238515e+000 -5.58900170053539e-001 -5.62501941235142e-003 1.44641416082027e-004 3.11492351429358e-006 
4.09086192453996e+007 3.76604872519338e+006 -5.18961967599426e+005 -8.29894519724971e+003 5.46330075610816e+002 6.25504731324958e+000 -2.34215333910553e-001 -3.17484307897297e-003 5.55490945125397e-005 1.53600249023090e-006 
5.61050457394407e+004 2.02083096940634e+007 -2.99591128387292e+003 -1.52096482199630e+004 6.80864693526946e+000 2.92609169588774e+000 -4.92206409640147e-003 -6.30027290894421e-005 4.05975914071959e-005 -3.27747735606438e-006 -4.97936056500503e-007 1.36967316410975e-007 -3.00967917433436e-008 
-1.38306177871044e+008 4.25244309541948e+003 6.28242992518763e+005 -1.66181603828681e+002 -2.24693068171262e+002 1.65763663953795e-001 2.17717018615044e-002 2.88563412113502e-004 -8.84575153105467e-006 -1.13798277863028e-005 1.40342893345583e-006 8.80271210104028e-009 -2.50230672381628e-008 
-5.99658685310555e+007 1.96988435595134e+003 2.72396296296511e+005 -7.21130768513093e+001 -9.74241433441050e+001 7.22872565571148e-002 9.47485052312752e-003 9.37795216830151e-005 -4.16328597730866e-006 -3.64296039136824e-006 5.07331646355566e-007 -1.16911687004050e-008 -6.83296325470006e-009 
3.98750046075208e+007 1.94605391151218e+007 -1.82946559530593e+005 -1.46385691211533e+004 6.42257313296446e+001 2.81116609963337e+000 -6.71804348224859e-003 -2.03607459189556e-004 6.54067632199374e-005 1.54989507129142e-005 -2.13922581380625e-006 -1.33771335014381e-006 -4.27459703520693e-008 
-1.33320899858236e+008 4.96154407028376e+006 6.04881738515531e+005 -3.70584277556851e+003 -2.16117346258252e+002 6.78241666536041e-001 2.09283377316738e-002 4.67299675862644e-004 3.80290863532141e-005 -2.62746445102471e-005 -5.24283245485441e-006 9.79025788589062e-007 5.12680047268303e-007 
-5.78040803120843e+007 2.15137087998021e+006 2.62266521975296e+005 -1.60685447616714e+003 -9.37046053887162e+001 2.94450740897664e-001 9.03262124789256e-003 1.61793636912061e-004 1.72160296852457e-005 -8.56465715957564e-006 -2.01783659335614e-006 2.74718760391715e-007 1.83269059878069e-007 
-1.47744949437136e+008 -2.54521722324613e+007 6.28057855451509e+005 1.61549358847703e+004 -2.46141281221898e+002 8.23212192187844e-001 -1.58808395976492e-003 -1.02240341007129e-003 1.79430622736477e-005 -3.19170564246448e-007 1.50938341118644e-009 
1.77072523502452e+008 -1.59317753601848e+007 -7.54065054476751e+005 1.36380004410304e+004 1.42838772592806e+002 -2.29594016775591e+000 5.52642646094534e-002 -6.99785842515665e-004 -2.08913348753787e-006 1.94583685823920e-007 -4.30201521759790e-009 
8.51866790245465e+007 -6.61793336183630e+006 -3.62860353370288e+005 5.81800434021969e+003 7.21770562416420e+001 -1.07531100322145e+000 2.53936871072433e-002 -2.93228715761359e-004 -1.44815483446531e-006 9.62993072181495e-008 -2.26550321987193e-009 
7.15667044879803e+008 -4.82591673543397e+006 -1.11691725262909e+005 1.24355222353970e+002 1.66386580796012e+000 -1.38129660089733e-003 -1.59775645112588e-005 1.56357571948955e-007 
1.79818017614701e+008 1.67842053176017e+007 -2.79577873207146e+004 -4.36826348134203e+002 4.09436478223217e-001 4.89713775439631e-003 -2.69023177941182e-006 -9.81862503962649e-008 
5.96291989735100e+007 7.31212958544771e+006 -9.26236597030453e+003 -1.90274254405659e+002 1.34956498088166e-001 2.13272162504666e-003 -6.63667463606432e-007 -4.56297323023508e-008 
-2.95255294074740e+008 1.23723645117613e+007 5.53924293749529e+003 -3.90439808111763e+001 -4.01128224503191e-003 1.95243717267107e-005 2.94442203920326e-008 
-1.36365544592595e+009 -2.27220467695166e+006 2.56189242650004e+004 5.69330808748785e+000 -3.44616510317234e-002 2.61327501662822e-006 9.23224231066709e-008 
-5.50489563523643e+008 -1.47050559763453e+006 1.03421576867946e+004 4.02984536174222e+000 -1.40570263158586e-002 2.44869316875064e-007 3.38119350551829e-008 
-2.47874530804319e+008 9.30834062544758e+006 6.61845869681073e+002 -4.19479584127099e+000 3.61777439358329e-004 3.89586893400043e-007 
-2.62417084560155e+009 -1.09745844864400e+006 7.01827299882552e+003 -4.45779189485284e-002 -1.57180786714929e-003 1.54526118465817e-007 
-1.14580342663646e+009 -6.12423368457801e+005 3.06474056459734e+003 3.98099096575170e-002 -6.95412788819331e-004 6.34692608874739e-008 
5.34925213832774e+008 7.41264197674987e+006 -3.67721591137338e+002 -8.50617520903459e-001 1.76014538536372e-005 3.18464912364127e-008 
-4.15125558205849e+009 9.28991219125766e+005 2.84987242368249e+003 -8.88637171386404e-002 -1.56338375161389e-004 -3.66391154061983e-008 
-1.71245623764861e+009 1.95742649665338e+005 1.17559372955752e+003 -1.52465811059080e-002 -6.45125007576787e-005 -1.48970338781519e-008 
-3.30446806449030e+009 5.26188586937765e+006 2.39555168330306e+003 -5.90371009183144e-001 -2.70882976541553e-004 5.80633575366620e-008 
-2.96595476362770e+009 -5.69150050908277e+006 2.14989369018512e+003 7.27837130845896e-001 -2.09476616455854e-004 -8.03177031308236e-008 
7.00286185447889e+007 -3.36145471526702e+006 -5.09653791855075e+001 4.05165864533472e-001 1.69531848173677e-005 -4.49351940272872e-008 
2.72031543892471e+005 1.16655358170479e+005 -1.74075598775166e+004 -1.02071544399903e+003 1.17718545782218e+002 1.22292031730337e+000 -5.62788759375032e-001 2.58820817820332e-002 1.99445522092888e-003 -3.07189979036591e-004 3.74980144476698e-006 2.11317925995681e-006 -1.59222228065380e-007 
-1.83363166871054e+005 1.20843732386776e+005 1.17111686500062e+004 -1.36677256360757e+003 -4.50752617339316e+001 7.25403246015085e+000 -1.16890326306848e-001 -3.16136031902449e-002 2.73460424385257e-003 5.67930442172929e-005 -2.37461208707525e-005 1.00883518757307e-006 1.23252702861916e-007 
-1.03171096813243e+005 6.37040162961662e+004 6.60617683985157e+003 -7.26743660570997e+002 -2.62570755360959e+001 3.92078417858491e+000 -5.47089084219609e-002 -1.75468627942471e-002 1.45244203529294e-003 3.54802620350123e-005 -1.29337965516657e-005 5.14893475970394e-007 6.92560098409653e-008 
3.48963290352242e+005 -4.11053005354645e+004 -1.91664802564560e+004 5.99513593385536e+002 7.09804239141939e+001 -3.41996231021851e+000 4.09185015311709e-002 4.44303940876298e-003 -8.46279185010841e-004 5.95252762996499e-005 -2.21283524359919e-007 -2.75128143620522e-007 2.46110250279887e-008 
9.75552018460875e+004 1.45878333432182e+005 -5.15357564265141e+003 -1.22134948650131e+003 4.42675361308389e+001 1.75128238871922e+000 -1.54178739418942e-001 9.43327685508367e-003 -2.98972431431568e-004 -3.25112558110435e-005 4.48441654787698e-006 -1.99470267783499e-007 -3.97466312691858e-009 
4.77749436471916e+004 7.95549803886451e+004 -2.52387694891303e+003 -6.71934570553354e+002 2.30210268162381e+001 1.00675413798832e+000 -8.43950520368482e-002 5.03916052357282e-003 -1.49068315212461e-004 -1.85263233094230e-005 2.43541442912294e-006 -1.03983190272101e-007 -2.53306767558379e-009 
1.46663038541273e+005 -1.51140678035780e+005 -7.21065047971738e+003 1.25064751337928e+003 1.37839249884789e+001 -2.39552419663772e+000 2.99332867790998e-002 -8.11614535558027e-005 1.38055297223529e-004 -5.04523114730694e-006 -1.00509977594875e-006 5.83721968706464e-008 4.36633679965818e-010 
3.11316430653897e+005 5.97683962852449e+004 -1.48688226916276e+004 -3.68505278376778e+002 5.67074409486949e+001 -1.04795634079001e-001 -4.47967750772353e-002 4.66192486232553e-004 -1.90613125372582e-005 1.43356728702927e-005 -6.82949043829017e-007 -3.16069342760115e-008 2.38460649774506e-009 
1.66253514235526e+005 3.43748927172764e+004 -7.96854757372919e+003 -2.17307422766542e+002 3.06834791834721e+001 -2.12286928445301e-002 -2.50227405392960e-002 2.55988939163658e-004 -1.20920699859630e-005 7.83675517199234e-006 -3.56467131640762e-007 -1.80201260561426e-008 1.29152742006084e-009 
-1.65361236247493e+005 -1.48413615395809e+005 7.67696522743375e+003 1.13126326995316e+003 -2.58688714536534e+001 -1.52691894081560e+000 3.54759821274125e-002 -1.48521824898848e-003 -1.92480861284013e-004 -1.43346641238842e-006 7.00603784830312e-007 7.09963328942746e-010 -1.08304215869995e-009 
3.08462294692549e+005 -6.19531439038708e+004 -1.40872019946004e+004 4.70792550038854e+002 4.57865242320999e+001 -8.35344405867632e-001 -6.58931766929311e-003 2.01432461157143e-003 -4.98705395134723e-005 -1.17155484015896e-005 -1.63917562618778e-007 2.51092303757976e-008 -9.84837695501962e-010 
1.68743925047372e+005 -3.16855647284760e+004 -7.74056902239769e+003 2.41451347184317e+002 2.52894017403683e+001 -4.36068973876894e-001 -4.30988906791888e-003 1.11320517437745e-003 -2.47033718582114e-005 -6.34631270463614e-006 -9.78310552095437e-008 1.36724061325070e-008 -5.18278556143872e-010 
-3.64163209466536e+005 -4.18713617306515e+004 1.78444813582211e+004 4.93923977646316e+002 -5.43624050101784e+001 -1.72586438837398e+000 -6.14549718196051e-002 -2.94618275831929e-003 2.98170003605357e-004 3.36322385640325e-005 1.45646182286299e-006 2.89815332455440e-008 -3.72539271090673e-009 
9.77071542889320e+004 -1.40860107271676e+005 -4.58793433798745e+003 1.07194583213248e+003 2.94435316567530e+001 -8.93482907624635e-001 -3.62511715013406e-002 -6.14351417046025e-003 -4.13483236070288e-004 -2.32715902730745e-006 1.08015752274185e-006 1.01704471858741e-007 7.08655523155154e-009 
5.70415439250441e+004 -7.58047008402593e+004 -2.70239261098890e+003 5.76887379788223e+002 1.66722224090141e+001 -4.71860435046399e-001 -1.91784529271131e-002 -3.29520971141806e-003 -2.27637119304022e-004 -1.61982263081955e-006 5.71844358516639e-007 5.48900948651985e-008 3.88241130252348e-009 
-2.98878272618683e+005 1.06662864827818e+005 1.71627332811968e+004 -7.22959773173343e+002 -9.87514255905570e+001 -1.68422436428408e+000 2.21905897893271e-001 2.97510457086082e-002 1.15647535040581e-003 -9.81955775495708e-005 -1.54618511606285e-005 -6.55147357680562e-007 5.16048476082581e-008 
-1.75653273537238e+005 -1.20154255133130e+005 1.01428805999571e+004 1.27178072937392e+003 -1.70318880333354e+001 -4.78668376431562e+000 -2.71498046239876e-001 7.08467204034197e-004 1.83781695517400e-003 1.43419937215537e-004 -1.34568229720876e-007 -9.72533483545678e-007 -8.35479587652912e-008 
-9.17667195032356e+004 -6.62880645753199e+004 5.31107108792208e+003 6.99132767036831e+002 -8.20545055682908e+000 -2.58637013467830e+000 -1.49626558356550e-001 7.98185340282428e-005 9.85406530537801e-004 7.88714401241568e-005 8.84235794734047e-008 -5.20976150198946e-007 -4.58824696951939e-008 
5.69154918170318e+003 1.83157228720122e+005 -3.89088295651607e+002 -2.00813930392012e+003 -1.89186566110392e+001 1.06857184916676e+001 3.58831211768640e-001 -6.15829577847031e-002 -4.40506886121082e-003 3.87671040933825e-004 4.85501525125100e-005 -2.14176285834153e-006 -5.07308944009163e-007 
-2.95608294125747e+005 8.49480578576206e+003 1.98601183925570e+004 4.42092683461599e+001 -1.30904170575870e+002 -2.48269068973200e+000 6.96939654766067e-001 3.54996055686822e-002 -4.32555861717267e-003 -4.08495958283691e-004 2.63419836632909e-005 4.39058641035204e-006 -1.21000633385185e-007 
-1.60045682755927e+005 2.67654017570689e+003 1.07813949199389e+004 4.55696111838146e+001 -7.09374039342733e+001 -1.46172063100535e+000 3.74762683464817e-001 1.99191156252303e-002 -2.30172961062961e-003 -2.25794610669761e-004 1.37868471129048e-005 2.40543162078335e-006 -6.03383818330596e-008 
2.99565485496495e+005 9.45024579102117e+004 -1.95317475381453e+004 -7.79326766149570e+002 1.33671045690808e+002 -5.18438285701511e-002 -6.86789765548226e-001 3.57669641708688e-002 3.06231384567442e-003 -4.37582068589699e-004 -2.10517273401412e-006 3.79173213072639e-006 -1.84944616393914e-007 
-1.41773363188906e+005 1.36295680323567e+005 9.22172216252338e+003 -1.54339337549473e+003 -2.92806236916615e+001 8.45022501250336e+000 -2.06485149099429e-001 -4.19694928976025e-002 3.70615744061149e-003 1.34218662099575e-004 -3.70947888235417e-005 8.35210537427777e-007 2.76297794796380e-007 
-7.96721282081088e+004 7.29560949738413e+004 5.20570060344832e+003 -8.30364808235986e+002 -1.73561734950703e+001 4.59145575282073e+000 -1.04649396192576e-001 -2.31644760712347e-002 1.97902336747884e-003 7.74741385490123e-005 -2.01101410258063e-005 4.13277628316901e-007 1.51898832186359e-007 
-6.15901850282392e+005 1.96793941334455e+001 2.82632866611058e+001 -2.54404834717701e-002 -2.56398747415055e-003 1.02433606411935e-004 3.32512298932691e-006 -1.68751290246622e-007 2.05457772518880e-008 -1.12221358157706e-009 -8.95938339062442e-011 
5.54475985301983e+005 -7.73675340672171e+003 4.44981106360301e+000 1.16929851644852e-001 -8.64573341711944e-004 -9.22201532550651e-005 7.14218180413365e-006 -1.26037142369446e-007 2.23797738654564e-008 1.37736919412010e-009 -1.35273811212518e-010 
2.42043646689119e+005 -3.29381365861690e+003 1.18150007288808e+000 5.34412277775268e-002 -1.68347393072104e-004 -5.43050898993859e-005 3.45270908056042e-006 -5.17926817166418e-008 9.79282911719128e-009 8.04089666506556e-010 -6.94573573647918e-011 
-6.15637727207002e+005 2.44045494512111e+002 2.77904692626840e+001 -4.68702237099642e-002 -5.34217170307080e-006 1.29585095473458e-004 -4.43738864935994e-006 -1.04760643053411e-006 -1.23980350567516e-007 -1.05226481114584e-008 -7.20786433854278e-010 
5.39042300135147e+005 -7.69585676452224e+003 5.73975015942824e+000 9.80279540652158e-002 -8.22393547470364e-004 1.27622579917671e-004 1.52853555652250e-005 7.41352517578253e-007 1.79529902268614e-008 -3.55609661605019e-009 -8.89543243356972e-010 
2.35467434174413e+005 -3.28189490553094e+003 1.78588935574459e+000 4.68568072821331e-002 -3.08862927320474e-004 5.91329800194900e-005 8.54529383354701e-006 5.02864754491155e-007 2.24539370435644e-008 -8.96679955512648e-010 -4.06614619258609e-010 
-1.09017570053212e-005 -1.56221603823151e-007 -4.04103967872372e-007 3.03744514977053e-007 6.49638571033687e-009 -1.76432117716430e-008 1.94025774676246e-009 3.07381149355053e-010 -1.29368745869120e-010 1.45634150603572e-011 
4.12662415674681e-005 2.80906799843070e-007 -3.57334434450281e-007 -3.43051349747655e-008 3.68165828580753e-008 -1.79633854922803e-009 -1.31602806235787e-009 2.93603966710292e-010 4.58348210521779e-012 -1.50395726799383e-011 
-9.15349715980299e-006 2.15544093000464e-006 -4.73204897432080e-008 -1.89047616140629e-007 5.90780536350805e-009 5.82269907302433e-009 -2.90350077381636e-010 -6.63135503792427e-011 1.22488823647793e-012 3.38577715989010e-012 
4.09589340751373e-005 6.81309967856003e-008 3.09509474550154e-007 -6.79971670386168e-009 -1.69900804162179e-008 8.50950309103474e-010 1.65040088329244e-010 -5.14746864443367e-011 1.16775105475490e-011 3.26915694450357e-012 
-7.71557760925518e-006 -4.72734411839443e-007 2.59417565437681e-007 2.53963032204345e-007 6.97263593238059e-009 -8.57954819853871e-009 -1.34371834345428e-009 -1.48040719795855e-010 1.76540152207009e-012 1.54919343989799e-011 
4.15690459043342e-005 -5.74236950252746e-008 -3.25430801123954e-007 9.11927335124705e-009 2.42793922939528e-008 2.39363680748704e-009 -1.23460552963529e-010 -1.29130269678500e-010 -4.77267645749363e-011 -9.88408515361341e-013 
-4.92593023442299e-006 2.13161330153615e-006 -9.22405600855418e-007 -2.08916513241213e-007 1.13479363379856e-007 1.36526183178125e-008 -7.77767405405335e-009 -5.73890716928383e-010 4.14765445455777e-010 1.79410431185852e-011 
4.17285380234822e-005 8.58234622161485e-007 2.27669534210206e-007 -1.59230794114895e-007 -2.40951516268966e-008 1.33660627918347e-008 1.26939333604550e-009 -7.49737875402979e-010 -4.73754857674246e-011 3.18663108336565e-011 
-9.52897944013438e-003 7.21879391770285e-004 -2.99115456052719e-005 -3.91913818706239e-005 -2.06745616851648e-006 1.63295970650208e-006 2.02578024191051e-008 -3.97096439013441e-008 3.33945249818118e-009 3.32248757654606e-010 
3.82533368132738e-001 -1.02586985980428e-004 -5.61886133256617e-005 -1.83369085136926e-006 3.18575906541125e-006 1.43163570554081e-007 -1.03658186660361e-007 3.10309495094633e-009 1.75580251420057e-009 -2.91309716240084e-010 
1.51083617020221e+003 9.19158245378076e-001 4.37936676829552e-005 3.69748233595260e-005 1.55770640965592e-006 -1.48854689454247e-006 -1.62345198706969e-008 3.57796932969529e-008 -2.99486167030383e-009 -2.97063684995035e-010 
-9.09786633739647e-003 -3.25723099175544e-004 -6.62362393055532e-005 4.07958689392863e-005 1.39216332748843e-006 -1.14878009621988e-006 -2.72248305666732e-009 1.59326169551447e-008 -3.17462552967644e-010 -1.23162396531367e-010 
3.82209487338074e-001 -1.07435105857479e-004 6.58011338355394e-005 4.05964628159759e-006 -2.77409422041300e-006 -4.38333942263164e-008 5.50349310456324e-008 -5.22928588311629e-010 -5.36674594408344e-010 1.72272899555824e-011 
1.51267553349785e+003 9.20227154306828e-001 6.57125478039302e-005 -3.96266312886948e-005 -1.32830619552595e-006 1.07022318530860e-006 2.40065836367037e-009 -1.47192711692900e-008 2.88557030454418e-010 1.15321593166549e-010 
-9.28400998644301e-003 2.69390717998930e-004 8.39671201342776e-005 -2.26906330233444e-005 -9.39106318647643e-007 1.16078930249991e-006 5.48201251267447e-008 -1.64783874183679e-008 -2.31227458502084e-009 -2.06469439106101e-010 
3.82317431789335e-001 1.34305154850101e-004 -1.95606784109744e-005 -3.40608037993868e-006 2.30183710478748e-006 6.74147086071985e-008 -6.25779952553466e-008 -5.10057434284951e-009 1.97093621162692e-010 1.01247929407014e-010 
1.51451552122094e+003 9.19622535418582e-001 -9.43642278024323e-005 1.99082280256492e-005 1.07176645966471e-006 -1.04467072822968e-006 -4.81213863246417e-008 1.51906721369553e-008 2.06282133516976e-009 1.78300289753885e-010 
-8.37174901452365e-003 6.63480442073185e-004 9.14149574806061e-005 2.21589176008102e-006 -8.35236011376039e-006 -9.53858364924902e-007 3.94295268117793e-007 3.65714559014265e-008 -1.50609188027963e-008 -9.54376119887163e-010 
3.82496073662168e-001 5.57057044511858e-005 -1.90805243223390e-005 -1.17001855750484e-005 -1.30743137396978e-006 7.12005288842793e-007 7.80849618273051e-008 -2.92315119989601e-008 -2.35239511787680e-009 1.08940663054389e-009 
1.51635431044064e+003 9.19164498227146e-001 -8.14238905095247e-005 1.70714821848149e-006 7.58990780436927e-006 7.89799269109996e-007 -3.58744766381704e-007 -3.11577550803069e-008 1.36677780442248e-008 7.97121764758154e-010 
