-1.50375102744078e+007 -1.88912916755665e+007 5.75135297588430e+005 1.06621927406313e+005 -5.87823963253680e+003 -3.28185154897508e+002 4.92559275182611e+001 -6.00573086452584e-002 -3.51366751390865e-001 1.73857275048466e-002 1.93814364702569e-003 -2.39870437061658e-004 -4.29449791685157e-006 2.30624088412874e-006 
3.74877617060036e+007 -5.02792789924232e+006 -1.42442425145490e+006 5.86400715248863e+004 5.27752109212689e+003 -5.03151168847205e+002 -9.58220750485655e+000 3.78224516100035e+000 -1.08736229401485e-001 -2.35148699866055e-002 2.01870588094372e-003 9.26327450036299e-005 -2.17197290718067e-005 3.16699023986456e-007 
2.15688120982769e+007 -7.26196471436957e+005 -8.20515340026703e+005 2.02619382114653e+004 3.42875802826199e+003 -2.34712399472223e+002 -1.02279104162294e+001 2.02650686994795e+000 -2.16319009192677e-002 -1.43639295942349e-002 8.77231945002700e-004 7.43626775949983e-005 -1.11560461590551e-005 -7.00754015111685e-008 
-4.54003631285472e+007 -1.09165823877393e+007 1.24515372211271e+006 9.99745880256150e+003 -4.31979164212523e+003 2.57146842445921e+002 -2.03739791742453e+000 -1.06373899330358e+000 1.00789322781701e-001 -3.02079833304505e-003 -3.03024723368815e-004 4.51487734032790e-005 -2.30011825928936e-006 -6.49827227622978e-008 
1.88040156276889e+007 -1.28871699006789e+007 -5.16252077282475e+005 7.43401115522696e+004 -1.91519988409508e+003 -1.21317927362898e+002 1.77488000991739e+001 -8.82846290964745e-001 -1.59512208494575e-002 6.17846328660928e-003 -4.59312484386932e-004 5.25281285363839e-006 2.29541332780942e-006 -2.45283072594691e-007 
1.47381568809885e+007 -5.75145838003935e+006 -4.04922365511121e+005 3.86714864236873e+004 -5.74882093830107e+002 -9.14769437631637e+001 9.69182872095091e+000 -3.61222503642199e-001 -1.89757703730677e-002 3.61357510764548e-003 -2.13906036215853e-004 -1.87775691220848e-006 1.46469339995720e-006 -1.24276369843441e-007 
-5.74930068893927e+007 -1.30597510035385e+006 1.09620856958659e+006 -2.57792815942771e+004 -7.16418862947010e+002 9.33497013611649e+001 -6.05711928640892e+000 2.21439212796898e-001 2.93136129867819e-004 -8.10157654521901e-004 7.40571556556190e-005 -3.90151951125014e-006 8.24750366140248e-008 7.61430656576218e-009 
-8.69446728437666e+006 -1.40438743969102e+007 1.65033074846359e+005 3.95853663821764e+004 -1.88499860987127e+003 5.65751017475336e+001 6.05052228108531e-001 -2.27922513512013e-001 1.80798814409486e-002 -8.46873639324975e-004 1.20502187309966e-005 2.08275876137040e-006 -2.46388757603175e-007 1.54466088663075e-008 
1.30384783890715e+006 -7.36627804480581e+006 -2.55646639959803e+004 2.38186642101534e+004 -9.32548140864316e+002 2.05357428694658e+001 9.51522953912695e-001 -1.44715372305409e-001 9.62693858206301e-003 -3.68313324816958e-004 -1.24595822430268e-006 1.51722971890037e-006 -1.40162109537473e-007 7.46086105888092e-009 
-5.23852460577242e+007 6.13180185472745e+006 7.59458578781937e+005 -2.82770597383256e+004 1.42533782236375e+002 1.02248462895794e+001 -1.55122255230800e+000 8.68420617817164e-002 -3.86922101421975e-003 1.13496266669454e-004 -2.55347871247357e-007 -2.61671001461635e-007 2.34707079831930e-008 -1.36171215590856e-009 
-3.42640809270838e+007 -1.12522095334091e+007 4.95208458437869e+005 1.79620958332687e+004 -8.88066131958350e+002 3.69599574488981e+001 -1.20098434714282e+000 1.25698439647254e-002 1.36441695324333e-003 -1.49951223069605e-004 9.07879801655486e-006 -4.08791380756906e-007 1.18759177010031e-008 3.04180698108658e-011 
-1.28844674679183e+007 -6.64668528101066e+006 1.85730854339909e+005 1.25277671019042e+004 -4.89143938049858e+002 1.86813455455134e+001 -4.80584344316939e-001 -2.29436907566580e-003 1.13016357437499e-003 -9.18694990473069e-005 4.87597081271861e-006 -1.91215710838033e-007 3.90867467176296e-009 1.57547474592488e-010 
5.15475770699302e+007 2.09951777207791e+007 -6.33226063256470e+005 -4.29543391048119e+004 6.46761268391100e+002 2.45595257682565e+001 -2.45754993087796e-001 -4.69357418793013e-003 3.35369541756854e-005 -7.65781975527051e-007 
-8.46559979679204e+007 1.08619182066032e+007 1.05193116244505e+006 -2.24475524745051e+004 -1.05040860486551e+003 1.34086165884207e+001 3.61128664721275e-001 -3.23148940174506e-003 -1.77195731775252e-005 4.95291483912473e-008 
-4.13428774868254e+007 3.55747421785439e+006 5.13297808444445e+005 -7.37957219082960e+003 -5.13470805997026e+002 4.47756446245852e+000 1.78011205478830e-001 -1.15657923621327e-003 -1.00964004906447e-005 7.00477668820919e-008 
8.69872039945317e+007 1.40785144168086e+007 -1.07153532798030e+006 -2.90398991598677e+004 1.06885466805545e+003 1.71831673860783e+001 -3.65657359186073e-001 -3.96397979026281e-003 1.63126446583621e-005 -5.98431207316542e-008 
-5.55561312555284e+007 1.79374568826188e+007 6.92009482080361e+005 -3.66697606642921e+004 -7.03242728016739e+002 2.09209287470395e+001 2.61689424165787e-001 -3.94502927328904e-003 -3.13216046526621e-005 -6.90581754821433e-007 
-3.04951552410798e+007 7.17822984609834e+006 3.79125193025436e+005 -1.46582367857924e+004 -3.84010206240256e+002 8.32391700270253e+000 1.40866766400247e-001 -1.52383569522329e-003 -1.51225684334883e-005 -3.06794409638687e-007 
-1.47099099233125e+008 -2.20818130040750e+006 7.11891008003867e+005 9.92980248217405e+002 -2.92225151851332e+002 5.05220119653729e-001 5.15780263945970e-002 1.33491689170102e-004 2.85669462486302e-005 -3.32522260528110e-005 -3.69294054022564e-006 1.65278255424297e-006 3.69706797181692e-007 
1.27667505954286e+007 -1.88312780362573e+007 -5.98702514627921e+004 1.51933584536789e+004 -5.89066437815760e-001 -3.86060924213024e+000 1.75608780340980e-002 5.58789113518711e-004 -8.05471950419918e-005 -5.26043557208239e-006 3.72413304573887e-006 5.93413350825870e-007 -1.67480593900731e-007 
5.52224685019058e+006 -8.16477244958495e+006 -2.59573620960736e+004 6.58744694530579e+003 -2.56197039454471e-001 -1.67346145403314e+000 7.67368117771961e-003 1.99284626841986e-004 -4.05537124700345e-005 4.38105101347913e-007 2.07875714370772e-006 1.28710705684214e-007 -1.10577646564472e-007 
-1.45837932872984e+008 3.45631826126894e+006 6.96297572427728e+005 -3.53749694613552e+003 -2.70593379664280e+002 1.59409584024613e+000 3.86565795188819e-002 -1.85538223572474e-004 -2.15637154549938e-006 -9.22893335555880e-006 -1.15049567944196e-006 3.97102195680852e-008 7.91628398394915e-008 
-2.48012979523722e+007 -1.85868226389074e+007 1.19928317880008e+005 1.45922962861729e+004 -7.28217228781989e+001 -3.32017051059703e+000 2.82776029899206e-002 2.94195944169739e-004 -3.89081087587757e-005 -3.35738477690961e-006 2.07624841945874e-007 2.04480010548932e-007 2.51715096692680e-008 
-1.07663154416116e+007 -8.05877635149962e+006 5.19986087105596e+004 6.32683260262243e+003 -3.15735873661667e+001 -1.43912486915576e+000 1.22105668196747e-002 9.80805501383873e-005 -1.50924643115109e-005 -3.49431947276688e-007 1.43281037974777e-007 6.93854505589467e-008 3.61463816055831e-009 
1.08032029741415e+008 2.98352033412797e+007 -7.42703185780814e+005 -3.72909633389876e+004 2.90610067349352e+002 2.52511395487075e+001 1.16155808873749e-001 -1.61102410559110e-002 -3.29153253073073e-004 7.97952694028111e-006 1.03394328861729e-006 
-1.60689466030061e+008 1.86095892340828e+007 1.10912433448758e+006 -1.65577724752968e+004 -8.95323991282119e+002 1.76169784332521e+000 5.86790008945209e-001 6.28169263716306e-003 -3.69368213388885e-004 -5.72744329804291e-006 8.42729425180150e-008 
-7.66387083587491e+007 7.72827166213345e+006 5.28809048741086e+005 -6.58576319743842e+003 -4.18512871076747e+002 1.25158004072022e-001 2.65889467916996e-001 3.31960574548251e-003 -1.58088430751493e-004 -3.06125260419651e-006 -3.67845735354103e-008 
-7.66716475816548e+008 -5.95090009745903e+006 9.19061383026025e+004 9.10697261806306e+001 -8.54083178160426e-001 3.02797707123451e-004 2.04231789786741e-006 -1.99317994196085e-007 
2.28762842390773e+008 -1.50323536620860e+007 -2.73643603489912e+004 3.08678130811255e+002 1.01919181742534e-001 -1.31532370932460e-003 1.15615505300613e-006 -7.06161257410806e-008 
1.16737369979997e+008 -6.29847087058214e+006 -1.39689970312219e+004 1.30094516529841e+002 6.44979712448278e-002 -5.71264844890047e-004 5.03362579996244e-007 -4.17329776706738e-008 
9.73693313355281e+008 9.35326621978984e+006 -1.88843759510993e+004 -3.30498736644385e+001 1.94900951418457e-002 2.77532011134544e-005 -3.49834641074254e-008 
-1.01985911734236e+009 8.21886160339392e+006 1.97900234411768e+004 -2.35971415608388e+001 -3.35425620210029e-002 2.26948165179527e-006 1.38264434474582e-007 
-4.63078889742282e+008 2.99208707090408e+006 8.98558493357384e+003 -8.32334866391481e+000 -1.46931218449228e-002 -2.89411428455279e-007 5.57106214664448e-008 
7.52219624600714e+008 9.02618693692167e+006 -1.91445656405248e+003 -3.69998964146067e+000 7.56082190958065e-004 2.47444011614127e-007 
-2.58085065164921e+009 1.86770427987791e+006 6.57771044617816e+003 -1.25969165139611e+000 -1.19981033239001e-003 5.05030375853652e-007 
-1.14098224467302e+009 6.90305617571262e+005 2.90799079251455e+003 -4.99582643073294e-001 -5.35187911077548e-004 2.16391303848750e-007 
1.32265198555582e+009 7.13574041121016e+006 -9.11365230316112e+002 -8.24349269233082e-001 3.99245711973442e-005 1.29883392777018e-008 
-3.98506585135739e+009 2.14117321513839e+006 2.74672456686290e+003 -2.30037949876333e-001 -1.59761844951904e-004 4.01851833700253e-008 
-1.66404101682211e+009 6.98770394588563e+005 1.14689038571224e+003 -7.36182601033206e-002 -6.63208910164392e-005 1.53961401843862e-008 
-2.68355612519408e+009 6.20392218007330e+006 1.94416110558841e+003 -7.88923392041249e-001 -1.75770577880696e-004 1.18877861350253e-007 
-3.52706357368011e+009 -4.67017617349431e+006 2.55527050172087e+003 5.13744339004953e-001 -2.79026016934802e-004 -7.54920118605945e-008 
-2.92147964851137e+008 -3.32657841508386e+006 2.11634410835649e+002 3.97675705678115e-001 -3.56403471198341e-005 -5.17391263772775e-008 
2.79177543306774e+005 -1.15990138336333e+005 -1.48937488291765e+004 8.63605397486786e+002 7.61188753929776e+001 -6.36893132519777e-001 -1.30612371004322e-001 -4.04169407743078e-003 -3.21217098252856e-004 -1.74754345432019e-005 1.65552211497623e-006 1.95390716537580e-007 4.10194224984999e-009 
2.06183457611934e+005 1.18640214122256e+005 -1.13099574453621e+004 -1.15504371634311e+003 3.19129400295082e+001 3.47012377509077e+000 4.38554497036868e-002 -7.25939529194287e-004 -5.33716985622136e-005 -2.82755285998602e-005 -2.31786610202739e-006 1.84186915355179e-008 9.16769227057770e-009 
1.18723672884888e+005 4.17960066273822e+004 -6.49259746614868e+003 -4.30576220565471e+002 2.16986041810568e+001 1.48001063460613e+000 6.54650961306395e-003 -7.11157196461867e-004 -5.42362922217776e-005 -1.42812964154304e-005 -8.72008294179413e-007 2.72089460916461e-008 4.47689503789916e-009 
-2.60247313891649e+004 -1.75335836708446e+005 1.64873683069137e+003 1.75036985471806e+003 1.74394345611786e+001 -5.99458982592813e+000 -2.95705091153049e-001 3.81258266230888e-003 1.85389699340785e-003 1.23047129575404e-004 -3.73084440542668e-006 -1.07172142081521e-006 -4.90231941479082e-008 
3.18868387739936e+005 -1.30605869570444e+004 -1.96946609909574e+004 -5.91503596342264e+001 1.03571386521316e+002 2.74426393081610e+000 -2.17259054007297e-001 -2.35862955749622e-002 -7.51258291466552e-004 9.40133326157499e-005 1.18962093431773e-005 1.86404981520122e-007 -6.50345119783908e-008 
1.39653060680788e+005 -2.26789396658251e+004 -8.61512245293521e+003 1.44233303790508e+002 4.77945337917578e+001 6.33504152528532e-001 -1.25319202191449e-001 -1.01094555572518e-002 -1.54607839723622e-004 5.37238369708338e-005 4.93052936325768e-006 -2.08993295601212e-008 -3.36761510179022e-008 
-3.00768905565921e+005 -8.42334229779114e+004 1.95693893514696e+004 8.65067532743242e+002 -1.24017250991466e+002 -4.29843679463563e+000 6.05351820326148e-001 2.89413641128379e-002 -3.59193089014030e-003 -2.55397957272996e-004 2.41897676451794e-005 2.34642275689206e-006 -1.68717866280546e-007 
1.53750615972908e+005 -1.44044814264222e+005 -1.01573722382298e+004 1.54655604768919e+003 6.12271136651718e+001 -7.69995132084184e+000 -3.27544487535199e-001 4.07082685324851e-002 2.59488574889031e-003 -2.58671745618168e-004 -2.32693192111799e-005 1.76707520163746e-006 2.12719623604200e-007 
3.97455342101628e+004 -7.21851487969220e+004 -2.62573253140337e+003 7.72309330339595e+002 1.51450840011655e+001 -3.84493307533647e+000 -8.68027367718943e-002 2.09173964825410e-002 8.05942649004012e-004 -1.39811594239888e-004 -8.00761266138782e-006 1.01335634075613e-006 7.82869602836134e-008 
-3.04504234250512e+005 7.89972623537910e+004 1.78813053738440e+004 -1.00357762015764e+003 -7.24335122360778e+001 6.51467518766230e+000 -3.14134286875916e-002 -3.43215901530238e-002 2.14566992347221e-003 1.10477880772663e-004 -2.05672137025694e-005 3.74311843996080e-007 1.30133582914441e-007 
-1.53227180496329e+005 -1.46749816189740e+005 8.98714552172200e+003 1.29034815996157e+003 -7.41669294590795e+001 -2.50186439776087e+000 4.48777504920140e-001 -1.36546032414972e-002 -2.06749219897658e-003 2.00299646310409e-004 3.10615770942655e-006 -1.59475242073356e-006 6.80602634649827e-008 
-9.70897456407012e+004 -5.75982424633697e+004 5.72501768198550e+003 4.75915452438724e+002 -4.00859636311999e+001 -4.78637683551241e-001 1.96817381681878e-001 -9.40501206327619e-003 -7.11964398591910e-004 9.98247604868385e-005 -6.10746701243078e-007 -6.73253762844146e-007 4.28827789618133e-008 
-4.97760733372266e+004 1.62784285487841e+005 2.51051405427404e+003 -1.34345715209083e+003 1.30609036449371e+001 1.73891861866730e+000 -1.49616537487516e-001 1.13151003168200e-002 3.58900710429044e-005 -4.65700503340802e-005 3.72034636976967e-006 -1.27448332766163e-007 -1.01384245800314e-008 
-3.40708638211574e+005 -3.40111102575795e+004 1.70851208725292e+004 9.99062217130292e+001 -6.17147371331159e+001 1.67357851728664e+000 -4.46642055431043e-002 -6.88599971334454e-003 8.30230085714430e-004 -2.70660963536620e-005 -9.54301189746421e-007 2.42478099885898e-007 -1.71272641140804e-008 
-1.55837851611317e+005 5.73001690136865e+002 7.82348738087466e+003 -8.70447189735220e+001 -2.61600453036311e+001 9.19598737193758e-001 -3.42867974359470e-002 -1.97131539627594e-003 3.72753597551194e-004 -1.65712203437378e-005 -6.48324653515662e-008 9.55597979357258e-008 -8.60057353951953e-009 
2.48582231814180e+005 1.23809920983544e+005 -1.15691808722611e+004 -9.53571333146477e+002 3.44112026865190e+001 1.24260471094800e+000 6.31347970637645e-002 2.05520030089551e-003 -4.07500727531899e-004 -5.06051621246125e-006 -9.95520561741122e-008 3.10511551596184e-008 4.32254404052392e-009 
-2.78755730333781e+005 9.26976906761792e+004 1.32007843049367e+004 -7.01092691790459e+002 -4.28414937884960e+001 4.20238999576632e-001 -1.35413622457823e-003 6.32000669635312e-003 1.26752520097902e-004 -1.23524991764845e-005 -2.89926107229404e-007 -4.90748038847122e-008 2.15387691699699e-009 
-9.97072380433044e+004 5.29573979002008e+004 4.72278886078798e+003 -4.04032949340738e+002 -1.55583807961628e+001 3.13452300955907e-001 5.32912903155043e-003 2.99252131678521e-003 1.62524453658042e-005 -5.97545398020988e-006 -1.35717154566567e-007 -1.87101952435053e-008 1.37354334805197e-009 
3.75593476779172e+005 -2.74799726996574e+003 -1.86357690797346e+004 -1.30362609588857e+002 7.10008912114879e+001 1.89121545957640e+000 -6.79136008029294e-002 -9.95319070305840e-003 -8.40364973595431e-005 3.42952461883220e-005 9.77153168097831e-007 -1.15118837275355e-007 -8.72016501909171e-009 
-2.20181639783351e+004 1.53935983095249e+005 1.11674543804047e+003 -1.25920317605070e+003 -2.02768886624389e+001 2.42843138252108e+000 1.40050476673987e-001 -4.40585874722978e-005 -5.46016778900501e-004 -1.00215258363637e-005 1.78550268606943e-006 9.30798761199658e-008 -5.50898770910421e-009 
2.60746553300149e+004 6.77711895950329e+004 -1.31600209528351e+003 -5.69363839877776e+002 -1.94601748015276e+000 1.25800820924274e+000 5.49723305627131e-002 -9.92828245934698e-004 -2.49340709523056e-004 -1.06674343536950e-006 8.84123872972901e-007 2.98524623627602e-008 -3.28299224046944e-009 
2.30952747631410e+005 -1.36920618593716e+005 -1.26622320483930e+004 1.13423301815068e+003 7.31886812832700e+001 -2.29245041200874e+000 -2.18537572988019e-001 2.17143364016608e-003 4.04269076460042e-004 -2.65208758041892e-005 -9.70271313023793e-007 2.23222989737542e-007 7.46699390095432e-009 
2.46139479443507e+005 1.01646381849651e+005 -1.38307553140246e+004 -1.04715083053179e+003 5.22225779235916e+001 4.01985724460662e+000 -5.28654247830176e-002 -9.24798188732233e-003 1.78860678554026e-004 1.62564444723433e-005 -2.42611303166659e-006 -8.49422390952647e-008 1.45320752606994e-008 
1.30569076067293e+005 3.16555224183827e+004 -7.33357318103034e+003 -3.51209408999872e+002 3.02420509643562e+001 1.54628821416845e+000 -4.49084552639815e-002 -3.86620356916313e-003 1.18997443597588e-004 4.61168714680439e-006 -1.16583891383370e-006 -1.57549043808089e-008 7.14107877156004e-009 
3.51923911096518e+005 1.16054471100961e+003 -2.17142398575489e+001 1.94555384948659e-002 1.56205584482790e-002 -5.72873852701257e-004 -2.58907215975818e-004 4.54406055361026e-005 9.63905006195332e-008 -1.14466723426884e-006 1.56646425873965e-007 
3.85449386681427e+005 5.91657708353302e+003 3.39107981882820e+000 -1.27182479541536e-001 1.55892342097486e-004 1.92626443519594e-003 -1.96087855822737e-004 -1.78277260263655e-005 7.09178428102947e-006 -5.00068949841210e-007 -1.14743848772519e-007 
1.54028119814037e+005 2.55163524464932e+003 1.93091081510967e+000 -6.29616122231618e-002 -1.72288759395749e-003 1.08730281946643e-003 -7.77937545917075e-005 -1.42367783082653e-005 3.77803022873647e-006 -1.46859007989505e-007 -7.75512309829055e-008 
3.54073998200078e+005 9.90454680971067e+002 -2.06552994379391e+001 1.11303417684712e-001 -1.36828556895284e-003 -2.68125512730134e-004 3.68243873229472e-005 -3.43732938192681e-006 2.03929206239005e-007 1.80418795827581e-008 -3.44098114499265e-009 
3.97305832304592e+005 5.93905540836075e+003 2.42042114088668e+000 -2.63673385657793e-002 5.53646485643061e-003 -3.08311158145572e-004 9.02857786099064e-006 1.16648878434008e-006 -2.93770221610512e-007 3.43368657195432e-008 -3.08467034438070e-009 
1.59144736102669e+005 2.56450686520509e+003 1.36833504723487e+000 -2.16616597181616e-002 2.91394527090443e-003 -1.35798509599686e-004 1.08924515555556e-006 9.79091068155916e-007 -1.78102954464830e-007 1.79188442322083e-008 -1.30398775130833e-009 
8.50778339534937e-005 4.48750497810592e-007 5.26839031822890e-007 -1.92455137729327e-007 -5.49404146839633e-008 5.56512040821850e-009 2.35469259355827e-009 1.14746441960881e-010 -3.19353238036172e-011 -7.81334135485892e-012 
7.67773830741740e-006 -3.55286483725207e-007 2.55030802668176e-007 7.65322101621990e-008 -1.86145595498981e-008 -5.31782129433351e-009 9.92466078066567e-011 1.52681857186876e-010 3.01220404581196e-011 3.96157771163266e-013 
8.40295938318004e-005 -1.96884204089851e-006 1.21422869148508e-007 2.93927632112045e-007 -3.40284467779790e-008 -1.97786664099977e-008 3.34977989961580e-009 8.29883917672761e-010 -2.07444661664397e-010 -2.89608047980362e-011 
7.71844217069819e-006 -2.77297156870911e-007 -3.59683854470038e-007 4.44409105860689e-008 3.55037567697430e-008 -5.18665671934746e-009 -1.65906295420642e-009 3.50517963398520e-010 5.35783990386761e-011 -1.59288580396417e-011 
8.26442020257991e-005 -8.06876402988457e-008 -4.37731670378335e-007 -1.13952646234973e-007 2.74142886178849e-008 1.80748302235618e-009 -4.32711478798133e-010 5.70171012303126e-011 1.07925661344006e-011 7.42109432188381e-014 
7.06608903301963e-006 1.38698101922870e-007 1.80179362330652e-007 -5.79163519092979e-008 -8.73785517864381e-009 1.77605743876955e-009 -1.82854808891152e-011 4.78104964060393e-012 -1.68655730544311e-012 -2.94912443823836e-013 
8.00978600427176e-005 -1.46965905190309e-006 6.45174045259223e-007 1.43388037008547e-007 -3.78256756926026e-008 -8.84978134304624e-009 6.21917314819454e-010 2.68088672495987e-010 6.97239467078935e-013 -3.27852314385554e-012 
6.70929206213612e-006 -8.41850314004026e-007 -1.71531601274338e-007 7.80823073738638e-008 1.67248352889347e-008 -2.60364849479525e-009 -7.80688116973348e-010 2.84948831614259e-011 2.42100593248789e-011 -8.83388108713696e-013 
6.69526532989455e-002 -1.29941701017740e-004 2.05200623707688e-004 2.35130174663668e-005 -6.65141749971393e-006 -1.25287322687497e-006 9.05705537860499e-008 3.15944761689794e-008 9.14726143088863e-010 -3.05089414559296e-010 
4.06957906311729e-001 3.92644502201294e-004 2.98985602394368e-005 -1.62145514588397e-005 -2.43287289528065e-006 3.47984744777521e-007 8.62078699552460e-008 -1.37901056195327e-009 -1.46014427761452e-009 -1.24680403886540e-010 
1.90815589580918e+003 9.19995438806910e-001 -2.03066756297150e-004 -2.12575015951546e-005 6.33888869976312e-006 1.16695786877001e-006 -8.28537568085515e-008 -2.93923934906608e-008 -9.15151611391769e-010 2.77119492561279e-010 
6.77745219300448e-002 6.44519063440713e-004 -1.20508350382663e-004 -2.58108165717666e-005 8.89887984733734e-006 2.13496596733199e-007 -3.43044894440718e-007 1.46454734733997e-008 9.68993564419160e-009 -1.00743040811693e-009 
4.07433248614758e-001 -4.66379299071474e-006 -6.35253759707575e-005 1.41430938545646e-005 1.27940012963258e-006 -7.26341627479583e-007 7.96962219346233e-009 2.34373918334650e-008 -1.64949781778531e-009 -6.16181539467990e-010 
1.90999483506698e+003 9.19247014996556e-001 1.20094577629373e-004 2.59125768260598e-005 -8.48190476984200e-006 -2.38572440358027e-007 3.23415462690930e-007 -1.27066270091900e-008 -9.16803369704194e-009 9.15212003520690e-010 
6.81419180403809e-002 -1.95336260490601e-004 -5.24575028467469e-005 1.85108142653619e-007 -2.85795120619162e-006 3.27489423706114e-007 8.19217718048762e-008 -6.27306220156486e-009 9.16739485868075e-012 -3.28057712746241e-011 
4.07298995573175e-001 -6.71420307649152e-005 1.22061725674270e-005 -1.23091972268282e-006 4.71237678438184e-007 2.42313395247158e-007 -2.15913173947697e-008 -2.53159946116327e-009 1.45341230412708e-010 -3.33513954295866e-011 
1.91183427046044e+003 9.20109807443699e-001 5.42291787774047e-005 -2.00050182313814e-006 2.58660119459112e-006 -2.84224287568862e-007 -7.64591944874573e-008 5.90284483691973e-009 -7.86940475214671e-012 2.66816273270514e-011 
6.73317075536205e-002 -5.60841779629035e-004 2.98014990226569e-005 3.45681143310543e-005 3.38878105528853e-006 -8.48061619543472e-007 -1.60079703774537e-007 8.22651156582582e-009 3.35803605480447e-009 6.39617413927250e-011 
4.07380573727205e-001 1.99270988903517e-004 6.66996634753552e-005 2.48349504866794e-006 -2.37055905102856e-006 -3.41032802691641e-007 3.86824559204791e-008 9.78873878632302e-009 -1.03123702237960e-010 -1.64328158820330e-010 
1.91367485973223e+003 9.20414924558359e-001 -3.88452409088454e-005 -3.23539479570119e-005 -2.95626900016247e-006 7.82703251913898e-007 1.46491584287812e-007 -7.51267150065325e-009 -3.07492110627486e-009 -5.96593140830963e-011 
