-1.00540864788079e+007 1.32329723302555e+007 1.06053230820022e+005 -2.57457753334164e+004 -1.28226370380637e+002 -1.32578802102832e+001 -1.22772853184856e-001 2.17506058000507e-003 3.24373558648066e-005 2.12509626201808e-005 3.04685276476242e-007 3.64295026089794e-008 5.08607628797212e-010 3.19632066223684e-011 
-5.99452023726790e+007 -7.02139769331035e+005 7.15934839334542e+005 2.99493182376739e+003 -2.64204606328859e+002 -1.16227929855520e+000 -5.62699372545156e-001 -4.75952201634013e-003 -5.94508057536683e-004 -5.24617638876783e-006 -2.25885585014416e-007 1.32754832579596e-009 6.27821478449235e-010 1.64561887924141e-011 
-3.11298952759030e+007 -1.74744821384421e+006 3.71421125015495e+005 4.27014103425302e+003 -1.27826918861294e+002 7.54271517605355e-001 -2.87834433373556e-001 -2.76795189774187e-003 -3.20922525695175e-004 -5.00641925841207e-006 -1.52265548196502e-007 -3.06901824775060e-009 2.82590974993755e-010 5.47740982888937e-012 
1.62434742524451e+007 1.27896785381569e+007 -2.24390222468826e+005 -3.00453699401845e+004 -4.13721368394475e+002 -1.44761497014779e+001 1.05780242486874e-001 2.16181464914369e-002 1.51256638822139e-003 7.85261945397226e-005 2.99086936326085e-006 9.17050094183462e-008 8.33878381153715e-010 -1.09610033951156e-010 
-5.55633262894128e+007 5.09030675215738e+006 7.23143599926135e+005 -2.23879504689749e+003 -4.45324108659530e+002 -1.86368837566081e+001 -9.98816192334069e-001 -2.76443036593149e-002 -7.99898430137557e-004 3.66577201366804e-006 1.43481238274690e-006 1.15590337103447e-007 6.17142239603651e-009 2.60519182565709e-010 
-3.15166155010571e+007 1.39260224256780e+006 4.09545660523979e+005 1.92046839929656e+003 -1.94961227530585e+002 -8.45351785809824e+000 -5.44494420781812e-001 -1.70085890295739e-002 -5.84153538479174e-004 -6.18671430041529e-006 4.56198555940266e-007 5.22314834930754e-008 3.21000529532054e-009 1.50526655740194e-010 
3.87935555345545e+007 9.42030597946730e+006 -6.32867916606396e+005 -3.84958921919943e+004 -5.85865959844782e+002 4.41658743893324e+000 2.01950775497757e+000 1.44898982429339e-001 7.15655738188681e-003 2.23327366352342e-004 -6.46462438521481e-007 -7.11778844223663e-007 -6.27724085766546e-008 -3.54930690613188e-009 
-3.97930522732073e+007 1.06085821239955e+007 6.36179680009797e+005 -1.39553137803163e+004 -1.13229748672679e+003 -5.38940051570495e+001 -1.93868657057450e+000 -2.24126519496741e-002 2.83887596742590e-003 3.12996625156048e-004 1.93459454195428e-005 8.18306473679674e-007 1.56554461496481e-008 -1.08408851995785e-009 
-2.54314593884814e+007 4.68969821346906e+006 4.05461038000359e+005 -3.46148581978257e+003 -5.44056744811136e+002 -2.92458537183721e+001 -1.24502362756059e+000 -2.70008226667471e-002 7.74118345340537e-004 1.44025130103403e-004 1.04007889426775e-005 5.10928728415661e-007 1.48732249216143e-008 -2.10935597060685e-010 
5.10165537159570e+007 2.38303533545285e+006 -1.13456140733702e+006 -4.26124378726582e+004 4.71404911168504e+002 1.31733250030163e+002 9.70029071513480e+000 3.50541217995250e-001 -6.74138750867082e-003 -2.08699387848015e-003 -1.66372239992512e-004 -6.42734901895920e-006 1.53898234367280e-007 4.54709887324279e-008 
-1.42983147664430e+007 1.46221901482770e+007 3.16541157482005e+005 -4.30522043919099e+004 -2.60404622674431e+003 -8.02507001126085e+001 1.84031573894596e+000 4.56689553282859e-001 3.35558134886040e-002 1.18338664668710e-003 -3.54727028660125e-005 -8.72817550911019e-006 -6.78231872471058e-007 -2.48287986225830e-008 
-1.30807848557080e+007 7.56350494456260e+006 2.86760368337337e+005 -1.85767781443685e+004 -1.43985958496540e+003 -5.65297608668997e+001 -2.31045650568407e-002 2.07584779585313e-001 1.86232318700348e-002 8.48576205392967e-004 -1.69171411449508e-006 -3.99555240602740e-006 -3.78243487625076e-007 -1.79787063370135e-008 
1.27754724448079e+007 -2.39379349493456e+007 -1.76482816654121e+005 5.06252984471440e+004 2.33052836808220e+002 -3.31102727446856e+001 -1.82369490743483e-001 1.14965382063577e-002 1.24362603373013e-004 -3.03347903990072e-006 
9.72148892183582e+007 2.17856938799094e+006 -1.23399237391812e+006 -5.34440645533020e+003 1.31875146887885e+003 5.34294859315982e+000 -5.99816872207529e-001 -4.13744169611098e-003 1.76290177712132e-004 2.74822367920761e-006 
4.28753715271207e+007 2.49507274650838e+006 -5.43970136795335e+005 -5.60846959519009e+003 5.78521863471100e+002 4.49925876642640e+000 -2.58299578322235e-001 -2.58895938368392e-003 7.14373911460286e-005 1.42835987992164e-006 
-3.45775542524152e+007 -2.29076942533937e+007 4.31086064794041e+005 4.89347542748767e+004 -4.45018092158076e+002 -3.32936413360797e+001 1.75293927793941e-001 1.32520056322891e-002 -2.59093340871813e-005 -4.88286548913925e-006 
9.17522654720110e+007 -7.58830641578749e+006 -1.17061013700670e+006 1.58014348523372e+004 1.27589880015208e+003 -9.72923796653477e+000 -6.24964933254818e-001 2.62376533274600e-003 2.28902244164885e-004 -1.31121533679411e-007 
4.34147780233375e+007 -1.96398791568118e+006 -5.53910153741247e+005 4.01149478541936e+003 6.02159821421301e+002 -2.26971885815423e+000 -2.92249863679967e-001 3.41647997334955e-004 1.04618776461636e-004 2.50142767294872e-007 
-8.69407611246576e+007 1.65294119602024e+007 3.94742180278104e+005 -1.29697497156857e+004 -1.29460420806955e+002 2.95286966805207e+000 3.89373363342277e-003 -2.69212493563492e-004 4.14493290990130e-005 2.84465421954715e-007 1.52131498247717e-007 -4.05543403716518e-008 -5.27111314865450e-008 
-1.12746245333230e+008 -1.08312044133080e+007 5.21212278289896e+005 7.83522994330611e+003 -2.02396277720283e+002 -1.21222255654500e+000 2.83167687035680e-002 8.67574549744593e-005 2.38278025719137e-005 -3.12988237377059e-006 -2.83729854793804e-007 -2.11863756953384e-007 -1.38728225265208e-008 
-4.88555921742387e+007 -4.69575615422645e+006 2.25978110991469e+005 3.39702320653670e+003 -8.77505167781075e+001 -5.25596118370466e-001 1.21610524916087e-002 3.90226064029694e-005 1.57943380761945e-005 -1.33548422711201e-006 -1.75537672539012e-007 -1.00930430254688e-007 -1.16448832890860e-008 
-5.12387303265525e+007 1.90341042890684e+007 2.28639505710839e+005 -1.45645972456041e+004 -6.97237628392247e+001 2.99983645341583e+000 -1.66267269212420e-003 -7.05619440755980e-005 7.57747361679453e-005 -5.80064197004454e-006 -3.15741600242697e-006 2.85843468084692e-007 1.18127436467482e-007 
-1.29981139497709e+008 -6.34206761379520e+006 5.95125313888663e+005 4.43991409741933e+003 -2.19921664372939e+002 -5.62534327314452e-001 2.51466689946691e-002 3.04649951318515e-004 7.50321426616078e-006 -2.30930592951564e-005 1.11205857454630e-007 9.87350850706595e-007 -3.57658771677324e-010 
-5.63275015267291e+007 -2.74943654516924e+006 2.58023559347434e+005 1.92494166312483e+003 -9.53491879833441e+001 -2.44226432169678e-001 1.08173162532740e-002 1.66323311404863e-004 8.90474246944012e-006 -1.21882754734921e-005 -1.97542575897555e-007 5.31504122202701e-007 9.62862258290863e-009 
-2.12709996015638e+008 1.67224190818818e+007 9.75052893212610e+005 -7.86341235965989e+003 -3.81271334444439e+002 -3.77864737262751e+000 -1.76300413489936e-002 1.46114414349412e-003 4.34736399816429e-005 7.42779935604365e-007 -3.81917627286728e-009 
-1.01850109551282e+008 -2.41809400440970e+007 4.73106363249378e+005 2.09413021489678e+004 4.18006029878185e+000 -3.39443550123796e+000 -9.64219772709788e-002 -1.59243017942756e-003 -1.95524069587687e-006 5.45417641381557e-007 1.93149146656639e-008 
-4.09820953087630e+007 -1.15427277338808e+007 1.90633267170849e+005 9.81773019740146e+003 1.22266250636321e+001 -1.45465282482255e+000 -4.37502190755694e-002 -7.69957363423295e-004 -2.04521592908700e-006 2.33348905029092e-007 8.59184865317518e-009 
4.90808881625755e+008 1.35406357122437e+007 -7.07265703219129e+004 -3.61844479182987e+002 6.25186632981379e-001 4.00833298167604e-003 1.52183860637269e-006 -4.41196314976728e-008 
-5.28603340156103e+008 1.16230048954938e+007 7.61261556224715e+004 -2.39043528712303e+002 -1.16600076764794e+000 7.15699593675914e-004 1.10172914527723e-005 1.17957692635638e-007 
-2.38536769341460e+008 4.65225373409355e+006 3.43540997113242e+004 -9.36499210537592e+001 -5.15035385025437e-001 2.09646343131846e-004 4.61634833893903e-006 4.29903871304655e-008 
1.37674005550037e+009 -3.52750013921939e+006 -3.11491074165294e+004 5.60395665420763e+000 6.32908945257401e-002 2.78355409347442e-005 8.95747094375705e-008 
2.96596605762739e+008 1.19859955349074e+007 -6.70993232824591e+003 -4.69312316348384e+001 -4.47177142138861e-003 5.97859406568686e-005 7.40929564382096e-008 
6.32834437162918e+007 5.10194766573994e+006 -1.43158495964689e+003 -1.96229625188121e+001 -4.55310398051474e-003 2.36600543236799e-005 2.76769520693237e-008 
1.74094592004261e+009 7.54813247436009e+006 -4.24676292659783e+003 -2.83701929883248e+000 1.04217371972461e-003 -1.66500600731225e-007 
-2.18727886101535e+009 4.70498155884820e+006 5.33560958399076e+003 -2.19419851142845e+000 -8.71088692298357e-004 1.82046161245772e-007 
-9.82595524731947e+008 1.95388458752366e+006 2.39696744210754e+003 -9.20981538128094e-001 -3.96091519025049e-004 9.05318302217699e-008 
2.13394409545652e+009 6.57041260876938e+006 -1.47728820721866e+003 -7.66798425776021e-001 7.73328875921393e-005 -2.08395594183608e-008 
-3.65766790657451e+009 3.39112240506935e+006 2.53283567677253e+003 -3.74495601455042e-001 -1.58882250343063e-004 1.09582322834825e-008 
-1.55023112122106e+009 1.22443596109515e+006 1.07345037966508e+003 -1.34128235615067e-001 -6.68685825984698e-005 4.46400412325999e-009 
-1.90277377778990e+009 6.98201286776844e+006 1.33940658415162e+003 -9.01468425960032e-001 -5.27743250712870e-005 1.30244522031250e-007 
-4.00406571355676e+009 -3.39388926643171e+006 2.81845978301757e+003 2.26870471815872e-001 -3.00589872806424e-004 2.13981551738419e-008 
-6.76247822407649e+008 -3.16275973421139e+006 4.75975906106380e+002 3.42374487676510e-001 -7.97052938191375e-005 -3.10707204427059e-008 
7.53709680518598e+003 -1.70418354748970e+005 -3.52714235594463e+002 1.49427734289685e+003 -2.73539614184343e+001 -3.22626708961402e+000 2.80434123998181e-001 -6.34189742698799e-003 -1.14937372816962e-003 9.77488683973324e-005 5.04599942057668e-008 -5.55127876341483e-007 3.58982284270100e-008 
3.49266155488783e+005 1.30984871237942e+004 -1.86326659024555e+004 1.13518723659648e+002 7.79059330628924e+001 -3.00565125193391e+000 -4.92041060127164e-002 1.89059348949262e-002 -9.41751684056049e-004 -4.41123566457228e-005 7.56572744077020e-006 -2.43314300157324e-007 -2.96360886461238e-008 
1.15688232198076e+005 5.06412923635260e+003 -6.15248137033832e+003 3.03150461625668e+001 2.57675562926149e+001 -9.75300294660994e-001 -1.72430960277615e-002 6.26073868641691e-003 -3.05842405640644e-004 -1.49531080404827e-005 2.49506677390358e-006 -7.79779930669618e-008 -9.92528252161153e-009 
-2.86615256541557e+005 -1.11958054349766e+005 1.37428519629484e+004 8.06984955524730e+002 -4.88229176087007e+001 -1.66880300039849e-001 -1.81889500046881e-002 -6.95299099496062e-003 4.33873304400294e-004 5.77006368075325e-007 -4.08730595305072e-007 1.03080500708594e-007 -5.75638218605525e-009 
2.42785511763438e+005 -1.13681611852116e+005 -1.16486253563374e+004 9.29952516456716e+002 3.04332657102287e+001 -1.30393883415073e+000 7.64815411604863e-002 -5.31310137725556e-003 -2.82240539990044e-004 1.97911600717186e-005 -1.03113362822059e-006 3.90334802172033e-008 5.04229817224308e-009 
8.17552861243515e+004 -3.71115306319599e+004 -3.92018215329353e+003 3.02394171302048e+002 1.02850191058227e+001 -4.23584017946909e-001 2.54056794799057e-002 -1.72703619195651e-003 -9.51987030801265e-005 6.50109340970102e-006 -3.39148785180188e-007 1.24758686970778e-008 1.69039467736481e-009 
-3.79693125906217e+005 2.28191916984175e+004 1.84402890867246e+004 -6.22980723579725e+001 -6.40760107792775e+001 -1.33635152444424e+000 -1.08449696287515e-002 8.04002853362943e-003 5.06944605298225e-004 -5.85105420617096e-006 -1.67268758608604e-006 -1.20220859379212e-007 9.76861668098389e-010 
-3.76675414670455e+004 -1.55591374588110e+005 1.72704717172268e+003 1.24565970293995e+003 7.54558587114458e+000 -1.77332662988290e+000 -1.18111585976153e-001 -5.59862447765803e-003 3.43329194692728e-004 3.02699558378426e-005 8.18160875902779e-007 -6.52781592070286e-008 -9.31704079670302e-009 
-1.07126335025809e+004 -5.16882583177395e+004 4.68612583682884e+002 4.11844859776333e+002 2.92297068803350e+000 -5.74198291789550e-001 -3.91798633801044e-002 -1.90629900205237e-003 1.10380403952222e-004 1.00525823849920e-005 2.82499318624908e-007 -2.08702013535215e-008 -3.09114831125443e-009 
-2.02303400700689e+005 1.48286465985301e+005 1.08846689014753e+004 -1.21445312443244e+003 -6.87736008807847e+001 2.11988054310361e+000 2.85194695267025e-001 3.85103343905056e-003 -1.11133378230708e-003 -4.38509032461834e-005 4.29935579541788e-006 3.34521831611232e-007 -1.44710446642634e-008 
-2.88737585509848e+005 -8.37547749873155e+004 1.56670137375993e+004 9.10750826685049e+002 -5.83063145202358e+001 -4.28949783554975e+000 2.05979361872029e-002 1.69411773558382e-002 4.52427142316668e-004 -6.58647046201517e-005 -3.64732318640108e-006 2.47027626318175e-007 2.68927224896265e-008 
-9.49418945266998e+004 -2.86259550786188e+004 5.12424610828784e+003 3.09065455583380e+002 -1.88006232782430e+001 -1.43345908000050e+000 4.79482494676845e-003 5.58238364246471e-003 1.56984713505876e-004 -2.15186516096784e-005 -1.23501477772278e-006 7.96586618882293e-008 8.99822440889253e-009 
1.25563216818384e+005 1.63870365822648e+005 -7.77231800598011e+003 -1.64338545977472e+003 2.93019246471100e+001 6.27421956327602e+000 -4.91524483625293e-002 -1.78302706978245e-002 4.59078012998390e-004 5.02073272090633e-005 -5.03311700726784e-006 -1.70310396665025e-007 3.61011185853061e-008 
-3.11191245259042e+005 6.39013700708576e+004 1.86961821610690e+004 -5.22839486514257e+002 -1.02778807570926e+002 1.10546239539215e+000 3.21383006128077e-001 -3.67817331265318e-003 -8.86075867149814e-004 4.88565432323449e-005 2.69119662947572e-006 -4.21447197103483e-007 -9.53783318525175e-009 
-1.04311728248764e+005 2.02197310335478e+004 6.24907288611566e+003 -1.62034837145104e+002 -3.41960947714958e+001 3.21299506026122e-001 1.06554792138183e-001 -1.09684672422061e-003 -2.95776868180175e-004 1.58680447859279e-005 9.22518490717420e-007 -1.38541776955149e-007 -3.39161766435719e-009 
3.39905388425073e+005 3.92117489410549e+004 -2.11185982894066e+004 -3.66361889988710e+002 1.13464864470827e+002 1.17694347619080e+000 -3.05605862012448e-001 -3.21017488331434e-003 2.42687186553694e-004 1.54287821275946e-005 3.66343337375632e-006 -8.49580575247530e-008 -2.85080431815974e-008 
-7.07987233472990e+004 1.64489796849913e+005 4.45546562026414e+003 -1.64253197054394e+003 -2.14851992457401e+001 5.94831529778546e+000 5.58059439493158e-002 -1.15025783863431e-002 -1.97373327223450e-004 -2.00860607658879e-005 1.12893008569737e-006 3.42846491051073e-007 -5.08106492687029e-009 
-2.57756410756500e+004 5.44193803011528e+004 1.62470717129386e+003 -5.41442946461825e+002 -7.92430985087644e+000 1.95760308474379e+000 2.06794421671976e-002 -3.77014200716550e-003 -6.73558075257327e-005 -6.82652989569465e-006 3.49177435386531e-007 1.14340342408897e-007 -1.48120125653715e-009 
2.56762899308285e+005 -1.17304625897627e+005 -1.51546128229692e+004 1.23677437780016e+003 6.51656785193370e+001 -5.35379051585576e+000 -1.28920969521742e-001 1.86847680663281e-002 5.03773794765837e-004 -7.24482138537346e-005 -4.00205094351419e-006 3.78340980278148e-007 2.71074796266382e-008 
2.33173787342436e+005 1.24358343195114e+005 -1.34902459320592e+004 -1.08539025342820e+003 8.10515880930699e+001 2.83242654595980e+000 -3.00638408283544e-001 -6.34056890304056e-003 1.07039968841815e-003 4.25752213183080e-005 -4.81144184133194e-006 -3.19358045086987e-007 2.76630951941412e-008 
7.59152527632132e+004 4.22240664495493e+004 -4.36423875303261e+003 -3.68848668955734e+002 2.63291121589081e+001 9.75857342118592e-001 -9.84787507677642e-002 -2.23901081482339e-003 3.50606638360594e-004 1.46751939307732e-005 -1.56455961977895e-006 -1.08773725879195e-007 8.96811548810915e-009 
-4.50787518583766e+004 -1.69784714553175e+005 2.35445769579193e+003 1.43116890185661e+003 -3.22638910144599e+001 -2.92550571724564e+000 2.22874246860288e-001 -2.03375697282575e-003 -9.27189317613922e-004 4.20015454773328e-005 2.46436492984975e-006 -3.04989007717227e-007 3.61158676773233e-010 
3.49515200317625e+005 -1.18581476043320e+004 -1.81225949639504e+004 2.84973981729024e+002 7.16399911408269e+001 -2.72675190679158e+000 -5.85044869905629e-002 1.43769678377001e-002 -3.94059134571448e-004 -4.83589133200680e-005 3.52949661907053e-006 8.22170466175414e-008 -2.20972179729237e-008 
1.16935252447353e+005 -2.59077734941226e+003 -6.03444873580005e+003 8.29267651833784e+001 2.39278125155665e+001 -8.80055662023509e-001 -2.08723258483886e-002 4.77933759759491e-003 -1.23619810079207e-004 -1.63401083976564e-005 1.15116460575563e-006 2.95452221059905e-008 -7.32918144386917e-009 
-1.04155992245902e+006 -6.36902039789952e+003 1.81039797084463e+001 -4.34962469137989e-003 5.06442204705686e-004 1.48111726860233e-004 1.06286069011022e-006 -1.86351456085035e-007 -2.44050872549209e-008 1.24536963026120e-008 -1.70309134758776e-010 
7.11479097376279e+005 -7.34999935222445e+003 -1.70405587583614e+001 1.72822261762787e-002 -1.68104122904845e-003 3.80684179048106e-005 9.00476045050788e-006 3.40895448551314e-007 3.00425538918745e-008 -1.28778618753030e-008 -2.55926386640426e-011 
3.35519873506397e+005 -2.98169587403896e+003 -7.83785902030406e+000 1.04245938449659e-002 -7.32257726874774e-004 8.03920265486832e-006 4.60166006780822e-006 1.98914464956254e-007 1.85764506999898e-008 -5.57655843667461e-009 -3.70034668200644e-012 
-1.05415305902271e+006 -6.22404837463537e+003 1.81890273767552e+001 2.30979381139414e-002 2.00108018805000e-003 -1.96066135015165e-004 -5.55371446415721e-005 -5.97617154470127e-006 -3.39183165778152e-007 3.74524000395579e-008 8.68371276525751e-009 
6.96643208559933e+005 -7.48579394198788e+003 -1.69182859129646e+001 1.31308152688527e-002 2.43301814211393e-003 4.21549978352239e-004 1.53073096636643e-005 -2.45877308936310e-006 -5.97443862066023e-007 -8.71382935221908e-008 -4.85023194494327e-009 
3.29494075987616e+005 -3.04403152542146e+003 -7.74994928393104e+000 9.19800617976224e-003 1.34419361216230e-003 2.45668978204851e-004 1.37990959192238e-005 -6.94887779078775e-007 -2.83939634573337e-007 -4.78649297685608e-008 -3.49589394184947e-009 
-1.10513433566055e-005 4.54762479823844e-007 -3.95934787996832e-007 -8.72913409233026e-008 3.11476558474951e-008 5.05423261185683e-010 -7.00255625856673e-010 1.11747867906239e-010 -1.14258972621591e-011 3.55153846279830e-013 
-4.56273135781778e-005 -5.69251319645524e-008 1.49474592639926e-007 -5.35773298978822e-008 -5.82861170818589e-009 2.48281055918374e-009 -2.35068610046929e-010 -3.72493247720019e-011 1.78986360025894e-011 -7.68926072602800e-013 
-1.19555115542304e-005 -4.99530206951263e-007 5.29518421238453e-007 1.01330174404563e-007 -2.72703597855629e-008 -6.40930651855539e-009 8.54758683505164e-011 2.12171796189576e-010 2.34198674197901e-011 -3.92467813852688e-012 
-4.61518966517067e-005 -7.08374719042040e-007 -1.03466895553963e-007 5.74403158708682e-008 1.14684430851353e-008 -1.50815913070274e-009 -5.17033201427801e-010 -1.54193046426732e-011 1.29552924648842e-011 1.23629619195675e-012 
-1.10351409971679e-005 2.43392684790325e-007 -6.21836975255449e-007 2.02658076268373e-008 6.49287536216878e-008 -8.70683944601668e-010 -2.76967357329654e-009 2.04395649724759e-011 6.96017684564957e-011 -1.84965509195856e-012 
-4.67661239908221e-005 2.00538184897934e-007 -2.48644278569188e-008 -9.84342341352642e-008 2.03651588851723e-009 5.99116951436993e-009 -3.03569095786609e-012 -2.01546581896202e-010 -2.63044603527003e-012 4.78477217157524e-012 
-1.06510147542606e-005 1.15927485570254e-006 3.42929545944022e-007 -1.65971542027230e-007 -2.08515093023089e-008 1.00817351656625e-008 3.01094634383791e-011 -3.29241882403676e-010 2.62246032767616e-011 6.70171329824872e-012 
-4.72967733347756e-005 -4.81496269909426e-007 1.97685764316945e-007 4.70020844755001e-008 -1.85018927546585e-008 -1.26148905412919e-009 7.79289797696819e-010 -1.52764319514081e-011 -1.87370078406890e-011 1.25095676481323e-012 
-4.55468265412764e-003 1.16323415196075e-003 -1.83513148843621e-005 -6.38129297935137e-005 3.87363182368073e-006 9.97428312053509e-007 -1.22690475558282e-007 -1.51089644160748e-009 1.20056373803316e-009 -2.46100118993774e-010 
4.36464166094280e-001 1.67524186799253e-005 -1.50950793994342e-004 5.73690230183026e-006 3.72695002816830e-006 -3.34448010630235e-007 -3.44801019066647e-008 6.25160798994341e-009 -4.19744314485170e-010 -3.77928919374361e-012 
2.34240642101387e+003 9.18834763664526e-001 2.56881868704817e-005 5.65400722393140e-005 -3.65508909695781e-006 -8.85427744567552e-007 1.10416886930036e-007 1.26918295090191e-009 -1.03992729439533e-009 2.19873888570658e-010 
-3.67118353292526e-003 -4.47846226056508e-004 -2.30154536814125e-004 1.62791295042596e-005 1.99504692587358e-007 -6.45803691704167e-007 7.91464685866697e-008 1.85307764452719e-008 -2.32199943739914e-010 -3.47693230388217e-010 
4.35840494836124e-001 -4.80259360006468e-004 2.97063448085826e-005 9.82926528237589e-006 -1.44266185156154e-006 1.70924871242828e-007 4.82918146593477e-008 -3.57481687265905e-009 -1.13396982856915e-009 -4.96722578694720e-011 
2.34424540966889e+003 9.20289871796351e-001 1.98589077730052e-004 -1.58493594851359e-005 -7.80790900702373e-010 6.02865160716146e-007 -7.27396828580395e-008 -1.71189833777403e-008 1.99188938760003e-010 3.20657854474051e-010 
-5.76973127840247e-003 -1.44467163193050e-003 3.62399287230331e-005 5.00753817801007e-005 5.11379710730727e-006 -7.81076475784770e-007 -2.50369821793513e-007 9.52024521905755e-009 5.61157608106356e-009 -1.36497985823908e-010 
4.35420753987649e-001 1.40320523445522e-004 1.24407841393772e-004 4.09140232862711e-006 -2.77663069969227e-006 -5.50554673234627e-007 3.60728217240117e-008 1.68578512289527e-008 -4.50916381407279e-010 -2.91287215590526e-010 
2.34608699852523e+003 9.21117913009697e-001 -3.64212234493574e-005 -4.36619681309733e-005 -4.60017996560206e-006 6.91174838781362e-007 2.28141962368924e-007 -8.66210552642091e-009 -5.14173140344218e-009 1.27322840911986e-010 
-6.80712202715956e-003 6.43036723195825e-004 2.85009945044751e-004 -5.00736712114910e-005 -7.59533672403860e-006 1.44517315269060e-006 9.26465086630146e-008 -3.29128494489497e-008 4.30222737324191e-010 5.99301766843341e-010 
4.36211693421643e-001 4.46965987348487e-004 -1.03354215033945e-004 -2.16861245375349e-005 3.72571913311325e-006 3.96114683189651e-007 -9.46120507521879e-008 -2.40858487058665e-009 1.92459727025551e-009 -8.85334294197089e-011 
2.34792758522427e+003 9.19267834056246e-001 -2.47143785631077e-004 4.54519914808085e-005 6.66582705666185e-006 -1.31143280460105e-006 -8.14509700092639e-008 2.98376212465139e-008 -4.42522068740584e-010 -5.41540675236934e-010 
