4.49286301157421e+007 -8.49595558184634e+006 -1.46734663852917e+006 1.57102040927273e+003 5.72884608803204e+003 3.37552180529085e+002 -5.03427999515008e+000 -2.25477135844928e+000 -1.38787448247038e-001 3.67331300814627e-003 1.21171674214857e-003 7.13709754054997e-005 -2.82851110785978e-006 -7.49278527087967e-007 
1.53344590380593e+007 1.42429248456164e+007 -4.94015689233596e+005 -8.89315563356621e+004 -1.99006461889074e+003 2.48595383638751e+002 2.71774963524708e+001 5.90320962327261e-001 -1.19123023231735e-001 -1.29248880122218e-002 -2.23063757210427e-004 7.11889108706401e-005 7.32338256880091e-006 8.57030067090299e-008 
3.40711327312388e+006 8.48959945890925e+006 -1.11692537162788e+005 -4.76664942981990e+004 -1.65718933556132e+003 9.77793078960658e+001 1.50392308186204e+001 5.49183610479153e-001 -4.92359245352902e-002 -7.28492267253461e-003 -2.44827305128030e-004 3.06237533277323e-005 4.20521184037478e-006 1.23492045635918e-007 
1.75919316279078e+007 -1.82569860565421e+007 -7.66467793583538e+005 1.15437290094667e+005 5.42899163819368e+003 -5.63402462426386e+002 -4.43290504523780e+001 3.18915425741691e+000 4.00134748368942e-001 -1.81560765004075e-002 -3.75127417256023e-003 8.42354483357028e-005 3.55026576644584e-005 -4.47887256605114e-008 
3.64895954406861e+007 6.06917203328542e+006 -1.48658715568018e+006 -5.20331921856979e+004 7.29147367606378e+003 4.02583600212778e+002 -3.93022186478608e+001 -3.57355131369354e+000 2.33686926674342e-001 3.35095138507517e-002 -1.31885108492646e-003 -3.20534516123495e-004 5.39725873818145e-006 3.08916323559408e-006 
1.75434900212936e+007 5.13591488287461e+006 -7.14576280129782e+005 -3.97668126323387e+004 3.33172217054758e+003 2.73477958120163e+002 -1.63959231801636e+001 -2.23961276442674e+000 8.33249657180889e-002 1.97824864323507e-002 -3.15403603292756e-004 -1.79952871362893e-004 -7.99246439801010e-007 1.65474784829751e-006 
-2.02985344235164e+007 -1.83936956165450e+007 6.96626208846129e+005 9.68900795145667e+004 -6.41848388256038e+003 -2.12592049676979e+002 4.77008803028666e+001 -1.06461323226107e+000 -2.78629439473200e-001 2.30162313303684e-002 8.89110304708222e-004 -2.34915823799438e-004 5.98699175719699e-006 1.64420764027651e-006 
3.63022709203449e+007 -6.13746879376919e+006 -1.35046893451180e+006 6.62518457662151e+004 4.26839863967559e+003 -5.14405789113639e+002 3.20593743006465e-001 3.32499232710050e+000 -1.77920192805046e-001 -1.50360292161361e-002 2.21101708074313e-003 -3.47078495871733e-006 -1.80456025880239e-005 1.07710382372768e-006 
2.13742327448416e+007 -1.37017956138560e+006 -7.93615739803792e+005 2.53398039047648e+004 2.94570869135664e+003 -2.52724713416521e+002 -4.77615586822190e+000 1.88649132318896e+000 -6.61388887719889e-002 -1.04188012652417e-002 1.08881727851582e-003 2.25108713436346e-005 -1.02601644111110e-005 4.04811379217615e-007 
-4.90769062087996e+007 -9.92542701602774e+006 1.25374416298061e+006 3.49411437389334e+003 -3.81621185416414e+003 2.49355247876485e+002 -4.58915015685745e+000 -7.62017478135823e-001 8.83705939465185e-002 -3.87807890070913e-003 -1.29833412855698e-004 3.37960169935106e-005 -2.39451433035610e-006 2.60651751971068e-008 
1.61106117215457e+007 -1.32761660072600e+007 -4.29262341977612e+005 7.11514448066148e+004 -2.11944476019772e+003 -8.18266448622405e+001 1.52599608923398e+001 -9.03422088511717e-001 3.06801512692533e-003 4.42654232451098e-003 -4.17371860459048e-004 1.34593808582269e-005 1.16671458678160e-006 -1.89560395338302e-007 
1.35744226299503e+007 -6.06167436360453e+006 -3.59328264463845e+005 3.76437417242777e+004 -7.36312023352958e+002 -6.95708300201279e+001 8.62721026747500e+000 -4.03536142944057e-001 -7.52674811950749e-003 2.76669838892726e-003 -2.09476720663705e-004 3.68421173689406e-006 8.71562806976224e-007 -1.03958684884689e-007 
9.82746629502832e+007 8.88058045431579e+006 -1.23292203280519e+006 -1.86626952168642e+004 1.23247823136172e+003 1.18664289666676e+001 -4.25337863205349e-001 -3.67190971572972e-003 2.13684194603275e-005 6.05022197540959e-007 
-3.41215535492980e+007 2.04427121434659e+007 4.26235540730512e+005 -4.18744873744466e+004 -4.50466483020140e+002 2.40021216064183e+001 1.95319645671118e-001 -4.63547077734715e-003 -4.73434115897869e-005 -7.20595126537327e-007 
-2.16189816241339e+007 8.63485208650550e+006 2.69785220978313e+005 -1.76573137516142e+004 -2.80658350597680e+002 1.00470908033158e+001 1.14786821733818e-001 -1.85291554007403e-003 -2.26304925748978e-005 -3.69079840776818e-007 
1.05709419792203e+008 -1.52910432688755e+006 -1.33261267613366e+006 2.36772394506061e+003 1.35991518667539e+003 5.30865316340757e-001 -5.13544337272099e-001 -2.39757855946953e-003 6.48960822288645e-005 1.71573130803584e-006 
8.52098573106727e+006 2.17579995536244e+007 -1.02965284232369e+005 -4.50344120475912e+004 6.49605847582060e+001 2.69393866394631e+001 4.09232984929445e-002 -6.48303249101013e-003 -6.37900776147202e-005 -7.18478899162248e-010 
-2.90523758003418e+006 9.88539368619167e+006 3.80181176877253e+004 -2.04098951967113e+004 -5.68431569957636e+001 1.20858967940888e+001 5.09124671264978e-002 -2.76480212359565e-003 -3.28126961593524e-005 -1.08916961952517e-007 
-4.48475134966915e+007 1.93322908496476e+007 1.98450088876279e+005 -1.47446510791946e+004 -5.93604960946131e+001 3.00092411402133e+000 -2.01798309446670e-003 -1.77212912766383e-004 3.30700945462212e-005 -7.97927266209362e-007 1.24656507814213e-007 5.63904235104081e-008 -4.52586469673898e-008 
-1.32413936763491e+008 -5.52203194176556e+006 6.03711386679582e+005 3.83246644294565e+003 -2.21733392127380e+002 -4.55525355415118e-001 2.41098169460446e-002 1.02210469898964e-004 2.39864631067016e-005 -4.71106257573373e-006 2.01857771179216e-007 -1.63274841860912e-007 -1.84429414067421e-008 
-5.73745342732966e+007 -2.39403635328070e+006 2.61743361140906e+005 1.66160033435159e+003 -9.61339164343387e+001 -1.97785481496739e-001 1.03817473079455e-002 6.62734008670155e-005 1.33304621917544e-005 -2.73068985435835e-006 8.39469152818663e-008 -7.87421615672883e-008 -1.04725365704495e-008 
-5.16403014331835e+006 2.02005445714212e+007 1.77867711928239e+004 -1.52172088603105e+004 1.06663752590365e-001 2.93833840419857e+000 -4.85321746137929e-003 -1.71108845491470e-004 7.13460634780188e-005 7.01710751192369e-006 -3.40931862531998e-006 -5.18030065960615e-007 1.39567057037286e-007 
-1.38525574315223e+008 -5.69178776860378e+005 6.28217305678612e+005 2.43644477534380e+002 -2.25056251971175e+002 1.04659835768957e-001 2.15480747866955e-002 3.64739458394501e-004 4.91883942379458e-005 -2.50195217743550e-005 -3.20921677645805e-006 1.15663051890404e-006 2.34727631800698e-007 
-6.00241183535584e+007 -2.46691509646504e+005 2.72368102632846e+005 1.05634107754743e+002 -9.75751901577216e+001 4.49485367603176e-002 9.34905366412005e-003 2.01585981414563e-004 2.10389640034180e-005 -1.36775761038227e-005 -1.43717399627700e-006 6.51890899153234e-007 1.11994224403458e-007 
8.23728065804688e+007 -2.97445435661672e+007 -4.57391058955513e+005 3.01379007133765e+004 -9.48787169082989e+001 -8.89280469578809e+000 2.54147006309725e-001 -2.27405984262115e-003 -5.39920750293755e-005 -8.03386726784765e-007 -2.71273248975085e-006 
1.91523640092531e+008 1.35508351194100e+007 -1.04331216319449e+006 -5.13887480137926e+003 5.45726317644299e+002 -7.12751122556219e+000 -4.82049737790053e-002 5.24504405688910e-003 -1.11682216380387e-004 -1.03459219333058e-005 1.18564413899849e-006 
8.56125634339513e+007 7.02020822033844e+006 -4.66166398692058e+005 -3.17198142718012e+003 2.52873318050389e+002 -3.02874456971486e+000 -2.89503748573136e-002 2.46725798746718e-003 -5.34565806784108e-005 -4.39978439815506e-006 9.93300725458184e-007 
7.16453938290066e+008 4.63313566474848e+006 -1.09784688305765e+005 -1.51756898820270e+002 1.51078313675942e+000 2.65898276486312e-003 -1.30638202071873e-005 -2.99524244082503e-007 
-1.78131728626828e+008 1.67996325886133e+007 2.73077661295784e+004 -4.20395320508097e+002 -5.85709636441508e-001 4.06724345464190e-003 9.88898404245798e-006 2.67695864259698e-008 
-9.38064109030577e+007 7.08818333205027e+006 1.43796660615098e+004 -1.76506191572230e+002 -2.87876659066706e-001 1.67879814966888e-003 4.50336434532364e-006 -1.43064962296345e-008 
1.25667841573839e+009 -6.45040681932687e+006 -2.94407528403982e+004 1.82656183692702e+001 6.77001779532708e-002 6.81899551806587e-006 -4.79983268624157e-009 
5.73928175182106e+008 1.10171273934983e+007 -1.34602641558448e+004 -4.63130267640368e+001 1.14904610629916e-002 7.40665516404489e-005 8.31277715544773e-008 
1.82985533679064e+008 4.82752377046968e+006 -4.29250510259916e+003 -1.99063534677475e+001 1.88283144271276e-003 3.05069107232966e-005 4.00765446341763e-008 
1.91705449393362e+009 7.12128875404704e+006 -4.64114022295476e+003 -2.64189889709398e+000 9.99485738127481e-004 -2.41816027821199e-008 
-2.06833644565077e+009 5.20165797593731e+006 5.00803795895316e+003 -2.35146817975280e+000 -7.52345792122757e-004 6.03799869774005e-007 
-9.32993015603209e+008 2.17745680529182e+006 2.25906926690525e+003 -9.92507934271165e-001 -3.42940200146065e-004 2.62578544216408e-007 
2.28988990895615e+009 6.42332647589771e+006 -1.58665980196319e+003 -7.52313706947030e-001 7.55196393107713e-005 1.87980411005034e-008 
-3.57338429561251e+009 3.63161685625010e+006 2.47675922778182e+003 -4.03918712542275e-001 -1.46171269662448e-004 6.17052904058532e-008 
-1.51961564594684e+009 1.32653092529082e+006 1.05323018061103e+003 -1.46539573893353e-001 -6.18429159116767e-005 2.42230021573561e-008 
-1.73371250881537e+009 7.10434504752364e+006 1.20900728283588e+003 -9.08714894844525e-001 -2.39684025446561e-005 1.06232979734309e-007 
-4.08226042873549e+009 -3.12188190129097e+006 2.84697733577454e+003 1.69187899304573e-001 -3.00844370601533e-004 -3.71279944061962e-009 
-7.51586991567670e+008 -3.11473566887824e+006 5.24141462897521e+002 3.26366511288709e-001 -8.67566506532375e-005 -2.63873093037057e-008 
-1.20281567423037e+005 -1.67932048923014e+005 6.89317055200561e+003 1.46926114846514e+003 -6.67204419954569e+001 -2.62674225397400e+000 4.19324865564650e-001 -1.69598069186915e-002 -1.47001058892942e-003 1.99838424579554e-004 -3.60321899169704e-006 -1.10478949055469e-006 1.01296293652154e-007 
3.18132393747221e+005 -4.64619524668511e+004 -1.82010331054462e+004 6.95499071544843e+002 7.33433139322395e+001 -5.26482308107178e+000 3.84814798783372e-002 2.60377141010886e-002 -2.01060782947362e-003 -3.58367016527813e-005 1.52625517562766e-005 -7.93863590223861e-007 -5.30638264086066e-008 
1.13278670847013e+005 -9.45835946751828e+003 -6.45867629465798e+003 1.80114285488898e+002 2.74132031739713e+001 -1.68739087373444e+000 -2.56339047358202e-003 9.48913458612720e-003 -6.28403933397822e-004 -1.97108015135570e-005 5.32638390577455e-006 -2.28420404930098e-007 -2.18648408687913e-008 
-3.58953396992305e+005 -6.18022005828758e+004 1.76328138400781e+004 3.37083994645895e+002 -6.35773337367878e+001 1.05415764916833e+000 -3.90145398802909e-002 -5.59921442827003e-003 7.08538605603762e-004 -2.30255577564043e-005 -2.44394344620596e-007 1.48084703046204e-007 -1.36858521012433e-008 
1.15494275351966e+005 -1.45680651889574e+005 -5.74135996587756e+003 1.20546021289471e+003 3.19589127751024e+000 -1.63238401993227e+000 1.04169956788575e-001 -8.77054833806565e-003 -2.12320302952657e-005 3.03637402568863e-005 -2.37668427350702e-006 1.15670764844374e-007 2.83846390612583e-009 
5.32716190205278e+004 -4.73276094152351e+004 -2.63960872415376e+003 3.96312760018699e+002 3.54610762726789e+000 -5.88762582563151e-001 3.69123791484511e-002 -2.77726418047618e-003 -3.41044544835497e-005 1.11766560487224e-005 -7.99266361145638e-007 3.38097167819517e-008 1.48232092274937e-009 
-3.40113601642719e+005 7.93095496416866e+004 1.60506024766921e+004 -5.78672093650174e+002 -5.42815564413520e+001 1.17583821403321e-001 1.54076620415543e-002 6.53647639327838e-003 1.23905035203231e-004 -1.47921102210262e-005 -4.80505350383851e-007 -2.48256590131519e-008 3.33461869507382e-009 
-1.76694751327933e+005 -1.34868473223116e+005 8.18100387391262e+003 1.05477272834387e+003 -2.20761473153524e+001 -1.56795208672412e+000 -6.40739752708683e-002 -1.49261235070141e-003 3.65016455096908e-004 6.07893808951363e-006 -1.88333721718756e-007 -4.14557827558864e-008 -2.54610995167424e-009 
-4.72313091416802e+004 -4.91678325572117e+004 2.15347665094426e+003 3.81516317793703e+002 -5.29107775926339e+000 -5.34204934030825e-001 -2.26660759129712e-002 -7.71318630001199e-004 1.19215601441746e-004 2.65839091426402e-006 -4.34298172968701e-008 -1.31700172758180e-008 -1.00041699358589e-009 
-8.51085651707299e+004 1.65798479669039e+005 4.21121148345100e+003 -1.34558247855912e+003 -3.36462078156781e+001 2.51863123317561e+000 1.52309030240376e-001 -3.59476831596039e-004 -4.92567487216250e-004 -1.22128468251263e-006 1.82042708801882e-006 2.69159635037142e-008 -8.34801797195268e-009 
-3.47036480773662e+005 -2.76911245034016e+004 1.74348779728967e+004 3.77926852214474e+002 -6.50397738934083e+001 -2.23922597974623e+000 5.67759159956740e-002 8.37059876454383e-003 2.14490639645082e-005 -2.70275258649960e-005 -1.06016556451162e-007 1.17921034268544e-007 3.29874044118543e-009 
-1.15515482104983e+005 -1.60725815612132e+004 5.77572417924536e+003 1.82977382162878e+002 -2.07188721692900e+001 -8.65170329524098e-001 1.29481295296211e-002 2.86430179316992e-003 2.72763454923228e-005 -9.14498001231308e-006 -1.09566772396392e-007 3.90772013589002e-008 1.46264635491308e-009 
2.25841492971700e+005 1.30732164341083e+005 -1.29386734207100e+004 -1.31387327562231e+003 4.46904442897952e+001 4.65113375010162e+000 -8.13709686092052e-003 -7.70203136374538e-003 2.02662878835786e-005 -5.33520516499586e-006 -2.38212726320790e-006 1.61314745000933e-008 1.52221370358626e-008 
-2.62783041116220e+005 1.09680854069646e+005 1.46872445848464e+004 -8.75708248093776e+002 -7.99499018636075e+001 1.32257194156566e+000 2.01824197840292e-001 1.15187683290740e-003 -1.39271004768961e-004 1.67776014529719e-005 -6.17349253806168e-007 -2.03479644739346e-007 -1.63000068257069e-009 
-9.91980589142427e+004 3.22052871244618e+004 5.53710706686239e+003 -2.44530233049708e+002 -2.90333013928005e+001 2.56413104206856e-001 6.89029766684011e-002 7.12922570207098e-004 -4.75567221932163e-005 5.95599877234719e-006 -1.14048003788099e-007 -7.00693949844713e-008 -1.18080846733199e-009 
3.46834813805755e+005 -1.70681053182953e+004 -2.15912683244821e+004 5.58754846890147e+001 1.16327401717056e+002 1.37619732452878e+000 -3.05098697605568e-001 -1.50031499882978e-002 1.69786450883420e-005 7.94258744371658e-005 6.58155692496654e-006 -1.33176282464551e-007 -4.86011871929623e-008 
2.78694249205674e+004 1.67147342466733e+005 -1.75650474457860e+003 -1.67577427057970e+003 -4.50844802958313e+000 6.07790642553128e+000 1.49826170258406e-001 -1.04298237224306e-002 -1.11763214706126e-003 -4.57103308891769e-005 4.14633063282958e-006 5.88349946727878e-007 6.11812878088929e-009 
-4.71669393911592e+003 5.78669912262203e+004 2.89706332092653e+002 -5.73379064428783e+002 -6.35834046336367e+000 2.01052343575847e+000 6.38071466129261e-002 -2.91757320072198e-003 -3.82027631469760e-004 -1.89399035453342e-005 1.14037762525461e-006 2.06309544635047e-007 4.11515045703282e-009 
1.63836935972227e+005 -1.56520043957609e+005 -1.04251886673378e+004 1.64196430632073e+003 5.15844388649330e+001 -7.50560853036870e+000 -1.85430268917424e-001 3.37540631004568e-002 1.25540956157748e-003 -1.84716427332397e-004 -1.06458137871160e-005 1.14276556231257e-006 8.78135446046631e-008 
2.89974067397016e+005 8.11416154671484e+004 -1.81046364110750e+004 -7.52137041419660e+002 1.09377358485669e+002 2.68221536633512e+000 -4.66855241966362e-001 -1.30092624587835e-002 2.33090992447642e-003 1.07202176285459e-004 -1.37695372787674e-005 -9.05201810184954e-007 8.77167295051063e-008 
9.25307500109104e+004 3.42809841354440e+004 -5.74589478046429e+003 -3.24732221266614e+002 3.51043901812454e+001 1.22571465437626e+000 -1.51302756247571e-001 -5.84446574953778e-003 7.42354082814736e-004 4.42921925073947e-005 -4.25252469185679e-006 -3.56573045751316e-007 2.62592783316555e-008 
-1.67820805459053e+005 -1.58427947465062e+005 9.38102798634125e+003 1.34263811010180e+003 -7.06859648849710e+001 -2.36909567189358e+000 3.72115089260263e-001 -1.03849413478686e-002 -1.51949067187280e-003 1.28254298026966e-004 2.74266778374646e-006 -9.15289641858344e-007 2.81924946310966e-008 
3.00045939349432e+005 -6.98947621460534e+004 -1.67899829383890e+004 8.50112700229365e+002 6.49024642872817e+001 -4.99614792256183e+000 1.16607767867954e-002 2.34072179606342e-002 -1.26212917300576e-003 -7.33030971935021e-005 1.07167715133153e-005 -8.05349444537757e-008 -6.43912548582341e-008 
1.09908501072163e+005 -1.72010660802917e+004 -6.12556433598527e+003 2.33341396483815e+002 2.50365215214666e+001 -1.60307837048341e+000 -1.13879432346547e-002 8.41432280117241e-003 -3.67169632695920e-004 -3.03507065996634e-005 3.54137195460274e-006 1.07070724157255e-008 -2.31454707889943e-008 
-1.24354119808723e+006 -1.79557313394584e+003 3.15339924396926e+001 2.99279586058250e-002 -2.22090848065058e-002 -4.55717770825702e-005 4.27475823117432e-004 4.02439024519110e-005 -7.50781661251089e-006 -1.80273886440876e-006 3.64433098210118e-008 
2.90648336967289e+005 -9.81849204666758e+003 -8.07407018682719e+000 2.52571869953732e-001 -4.23215776370277e-003 -2.63873090273018e-003 -9.79675276584731e-005 5.47282291303412e-005 7.90591238878342e-006 -7.71987441127392e-007 -3.01376211732670e-007 
1.60634192582919e+005 -4.16035844156672e+003 -4.43593515109794e+000 1.26713329784541e-001 -2.31172882393292e-004 -1.40207716614900e-003 -9.65756860526535e-005 2.50586503891171e-005 5.00166775420971e-006 -2.24149093597785e-007 -1.64778288908964e-007 
-1.24688141657624e+006 -1.54514200736855e+003 3.10270253332522e+001 -5.63447345260620e-003 1.22581627575774e-002 -7.95865547023887e-004 -1.96843849953853e-004 4.44035822468928e-005 -1.70504124273412e-006 -8.33664563710199e-007 1.65523870671817e-007 
2.70953906520385e+005 -9.87448342058413e+003 -6.31172802881726e+000 5.97803637503580e-002 -7.26049449349004e-005 1.64523539331347e-003 -2.13852601380520e-004 -7.47534904823270e-006 6.03487106043660e-006 -6.68807296380068e-007 -5.41467494081071e-008 
1.52281701752049e+005 -4.19137489785245e+003 -3.52729282118445e+000 2.35801507607981e-002 -1.51005095419302e-003 9.65977222729540e-004 -9.37481374376850e-005 -8.59982128240776e-006 3.40038503193468e-006 -2.69617062312365e-007 -4.61062771409724e-008 
-3.81973707965764e-005 4.21379575791273e-007 -6.09342509382207e-007 1.81148272992145e-008 4.05455861365895e-008 -4.78624451944607e-009 -3.20494253123092e-010 1.70879084105999e-010 -5.35490668803232e-011 7.53716590996439e-012 
-4.30707245477345e-005 2.72576900554313e-007 2.49596150763159e-008 -7.58295386058045e-008 5.65460249097418e-009 2.53523367830169e-009 -6.57085249867464e-010 4.76644306238687e-011 2.51745825241018e-011 -6.20965194819133e-012 
-3.83982710100826e-005 4.55960119948484e-007 5.45028821734964e-007 -8.09759198231035e-009 -3.25724740254494e-008 -1.55324975888818e-009 6.00618268840202e-010 1.26400989497596e-010 -1.02353942279235e-011 -4.77037430570413e-012 
-4.33501852297101e-005 -5.27669929380593e-007 4.28749678946271e-008 6.43611241080548e-008 6.58946836068424e-010 -2.11437185282091e-009 -1.79592741418550e-010 1.54812516365018e-011 5.74231285900110e-012 7.20894882596515e-013 
-3.69944300295252e-005 -1.02053452892029e-007 -4.80149203859997e-007 1.22003529162973e-007 5.36729189462597e-008 -4.34410182908472e-009 -2.32805666774899e-009 3.03064529560264e-012 5.09835544699760e-011 9.78036575567649e-013 
-4.33377345057744e-005 3.75638604387944e-007 -1.46251650445973e-007 -8.13263423150188e-008 1.11367412243410e-008 5.07964338861192e-009 -1.37701574043925e-010 -1.58241398587779e-010 -8.93313421027927e-012 2.42661960272308e-012 
-3.59072876894126e-005 1.75555860316563e-006 1.88017546211139e-008 -2.43897836921141e-007 8.30466834420460e-009 1.49275758132097e-008 -1.45199710490509e-009 -5.69615992110700e-010 9.67773840158867e-011 1.81921947774673e-011 
-4.33937754106414e-005 3.14945259259531e-008 2.81886435274064e-007 3.48805725920133e-009 -2.69237596003507e-008 1.25806117669306e-009 1.22071268282150e-009 -1.15424437184447e-010 -3.78808523915492e-011 4.83595976201654e-012 
-2.66897424052296e-002 3.14652384138442e-006 1.21282671836306e-005 3.25284709463500e-007 3.84343392943482e-006 -5.56013550465098e-007 -9.30611409183932e-008 1.97536364750005e-008 -9.62217885944051e-010 -2.10059703341677e-010 
4.33855938347779e-001 5.23790360578144e-005 -1.37397327974782e-005 4.70166142564621e-006 -7.73414386766009e-007 -3.14718562984397e-007 5.05273689269000e-008 2.00949990162236e-009 -1.06458940765890e-009 1.53267148114376e-010 
2.43073520358581e+003 9.19864920506850e-001 2.93765834556084e-006 -1.30859125349607e-006 -3.71694036687359e-006 5.36875780987661e-007 8.32974967553860e-008 -1.83225357236938e-008 9.70747068582764e-010 1.83891254882566e-010 
-2.64878329972139e-002 1.81654650187255e-004 -2.43020528396058e-005 -2.61416660440308e-005 -2.74275786343577e-006 6.47410214212840e-007 1.05782803947995e-007 -4.50528269289355e-009 -1.58062766930564e-009 -1.05917191371458e-010 
4.33813476511959e-001 -1.29857034037300e-004 -4.92107008499614e-005 -2.49596032153267e-006 1.91616291026034e-006 2.68592227467257e-007 -2.93949822784323e-008 -5.95266692839700e-009 -6.46937693270503e-011 6.40796823424131e-011 
2.43257480868475e+003 9.19738953748597e-001 1.64624568249920e-005 2.22301352898831e-005 2.57718258921157e-006 -5.79914491067877e-007 -9.62320085921577e-008 4.07376353838085e-009 1.43176848608900e-009 9.76234693900276e-011 
-2.69908465315026e-002 -7.38118686193703e-004 -6.95371975877858e-005 4.10138317800433e-005 3.37165368303944e-006 -1.44564080977730e-006 -1.31751996982309e-007 2.82229162431109e-008 3.49908493234683e-009 -2.33429094174336e-010 
4.33435818279945e-001 -1.38097742582726e-004 6.97382739600685e-005 6.50188630928060e-006 -3.45761385450461e-006 -2.86353875522632e-007 9.16856627020361e-008 9.54983870298402e-009 -1.25551649701655e-009 -1.93117383829332e-010 
2.43441499470022e+003 9.20490989289242e-001 5.22466550250554e-005 -3.63045036559418e-005 -2.84840891236806e-006 1.31690548685392e-006 1.18398160630394e-007 -2.59894761210768e-008 -3.21348043369904e-009 2.15985216272448e-010 
-2.80218360413935e-002 -1.79285004179548e-004 6.37290473149730e-005 -2.27171200517461e-005 1.81228519530687e-006 1.23861027715442e-006 -1.67290758931087e-007 -2.97447595556393e-008 6.31738443276078e-009 4.10511665937825e-010 
4.33489617366460e-001 9.97483339857020e-005 -2.30547942070943e-005 -7.38079358535504e-007 2.56948913933086e-006 -2.94356624928929e-007 -8.72133320309014e-008 1.44800053920167e-008 1.57770434751768e-009 -4.69012383563687e-010 
2.43625555070650e+003 9.19981375542909e-001 -4.65556379487162e-005 2.18977654731700e-005 -1.95687731519606e-006 -1.14315201208572e-006 1.58421305282553e-007 2.71610687195596e-008 -5.89388241175502e-009 -3.70395506110485e-010 
