-2.58508214633918e+007 1.22387794272535e+007 2.94657721237109e+005 -2.52508093051078e+004 2.38009829282903e+001 -1.10768299911176e+001 -1.81450814866278e-001 6.12309690510106e-003 -4.44465865078895e-004 2.51416589183993e-005 -6.11385975746714e-007 3.47158434113805e-008 -3.08254346693816e-010 1.54077345326684e-011 
-5.68850766581710e+007 -4.17520464131038e+006 6.83779383976225e+005 5.70983760019446e+003 -3.00791974360009e+002 7.09663238139022e+000 -5.77620450150259e-001 6.27690992123485e-003 -5.32241531941383e-004 -1.16625684620959e-006 -1.79553851642013e-008 -1.82775041169772e-008 9.82063930598012e-010 -3.99589747967944e-011 
-2.78752182974930e+007 -3.49886398550997e+006 3.34730449218088e+005 5.66750683803778e+003 -1.63148900647809e+002 4.93912783947834e+000 -2.89754342844301e-001 2.71840982990593e-003 -2.38250343851107e-004 -3.22903401453848e-006 5.37810819626451e-008 -1.33621909719567e-008 5.56572904694235e-010 -2.29501000292916e-011 
1.70972554176498e+004 1.33723078617207e+007 -1.40334807680986e+004 -2.68399012730215e+004 -2.32538321962678e+002 -1.42425373108343e+001 -9.00187971122338e-002 4.54757887206694e-003 3.78293071205698e-004 3.10331190723774e-005 1.02400339931862e-006 5.16362385069842e-008 1.16194144788296e-009 3.18596666308264e-011 
-5.96019047118547e+007 1.49333402291325e+006 7.25743619824068e+005 1.30377004218715e+003 -2.93470684847972e+002 -6.65224128154197e+000 -6.53515928804413e-001 -1.25003619341072e-002 -6.86532089388706e-004 -7.89330712909669e-006 -8.01011031756178e-008 1.83195632949936e-008 1.39325986605497e-009 6.59226596163471e-011 
-3.20076210685720e+007 -5.88243196607571e+005 3.89144487362593e+005 3.47851595616694e+003 -1.32667740681208e+002 -2.07732599849367e+000 -3.39774693413971e-001 -7.14900764272749e-003 -4.05953361903731e-004 -7.43324796145393e-006 -1.48930618830128e-007 4.43397027274326e-009 6.23834804253652e-010 3.19132462025098e-011 
2.55703539369169e+007 1.18864351515513e+007 -3.68002407706182e+005 -3.28717987327297e+004 -5.15785867174986e+002 -1.20614689469506e+001 4.62368109817113e-001 4.80043947591537e-002 2.95056793746842e-003 1.35448917054495e-004 4.44729785249431e-006 6.57997105237620e-008 -5.18840831331048e-009 -5.91007274664037e-010 
-5.08267180593316e+007 7.26560871107416e+006 7.05625231827916e+005 -5.47504052947793e+003 -6.25518983117205e+002 -2.92329249322805e+001 -1.34017366789784e+000 -3.61195301369249e-002 -5.09532011136440e-004 4.62426084101839e-005 4.61871982361194e-006 2.85746391034347e-007 1.30531945028305e-008 4.26155199857324e-010 
-2.99684113705035e+007 2.64930277644960e+006 4.15087377397412e+005 4.82523226411447e+002 -2.80687228646587e+002 -1.43659027902791e+001 -7.63840661198897e-001 -2.42706852837346e-002 -5.78024789524781e-004 1.06629091330123e-005 2.00632421056576e-006 1.45824155383094e-007 7.51075556109754e-009 2.88910069987120e-010 
4.50434128822251e+007 7.21314596617391e+006 -8.16125761123058e+005 -4.17325672366226e+004 -4.58498919892640e+002 3.15213201504703e+001 4.08481145534415e+000 2.47978737428833e-001 9.47910132315726e-003 5.64978420305897e-005 -2.64079919709750e-005 -2.64526947954362e-006 -1.55154285969018e-007 -5.15909966423774e-009 
-3.10161414551348e+007 1.24201619887037e+007 5.53981218360947e+005 -2.22465554921400e+004 -1.60941692218797e+003 -7.17067982120973e+001 -1.86623421253611e+000 4.82243765937285e-002 9.63119400522730e-003 7.14275377941916e-004 3.30509879687491e-005 6.09719195176626e-007 -6.01086908505098e-008 -7.90475675744121e-009 
-2.14038994926800e+007 5.88725044154885e+006 3.80529151743606e+005 -7.55831040734235e+003 -8.12219313322839e+002 -4.15727409056854e+001 -1.42033666184551e+000 5.75309400682262e-005 4.16240549948199e-003 3.75706735469413e-004 2.03929738210524e-005 5.99900536257246e-007 -1.60275198023960e-008 -3.68792723141006e-009 
1.03719400966497e+008 5.02713872473382e+006 -1.30033192451283e+006 -1.09311652780252e+004 1.30694567240690e+003 7.79362325697866e+000 -4.62067869004408e-001 -3.30944317628320e-003 3.24464446341108e-005 1.04486751853946e-006 
-1.78094932641639e+007 2.14408230106079e+007 2.30236561190564e+005 -4.40334474344932e+004 -2.61684961209839e+002 2.55274461815104e+001 1.41829661650567e-001 -5.24492069006174e-003 -5.53486284279774e-005 -6.10832084844194e-007 
-1.46361275591590e+007 9.32920954997695e+006 1.85871837115288e+005 -1.91213976880438e+004 -2.00440119008828e+002 1.09930892320094e+001 9.30531689446794e-002 -2.15062267884315e-003 -2.69560620418319e-005 -3.40871411079781e-007 
1.03211826706129e+008 -5.53693777298789e+006 -1.30292698270679e+006 1.05955361534979e+004 1.34519850807466e+003 -4.24808571191987e+000 -5.33003580034077e-001 -1.45882240065096e-003 8.87166883063401e-005 1.94952563178605e-006 
2.52167057647029e+007 2.11376717346768e+007 -3.05984930838104e+005 -4.40048131588937e+004 2.69905641745557e+002 2.69538899784121e+001 -3.20265318456651e-002 -7.20251798412589e-003 -6.02312390214209e-005 5.25033270683106e-007 
4.75561375932609e+006 9.86122606434426e+006 -5.52391376129439e+004 -2.04705596060880e+004 3.63315157974182e+001 1.23968300693614e+001 1.93144388356166e-002 -3.14834686254800e-003 -3.26941621053680e-005 1.14644139232922e-007 
-1.48389504873505e+008 -2.37169917382995e+006 7.11631049145307e+005 1.12050738549909e+003 -2.92559049863738e+002 4.80816417430124e-001 5.34459757831578e-002 -6.61496448169723e-004 -4.92517938143687e-005 1.03639220745887e-005 1.09078318115688e-007 -3.32855336696075e-007 4.47304712888937e-008 
1.41594516642447e+007 -1.88317002879981e+007 -6.48586379196149e+004 1.51950401080240e+004 1.54258871635686e+000 -3.86939723096564e+000 1.53899512553610e-002 4.14359038206895e-004 2.30777126013043e-005 6.75308671808198e-007 -8.95907726289212e-007 1.27832990434699e-007 2.12906155763216e-008 
6.15833200263892e+006 -8.16321159320604e+006 -2.81185526009676e+004 6.58699633005729e+003 6.68637143654629e-001 -1.67709370508572e+000 6.76188311944784e-003 1.56152892951397e-004 6.08143292816748e-006 1.38471999833650e-006 -3.60953927578538e-007 2.02905231848873e-008 1.35387430618589e-008 
-1.47452699693356e+008 3.29670885084053e+006 6.97517047875264e+005 -3.42002662135464e+003 -2.71508007622805e+002 1.57938307917569e+000 3.99101350246926e-002 -9.96918816265340e-004 -8.19688874859639e-005 3.39072553240828e-005 4.23485818774896e-006 -2.37191649091079e-006 -1.75506034470569e-007 
-2.34488908318732e+007 -1.86265151576939e+007 1.15154313517535e+005 1.46255340835747e+004 -7.10007526598902e+001 -3.33661119418950e+000 2.63680442175085e-002 6.42568306943868e-005 5.21673722187288e-005 1.22427311342858e-005 -4.01720967939334e-006 -6.14567402478125e-007 3.01121132444775e-007 
-1.01442440178487e+007 -8.07428480567626e+006 4.99165131627834e+004 6.34012889634534e+003 -3.07778885706978e+001 -1.44595985835964e+000 1.14319682257080e-002 -2.04393794762347e-005 2.28088695789049e-005 8.76509237346820e-006 -1.83460191301388e-006 -4.90518911867624e-007 1.46348749966681e-007 
-6.72212853997305e+007 -3.08708278187831e+007 3.02431939265327e+005 2.20203754963946e+004 -2.62944911943645e+002 -5.98376319051974e-002 6.09068239694692e-002 -2.18937798658129e-003 3.12906027683371e-005 -8.92453605032336e-008 -1.21581059496013e-008 
2.09059389489185e+008 -6.12464444007253e+006 -9.54708863276751e+005 9.41727468781068e+003 2.40057218827220e+002 -4.63022755625908e+000 7.66479786508856e-002 -1.93291928040034e-004 -2.51346873638539e-005 7.59216010378576e-007 -1.50483526117215e-008 
9.76765787238871e+007 -1.97578214938051e+006 -4.46061494724042e+005 3.72531875054059e+003 1.17203623724792e+002 -2.12216342198154e+000 3.35142420014121e-002 -2.95283789130010e-005 -1.23605355593005e-005 3.52010225548452e-007 -6.36083571929801e-009 
5.22654424443901e+008 1.28401853507351e+007 -7.61419145289917e+004 -3.49847243753348e+002 7.36736654249951e-001 4.09811538942500e-003 1.59456800521784e-006 -1.05552705786133e-007 
-4.98444677560935e+008 1.23627800038875e+007 7.25618243957546e+004 -2.63451630719633e+002 -1.15168045647951e+000 1.12563321707581e-003 1.13225779471713e-005 -2.97604315878787e-008 
-2.26372086904649e+008 4.98657918748859e+006 3.29554891704333e+004 -1.04409178626014e+002 -5.11569569983297e-001 3.82422298068559e-004 4.81784832520234e-006 -1.47617431437973e-008 
8.72220435853600e+008 1.00832632619598e+007 -1.67202398703769e+004 -3.42071733580981e+001 1.61131699260697e-002 1.36589216739450e-005 1.16264764145635e-007 
-1.10364305245507e+009 7.35311158077157e+006 2.11690578350038e+004 -2.06604054239090e+001 -3.50512802192984e-002 8.31775649062767e-006 8.56046482876175e-008 
-4.93426994178391e+008 2.60283936666501e+006 9.46413012699807e+003 -7.05182135346195e+000 -1.52203547127280e-002 2.39870980024861e-006 3.53981708677095e-008 
2.26463726765330e+009 -6.11932221165411e+006 -5.56459002243706e+003 2.19449537465457e+000 1.21408946406379e-003 -4.69333490740248e-008 
1.75176319702678e+009 6.17346386175070e+006 -4.30366610405433e+003 -2.77485702283170e+000 5.44675650272701e-004 3.58053938722955e-007 
7.35194835072652e+008 2.79035047943717e+006 -1.80618537547707e+003 -1.24632291356344e+000 2.20965193761628e-004 1.57929269062617e-007 
4.41247111079882e+009 1.19959282238926e+006 -3.12447802131471e+003 -1.62615207264646e-001 1.86883203052363e-004 6.26907650469226e-008 
-6.48314927578243e+008 6.91070899197474e+006 4.58816036950710e+002 -8.12647520238295e-001 -2.73689928989560e-005 2.00360956568891e-008 
-3.75212489190365e+008 2.79872741114579e+006 2.65579198357084e+002 -3.28589628367543e-001 -1.57129970440594e-005 6.64146653964636e-009 
2.13795741074592e+009 7.00468333272894e+006 -1.01021503208944e+003 -3.93412988172367e-001 1.51787289635274e-004 -4.76749038315848e-008 
-4.22082059619923e+009 2.26794229678008e+006 1.99469921082986e+003 -4.89270069550219e-001 -1.40195010909370e-005 7.02711508686701e-008 
-1.96134961756041e+009 -1.40275136040192e+006 9.26911352716779e+002 -3.38934284389260e-002 -5.17901616530373e-005 3.29011442747997e-008 
1.55027231637396e+005 1.58686169803905e+005 -8.49233859687654e+003 -1.36813574580054e+003 5.66671201740948e+001 2.93761168732685e+000 -1.71387771331268e-001 2.63916779404791e-004 -8.26738099361678e-005 3.29334559969099e-006 2.78864747643645e-006 -1.64550642222838e-007 -7.29823974056693e-009 
-2.90420278893296e+005 6.75163373328747e+004 1.64425360884656e+004 -7.66386121258576e+002 -6.61837369867362e+001 3.29796479412317e+000 5.92441813539756e-002 -4.95228881431737e-003 8.07315767606536e-005 -2.69646031627207e-005 1.34527701356888e-006 1.52539276784144e-007 -1.22864199893949e-008 
-1.48302498416915e+005 1.62903726835258e+004 8.39034141326824e+003 -2.23397192016281e+002 -3.59627263190979e+001 1.23721304867176e+000 4.38715624613461e-002 -2.30063808084099e-003 4.40983126697771e-005 -1.27348425814591e-005 3.57114767097166e-007 8.59268571575101e-008 -4.96738545777301e-009 
3.65386670086132e+005 4.35136942791711e+004 -1.82486700125056e+004 -2.11932952927243e+002 7.53521921148793e+001 -8.94931516707967e-001 -1.19672814514673e-001 5.84336632625452e-003 2.60867536738307e-004 -1.56809542963970e-005 -1.43042261303662e-006 9.00064017010817e-008 5.28756949132305e-009 
-6.22011924339072e+004 1.49545422470311e+005 3.18791501769057e+003 -1.26880119191399e+003 2.32139155818861e+000 2.96239265794354e+000 -8.76293576787221e-002 -4.04118737937247e-003 2.83692648263711e-004 1.71295893756377e-005 -1.02927678144474e-006 -8.15919124127576e-008 6.95879546444695e-009 
-6.25863245773533e+004 6.50500861859137e+004 3.19797306198004e+003 -5.66221699571524e+002 -6.17009403687169e+000 1.45300516054845e+000 -2.88437957523633e-002 -2.42551722402134e-003 1.06220962817852e-004 9.42068653223955e-006 -3.40046438437871e-007 -4.62449026510895e-008 2.71165491525879e-009 
3.11495274764571e+005 -9.42120354541863e+004 -1.44804915869997e+004 7.58225854335417e+002 4.39065557688618e+001 -1.56174104088153e+000 4.67903823139223e-002 2.42097248318721e-003 -3.74031573929041e-004 -4.57444541730385e-006 6.44930628240719e-007 -4.32167104875047e-008 -1.12539629881214e-009 
2.17061888298421e+005 1.18436974480988e+005 -1.02814861775951e+004 -8.88093268086442e+002 3.78187262148190e+001 7.48087004483829e-001 -4.98413814517974e-002 5.54884958532787e-003 1.02862762100036e-004 -1.56655031378009e-005 1.64404318768135e-007 2.12533237972704e-008 -3.89444477369057e-009 
7.16511044520026e+004 6.36643679649817e+004 -3.39232908600480e+003 -4.83623092116462e+002 1.32626946695315e+001 4.98960926910205e-001 -2.72544829061468e-002 2.33440071971614e-003 8.32372979800881e-005 -6.81091956190146e-006 1.35424741496718e-008 1.38779176224138e-008 -1.69459308510827e-009 
4.31637231198799e+004 -1.63683718318867e+005 -1.99749065613822e+003 1.26970048343872e+003 2.21344462671386e+001 -1.03293259676835e+000 -6.00495899003639e-002 -9.94523893521103e-003 -3.37403406001216e-004 1.21013074667191e-005 1.77537223064545e-006 1.61239210015158e-007 6.16112653922522e-009 
3.45844547844794e+005 4.82577227091110e+003 -1.68780234120136e+004 -1.75023382371075e+002 5.32612271713398e+001 1.30227732615857e+000 7.20251528766561e-002 8.50391406460845e-005 -5.20724288617359e-004 -2.93133214341369e-005 -9.75779321472587e-007 2.84609859874807e-008 9.79734354349567e-009 
1.56439133115134e+005 1.75693452709843e+004 -7.64077601635201e+003 -2.02297637477132e+002 2.26197822064439e+001 7.10192649424330e-001 3.91635549389824e-002 9.71583603445325e-004 -2.10158764101832e-004 -1.48005849173691e-005 -6.21834727849148e-007 -1.91353032327969e-009 3.97604586786450e-009 
-2.49356652950111e+005 -1.15294620528650e+005 1.41434074604174e+004 1.27652414457740e+003 -3.71375973982331e+001 -5.79022045470246e+000 -2.48037589647230e-001 1.20335985864586e-002 2.48241940576527e-003 9.72781240644527e-005 -8.88048997438794e-006 -1.32566912575165e-006 -3.81510312480772e-008 
2.25629766657827e+005 -1.21702965805895e+005 -1.28099439086777e+004 9.33165483289516e+002 8.27727361830702e+001 2.17035551720330e-001 -2.96106546490226e-001 -2.59096531370262e-002 -4.25892686688923e-005 1.59759451184023e-004 1.17975264721804e-005 -1.91443836415167e-007 -9.79909482584454e-008 
1.28007951065112e+005 -4.57384414268559e+004 -7.28640147071007e+003 3.12527118704449e+002 4.20644126989189e+001 6.52052038554213e-001 -1.14530606649161e-001 -1.31971634923704e-002 -2.54151439647598e-004 6.51650741527643e-005 6.32855587935131e-006 3.59922987539202e-008 -4.19996641161302e-008 
-3.31800300220875e+005 3.93598729142260e+004 2.17325233791876e+004 -2.93943781180607e+002 -1.41745322337176e+002 -2.01458227225392e-001 7.64539065766346e-001 1.27957938207007e-002 -5.23071278611377e-003 -1.61855230370000e-004 4.04680961748699e-005 1.86964296512935e-006 -3.27401914695525e-007 
-7.08461712976546e+004 -1.59994902020276e+005 4.73217661676421e+003 1.74195505451086e+003 -1.54251770436641e+001 -9.27445145288513e+000 -5.61888356472986e-002 5.66122717321329e-002 1.14925514135584e-003 -4.20932770101493e-004 -1.44042833851552e-005 3.37103998948844e-006 1.67756813815234e-007 
-2.10623817174506e+003 -7.81204032814172e+004 1.51869429826806e+002 8.38272390842318e+002 6.28691025430086e+000 -4.29728455875429e+000 -9.85656845932853e-002 2.51348004451854e-002 1.02879347268282e-003 -1.80581071628070e-004 -1.05218726262925e-005 1.39211907491900e-006 1.08951290802800e-007 
-1.14129382023884e+005 1.66042498798772e+005 7.27410453346484e+003 -1.77883128340835e+003 -1.56973152219730e+001 8.15256318979324e+000 -2.58286134201009e-001 -2.73840380181933e-002 3.30011853593066e-003 -6.58668952683866e-006 -2.39619845369453e-005 1.45532161496451e-006 9.82449471282024e-008 
-2.97869794396001e+005 -5.48985120993194e+004 1.90857208037005e+004 3.89086452566834e+002 -1.16235014219340e+002 1.22886996599871e+000 4.42404937667571e-001 -3.04727335025878e-002 -9.05082814808693e-004 2.69587905383743e-004 -9.18140232257766e-006 -1.49623150222813e-006 1.59512151866545e-007 
-1.28180981223088e+005 -4.11465958355118e+004 8.20179960055474e+003 3.49852238876725e+002 -5.25886972012549e+001 -2.03251083079265e-001 2.30149952991414e-001 -1.15832079362197e-002 -7.32481556183609e-004 1.26041141191525e-004 -2.01053754477031e-006 -8.33463747297751e-007 6.49455374995979e-008 
2.11980963747699e+005 1.44227837545294e+005 -1.15715886996690e+004 -1.14976969986920e+003 7.05227456812473e+001 1.09152845311277e+000 -1.64400660489378e-001 1.06502563463440e-002 -5.19976558627799e-004 -1.97553943782330e-005 4.89431755965688e-006 -2.74765455794965e-007 -9.69640552940889e-011 
-2.59770811865703e+005 8.90741908061376e+004 1.45203699259107e+004 -9.67004828981115e+002 -4.67314478035545e+001 3.66165167459430e+000 -7.50008268073318e-002 -1.25289285114386e-003 6.05218063102327e-004 -6.07617881153042e-005 1.48025243134166e-006 1.92089828800250e-007 -2.21250535039499e-008 
-1.41000232565223e+005 2.80042296819972e+004 7.86489277687347e+003 -3.41176085403188e+002 -2.84916554506648e+001 1.59693226290287e+000 -1.91753193235045e-002 -1.58114739988126e-003 3.30384434144744e-004 -2.64162014071997e-005 2.26673844967208e-007 1.15319701632138e-007 -1.02813549072356e-008 
-1.06691565587893e+006 -7.55056531360251e+003 2.01189897205449e+001 9.99011451339752e-002 -2.08482868372528e-003 4.75244340326591e-005 2.36245717281465e-006 -5.27849433075180e-008 2.36452484940739e-009 1.28898272728517e-008 3.35270647387805e-011 
7.55595404082412e+005 -7.18463469392030e+003 -1.97419475734385e+001 8.82486781948638e-002 1.42647133537071e-003 -5.27421246791227e-005 5.60182077125264e-006 7.06321812462780e-008 2.47510016737126e-008 -1.39080064426673e-008 6.39524548200206e-011 
3.47329182583869e+005 -2.84864479937554e+003 -9.17654377568846e+000 3.31010526718043e-002 8.77679288136171e-004 -2.99608550614853e-005 2.81061912218356e-006 4.21780827387897e-008 1.29927337739649e-008 -6.09917100779816e-009 2.24836928836678e-011 
-1.08185238151679e+006 -7.38529822769658e+003 2.11558042539501e+001 7.58205793077457e-002 -1.02070038282455e-003 -4.22438925484541e-006 -1.71409384833249e-005 -2.65016783877956e-006 -2.64794099970563e-007 -1.85777949445867e-009 1.11460598480112e-010 
7.41071809688051e+005 -7.33796869253275e+003 -1.85511429187304e+001 1.12370054193474e-001 2.38728491303757e-003 2.04419403643000e-004 1.91312080251094e-005 5.40115408011021e-007 -9.07709671898016e-008 -3.57654360197759e-008 -2.57483494183937e-009 
3.41559895591048e+005 -2.92024523654071e+003 -8.69943379754864e+000 4.74562671166555e-002 1.35743553810243e-003 1.14080734571261e-004 1.20377880413235e-005 5.61697422172151e-007 -2.10281576204037e-008 -1.62981403691237e-008 -1.40002802900731e-009 
-7.68260932393730e-005 -8.66372804184576e-007 -7.77375555538573e-007 4.81573903041274e-008 5.29796757230780e-008 -5.02308747987379e-009 -1.21376516300935e-009 1.79643463028086e-010 2.24299095383454e-012 -1.98935653177204e-012 
1.44172296802833e-005 8.61539875170942e-007 -3.91620363382033e-008 -1.00946417474581e-007 7.16756024784803e-009 4.25115486271800e-009 -4.67105166236538e-010 -8.79010804674000e-011 9.54145759605718e-012 2.72758242896673e-012 
-7.95411086047571e-005 -5.53599433748920e-007 5.95780483750408e-007 -4.97770993112209e-008 -3.20584507817653e-008 9.59812929171467e-010 2.28435733461040e-010 3.05140901222847e-011 5.14614802987357e-012 -5.29525173801867e-012 
1.47707774422804e-005 -3.77748792627153e-007 7.75039540078625e-008 7.45335305993018e-008 -3.84728076028433e-009 -1.84702494862848e-009 4.72793673374103e-011 4.08350833728482e-012 -4.56691328427987e-012 -2.04809509417331e-012 
-8.06157466490731e-005 -1.65514679693548e-006 -4.97922256420372e-007 1.99109426223058e-007 7.55214910541705e-008 -7.50601367685058e-009 -5.33059420091543e-009 -1.52966833532044e-010 2.63506727456562e-010 2.63405096085120e-011 
1.51741029480483e-005 4.83952941655783e-007 -2.68925996576923e-007 -1.07698998486619e-007 1.95269206908330e-008 9.23246076136414e-009 -2.46974622098139e-010 -4.91539045157353e-010 -2.66884678774914e-011 1.87677679746292e-011 
-8.17057401731573e-005 9.08229561305657e-007 -1.95691759756024e-007 -2.82505691729966e-007 3.54810790145007e-008 1.26229918173593e-008 -2.74550555125312e-009 -4.84094486945847e-011 9.34665602537925e-011 -1.68322082638825e-011 
1.49893897907650e-005 1.48268238410203e-008 3.38637400927005e-007 -3.03915468270311e-008 -3.06803229862149e-008 4.51345430925056e-009 7.50874025218904e-010 -2.85976426844749e-010 1.89704409662466e-011 1.01165500516208e-011 
-6.71385396921310e-002 -1.48478316837438e-003 1.99628040938727e-004 7.54755663181583e-005 -6.59481287777495e-006 -1.53753761490819e-006 1.61188711723227e-007 1.85516025887071e-008 -2.95083819067877e-009 -1.15120033732815e-010 
4.02225363125658e-001 1.97375572560890e-004 1.60287916703505e-004 -1.53351060920743e-005 -4.51219515906718e-006 4.09728568537467e-007 7.03033958628467e-008 -8.80229186726381e-009 -6.05368491983011e-010 1.26920199141018e-010 
4.34413007695251e+003 9.21275432918578e-001 -1.72081733283599e-004 -6.99849615517878e-005 5.92732500041138e-006 1.41970952014506e-006 -1.48982977612936e-007 -1.69841351462650e-008 2.73183001489496e-009 1.03305617513891e-010 
-6.74758307721244e-002 1.14360781059813e-003 2.11944614548725e-004 -5.30016588792509e-005 -6.27957203810156e-007 1.01257963096867e-006 -5.10889679710011e-008 -8.62530624546261e-009 3.12418891245573e-010 -6.79870154185426e-011 
4.02985140895806e-001 3.20384665512588e-004 -1.13540811914132e-004 -9.27692248014718e-006 3.11120273506215e-006 -9.13079668822123e-008 -4.27727422294742e-008 2.12374344422468e-009 1.09911377956604e-010 9.11263381604771e-014 
4.34597025558355e+003 9.18892525587447e-001 -2.00253246534344e-004 4.68403886543454e-005 5.81547130779138e-007 -9.17307656262188e-007 4.77817858322744e-008 7.99613971000199e-009 -2.73448886637907e-010 6.26085010748689e-011 
-6.50880742184720e-002 9.02827459529689e-004 -2.04160809430046e-004 -2.40605165524202e-005 -2.54564418858117e-006 -4.08779225280323e-007 2.27982398073259e-007 4.16633115546825e-008 -4.06523423782287e-009 -1.72871838652194e-009 
4.02739389334385e-001 -5.27499321650115e-004 -7.51787343110770e-005 6.15295651881375e-006 4.81679587479201e-007 4.23784627340905e-007 6.19744489779997e-008 -1.38969772697379e-008 -3.43814590200499e-009 1.10749455915638e-010 
4.34780785393713e+003 9.19011744831411e-001 1.73811861326352e-004 2.38082195246080e-005 2.76226806967135e-006 3.63560728729661e-007 -2.19870940388376e-007 -3.89810340515037e-008 3.96674218107736e-009 1.63191312740642e-009 
-6.55812094609705e-002 -1.42331902663191e-003 -1.98804284086907e-004 6.91861416124822e-005 8.24950746331698e-006 -1.67828558967662e-006 -1.64774790556236e-007 4.11872573267269e-008 -3.27764027872168e-010 -7.00215249181506e-010 
4.01656255298936e-001 -3.57474000992803e-004 1.51071194112924e-004 1.72785852156634e-005 -4.30096842622487e-006 -4.97268861067757e-007 1.03600655221005e-007 4.92726072884965e-009 -2.25210355199411e-009 1.81319738541633e-010 
4.34964797680314e+003 9.21161349280944e-001 1.97110893459059e-004 -6.28871838147404e-005 -7.90437991223190e-006 1.56533031982612e-006 1.53817490496123e-007 -3.88415925898920e-008 3.84690543582854e-010 6.55434997559605e-010 
