-2.05983047929490e+007 1.26649024214984e+007 2.34020206510291e+005 -2.52505092900143e+004 -2.18557717430635e+001 -1.18771446647433e+001 -1.53829129242958e-001 3.82913261014306e-003 -2.78257140932583e-004 2.14525157054610e-005 -3.17054645683631e-007 3.26809329195960e-008 -1.05568724313307e-010 2.31498246413984e-011 
-5.93324368570291e+007 -3.07237532268061e+006 6.96393343777951e+005 4.78062450981685e+003 -2.77923113645886e+002 4.39606687595998e+000 -5.52163699169914e-001 2.85251936461334e-003 -5.42577339359504e-004 -1.83731489407104e-006 -1.42282993988024e-007 -1.04987784916788e-008 6.73561752964688e-010 -2.01640466248778e-011 
-2.95927396308841e+007 -2.95330297648679e+006 3.47777307191808e+005 5.17027830746037e+003 -1.46206591848591e+002 3.57911867410512e+000 -2.79035978989811e-001 1.12709265158327e-003 -2.61021781824490e-004 -3.20437126195689e-006 -4.31576100852166e-008 -8.99491895186269e-009 3.70760348451530e-010 -1.31644826634528e-011 
5.62730880140145e+006 1.32998764817098e+007 -7.94974592339217e+004 -2.76739501452810e+004 -2.89896614853141e+002 -1.45916842621568e+001 -5.59130278790988e-002 7.75914246563225e-003 6.35606256487501e-004 4.11541262979067e-005 1.52981886046353e-006 6.41458652864669e-008 1.43831748528410e-009 1.96396966487346e-011 
-5.97762852936002e+007 2.65463763301292e+006 7.27635802654427e+005 3.07779388322593e+002 -3.26638123709717e+002 -9.97268488219327e+000 -7.35858990066941e-001 -1.70556498004679e-002 -7.43017372173798e-004 -7.67859967854621e-006 1.51525881714770e-007 3.56186887898963e-008 2.28691224959504e-009 1.08620970648760e-010 
-3.25466425944506e+007 4.03757774386599e+004 3.96953381148828e+005 3.03191696431129e+003 -1.44457603210598e+002 -3.81564421677914e+000 -3.87315092437269e-001 -9.91540189310151e-003 -4.62791912946325e-004 -8.36629496677371e-006 -7.75670039322452e-008 1.23815238361520e-008 1.07267378701581e-009 5.59921765116407e-011 
3.04692608899257e+007 1.12346539773395e+007 -4.48931305573686e+005 -3.45817495946295e+004 -5.57821314899157e+002 -9.07831717791072e+000 7.90708522875381e-001 7.02461747011040e-002 4.05318739327234e-003 1.72233468727480e-004 4.68782641901797e-006 -2.22007191155772e-008 -1.40648562185065e-008 -1.16210080762570e-009 
-4.87114744253710e+007 8.37924914530791e+006 6.89717046252422e+005 -7.68626085850633e+003 -7.55806564809392e+002 -3.61366587488719e+001 -1.54734390521248e+000 -3.79010799346992e-002 -1.39552408942888e-005 9.48364393422696e-005 7.73887319641869e-006 4.31834277980859e-007 1.74707784124587e-008 4.04510147952938e-010 
-2.92090424912491e+007 3.31255827897631e+006 4.14976188018151e+005 -5.22875120519064e+002 -3.45965450751453e+002 -1.83641686998458e+001 -9.08548454872641e-001 -2.75260848381467e-002 -4.27433003561867e-004 3.28169788267373e-005 3.64850106034819e-006 2.32993628062474e-007 1.07905454764632e-008 3.36509680509671e-010 
4.79238613622233e+007 5.82912988198835e+006 -9.17472208960501e+005 -4.29127106790640e+004 -2.86818490452705e+002 5.47230344085159e+001 5.63537812857929e+000 3.07201989819940e-001 8.83003653758122e-003 -2.67397723383228e-004 -5.68166227200705e-005 -4.34303164969954e-006 -1.94430894310177e-007 -1.60471573159114e-009 
-2.69178591628204e+007 1.32528637019436e+007 4.93698040493611e+005 -2.78698818528091e+004 -1.91113922937264e+003 -7.95558830276705e+001 -1.38365511815459e+000 1.28409105559784e-001 1.57327200205404e-002 9.87788052995537e-004 3.43149147319614e-005 -4.77489899507069e-007 -1.78496949449995e-007 -1.52988494219607e-008 
-1.93744664484653e+007 6.47623561184448e+006 3.58808231494561e+005 -1.04420905679374e+004 -9.91244665778273e+002 -4.81703538650114e+001 -1.32309185843402e+000 3.67670850662505e-002 7.48974996681910e-003 5.55400323275456e-004 2.42187848998643e-005 1.94928679913288e-007 -7.52098035433055e-008 -8.00663722890453e-009 
-5.25206413373893e+007 -2.10763427886099e+007 6.66198289683166e+005 4.50729907164930e+004 -7.12811087708464e+002 -3.07793474570859e+001 3.26354699660452e-001 1.24109621575387e-002 -9.92696988995602e-005 -4.71650084351784e-006 
8.29684627883782e+007 -1.13198136831984e+007 -1.07114538419452e+006 2.39638687284116e+004 1.16944688903035e+003 -1.57694472011207e+001 -5.76583774854520e-001 5.62668974879945e-003 2.15401456016033e-004 -1.64615271993587e-006 
4.06375395419115e+007 -3.76056613686702e+006 -5.24154731893030e+005 7.93242682167723e+003 5.71340337110810e+002 -5.14915717094283e+000 -2.80106316539007e-001 1.74689855872656e-003 1.03210005468478e-004 -4.42404728937921e-007 
-8.77965880394825e+007 -1.38206035587124e+007 1.12001158640328e+006 2.92786790675864e+004 -1.22440379882888e+003 -1.92805924724543e+001 6.06396505761627e-001 6.90191912994536e-003 -2.28838313845962e-004 -2.03977246045785e-006 
5.28761496941424e+007 -1.84491561503098e+007 -6.83977269175612e+005 3.94666971916157e+004 7.32149843630783e+002 -2.70152032076428e+001 -3.35857743317476e-001 1.09689757989068e-002 1.02940033396360e-004 -4.21482214263313e-006 
2.93277108608277e+007 -7.42773386070068e+006 -3.78637574475417e+005 1.59077976016930e+004 4.06920256769241e+002 -1.09371202591720e+001 -1.89495055406388e-001 4.49942052711020e-003 6.07994589165947e-005 -1.76759963557958e-006 
1.48602781390535e+008 -6.24939318329288e+005 -7.02471712145048e+005 -2.95548466318629e+002 2.71697369877712e+002 7.97047163684116e-001 -3.93090849648182e-002 -3.45992271220922e-004 5.71674132654577e-005 -2.20347391482080e-006 -8.79962548252204e-007 8.67713921089756e-008 1.06017689194220e-008 
1.67046713384433e+006 1.87671052290486e+007 -9.14888122568616e+003 -1.46979359338003e+004 -2.10331998659441e+001 3.31113114219505e+000 1.83387060718718e-002 -9.02939629298013e-005 -1.11391595938077e-005 -3.66191582300815e-006 2.10482985189754e-007 2.27421005545428e-008 -8.02185727326347e-009 
7.46798798935878e+005 8.13485930163975e+006 -3.96049999274619e+003 -6.37098818388578e+003 -9.11922043403386e+000 1.43565690454265e+000 7.95523895958872e-003 -6.90030425775762e-005 -4.87603523680263e-006 -6.14147916034040e-007 6.94423714658887e-008 -4.57372422997575e-009 -2.03415545379613e-009 
1.41774647386412e+008 -6.18412839210830e+006 -6.79580465871642e+005 4.12592434455379e+003 2.77685635744202e+002 -2.42278843644838e-001 -4.99449290258776e-002 1.02833186137210e-005 1.27250815651978e-004 -2.88001402321016e-005 -6.79447957655282e-006 2.50093216931503e-006 3.36150462964660e-007 
3.85723357548129e+007 1.79878697365113e+007 -1.85286733158101e+005 -1.44832646563254e+004 4.89215627525588e+001 3.63808261607950e+000 8.51767512259447e-003 -1.20095787121090e-004 -4.24770192550118e-005 -2.14622497006961e-005 3.56940281710151e-006 1.27051600862578e-006 -3.50522403554299e-007 
1.67424627825058e+007 7.79713180471129e+006 -8.03096415319490e+004 -6.27796994110330e+003 2.12041650146080e+001 1.57731058606638e+000 3.57181531930376e-003 -8.63092509431049e-005 -7.24840086221484e-006 -7.19022098597909e-006 6.61121458666277e-007 4.55354124300537e-007 -8.09338629800510e-008 
1.85556505309754e+008 1.52029189175000e+007 -1.34441301670239e+006 -1.83740719225421e+004 1.02697920145617e+003 1.23968221015729e+001 -6.93826171552254e-001 -9.45683425812388e-003 5.53482781280303e-004 6.94784193148261e-006 -6.79447504371415e-007 
-7.62749525969445e+007 3.03038255805478e+007 5.48477672505276e+005 -3.62624131154639e+004 -4.26547118172912e+002 2.38558263908894e+001 2.97309612062010e-001 -1.76704845638188e-002 -2.49292829227185e-004 1.51956927798573e-005 4.22925234480886e-007 
-3.99774186743542e+007 1.34903953989441e+007 2.87816682991227e+005 -1.61377416491716e+004 -2.23331000973676e+002 1.06081209776788e+001 1.55091816636496e-001 -7.85030223906559e-003 -1.29965513027086e-004 6.61349039547603e-006 2.02445608557207e-007 
6.78913392783428e+008 7.34251828467906e+006 -1.02746701476049e+005 -2.22612276932987e+002 1.32537543354020e+000 3.39368853728031e-003 -8.48580882851574e-006 -1.03675727034692e-007 
-2.82002459677019e+008 1.59180733614868e+007 4.25931530817877e+004 -3.85811594973026e+002 -8.11606790015276e-001 3.30701904041856e-003 1.15349176941662e-005 -5.17066831558471e-008 
-1.37393913816473e+008 6.64407690131982e+006 2.07573054193266e+004 -1.59949755235854e+002 -3.80133804305301e-001 1.33565022231740e-003 5.13566897043371e-006 -2.94584431533637e-008 
-3.20860736756535e+008 -1.36917864996012e+007 8.25741417267865e+003 5.83869115305734e+001 -2.51570904941006e-002 -1.08179475598087e-004 -4.80819738534103e-008 
1.20698231526162e+009 -3.17548602037007e+006 -3.11211994994128e+004 1.52803923214139e+001 7.65408413803143e-002 -4.00821443568821e-005 -2.32154919641075e-007 
5.12363589332891e+008 -7.21883485676044e+005 -1.32105074519407e+004 3.79575533427647e+000 3.27026357803030e-002 -1.18536163644294e-005 -8.88537106610910e-008 
-1.27960532132549e+008 -9.47391207311748e+006 3.53552068687724e+002 4.41197395808685e+000 4.53572330583366e-004 -5.96230692771964e-007 
2.59574147436444e+009 -8.41886269658540e+005 -7.21577505377882e+003 -1.56571446960907e-001 1.73032115209576e-003 9.79493573248144e-008 
1.13866537440797e+009 -2.34813400139795e+005 -3.16536441852663e+003 -1.30479182128349e-001 7.51093978298842e-004 4.55750152894737e-008 
4.23952998758297e+009 -2.39012346759219e+006 -3.02598505339010e+003 2.72767365208461e-001 1.80082686968956e-004 5.16624264350221e-008 
1.32625599309190e+009 6.62840283451969e+006 -9.46795269263746e+002 -7.92657327595166e-001 5.94589828279725e-005 6.99683191995445e-008 
4.37295295879927e+008 2.77254323844379e+006 -3.12194565634882e+002 -3.31225917550027e-001 1.99988076837678e-005 2.79788505396160e-008 
3.94664435195734e+009 5.56435843716556e+006 -1.42965660209721e+003 -1.20176378944098e-001 8.57927760547756e-005 -4.83635129225580e-008 
-3.29112102607805e+009 4.07978176841798e+006 1.19219034685140e+003 -4.25704448355419e-001 4.42013560732933e-005 1.04030343664468e-008 
-2.21617055441012e+009 -4.03343895065463e+005 8.02822573763335e+002 -9.65694514603414e-002 -1.31529188757908e-005 1.63697830697001e-008 
-1.41232420058655e+005 -1.59751398091232e+005 7.18826856298152e+003 1.27237192691127e+003 -4.96903402832166e+001 -1.41912390803132e+000 1.12707777762520e-001 -8.24297002692797e-003 4.95861865429015e-004 6.28438346347406e-006 -3.09355665281436e-006 2.08027840641777e-007 -6.13692108214195e-009 
3.26694330805725e+005 -5.18969645137117e+004 -1.72361118750438e+004 6.38958712310886e+002 5.78652073546580e+001 -2.74558208715410e+000 4.86790971553219e-002 4.50778612565426e-006 -4.49890502264935e-004 4.87750004828888e-005 -1.57722591560540e-006 -7.89270210403838e-008 1.27359912578517e-008 
1.05080123653079e+005 -2.03293149786312e+004 -5.54473151933907e+003 2.36958636866091e+002 1.80682125381920e+001 -9.36800366751478e-001 1.85022991833585e-002 -1.65895976887456e-004 -1.38723199437240e-004 1.62474997365280e-005 -5.84438824404958e-007 -2.18307244509433e-008 4.08553895460775e-009 
-3.65404398816255e+005 -5.61563556945246e+004 1.70835221266430e+004 3.48160083333755e+002 -6.15379972991502e+001 8.38020944191836e-003 4.54275042995353e-002 8.76217700989969e-005 -5.73222665314165e-005 -1.23917843630608e-005 8.79886485428623e-007 2.31949189789389e-008 -2.14100116159906e-009 
1.17873917751569e+005 -1.47198407219036e+005 -5.65460012945587e+003 1.17578201529295e+003 1.13593797217346e+001 -2.06382395380414e+000 1.53404042131391e-002 4.64292817315868e-004 1.21220689643709e-004 -9.23310262798387e-006 -6.53859271273777e-007 4.95360202009754e-008 5.00923288131011e-010 
3.16816974083320e+004 -4.96914037060726e+004 -1.52115450129963e+003 3.94921080065002e+002 2.47402912023612e+000 -6.79898647947182e-001 6.06646987668668e-003 1.51732335977485e-004 3.88451012811010e-005 -3.29501408706248e-006 -1.97904175029467e-007 1.68197225606370e-008 1.20451051796845e-010 
-3.39396050426434e+005 8.08612308815724e+004 1.55381313899946e+004 -5.81498680852107e+002 -5.21469260964480e+001 7.66329668949507e-001 6.00950105209677e-003 -1.92002729392289e-003 1.07253763032224e-004 1.56019759522452e-005 1.40997539029850e-007 -2.33587101489311e-008 1.11217421193078e-009 
-1.76862419741512e+005 -1.35877764889502e+005 8.26845499202052e+003 1.05476559617753e+003 -2.45373761220559e+001 -1.48407930799069e+000 2.09090046039788e-002 -1.93416613444497e-003 -1.99731909221078e-004 9.71375838414997e-007 7.35040627815209e-007 2.37844062434507e-009 -2.39405664094566e-010 
-6.50300908012965e+004 -4.32018503903090e+004 3.03871437600007e+003 3.35944589658825e+002 -9.14855486689239e+000 -4.72198347099376e-001 7.03146032853282e-003 -6.78841461851406e-004 -6.36786220030809e-005 6.33421161962500e-007 2.45018532706136e-007 3.03676051973964e-010 -5.62487838216771e-011 
-8.47025839906781e+004 1.64247086064328e+005 4.06672451516835e+003 -1.28999406928759e+003 -3.55148492602866e+001 1.17036181891984e+000 8.27421953137274e-002 9.80340618005089e-003 5.18258499894214e-004 -7.23078473819306e-006 -2.54408543970316e-006 -2.06310666743745e-007 -9.82480681891231e-009 
-3.48558505042932e+005 -2.79905956357050e+004 1.76023871540743e+004 4.23076662368625e+002 -5.64005416403875e+001 -2.10387805077844e+000 -7.28021681254166e-002 -1.19799510891628e-003 5.06159708605377e-004 4.59890209056587e-005 1.66971000911057e-006 -2.46769006297019e-008 -1.13229947812602e-008 
-1.16578143346808e+005 -5.95924492959579e+003 5.88418130870601e+003 1.13539210831970e+002 -1.92872208746244e+001 -6.68887233300501e-001 -2.24008620197416e-002 -2.01849881554429e-004 1.77154105995496e-004 1.50118059309654e-005 4.99797704032156e-007 -1.22156821065021e-008 -3.92664075934599e-009 
2.22440190335903e+005 1.28238375851945e+005 -1.33927358901915e+004 -1.44999967509611e+003 3.44815576874262e+001 6.89025496007030e+000 2.99800278793620e-001 -1.47856243590307e-002 -3.22184792164922e-003 -1.39915829720543e-004 1.23296600048324e-005 1.99793028483767e-006 6.50597263613157e-008 
-2.60879738728258e+005 1.14133679724184e+005 1.56645544063494e+004 -8.67605001802626e+002 -1.02079263792005e+002 -7.93506113446204e-001 3.63849367230109e-001 3.42412640047811e-002 2.64372183923877e-004 -2.19846365092685e-004 -1.86113113623515e-005 1.63718584647035e-007 1.55644498020300e-007 
-8.15654344419419e+004 4.01729369279506e+004 4.89663440737824e+003 -3.14792516565215e+002 -3.29417798405994e+001 -1.25057613772972e-001 1.25792307109749e-001 1.09917637108114e-002 2.33001718025887e-005 -7.52257658711475e-005 -5.88892920487352e-006 9.35818296546212e-008 5.25847156861839e-008 
3.30853741964825e+005 -2.76803908521516e+004 -2.25625481594927e+004 2.48379793764983e+002 1.54798184866828e+002 -4.00061111473198e-001 -9.32995356441844e-001 -6.95564857017996e-003 7.22789992401325e-003 1.34671747162664e-004 -6.32348718464422e-005 -1.92655108518253e-006 5.82626957493337e-007 
4.20633705125513e+004 1.73180502628363e+005 -2.86754040865404e+003 -1.93242735636429e+003 1.16552420746897e+001 1.10978642993894e+001 2.90888541761483e-002 -7.60913850565842e-002 -1.02850084032955e-003 6.35365302530564e-004 1.58675992956404e-005 -5.73214594135392e-006 -2.13168912200016e-007 
2.04511952463702e+004 5.65371152596866e+004 -1.39283134643761e+003 -6.31887862331727e+002 6.91011148375323e+000 3.64823334847862e+000 -8.92392913457999e-003 -2.52107017701108e-002 -1.95504995667744e-004 2.12053880317740e-004 3.97431896318577e-006 -1.92728681995715e-006 -5.86889712677287e-008 
1.29553288385644e+005 -1.61356333352226e+005 -8.15603263902285e+003 1.75777173181166e+003 8.31868400864102e+000 -8.13802075389317e+000 4.01150747900057e-001 2.25700152061672e-002 -4.35278789805610e-003 1.11330212652659e-004 2.66538286255508e-005 -2.66383734776584e-006 -4.21336566558936e-008 
3.03695088761940e+005 7.47267919259300e+004 -1.91201504156526e+004 -4.96624154293688e+002 1.20217674847255e+002 -2.12042465652153e+000 -4.55112490377509e-001 4.31732514406831e-002 3.42653651623060e-004 -3.47327928464582e-004 1.98732291482812e-005 1.47729880862436e-006 -2.64610617395153e-007 
1.02705070396323e+005 2.14366561595332e+004 -6.46372312435204e+003 -1.28955104049979e+002 3.97654576248087e+001 -8.60330682327565e-001 -1.41947472299717e-001 1.46765123568836e-002 2.64074517810691e-005 -1.12251958743374e-004 7.07855951991486e-006 4.33962474587319e-007 -8.80411770392715e-008 
-1.95902288411743e+005 -1.48747984141561e+005 1.01386192162497e+004 1.12401912275193e+003 -6.14211887840488e+001 -2.97085326144119e-001 1.08049490124700e-001 -1.37476090256174e-002 7.88425708878724e-004 7.88628262162257e-006 -4.39449689501879e-006 3.73378973409796e-007 -1.37257204411265e-008 
3.00946251914090e+005 -7.46541066126692e+004 -1.58882307936000e+004 8.37835849364806e+002 4.52636674888969e+001 -3.10468416479241e+000 1.29653093070156e-001 -2.32222177536602e-003 -6.91355671949202e-004 7.14694134271578e-005 -2.76568480668313e-006 -9.01064149333179e-008 2.48312398635669e-008 
9.53494221674851e+004 -2.75607594532385e+004 -5.03907440557088e+003 2.98051277512543e+002 1.36970134514216e+001 -1.02742790308282e+000 4.49227841262612e-002 -1.04017068498195e-003 -2.12255440608914e-004 2.37088983679407e-005 -9.98714175241054e-007 -2.22709310670360e-008 7.91108546425865e-009 
-7.68452003446919e+005 -1.32932087159809e+003 2.43790475651907e+001 -4.87472638850205e-002 1.22306822004921e-003 1.43958981061917e-004 5.42440098728159e-007 -9.55532208833796e-008 -4.56055782505846e-009 1.11987103207893e-008 -1.16400884412553e-010 
-2.50301299061511e+005 -7.30011939466056e+003 -6.00231587026646e+000 2.90860051052650e-002 -2.00259299095805e-003 4.08791243074894e-005 7.61872977828747e-006 1.24613472788438e-007 2.56997476916806e-008 -5.34966370905650e-009 3.30421672173362e-011 
-8.44647516520060e+004 -3.13612928863514e+003 -3.06578381580203e+000 1.39022720640088e-002 -9.90597704825237e-004 7.47679430807914e-006 3.88119287347568e-006 7.61715018222046e-008 1.42275064832242e-008 -2.35264109433494e-009 1.58736270915633e-011 
-7.70917089133220e+005 -1.13608219783851e+003 2.40028739123263e+001 -7.96125043297561e-003 3.45784602621896e-003 -1.67316161087776e-005 -2.83857702853432e-005 -3.61159583233533e-006 -3.23438225015267e-007 -1.45920312114856e-009 1.29786752856980e-009 
-2.64948746014855e+005 -7.34714654485951e+003 -5.77874578919754e+000 1.65277495291446e-002 1.44444226144271e-003 3.61410771625177e-004 2.07137426776883e-005 4.30826233268530e-008 -1.91158922646260e-007 -4.03309415997475e-008 -3.69843610707012e-009 
-9.07611653231704e+004 -3.16020531169368e+003 -2.96802870566484e+000 6.18171548892229e-003 5.99457868271246e-004 1.92343944784694e-004 1.38968320993058e-005 3.98488425269551e-007 -6.86582595105921e-008 -1.97964686860080e-008 -2.12041924191600e-009 
1.94400275345753e-005 -1.44047313689695e-006 -5.41179857617603e-007 4.43182855641530e-008 3.04791900367554e-008 -3.04333331387123e-009 -4.43108145885002e-010 7.90548816837952e-011 1.22008423330689e-012 -3.38752836127441e-012 
-4.10952754316669e-005 4.24684520209658e-007 -4.75491861903382e-008 -6.20993636427791e-008 5.41882404544865e-009 1.88255444672860e-009 -1.78940154109630e-010 -3.29710033759905e-011 -4.27659394873557e-012 3.27297004681915e-012 
1.60280718696016e-005 -1.00637512160878e-006 4.94967370578463e-007 -2.78958150317062e-008 -2.84015672064568e-008 -5.29204971255570e-010 4.03352610852301e-010 8.69416357637959e-011 1.22743608269959e-012 -7.00864284871440e-012 
-4.12539793468340e-005 -4.85013897780776e-007 5.26116025734416e-008 5.68413341180794e-008 -1.62543420143209e-009 -1.72149693945467e-009 -2.49059768404902e-011 2.42570191453775e-011 -5.52670883554590e-012 -2.80998503932938e-012 
1.41808321299336e-005 -1.75830966842987e-006 -3.65872142645858e-007 1.77947708362779e-007 6.09706655593919e-008 -8.52992481303419e-009 -4.79437365041435e-009 -5.95765990018014e-011 2.61141847399107e-010 2.68381215301062e-011 
-4.14316627787428e-005 5.48255086606618e-008 -2.36439812360711e-007 -7.73378785056328e-008 2.03956008069144e-008 7.52968412524405e-009 -6.06733205008760e-010 -4.57783823797498e-010 -3.36186271002585e-012 1.96088948601087e-011 
1.24423475523311e-005 1.64020641871923e-007 -2.10275024325731e-007 -1.87298421676733e-007 3.48621378751683e-008 5.14167645125076e-009 -2.32459573814758e-009 3.58618264718550e-010 4.98925975275796e-011 -3.53498577529277e-011 
-4.21310905312539e-005 -2.15079492111887e-007 2.37266078635382e-007 -3.70315333979620e-008 -1.78703584059271e-008 4.48136321301822e-009 4.74629281274224e-011 -2.43791458352481e-010 4.29694760190651e-011 7.02114795741300e-012 
1.35478571838084e-002 8.49270049837377e-004 -4.37186648826290e-005 -4.28764968418492e-005 5.07960346430468e-006 4.52001217163291e-007 -1.31558758196007e-007 1.09630674630948e-009 1.06863322736704e-009 -1.05114705527305e-011 
4.35723808068995e-001 1.21628916177375e-005 -1.10681939422762e-004 8.49617276697079e-006 2.15289298591069e-006 -3.93645078762085e-007 -9.52908403937817e-009 5.97532349834317e-009 -1.32125699814229e-010 -1.82878660318819e-011 
5.39640165993949e+003 9.19154034328483e-001 5.23872578890424e-005 3.74468902121055e-005 -4.73222376002783e-006 -4.00219459966599e-007 1.19008218377985e-007 -8.40302394785900e-010 -9.80079726275013e-010 7.31692711233579e-012 
1.41632691160421e-002 -3.22092886443473e-004 -1.66087592912114e-004 2.41990460251139e-006 -1.07802557723136e-006 -7.36861475278681e-008 8.73062456203412e-008 2.62482250982627e-009 -5.45541613329969e-010 2.91496559429141e-011 
4.35283473095593e-001 -3.48254420501058e-004 9.75715804332039e-006 5.57601039409661e-006 -1.65298465578958e-007 2.13289595522856e-007 6.85178244153203e-009 -3.87794139387827e-009 -7.06916107785868e-011 -2.97626849609627e-012 
5.39824098367436e+003 9.20230635990994e-001 1.40888479739145e-004 -3.95159237756280e-006 1.06779936293251e-006 7.72833395583327e-008 -7.90260474097913e-008 -2.23218012563058e-009 5.17069444054204e-010 -2.72698269526853e-011 
1.24175437586921e-002 -1.29005449462179e-003 1.55191861346656e-005 5.29983924709066e-005 5.48577670142796e-006 -1.17188589864273e-006 -3.33895359332764e-007 7.76394405217798e-009 1.21020400957267e-008 9.08073997090247e-010 
4.34967922265970e-001 1.25494329914019e-004 1.15532615878292e-004 4.50490478962439e-006 -3.49933727687245e-006 -6.15947029231887e-007 5.61940653082659e-008 2.72835681430002e-008 7.04303764109652e-010 -8.63134530638722e-010 
5.40008233214093e+003 9.20994767240890e-001 -2.53135668024377e-005 -4.55700376938137e-005 -4.57003696624335e-006 1.03680407091652e-006 2.90487761434446e-007 -7.60854954292106e-009 -1.06246182864435e-008 -7.70844634200656e-010 
1.14171787225264e-002 4.66492822583349e-004 2.05201929969150e-004 -4.89276166864539e-005 -3.21169360950414e-006 1.55012019920457e-006 -7.37276898780683e-008 -2.26262040129211e-008 4.74879078062592e-009 -3.32082661501636e-010 
4.35653120835340e-001 3.68764449893029e-004 -9.17324575284166e-005 -1.29935770514785e-005 3.92130820030425e-006 1.78510359520939e-008 -8.98425011150755e-008 9.64708505874323e-009 3.76304076026717e-010 -3.02196017333436e-010 
5.40192291134487e+003 9.19450233640096e-001 -1.67814853869414e-004 4.45211589675501e-005 2.56899043145313e-006 -1.37541073116252e-006 6.72853329274147e-008 1.96372308392036e-008 -4.15239051757504e-009 3.01170728676896e-010 
