5.72011818075412e+006 1.32979208844507e+007 -8.07703153554996e+004 -2.76911733123807e+004 -2.90948970355084e+002 -1.45947711102200e+001 -5.50897743267980e-002 7.83733150692260e-003 6.41188731459831e-004 4.13671652108856e-005 1.54048873489505e-006 6.44494546110996e-008 1.43622540246235e-009 1.92182647276847e-011 
-5.98379568892046e+007 2.67660693877372e+006 7.27637179061848e+005 2.87270112593101e+002 -3.27402416675307e+002 -1.00389331892104e+001 -7.37575662108845e-001 -1.71413708882132e-002 -7.44104965720636e-004 -7.65296173386313e-006 1.58491865533032e-007 3.59694988711715e-008 2.30405125557642e-009 1.10173865350685e-010 
-3.25816244790972e+007 5.23918202749558e+004 3.97086810761662e+005 3.02267173463277e+003 -1.44760228909689e+002 -3.85052532037525e+000 -3.88317548783298e-001 -9.97041626665526e-003 -4.63893738569424e-004 -8.37091291546498e-006 -7.55025277284797e-008 1.25450418217732e-008 1.08532512864264e-009 5.66157206651583e-011 
3.05471243658153e+007 1.12214104484617e+007 -4.50507252536783e+005 -3.46139991025441e+004 -5.58413571181263e+002 -9.00461649565333e+000 7.98081387598462e-001 7.07264283855040e-002 4.07583432624963e-003 1.72907247099237e-004 4.68297982968699e-006 -2.47526145709696e-008 -1.42887432580774e-008 -1.17561139088819e-009 
-4.87302006081642e+007 8.39991766866558e+006 6.89345642081033e+005 -7.73268540478964e+003 -7.58508285496208e+002 -3.62728753553551e+001 -1.55112744347251e+000 -3.78961820038030e-002 -9.83261654234725e-007 9.59898659066154e-005 7.80864242146533e-006 4.34902414488250e-007 1.75451812811930e-008 4.02022975764583e-010 
-2.92193763218672e+007 3.32505129242264e+006 4.14940778628814e+005 -5.44437828170394e+002 -3.47348327613708e+002 -1.84445390631833e+001 -9.11339160693525e-001 -2.75728264963790e-002 -4.22835710949720e-004 3.33621953078112e-005 3.68639203252514e-006 2.34895696329215e-007 1.08530998982769e-008 3.36617008192314e-010 
4.79614220415973e+007 5.80177363125843e+006 -9.19395723886016e+005 -4.29267878379340e+004 -2.82597374778881e+002 5.52271467526477e+001 5.66693704931512e+000 3.08209742210994e-001 8.79197764896560e-003 -2.75880929071232e-004 -5.75202509590333e-005 -4.37690188799510e-006 -1.94674000225505e-007 -1.47155250182486e-009 
-2.69006554760406e+007 1.32673647425403e+007 4.92408009296623e+005 -2.79846363192426e+004 -1.91696461717725e+003 -7.96699144433469e+001 -1.36985833941905e+000 1.30282635377482e-001 1.58632957806467e-002 9.92719866625691e-004 3.42271328321595e-005 -5.09509775987853e-007 -1.81432163696602e-007 -1.54558865571300e-008 
-1.93612777584556e+007 6.48688862262913e+006 3.58316769715448e+005 -1.05020512551774e+004 -9.94794506334100e+002 -4.82834288046609e+001 -1.31898070244461e+000 3.76643404466019e-002 7.56346727745077e-003 5.58913827295705e-004 2.42446746736250e-005 1.81321409399339e-007 -7.67531039409530e-008 -8.10433360692684e-009 
5.06195117266294e+007 -3.54303394854155e+006 -1.39260674332600e+006 -2.80799846701358e+004 2.91158268978451e+003 2.89979066587532e+002 1.08700939500006e+001 -4.74015235070521e-001 -9.55557251722139e-002 -5.82987503143820e-003 1.51632883519164e-005 3.52600516708371e-005 3.15178473971585e-006 7.86395209234433e-008 
2.06193816671589e+006 1.52212510102486e+007 -7.88924554598042e+004 -7.04413811294598e+004 -3.09023150025926e+003 2.49459297818290e+001 1.49766719138484e+001 1.12282621942555e+000 1.98993438438788e-002 -4.28082881493368e-003 -4.94469874466231e-004 -2.00563901993162e-005 1.11291170368835e-006 2.26020549116533e-007 
-4.16360556990535e+006 8.49895467581001e+006 1.02149516044430e+005 -3.47215326635419e+004 -1.95253852034762e+003 -1.67195414830777e+001 6.87450047187014e+000 6.48948375750705e-001 2.05315491626803e-002 -1.68283327278898e-003 -2.65725611283265e-004 -1.43679327639608e-005 2.67965866969962e-007 1.12595932133206e-007 
6.12170913398109e+006 2.38459304562865e+007 -8.54826032006722e+004 -4.90485564641964e+004 1.20337483388908e+002 2.86554906631271e+001 -9.87231411399517e-002 -6.14262315170862e-003 5.99038587448769e-005 -4.84448997121714e-007 
-9.79625945427740e+007 1.86761673563747e+006 1.21191413336895e+006 -4.41798737000336e+003 -1.22264657436443e+003 3.95482114281679e+000 4.39412596205274e-001 -2.45014832153394e-003 -3.56484951406923e-005 8.79866128962067e-007 
-4.44895622931578e+007 -6.67913722911597e+005 5.50767688661036e+005 1.11468414803327e+003 -5.57800600197949e+002 -3.33386519744468e-002 2.04002817705679e-001 -7.11980313993029e-004 -2.05403906522612e-005 4.79776743460765e-007 
5.13169867497969e+007 2.08829152209205e+007 -6.44168273976522e+005 -4.27218763219610e+004 6.56846403644787e+002 2.44157953459959e+001 -2.47745682483429e-001 -4.65315211849957e-003 3.20664794279646e-005 -7.68399754374173e-007 
-8.49284477478355e+007 1.10279165202667e+007 1.04592188989269e+006 -2.27998797821908e+004 -1.04420601593336e+003 1.35734176797226e+001 3.58698752999107e-001 -3.21651181617220e-003 -1.74699985322343e-005 1.14655185252053e-008 
-4.14829561448424e+007 3.64165009232239e+006 5.11413427870573e+005 -7.55736380945774e+003 -5.11443163863482e+002 4.56350888543972e+000 1.77085731590749e-001 -1.15331702936233e-003 -9.84356501150108e-006 4.95475771354803e-008 
-1.88577363503418e+007 -2.07151795606066e+007 9.03327967129864e+004 1.72168174048383e+004 -3.61611043741184e+001 -4.93980682455627e+000 5.61137480331843e-003 1.31594035782217e-003 2.20501578347959e-005 -1.47848565383750e-005 -1.64736368903773e-006 4.14254944037903e-007 9.32098838227019e-008 
1.32941708462017e+008 -2.40698109153595e+006 -6.65671945635622e+005 1.91113130851085e+003 2.90344514689993e+002 -4.62826784953946e-001 -6.31140958843063e-002 9.62570346897359e-005 -1.02140038519552e-004 -5.78557958532978e-006 4.88447595776180e-006 5.05111035441568e-007 -1.20745003147415e-007 
5.76494949974864e+007 -1.04314995817198e+006 -2.88544333692856e+005 8.28257684669106e+002 1.25852117277569e+002 -2.00564613121230e-001 -2.71954473779090e-002 4.20396133048399e-005 -5.61133855266784e-005 -2.83857594734216e-006 2.68729478610451e-006 2.61076633301023e-007 -7.00854766748469e-008 
-5.89230238742752e+007 -1.91833531360724e+007 2.90255624849899e+005 1.58655381259360e+004 -1.31242598956171e+002 -4.47192845639534e+000 3.24209178173149e-002 1.08674132244218e-003 3.94610015383110e-006 -3.26468667072314e-006 -6.66560102878617e-007 -2.24828723838325e-007 1.23460901244578e-008 
1.22929936035152e+008 -7.56289210843707e+006 -6.15439995821150e+005 6.39954524028752e+003 2.65874133467451e+002 -1.95487845764829e+000 -5.63976009010982e-002 3.84402582504849e-004 -3.71419064601239e-005 -6.14152708489447e-007 6.52018611539372e-008 2.05602943264212e-007 6.21398859751675e-008 
5.33101296304761e+007 -3.27805511948355e+006 -2.66772412754620e+005 2.77381843014174e+003 1.15246409665956e+002 -8.46991450314562e-001 -2.43625847805990e-002 1.43316879354256e-004 -2.05423995247487e-005 2.43880918960766e-007 1.21472333638866e-007 1.12250280724264e-007 2.89349461700171e-008 
1.75458191823378e+008 -1.76499127683653e+007 -1.12330067121254e+006 2.56149631602609e+004 4.65658088694357e+002 -1.96150755540390e+001 1.00023943827721e-001 1.04866947201166e-002 -2.82532486454931e-004 -9.58986226524589e-007 2.98302936828038e-007 
1.11776031458310e+008 2.74163249652193e+007 -7.13272221098249e+005 -2.46330929560018e+004 6.74306997754485e+002 3.43070888788282e+000 -4.35609983472675e-001 6.69260065771853e-003 1.66422891619833e-004 -8.52346310540936e-006 -1.31126270878835e-007 
4.65526181745302e+007 1.30514929860786e+007 -2.96887803344911e+005 -1.19892335329448e+004 2.96742403944894e+002 2.10232508836903e+000 -2.02496167899987e-001 2.78790588235600e-003 8.38008626123714e-005 -3.98338526433843e-006 -9.38000221899195e-008 
7.15389350890997e+008 4.78999816704957e+006 -1.09559740719918e+005 -1.54437932009507e+002 1.50799974374422e+000 2.67268359551367e-003 -1.14349537095026e-005 -2.39046558796147e-007 
-1.83776006006446e+008 1.67683575594623e+007 2.80636517568679e+004 -4.19613611019261e+002 -5.89065683735729e-001 4.07819859940711e-003 8.45932347480133e-006 -5.94566355648571e-008 
-9.61799698205944e+007 7.07065752974768e+006 1.46954419194130e+004 -1.76097489571223e+002 -2.89194248363053e-001 1.68355221454262e-003 3.88389687500787e-006 -3.40850075291420e-008 
-4.02365714946770e+008 -1.34685720203138e+007 1.03357229570103e+004 5.70234037637504e+001 -3.15868061361666e-002 -1.02292173465642e-004 1.20502015884546e-007 
1.18570298209077e+009 -3.91526531244921e+006 -3.05056890583183e+004 1.88947372495676e+001 7.40156037749951e-002 -4.67677454461751e-005 -3.02812435115889e-007 
5.07084835950091e+008 -1.03706958849856e+006 -1.30458189111584e+004 5.34759659514430e+000 3.19370132008870e-002 -1.48374619923683e-005 -1.23629251195340e-007 
-1.84774652585982e+008 -9.46351776213907e+006 5.12763874258118e+002 4.43283425723281e+000 4.17370222842695e-004 -5.26584436048005e-007 
2.59017050180510e+009 -1.01512044871885e+006 -7.21991337589659e+003 -7.32155921037040e-002 1.74365816459906e-003 1.10828379029657e-007 
1.13702848091670e+009 -3.10833277064829e+005 -3.16941120375353e+003 -9.42879063356053e-002 7.57154394394465e-004 5.05752568492917e-008 
4.22497161841234e+009 -2.46262801462576e+006 -3.01600899226465e+003 2.81476612829155e-001 1.82513564188689e-004 4.66615584436115e-008 
1.36595754237492e+009 6.60533774023507e+006 -9.75278551213748e+002 -7.89721449355150e-001 6.28879841535034e-005 7.02576030237985e-008 
4.53907785382728e+008 2.76490762092331e+006 -3.24101027017361e+002 -3.30234158466228e-001 2.13382319186212e-005 2.80242479091890e-008 
3.97992746224169e+009 5.52999535456941e+006 -1.43390964120668e+003 -1.16123547098582e-001 8.32595553554696e-005 -3.92503734026776e-008 
-3.26655687274812e+009 4.10821074167222e+006 1.17690344852225e+003 -4.23559755464341e-001 4.51219922427367e-005 9.84090768149281e-009 
-2.21853289987081e+009 -3.84117960823284e+005 7.99335042331448e+002 -9.71732675265791e-002 -1.20575646194892e-005 1.47014603756991e-008 
9.76312478654620e+004 1.63419300280550e+005 -5.33980164066801e+003 -1.48067987188351e+003 4.70815620968640e+000 4.32205303806784e+000 9.27607853298818e-002 -9.28525657515912e-003 -3.27696822020262e-004 3.82086870323761e-005 1.00919057915125e-006 -2.17254847923120e-007 -7.96952073230291e-009 
-3.36771697243777e+005 4.91826004129629e+004 1.78211818477742e+004 -2.69406354415984e+002 -8.25425118496321e+001 -7.54367399114086e-001 1.83722007918579e-001 6.01566804575099e-003 -5.10163786760441e-004 -1.53629901286814e-005 2.75858529380332e-006 8.34024630567647e-008 -1.45484015280042e-008 
-1.11349131684570e+005 1.84568956654486e+004 5.85757168601379e+003 -1.07683604188965e+002 -2.72687156636591e+001 -1.98905289281587e-001 6.18648747086824e-002 1.88030050293450e-003 -1.73168305462866e-004 -4.60623712263219e-006 9.28636799854945e-007 2.49924173430906e-008 -4.92839544214988e-009 
3.30928035112646e+005 5.77932456274963e+004 -1.96705786586739e+004 -6.87326555479058e+002 9.11243039845772e+001 3.33271656070085e+000 -1.55759871620796e-001 -6.84300446708611e-003 -5.44574209116786e-005 -3.14529531708778e-005 3.40277937409970e-007 3.20555068927321e-007 6.42607326884492e-009 
-1.21605257840769e+005 1.56928286604314e+005 7.01949469496271e+003 -1.44642741839713e+003 -4.89633330339727e+001 4.01688576881250e+000 1.70293527420496e-001 -3.25299476835623e-003 -3.63022921836361e-006 -9.50898660486424e-006 -3.65599796426526e-006 -3.33191195195171e-008 1.98844477327987e-008 
-3.67442297542546e+004 5.29971441370695e+004 2.10001770645896e+003 -4.88068925773189e+002 -1.51531326413480e+001 1.36726295951970e+000 5.45182717220124e-002 -1.14503984183055e-003 -8.65228702132338e-007 -3.54457833608819e-006 -1.21263352867131e-006 -7.34326868391288e-009 6.67304441162667e-009 
2.82812734525674e+005 -1.04397858635934e+005 -1.78327384650439e+004 1.02489586483234e+003 1.01874314584920e+002 -3.21401717402207e+000 -3.79874592225547e-001 -1.25397216583029e-003 1.41667834675010e-003 9.81372916997596e-005 -3.84743146247538e-006 -8.62429348672210e-007 -1.13598986139787e-008 
1.88858012528333e+005 1.37691069392818e+005 -1.17786978128380e+004 -1.40855243466728e+003 6.05390271030626e+001 5.93901024972235e+000 -1.02438040535550e-001 -2.20595942686383e-002 -7.12087772275884e-004 7.64754388599417e-005 9.36762504880085e-006 -7.93910837341251e-008 -6.47374306681635e-008 
6.62139691805166e+004 4.47203180651339e+004 -4.11757552567357e+003 -4.55797287632207e+002 2.12199321848252e+001 1.93116120668986e+000 -3.80688448774423e-002 -7.32687758508957e-003 -2.21553456190124e-004 2.64562149585324e-005 3.07095523132356e-006 -3.57793816324968e-008 -2.16270443534258e-008 
-1.51533943514151e+004 -1.77865163455069e+005 7.55935908531395e+002 1.74468126246308e+003 -2.47547826864173e+001 -6.83448841614392e+000 2.39033011027636e-001 2.70518539509017e-002 -1.62299786682573e-003 -1.44289245806586e-004 1.15066714534630e-005 8.48726877589436e-007 -8.87062681245124e-008 
3.32864960295227e+005 -5.83373008119181e+002 -1.99600211149841e+004 1.70434511706774e+002 1.08218622638028e+002 -2.49677609090256e+000 -3.91605890534204e-001 1.88319569592082e-002 1.83343523208949e-003 -1.27406011451550e-004 -1.05122270462400e-005 9.52933778766823e-007 6.20274954315259e-008 
1.10987316361976e+005 -2.06129224492503e+003 -6.62522808481722e+003 7.57250828610503e+001 3.55924994803257e+001 -9.05123207217543e-001 -1.27206210589407e-001 6.54898017863947e-003 5.91005398287003e-004 -4.38775031160785e-005 -3.36637654102883e-006 3.25761123565049e-007 1.96388481682484e-008 
-3.08400782705520e+005 -1.02423107343068e+005 1.62023927170427e+004 6.93038064946073e+002 -8.02598440527679e+001 8.77254107440507e-001 1.73516323198741e-001 -1.85869515251516e-002 2.14016780680352e-004 7.98177122092839e-005 -5.80514905143158e-006 -6.08803848039403e-008 3.80564563263791e-008 
1.95379755785152e+005 -1.28612020799957e+005 -1.01930415856572e+004 1.22532372340170e+003 1.98655689260268e+001 -3.89502968079028e+000 1.85182831890875e-001 4.28259833334885e-003 -1.27758852926101e-003 4.82812739779536e-005 3.45505583709781e-006 -4.88454020752846e-007 1.11566272545081e-008 
6.22255438342111e+004 -4.38112906183990e+004 -3.21932986120252e+003 4.13429732204664e+002 5.67143197562497e+000 -1.28016799537853e+000 6.35732671174227e-002 1.21661306446486e-003 -4.21922643907754e-004 1.69114351799672e-005 1.08366195441853e-006 -1.62935451596594e-007 4.12165347656626e-009 
-3.71355857084055e+005 4.06866051009837e+004 1.77211479665618e+004 -3.67668403406422e+002 -5.31052745354203e+001 8.56835079068613e-001 -7.82188257271262e-002 9.91274905766436e-004 4.82209933247241e-004 -1.27565533829387e-005 6.77030374167702e-007 1.59425267043742e-008 -7.28514052937229e-009 
-9.59563218922517e+004 -1.50342036899322e+005 4.59225685201849e+003 1.14265745214300e+003 -1.99904915038344e+001 -8.25677723300566e-001 1.77612805787472e-002 -8.40633378427100e-003 1.52326347852453e-004 1.10771546577241e-005 -6.41458850709193e-007 1.00176368901224e-007 -1.21657829561436e-009 
-3.53108101969599e+004 -4.96118480190215e+004 1.69307915368846e+003 3.74418973892994e+002 -7.15481825447475e+000 -2.57565846061995e-001 5.14961198095200e-003 -2.78584709279458e-003 5.54250251231778e-005 3.50380355481597e-006 -2.06661732889790e-007 3.34875483541628e-008 -4.78615983470052e-010 
-1.71843828415913e+005 1.51162905369930e+005 8.53864229791399e+003 -1.14541431255322e+003 -4.47671931447425e+001 7.59968705788323e-001 1.17629059970868e-001 1.09467833910821e-002 2.32270239595063e-006 -3.82528909079755e-005 -2.44118439689460e-006 -1.82158760654048e-008 1.24632034724036e-008 
-3.21261553336337e+005 -6.56403464297964e+004 1.57298626380814e+004 6.48156288923111e+002 -4.69709423024419e+001 -2.31020188584634e+000 -8.66071604233553e-002 3.93116898452486e-003 7.17281353291777e-004 1.90083173856546e-005 -1.16006662556118e-006 -1.90742823344180e-007 -7.27849777917738e-009 
-1.08435037201375e+005 -2.05013043425662e+004 5.29025260841548e+003 2.03936695718039e+002 -1.58776186350676e+001 -7.53569888903493e-001 -2.78975800553471e-002 1.38853876901875e-003 2.37313473615288e-004 5.97625353090060e-006 -4.02551662384138e-007 -6.33023398736740e-008 -2.30825304605348e-009 
1.48332210627196e+005 1.54911675769341e+005 -8.26689469454802e+003 -1.50386595416061e+003 1.63032035030221e+001 5.54300202699117e+000 1.43813825867906e-001 -1.74162535686839e-002 -1.24766588803848e-003 5.71778678746025e-005 8.17383281437710e-006 -1.04464520915266e-007 -5.25248431944881e-008 
-3.13637309529232e+005 7.46729945419662e+004 1.73273841989815e+004 -5.00316014857168e+002 -9.14941474981022e+001 -5.78687899672044e-001 2.90229119697928e-001 1.39797110362016e-002 -9.54972633978020e-004 -9.60382355837060e-005 2.73253470660248e-006 6.27383441492288e-007 1.69514946063713e-009 
-1.03239700565267e+005 2.60398910095587e+004 5.67255251121849e+003 -1.78060524495245e+002 -3.00702625735898e+001 -1.46908486592628e-001 9.69772544727910e-002 4.48472592855589e-003 -3.25954638014304e-004 -3.13103229252785e-005 9.70274069394163e-007 2.06782988055242e-007 1.37978745634485e-010 
-7.77577957194493e+005 -1.90227769216975e+002 2.55512278809234e+001 1.24765812791547e-001 8.66497961619639e-004 1.72735384664107e-005 -1.95917642276162e-006 -5.95750134478158e-007 -7.93275881371324e-008 3.43890671992181e-009 -5.56939250998467e-010 
-3.39531796374306e+005 -7.57936725025111e+003 -6.08881161833489e+000 5.94807302708615e-002 3.45331683805895e-003 1.04753806029790e-004 1.06194316266447e-005 6.30807313173229e-007 3.08694154590252e-008 -4.84823191963631e-009 -4.15081914027526e-010 
-1.22928064020508e+005 -3.27943465885774e+003 -3.38266192174526e+000 1.40021066703324e-002 1.58084524928564e-003 5.35945041820448e-005 5.95474722405398e-006 3.98127000723716e-007 2.46885701789279e-008 -1.70211738100667e-009 -1.76126427631814e-010 
-7.77749127623387e+005 2.03508795308902e+001 2.70965662814844e+001 1.23257822927812e-001 -3.67701897433516e-003 -8.83120372237714e-004 -1.06381656349787e-004 -5.27073638118084e-006 8.14727824121876e-007 2.50259715897627e-007 2.85611401881260e-008 
-3.54736138785964e+005 -7.62400560724562e+003 -4.91457325346739e+000 1.50142951372669e-001 8.84939818832489e-003 3.09622120715321e-004 -4.16814607305929e-005 -1.21130254295295e-005 -1.45065391877137e-006 -5.06590279297108e-008 1.73234034013942e-008 
-1.29513060088628e+005 -3.30523993802531e+003 -2.99041223444731e+000 5.98123832441167e-002 4.94102924025092e-003 2.58125152819473e-004 -1.11737930206280e-005 -5.92551333160738e-006 -8.59393722672142e-007 -5.18049766769401e-008 6.28430670508385e-009 
1.23827338171428e-005 6.98584146611451e-007 -5.61660040178241e-007 -3.09480599373730e-008 4.88037341215394e-008 4.10205928430224e-009 -1.45069170108682e-009 -2.02216107827588e-010 1.62121459047739e-011 6.05497601474980e-012 
-4.74280330709359e-005 4.73577089439010e-007 2.69802673891356e-008 -8.36630660094020e-008 -5.11232424359700e-009 3.89995930441866e-009 3.78477614746416e-010 -7.10841760392006e-011 -9.74327868019899e-012 -4.78405887390960e-014 
1.34306703712884e-005 1.48182855203292e-006 4.75693656968949e-007 -1.73893204542735e-007 -4.95688231090133e-008 1.16020164581015e-008 2.37505662100747e-009 -4.58314035551958e-010 -9.36387887814428e-011 1.25567102936717e-011 
-4.73373169304425e-005 -2.21047995249967e-007 1.93151288780796e-007 7.46607154624761e-008 -1.95021290491389e-008 -4.43861856815398e-009 9.73999754855595e-010 1.57313454879961e-010 -3.27155586745264e-011 -4.35887698044423e-012 
1.48487801428831e-005 -6.71280944404530e-007 -1.87920692050097e-007 1.58880938418216e-007 -6.42300078424378e-010 -4.85851286522191e-009 6.89545427247044e-010 -2.59880744694992e-011 -1.91535059284919e-011 3.81999833148936e-012 
-4.67654547053532e-005 3.74998132131392e-007 -1.97484522174131e-007 -1.00488215569276e-008 1.37991968169815e-008 -9.84138285750616e-010 -2.07035235429458e-010 8.46610381892667e-011 -4.90216586304765e-012 -2.37114621365708e-012 
1.51823706234352e-005 1.22393226832491e-006 3.35507601208657e-008 -1.71373312944259e-007 -1.44520584375788e-008 6.56298065162231e-009 1.25319360122289e-009 -5.03742615265853e-011 -4.74603499211652e-011 -3.35914913657160e-012 
-4.64628873197382e-005 3.34346843595755e-007 2.36015884522951e-007 9.58149077937938e-009 -1.66943429213976e-008 -1.89286776223423e-009 4.06345690410347e-010 1.09563769100809e-010 -3.20729831048109e-012 -3.16419555779380e-012 
8.36419253018889e-003 -9.83703637632914e-004 -1.38072455820226e-004 2.32648099610136e-005 7.40227815171956e-006 1.15324186968737e-007 -1.99216569112001e-007 -1.45228079072271e-008 3.02164038480978e-009 3.18119910165145e-010 
4.35389853563606e-001 -1.49993792788561e-004 7.19331800983124e-005 1.46365268222061e-005 -6.95916656929119e-007 -5.51151965065979e-007 -2.75323107846141e-008 1.10195680912262e-008 9.91287363274976e-010 -1.33662885895079e-010 
5.41848408567384e+003 9.20792749072979e-001 1.13670447566111e-004 -2.08644514625857e-005 -6.55029520416214e-006 -1.06127695205554e-007 1.80908885123261e-007 1.33156806170388e-008 -2.76165254083005e-009 -2.94312617159503e-010 
6.79436296959841e-003 -2.13616534586808e-004 2.62187554021015e-004 -1.32496127202723e-005 -9.85875753395728e-006 8.56735875254358e-007 2.66160168342511e-007 -2.81284768337448e-008 -6.37791941470507e-009 6.38824323296715e-010 
4.35716150741452e-001 4.00407632307941e-004 -1.44511777045835e-005 -2.29842506575259e-005 1.64139342693897e-006 7.00344156314495e-007 -6.95450588035395e-008 -1.76473537423269e-008 1.84492944364785e-009 4.24594175347745e-010 
5.42032525658683e+003 9.20054464330596e-001 -2.32732230352947e-004 1.40433060588802e-005 8.86216896292206e-006 -8.16365163668383e-007 -2.41915503796359e-007 2.63482112726645e-008 5.83036071207946e-009 -5.99554075413888e-010 
7.30147240292800e-003 4.19184689439619e-004 -7.11696304079160e-005 -6.42401265009274e-006 2.79173012281592e-006 -6.13442177653377e-007 -1.91024366787139e-008 1.22913336662340e-008 -1.19057463071873e-009 3.64359933373691e-011 
4.36050488274057e-001 -8.63889208798732e-005 -4.77679226262242e-005 7.11820907400808e-006 -8.02236324840663e-007 -1.44980238823467e-007 4.50187541592199e-008 -1.37769985739710e-009 -3.51713209195898e-010 9.17994129740677e-011 
5.42216459542370e+003 9.19560309476610e-001 7.25635937303641e-005 4.28132144547622e-006 -2.64927207041179e-006 5.78317827336434e-007 1.63768507204435e-008 -1.12548849263498e-008 1.12317799114935e-009 -3.62059100509363e-011 
7.38041313865145e-003 -4.11498879370481e-004 -1.60561001311227e-004 -1.29394455122539e-005 1.78968447217462e-006 9.21793702680010e-007 6.28190763428056e-008 -1.54561591455536e-008 -2.91167539215983e-009 -5.54605657393587e-011 
4.35648438990694e-001 -2.80583367544936e-004 1.02070209972875e-006 9.26380895958685e-006 1.85125592677004e-006 3.33437912388870e-008 -5.82111294697667e-008 -6.61307432591684e-009 4.26501951471781e-010 1.87759727379808e-010 
5.42400440542506e+003 9.20298448362214e-001 1.35167981416790e-004 1.09549324045270e-005 -1.43094167527227e-006 -8.23874495387066e-007 -5.81570806990284e-008 1.37485646488288e-008 2.63369432016228e-009 5.62263153771701e-011 
