5.14840660803990e+007 3.37522389650358e+006 -1.07743576121979e+006 -4.32391301788419e+004 2.04515648181085e+002 1.07319837631830e+002 8.59259473045904e+000 3.62051153129513e-001 2.63641154371052e-004 -1.41867747715903e-003 -1.34113044055468e-004 -6.67078210162683e-006 -4.93715543686264e-008 2.52737861627709e-008 
-1.81413668959477e+007 1.43247088701648e+007 3.71327913689704e+005 -3.85778281885353e+004 -2.42276001183558e+003 -8.35508614918713e+001 5.89292320703511e-001 3.46006441674744e-001 2.86489566198903e-002 1.26184869346140e-003 -8.07198282509158e-007 -5.50541164965435e-006 -5.28284299213566e-007 -2.66668715102849e-008 
-1.50401847636801e+007 7.30147242063485e+006 3.10115716110876e+005 -1.61204499543905e+004 -1.31531973005600e+003 -5.57615529140850e+001 -5.76617093776741e-001 1.47258574025787e-001 1.52751687026246e-002 8.21165227245755e-004 1.34825430360885e-005 -2.24838066655983e-006 -2.77053129913030e-007 -1.68694547613717e-008 
4.81730515830514e+007 -7.01448202262049e+006 -1.46231241081304e+006 -9.18347539296530e+003 4.87010451028880e+003 3.42388156273271e+002 1.94920254038106e+000 -1.67999593517848e+000 -1.43601711416297e-001 -1.41726146164423e-003 7.94358728679861e-004 7.59437199032036e-005 1.07207977864243e-006 -4.32073254834728e-007 
1.14822902521158e+007 1.46879566089804e+007 -3.62486886345072e+005 -8.44092846297271e+004 -2.52254572805753e+003 1.70186845566577e+002 2.44203625109836e+001 9.61422499103334e-001 -6.42439234987621e-002 -1.10332065598947e-002 -5.03502208502044e-004 3.02286062737816e-005 5.96792664285562e-006 3.05935137960431e-007 
1.12692132379011e+006 8.57332848925980e+006 -4.19195157977018e+004 -4.41339819628284e+004 -1.85262720987404e+003 5.53848115242448e+001 1.28417519532085e+001 6.87820544562244e-001 -1.94180147283410e-002 -5.74629369565446e-003 -3.51350932238378e-004 8.26817520306782e-006 3.07651733736717e-006 2.08233419997353e-007 
2.33183880724966e+007 -1.74021334854001e+007 -9.32005062468344e+005 1.03261028411574e+005 6.66824247891187e+003 -4.16248614631366e+002 -5.26237846171861e+001 1.47761140206374e+000 4.39603040144547e-001 8.60650552251491e-004 -3.65030975021820e-003 -1.16693199632693e-004 2.89153420205434e-005 1.96519034437935e-006 
3.45746886724961e+007 7.52692335220686e+006 -1.39798593415706e+006 -6.56145260310941e+004 6.15208305200597e+003 5.01105240223493e+002 -2.54918053558469e+001 -4.19987528291000e+000 7.42553354701701e-002 3.57343271938521e-002 4.32645077370772e-004 -2.96251132681251e-004 -1.27867658189386e-005 2.31481580555502e-006 
1.60403389457362e+007 5.82592506029203e+006 -6.50038919414679e+005 -4.57599103983684e+004 2.59432897067851e+003 3.10843801154122e+002 -8.15706665220334e+000 -2.39662327288067e+000 -5.94161804628923e-003 1.89979707965240e-002 6.09779002875985e-004 -1.46134790782431e-004 -9.82965245301869e-006 1.03257378069075e-006 
-1.43390847883159e+007 -1.90067402217989e+007 5.40427349588397e+005 1.09086306098253e+005 -5.69291028860718e+003 -3.59726888062387e+002 4.91711126326007e+001 2.47601513579181e-001 -3.66908487119810e-001 1.51543561964166e-002 2.21524078342360e-003 -2.32158868595919e-004 -7.55245247464596e-006 2.40610033310172e-006 
3.74146058661301e+007 -4.72307052796992e+006 -1.44275122128280e+006 5.63136406559493e+004 5.54405168744966e+003 -4.95953949134182e+002 -1.24449310107440e+001 3.86394343885114e+000 -8.50293623969524e-002 -2.55985060633317e-002 1.89209092954444e-003 1.20706629638547e-004 -2.19418586134527e-005 3.78152386329279e-008 
2.14641875631907e+007 -5.50870180233594e+005 -8.26700750686324e+005 1.87629016615668e+004 3.55190346970801e+003 -2.27592310366328e+002 -1.17484072010447e+001 2.03821338326227e+000 -7.35463913643591e-003 -1.52453903322804e-002 7.80837843265306e-004 8.85588926738464e-005 -1.09366034982262e-005 -2.29410992683749e-007 
1.06334458922320e+008 3.05349444172298e+006 -1.32083310120351e+006 -6.92877252944633e+003 1.33301552822763e+003 5.66695352624229e+000 -4.80024700484182e-001 -3.07367765849501e-003 5.02963592480381e-005 -5.78260616952534e-007 
-1.03670693410444e+007 2.17242068769463e+007 1.29323776069413e+005 -4.46908601452658e+004 -1.63995335820213e+002 2.61292825465944e+001 1.13845694027822e-001 -5.58467886190318e-003 -6.63340655540697e-005 -1.61693367434990e-006 
-1.13999888194167e+007 9.57964222856747e+006 1.41778626710622e+005 -1.96657078875594e+004 -1.58147553011322e+002 1.13953410973156e+001 8.15963342038562e-002 -2.30586007854403e-003 -3.31620637566755e-005 -1.22686058650992e-006 
1.01870464575575e+008 -7.47875663251550e+006 -1.27436860317355e+006 1.46541939489845e+004 1.32512254071028e+003 -6.69561471678684e+000 -5.40366326037466e-001 -8.83061779776389e-004 1.04147573058447e-004 1.89982472505558e-006 
3.24128123894642e+007 2.06094284069544e+007 -4.05139632513800e+005 -4.30431454152732e+004 3.72010817703577e+002 2.67484209391778e+001 -7.13711174587499e-002 -7.58604899671156e-003 -5.62769797879216e-005 8.45870124426101e-007 
8.12764508344383e+006 9.74479523069172e+006 -1.01591818394035e+005 -2.02905966375266e+004 8.34752957301829e+001 1.24566864972989e+001 2.08913518466251e-003 -3.35614430776808e-003 -3.18738571794247e-005 2.40276434132527e-007 
-1.88396233638305e+007 2.00552225863388e+007 8.55759348101005e+004 -1.51544744648877e+004 -2.19398323031186e+001 2.97255954500709e+000 -2.28426139394313e-003 -2.41680937367624e-004 -4.00621870642290e-005 1.55984641291678e-006 1.46729419373173e-006 2.54050492071720e-007 1.16496712696788e-008 
-1.37632331427217e+008 -2.42097804523623e+006 6.24180820193977e+005 1.58499741054659e+003 -2.25181221066661e+002 -9.02595407251764e-002 2.20299316787240e-002 -3.98512509999223e-004 3.62565250592859e-005 1.57803956371989e-005 8.66850408398114e-007 -3.18966093298589e-007 -1.13282888365483e-007 
-5.96814804760681e+007 -1.04975316212637e+006 2.70631965732514e+005 6.87185534199657e+002 -9.76350387309228e+001 -3.91599412143264e-002 9.68260630594047e-003 -1.64958684219598e-004 8.20082244559096e-006 5.87058855701243e-006 5.41160284946842e-007 -8.32951139786206e-008 -4.24176010272364e-008 
2.13783062270699e+007 2.00109354485338e+007 -9.64375732397333e+004 -1.50348036882534e+004 3.65870650761549e+001 2.87867428614548e+000 -4.61556932186375e-003 -2.57375437362554e-004 6.44626760313279e-006 4.30898020310530e-006 -1.12534420811441e-006 1.99615819239138e-007 2.70126875143834e-008 
-1.37463820130246e+008 2.58734649367077e+006 6.21616112188786e+005 -2.00371042448319e+003 -2.21686507950688e+002 4.36890177870198e-001 1.99852950008304e-002 -1.86899362446676e-006 6.26436936533165e-005 -7.33511619073413e-006 -1.57559128922753e-007 3.73128591995361e-007 -1.21896149878037e-007 
-5.96085526197406e+007 1.12175155249589e+006 2.69519514774612e+005 -8.68805966398801e+002 -9.61190976510167e+001 1.89783567034705e-001 8.72560894446752e-003 -2.96450999561651e-005 2.55729962893574e-005 -2.01001219206404e-006 -1.94271683305242e-007 1.59797126795212e-007 -4.31961453284404e-008 
1.78794263432860e+008 1.76629486563077e+007 -1.28845385595193e+006 -2.20227400924056e+004 9.61906579417747e+002 1.59471011767586e+001 -6.21334320725143e-001 -1.31669693495811e-002 4.72270657787751e-004 1.30575404810409e-005 -4.77533140182470e-007 
-8.96886047055752e+007 2.92106127586694e+007 6.46676114188444e+005 -3.44969697452819e+004 -5.30541339186305e+002 2.19360404694156e+001 4.00180475535685e-001 -1.54106443812174e-002 -3.47954838498173e-004 1.14037213636578e-005 2.32170731631091e-007 
-4.59815313653022e+007 1.29199100672529e+007 3.31464318001800e+005 -1.52265812617027e+004 -2.69365555667880e+002 9.62956129988323e+000 2.00415419260101e-001 -6.71812818499548e-003 -1.73173801799494e-004 5.19227100949777e-006 9.81960589926206e-008 
-2.75706740992878e+008 -1.71294696252390e+007 3.68618519826093e+004 3.61385236538987e+002 -7.13284963807544e-001 -1.57706821279123e-003 7.07172085338010e-006 2.31530457344557e-007 
6.68000066222038e+008 -5.25354116012662e+006 -8.92959903973188e+004 1.66841125109439e+002 8.57552458899763e-001 -2.32103165714466e-003 1.30446479307070e-006 1.08015450372849e-007 
2.93047271948400e+008 -1.83444972155894e+006 -3.91744984251709e+004 6.27100582383350e+001 3.84967605672237e-001 -9.56147738760885e-004 2.69858453747587e-007 3.10560540533295e-008 
5.47951606226589e+008 1.17059001993423e+007 -1.03421783817876e+004 -3.76015436099791e+001 9.45758488246929e-003 2.24286311088427e-005 1.06657218537043e-008 
-1.27993206556201e+009 4.66838616124093e+006 2.41588025466865e+004 -1.27958419813359e+001 -3.38132859893073e-002 -2.59540346088418e-007 -1.41690703991369e-007 
-5.52177065166201e+008 1.42455765370729e+006 1.04222616235892e+004 -3.66649142751693e+000 -1.43705027090430e-002 -1.09538084524926e-006 -5.08732729925950e-008 
3.86008562210573e+008 9.25997100911651e+006 -9.98944316203094e+002 -3.92240156046415e+000 6.28489869273077e-004 3.84846177399326e-007 
-2.63421278473722e+009 7.93625015508224e+005 6.83189223541353e+003 -8.49842918216492e-001 -1.36171281700535e-003 3.69117277445368e-007 
-1.15917220518308e+009 2.16566878764519e+005 3.00645143578667e+003 -3.17211978076416e-001 -6.04753846900768e-004 1.57251432471499e-007 
1.03451792342398e+009 7.26565308127274e+006 -7.12076503261020e+002 -8.36029202487463e-001 3.32736826402260e-005 2.19403417367123e-008 
-4.06186765525320e+009 1.69761209346547e+006 2.79569516792598e+003 -1.77697424782915e-001 -1.66240022215041e-004 3.89923481851804e-009 
-1.68830430154414e+009 5.13991930898961e+005 1.16197298911874e+003 -5.19385262220210e-002 -6.87393308226867e-005 8.01561006698056e-010 
-2.92529343154176e+009 5.87809261054973e+006 2.12617030046919e+003 -7.25478463445468e-001 -2.19700107782186e-004 9.40741032898775e-008 
-3.33221686923829e+009 -5.06859563464665e+006 2.42154444681156e+003 5.99494391927266e-001 -2.57412882083832e-004 -5.47594540460623e-008 
-1.58510099203991e+008 -3.35274183776650e+006 1.15081225712523e+002 4.05853005307449e-001 -1.53800901847112e-005 -4.88524114865977e-008 
-1.19012536430638e+005 1.57072816998850e+005 5.51052097456214e+003 -1.19403389640609e+003 -2.43244465398780e+001 1.71485892772120e+000 5.23017078792919e-002 1.51541857146589e-004 -1.50695429375572e-004 7.66269853486488e-006 6.45425780151638e-007 -1.97937100984555e-008 -2.44451054501198e-009 
-3.25418169926681e+005 -4.79948966726834e+004 1.50402696460537e+004 4.16426717898819e+002 -4.89873475351567e+001 -1.10090219010422e+000 1.89194132290978e-002 2.29647064169757e-003 -3.55673794893403e-005 -9.04275532906313e-006 4.54443444479360e-007 3.70178816115677e-008 -6.03322189714151e-011 
-1.72346032557488e+005 -1.18261734098370e+004 7.99324279610896e+003 1.15758140880304e+002 -2.66311082923160e+001 -4.18566145619592e-001 1.38344390774565e-002 1.16678084008840e-003 -2.96578795621481e-005 -3.95160185883458e-006 2.79378459566644e-007 1.70693132446348e-008 -2.24616388996057e-010 
1.91160564725604e+005 1.40259303147376e+005 -9.81037790185299e+003 -1.24457030869078e+003 2.15418928562621e+001 2.83130987419684e+000 4.68696155304390e-002 1.19292995550445e-003 1.16439194111671e-004 -1.01859546055066e-005 -1.82165414640799e-006 -5.69727416244651e-008 1.62965248027973e-009 
-2.95613502627014e+005 7.75691624535475e+004 1.47372068593108e+004 -5.01375602430178e+002 -6.25254739503334e+001 -1.14658805941047e-001 5.76468046596773e-002 1.70119883203160e-003 1.95487405963511e-004 2.07478334643855e-005 1.75406122199708e-007 -7.69759652770626e-008 -4.11258104622719e-009 
-1.33085135502418e+005 4.99579140838042e+004 6.63193452718267e+003 -3.50791436841956e+002 -2.97779028906685e+001 1.70243996478044e-001 3.28822603287553e-002 9.47597527844555e-004 1.07177387015593e-004 9.60649968558210e-006 -5.67358652544903e-008 -4.32472690331584e-008 -1.93660462098267e-009 
3.53159710373641e+005 1.26520638657448e+004 -2.05819401619050e+004 -3.76729014049071e+002 9.07996444347688e+001 3.87457496640333e+000 -3.38519158516341e-002 -1.58433374452629e-002 -1.42366926623491e-003 -2.89926293431411e-005 6.50955592536718e-006 6.93948064166371e-007 1.91278233337272e-008 
-5.33462261587477e+004 1.54867306528284e+005 2.97782281536097e+003 -1.40853990758677e+003 -4.11203849940730e+001 3.04403828219471e+000 2.55581842726642e-001 1.03986211493097e-002 -3.77133197821820e-004 -1.02435883806543e-004 -6.09995716933280e-006 1.19495787030613e-007 4.59155694881375e-008 
1.23548744642016e+003 7.86974147822603e+004 -1.36722671646156e+002 -7.38146533026693e+002 -1.34272763723451e+001 1.84275939251159e+000 1.25669416011080e-001 3.94771091558258e-003 -3.03225139803181e-004 -5.37505991861046e-005 -2.54284999467877e-006 1.15492591987644e-007 2.45858457676197e-008 
2.19971030304115e+005 -1.40869575281249e+005 -1.45774480918785e+004 1.42440193949292e+003 1.04285161199022e+002 -5.34604064174732e+000 -6.54967544065690e-001 8.21116163954805e-003 4.71672459569543e-003 1.21670400006910e-004 -3.24710269691471e-005 -2.24542536902447e-006 1.84574085834419e-007 
2.23339808128817e+005 1.06898007910863e+005 -1.46859617903378e+004 -1.22371785096214e+003 8.05485616443505e+001 7.39039967687795e+000 -2.10985212767473e-001 -4.97885224017398e-002 -4.85482516522031e-004 3.52146138036981e-004 1.73585198804842e-005 -2.20426429190570e-006 -2.30800882101529e-007 
1.29440794124211e+005 4.24048297260459e+004 -8.53605598642703e+003 -5.01262503583634e+002 4.88275655402639e+001 3.28655271722178e+000 -1.58468150836511e-001 -2.43505931203257e-002 1.33449725736514e-004 1.86567598440249e-004 6.12139007242836e-006 -1.28635893629550e-006 -1.01146421280051e-007 
-1.12179904989376e+005 -1.72914468529124e+005 7.09961672951504e+003 1.72342851257879e+003 -7.11957880926658e+001 -6.57243320351721e+000 5.98670768231744e-001 1.62293984153498e-002 -4.78625449519073e-003 5.53484734907502e-005 3.53948921346760e-005 -1.78990951693179e-006 -2.28284460997552e-007 
2.93691622910556e+005 -3.99231145597325e+004 -1.86920259699176e+004 6.15474562138149e+002 1.03290576967150e+002 -5.66624234701558e+000 -3.32304053860156e-001 4.78470803081665e-002 4.78660112581616e-004 -3.75203501893750e-004 1.01338474462369e-005 2.66893535770662e-006 -1.87173770518185e-007 
1.38206499783194e+005 -3.38686320023207e+004 -8.81726131502428e+003 4.47090720333873e+002 4.62290658463148e+001 -3.37263323694414e+000 -1.19183446111282e-001 2.53299775689755e-002 -1.41919439312010e-004 -1.84007660015106e-004 7.91681694824766e-006 1.19726179557780e-006 -1.12229687643935e-007 
-3.52911708032283e+005 -5.79064433241216e+004 1.89802788417188e+004 2.36801243139178e+002 -8.40894473474627e+001 2.66289252818411e+000 3.30526008106111e-002 -1.87073728197890e-002 1.39835867751021e-003 -4.05282326631325e-006 -7.31618829789570e-006 6.65068815423596e-007 -1.21427387251901e-008 
1.01295855374809e+005 -1.41263794615402e+005 -5.46164603374751e+003 1.30573977793652e+003 -6.26065711431945e+000 -3.04196257884445e+000 2.43535444037094e-001 -8.79749247315338e-003 -7.69254162724492e-004 1.06713333317666e-004 -4.49278878154541e-006 -2.44434912500409e-007 5.02395927823397e-008 
2.23825089614873e+004 -7.55291271593344e+004 -1.21749997347856e+003 6.75248836814202e+002 -9.87672420567138e+000 -1.31833398100230e+000 1.24950102382675e-001 -5.90870040573429e-003 -2.74692274428495e-004 5.32703897775806e-005 -2.84015142239202e-006 -6.96430127655560e-008 2.42577229323132e-008 
-3.21527723788603e+005 8.62014436214775e+004 1.53522736517754e+004 -7.39164130806126e+002 -4.35527122884872e+001 1.14415790930101e+000 -5.03257208178423e-002 5.44648756626054e-003 1.56164882255701e-004 -1.93587332025911e-005 8.25202377144241e-007 -6.06414754256715e-008 3.22425635881395e-010 
-1.78562359539009e+005 -1.27045580886186e+005 8.35112770857083e+003 9.35288605679019e+002 -3.26176591772944e+001 -6.53534958299101e-001 -1.51904182632183e-002 -4.43532314927526e-003 3.80729398541536e-004 -3.34624943686013e-006 -1.58862973771315e-007 3.96664318215940e-008 -5.42044184029122e-009 
-1.15487334759924e+005 -5.67846381948575e+004 5.43295590654222e+003 4.10501046842878e+002 -1.99331768577213e+001 -2.38850816574442e-001 -1.15386924194278e-002 -1.78750328449030e-003 2.03798136409360e-004 -3.22774442875125e-006 -1.45987894771570e-008 1.50548798139398e-008 -2.69521202911246e-009 
-6.17117844184553e+004 1.63280628802795e+005 2.99480896284773e+003 -1.26342608765650e+003 -1.97208458408324e+001 1.81269058189294e+000 9.01752743667016e-002 2.10025710326446e-003 -3.18187934866676e-004 -7.47467172215289e-006 7.14348992456023e-007 4.65990138513125e-008 -7.37234840405254e-010 
-3.37373209986904e+005 -2.54513589113349e+004 1.58885488405259e+004 2.69955190389917e+002 -5.28252415425889e+001 -1.26476527488458e+000 8.14186708473733e-003 4.95103723178399e-003 1.43641220733963e-004 -1.41596815307178e-005 -4.75450760425752e-007 2.27286516661745e-008 3.62290462070412e-009 
-1.74144224865768e+005 4.65059030421118e+002 8.22144902534825e+003 3.31833475796304e+001 -2.81798289417463e+001 -4.87951512595576e-001 1.15438103695707e-002 2.65650739469099e-003 4.63171596843749e-005 -7.72572858345522e-006 -1.80849382969035e-007 1.52244488234155e-008 1.75935550500066e-009 
3.00934394387003e+004 6.07584075669303e+003 -3.85747307836519e+000 6.45742289109100e-002 -8.72417490005199e-003 -1.26778816058953e-003 -1.12335041263707e-004 2.84836805428612e-006 2.58161652278348e-006 3.98169244874732e-007 1.63905077207533e-008 
5.10757325394876e+004 1.64651219954090e+003 1.72926622784337e+001 1.68047178398774e-001 8.74947088255330e-003 2.75675780304641e-006 -1.08113163399551e-004 -1.89430406595221e-005 -1.23186354644487e-006 1.43627864822498e-007 5.32532666307535e-008 
1.52097235332716e+004 5.95020699325007e+002 7.29858860293113e+000 7.84089036175386e-002 5.35719332024786e-003 1.36850203550251e-004 -4.60157675906804e-005 -1.04153567048671e-005 -9.25777412190365e-007 3.80591644309084e-008 2.67474643747909e-008 
4.22137946504060e+004 6.04386835811809e+003 -4.63522357922709e+000 -1.93826814727189e-001 -4.26703534192413e-003 3.48934654914727e-003 -3.35720847632651e-005 -9.26872375279975e-005 2.66778290537928e-006 2.70348781244572e-006 -1.30636473761199e-007 
5.45142337298338e+004 1.79382564490420e+003 1.94246096635256e+001 9.80266310118199e-002 -2.09639836891372e-002 1.24029699783930e-004 4.93326442888370e-004 -1.35794850641535e-005 -1.40334993737982e-005 6.20610171044395e-007 4.21270690814921e-007 
1.64617983520427e+004 6.58040172509263e+002 8.44380745650875e+000 6.49851100456552e-002 -1.08824434788891e-002 -2.90329768975144e-004 2.67036200493513e-004 2.36005178840037e-006 -7.77265548908213e-006 5.36831345255108e-008 2.38575070346631e-007 
6.07679126186195e-005 1.95663149155723e-006 -1.58990961095650e-007 -1.89237633031927e-007 5.17186233539553e-009 6.56939970275612e-009 2.09047995969020e-010 -5.08957286375479e-011 7.92114717887504e-013 -2.09257934007422e-012 
2.60827522953064e-005 -2.74412418483156e-008 2.86615238869738e-007 -2.25399586023992e-008 -1.83791049428113e-008 -2.48370189671707e-010 4.21754539726439e-010 5.52035862127606e-011 -1.22433061516184e-011 -3.31326703332722e-012 
6.22070645452041e-005 2.83547451173428e-007 7.40658297576805e-007 2.42482431367556e-007 -5.36327438149113e-008 -2.05198086942896e-008 4.26546305933839e-010 9.30408084660196e-010 1.14259288673004e-010 -2.32072608104777e-011 
2.59007505841317e-005 -7.17774231863794e-007 -2.51516981390443e-007 1.01477524047939e-007 3.38417122222121e-008 -3.81361015886151e-009 -2.11111888478922e-009 -7.11218967225830e-011 8.62845668877867e-011 1.16603713426742e-011 
6.53284866793347e-005 9.86792840847258e-007 -9.33604076413914e-007 9.17966387999991e-008 7.27088100178134e-008 -1.45239534672321e-008 -1.42511502528401e-009 1.00776615724035e-009 -8.66376697571213e-011 -4.18113248435496e-011 
2.55454044557016e-005 5.63489921880745e-007 -5.77997521469958e-008 -1.25097179882797e-007 1.89335394457012e-008 5.60572444797195e-009 -1.77890132372808e-009 -2.05479242778437e-011 9.12515550215613e-011 -8.02643552292960e-012 
6.62154323222648e-005 1.29017273820508e-006 5.56047377775649e-007 -8.40207585625697e-008 -3.26347862481906e-008 1.90829220735608e-009 3.57883626940227e-010 5.27287150196275e-011 1.77644401658185e-011 -3.57996143497185e-012 
2.53932255728921e-005 -4.70407586560751e-007 1.60361820539872e-007 6.89825027797639e-008 -8.16055548733088e-009 -1.87937301895028e-009 9.95794235551312e-011 2.02944928024342e-012 -7.36558248149070e-012 9.93818661367310e-013 
5.36200570417873e-002 -2.04504239874681e-003 1.01185979073731e-004 9.14309979637767e-005 -5.69698365409267e-006 -1.46012621860332e-006 1.19522217551977e-007 1.73571886207315e-008 -1.08850193436398e-009 -1.50000591444031e-010 
3.91426147979015e-001 1.65952799307059e-004 2.07406009085424e-004 -1.02806239773961e-005 -4.66000170913668e-006 3.48579175391574e-007 6.12940595118073e-008 -4.64176921221907e-009 -6.28579482745327e-010 3.03293523698043e-011 
1.76098648446284e+003 9.21806705771743e-001 -1.01876768686524e-004 -8.62490792230685e-005 5.32581782411065e-006 1.36281837784843e-006 -1.09971711662057e-007 -1.60894910797020e-008 1.01732788284982e-009 1.40426525556204e-010 
5.21369632206094e-002 7.81576067975230e-004 3.82300134358010e-004 -2.36783198322292e-005 -2.74693418022392e-009 5.41065478132224e-007 -2.44569238762256e-007 -2.91310365316298e-008 5.06872139278890e-009 1.27382227843732e-009 
3.92611937665412e-001 7.90177796904413e-004 -5.39094614410287e-005 -1.56216568666648e-005 1.17937112435526e-006 -3.78664117413222e-007 -4.61972352903438e-008 1.57667442494362e-008 2.50688661598023e-009 -1.52854398959253e-010 
1.76282758279364e+003 9.19084435928744e-001 -3.66040343245840e-004 2.37827448969771e-005 3.76245961142557e-007 -5.06801625823152e-007 2.18246949550416e-007 2.59578241260194e-008 -4.60454500300341e-009 -1.13726398692607e-009 
5.54289729232507e-002 2.03417895169382e-003 -2.03614087797456e-004 -8.80684767149550e-005 1.71669458575163e-007 2.07338348538259e-006 3.51419350748100e-008 -4.75320292715084e-008 3.50544325957595e-009 7.61932481821681e-010 
3.93227527581312e-001 -2.95103710248367e-004 -1.86682481793079e-004 7.70213826864559e-006 5.34657934437888e-006 1.12782182169386e-007 -1.24133997103792e-007 2.34164328962913e-009 2.59397463995897e-009 -3.87561683446144e-010 
1.76466415240861e+003 9.17950511409907e-001 2.03668534425423e-004 8.17590035142609e-005 -5.38052284273894e-007 -1.88427400346165e-006 -2.81613239825690e-008 4.23982327471289e-008 -3.18095730471610e-009 -6.66960020144654e-010 
5.60677950211925e-002 -1.53991669815053e-003 -3.61631783417725e-004 8.17537969346837e-005 7.96314216220723e-006 -1.52580609378538e-006 -9.59079517860526e-008 1.40290537109131e-008 1.10273643073668e-009 1.23199019474907e-011 
3.92132788438710e-001 -4.84310063653291e-004 1.69164295906499e-004 2.32687783543514e-005 -4.61082961438689e-006 -3.41583755447613e-007 6.23621840127380e-008 3.59939220051458e-009 -2.78325399938082e-010 -4.46013007441837e-011 
1.76650331820039e+003 9.21337108022891e-001 3.36229629681443e-004 -7.73082179489538e-005 -7.37986816364955e-006 1.41617016334490e-006 8.96122394771646e-008 -1.28774800859957e-008 -1.04996136264364e-009 -1.05480825173183e-011 
