5.11225744625344e+007 -1.82568452240773e+006 -1.33423724721542e+006 -3.43808789824416e+004 2.06717349181187e+003 2.46624556803382e+002 1.20570009823139e+001 -7.39449091963763e-002 -6.36309480210411e-002 -5.34099613283026e-003 -1.54677187494432e-004 1.46646837654961e-005 2.24795474319536e-006 1.30664888764366e-007 
-2.79340185961639e+006 1.52488956754159e+007 4.69942266755353e+004 -6.26775182287669e+004 -3.09479571598397e+003 -2.28338746754448e+001 1.03392562195946e+001 9.78062512611191e-001 3.64021714422737e-002 -1.64402686253565e-003 -3.41746225755330e-004 -2.28564626157987e-005 -2.39805691015806e-007 1.07515498904659e-007 
-6.82850466421893e+006 8.33585206157032e+006 1.63391415632542e+005 -2.99189906005015e+004 -1.86749529100007e+003 -3.77592972497334e+001 4.27359251953120e+000 5.30146014791106e-001 2.60411105684491e-002 -3.24672917535002e-004 -1.66529652824635e-004 -1.37298677987379e-005 -3.61093841405786e-007 4.38921274746210e-008 
3.61824933811495e+007 -1.31386705797516e+007 -1.35138001340768e+006 4.68695963614971e+004 7.85204507839877e+003 1.34357334933902e+002 -3.75211180682736e+001 -2.94501660973166e+000 8.87141516659210e-002 2.66256308858643e-002 9.25701997740193e-004 -1.52825795354454e-004 -1.68963139828422e-005 2.02212746127305e-007 
2.51670423268775e+007 1.18771337005256e+007 -9.46469526972178e+005 -9.26082055651958e+004 1.13986276632496e+003 5.05071388037355e+002 2.03278943446581e+001 -2.07908314312860e+000 -2.58910972574022e-001 -1.49692638482214e-004 1.95570275852438e-003 1.20578629927255e-004 -8.36037959270442e-006 -1.52651026216579e-006 
9.65776470104598e+006 7.70718789987571e+006 -3.65541223866089e+005 -5.43292040829124e+004 -2.04909816596715e+002 2.55884174340021e+002 1.47480605745296e+001 -8.05411889183175e-001 -1.47505289227978e-001 -2.83958129284029e-003 9.48793954337349e-004 8.02528669128100e-005 -2.71490362271714e-006 -8.36421687629895e-007 
2.26802332064355e+006 -1.97564796781398e+007 -1.44685282595812e+005 1.33043706313793e+005 -2.68623549673827e+002 -7.47934726830248e+002 1.04347348920411e+001 5.21484158552484e+000 -1.46363652189368e-001 -4.07132385899464e-002 1.78619013941208e-003 3.35842609415001e-004 -2.07315841275930e-005 -2.85292905945230e-006 
3.85734077699354e+007 9.61134230494972e+005 -1.61220474849391e+006 1.97542560965437e+003 8.62375939448916e+003 -9.90358932121712e+001 -5.39872818317652e+001 1.36461012405477e+000 3.99163951127276e-001 -1.62886774031459e-002 -3.19010413032689e-003 1.86542297613613e-004 2.63980182295920e-005 -2.11029040960422e-006 
2.03358304518604e+007 2.56175207832278e+006 -8.46245654154008e+005 -1.27340524545170e+004 4.63466259325822e+003 2.46146664969588e+001 -2.99215699148401e+001 1.88483511544491e-001 2.28403661236695e-001 -4.48170156319332e-003 -1.88928667830174e-003 6.48426541565573e-005 1.62505747157988e-005 -8.31627248282663e-007 
-3.39866804028614e+007 -1.54786436400565e+007 1.06669012731081e+006 5.30907578255822e+004 -6.53771325266932e+003 1.49945445592156e+002 2.34952360728407e+001 -2.50912639667049e+000 3.53191179361053e-002 1.38426881971560e-002 -1.28725568318155e-003 5.24162236547854e-007 9.35350433514112e-006 -7.42715811001891e-007 
2.90210664961952e+007 -9.97268247053774e+006 -9.80452630841463e+005 8.13910281689499e+004 4.80356189407119e+002 -3.77520599285182e+002 2.27449353096758e+001 5.79463984332298e-001 -1.82629429035100e-001 9.71192070875146e-003 5.17650628048494e-004 -1.08571010479887e-004 4.64059768102442e-006 4.43890583850295e-007 
1.89918829575305e+007 -3.72248189164882e+006 -6.34316149914254e+005 3.79765719426128e+004 9.34208454980726e+002 -2.17212995106717e+002 9.71520294300722e+000 5.69608872008168e-001 -1.01221479802579e-001 3.75339141797136e-003 4.09947190592425e-004 -5.80530716349483e-005 1.50956739907909e-006 3.14105639203861e-007 
3.81157060770294e+007 2.22420683435485e+007 -4.85864397372599e+005 -4.55170232079667e+004 5.06362922909592e+002 2.60722829424675e+001 -2.08497964831821e-001 -5.02155255573314e-003 4.20382652501592e-005 -8.14969555650029e-007 
-9.08403787563468e+007 8.44049589537187e+006 1.11867433297479e+006 -1.76318677325700e+004 -1.11796904835681e+003 1.09302222201039e+001 3.85531330979651e-001 -3.08387675351788e-003 -1.94088304871960e-005 3.61221618493014e-007 
-4.33172673455740e+007 2.39118597021284e+006 5.34104585843993e+005 -5.05400173698046e+003 -5.35084078140082e+002 3.26871255463251e+000 1.86667267336681e-001 -1.06994506400740e-003 -1.13961028526550e-005 2.13484906159204e-007 
7.71053754917414e+007 1.63457028252034e+007 -9.67255603403051e+005 -3.35609417620242e+004 9.67054219298369e+002 1.95070952853510e+001 -3.34414301062743e-001 -4.09940639495035e-003 1.84017649310543e-005 -3.55877602439307e-007 
-6.58817357799183e+007 1.62592029145135e+007 8.08526255021323e+005 -3.32983437899917e+004 -8.14169905086594e+002 1.90812629931772e+001 2.90983710465504e-001 -3.69840106431660e-003 -2.45308636756498e-005 -5.49777610792727e-007 
-3.45526081148976e+007 6.28238422694520e+006 4.25004842372672e+005 -1.28598081007955e+004 -4.27531390763645e+002 7.35175577238231e+000 1.52089477926114e-001 -1.40475729574597e-003 -1.21967578832300e-005 -2.25825152979924e-007 
-1.44838028191787e+008 -5.09905441337601e+006 6.98437195198433e+005 3.40535607146067e+003 -2.94078419254777e+002 -1.71871236160585e-001 5.75007050303829e-002 2.55042960674962e-004 1.35317883837300e-005 -3.48085075418346e-005 -5.45462495000397e-006 1.58687798541467e-006 6.24472904718159e-007 
3.10010795522335e+007 -1.84081704704833e+007 -1.53059455255347e+005 1.50338715363775e+004 3.99822206733234e+001 -4.01102137488341e+000 9.12582122875843e-003 5.44635101894567e-004 -8.38259146315429e-005 -1.71294093130514e-006 4.53633305627631e-006 7.70391456642043e-007 -2.15571310285696e-007 
1.34731758115723e+007 -7.97974769770764e+006 -6.63542159788579e+004 6.51696983141005e+003 1.73325108565032e+001 -1.73893962769243e+000 4.10026651055748e-003 2.64115276642572e-004 -4.63023146987947e-005 -3.49047258951534e-006 2.32424770577424e-006 5.63708567044133e-007 -8.61996430395410e-008 
-1.49375570111927e+008 5.72126937767496e+005 7.11193197052613e+005 -1.25513100708812e+003 -2.84497006577770e+002 1.07459830192442e+000 4.65742429993316e-002 -2.48280436294558e-004 -4.05588181706355e-005 -4.96032332032060e-006 3.53403376528919e-007 3.84716061099459e-008 2.39832019392790e-008 
-6.46473192789651e+006 -1.89061452062149e+007 2.85873687790867e+004 1.50477918813296e+004 -3.70296365939491e+001 -3.63043035301764e+000 2.31403033395324e-002 3.03208232342189e-004 -2.47757676300340e-005 1.60381085532507e-006 7.96456202654593e-008 4.92046488270724e-008 -5.07139437635492e-009 
-2.76789646637605e+006 -8.19565316561638e+006 1.23872642202860e+004 6.52303027247658e+003 -1.60511459544182e+001 -1.57355740019274e+000 1.01398165904465e-002 1.16845998717184e-004 -1.56713012714404e-005 1.16716016474711e-006 1.17015727202754e-007 2.23400858411370e-008 -2.92280202307703e-009 
1.09058172484079e+008 2.95859143320510e+007 -7.60903302405318e+005 -3.70497922970329e+004 3.11110749213850e+002 2.52725796781652e+001 9.55125649235591e-002 -1.63274378879597e-002 -2.75732718069356e-004 5.00811362546507e-006 5.39478779325083e-008 
-1.60035356511836e+008 1.89483011161629e+007 1.10011375115659e+006 -1.71354609519228e+004 -8.91829498255979e+002 2.33021719554645e+000 5.91539061406278e-001 6.00031026125932e-003 -4.05899502874234e-004 -1.14981466313754e-005 1.01155675023227e-006 
-7.63319789263912e+007 7.89348728884009e+006 5.25125098023203e+005 -6.86012717140066e+003 -4.17454482411097e+002 3.87740189975272e-001 2.68679702632221e-001 3.17375163829995e-003 -1.76718816925455e-004 -4.92457298303794e-006 4.09076934942817e-007 
4.57482310731360e+008 -1.44746990214376e+007 -6.94722670325982e+004 3.90833234631117e+002 7.70792950712373e-001 -4.69160637633233e-003 -3.75016617611225e-006 -1.17737241519158e-007 
5.46511106122993e+008 1.08295243418028e+007 -8.28711701487653e+004 -2.43860197256657e+002 1.30336420565926e+000 1.45338984799942e-003 -1.49954014624464e-005 4.00749560549047e-007 
2.23117300871312e+008 4.99424508149789e+006 -3.38298799048857e+004 -1.14038374172162e+002 5.39887731269017e-001 7.36653104510565e-004 -6.20044648859152e-006 2.20036310385553e-007 
1.36354854290292e+009 3.84361151234336e+006 -2.81912558166064e+004 -1.98373149185946e+001 3.93869212524010e-002 4.31348170818121e-005 8.57761378180416e-008 
-4.39619259925996e+008 1.16284655050993e+007 9.08679039986031e+003 -3.79978127387823e+001 -2.80256048549793e-002 1.85619332302553e-005 -4.67795248165905e-008 
-2.40314975268122e+008 4.63760059041779e+006 4.96740823788934e+003 -1.48421725776268e+001 -1.32637219725652e-002 5.85013687442908e-006 -1.58658830727738e-008 
1.80002721374156e+009 -7.49912136387769e+006 -4.53723842967389e+003 2.84222406067283e+000 1.23110493188631e-003 1.47777949401537e-007 
2.12836976597502e+009 4.85505256356005e+006 -5.36464514784554e+003 -2.39210203967919e+000 8.82982649682331e-004 2.14952783437221e-007 
9.06708926750236e+008 2.23243411458368e+006 -2.28542750951113e+003 -1.08788760820972e+000 3.70297028872375e-004 8.96165082448647e-008 
4.46497693783986e+009 3.42674352736290e+005 -3.16912760147512e+003 -5.68811069911113e-002 1.85064424834215e-004 -8.44785462861525e-009 
-1.75170316276178e+008 6.99015093309537e+006 1.24348003472834e+002 -8.26441773339633e-001 -1.70038093604321e-005 5.76265562606712e-008 
-1.82858934408283e+008 2.85257611915056e+006 1.29789083737911e+002 -3.36876132225707e-001 -1.16304639939638e-005 2.49594988090953e-008 
2.60446368850520e+009 6.70954691038463e+006 -1.15462275839270e+003 -3.15485181822169e-001 1.38707494684755e-004 -1.94045601536809e-008 
-4.04876993190365e+009 2.78331734542880e+006 1.79503077230351e+003 -4.86644329639256e-001 1.66900810919947e-005 1.71883447094199e-008 
-2.04821541035399e+009 -1.15298092753684e+006 9.08083185587302e+002 -5.69226508220601e-002 -3.59617611514631e-005 1.10616839318184e-008 
-2.90579834698577e+005 1.12557114571708e+005 1.41403252463577e+004 -7.65124926498384e+002 -5.92473374364224e+001 -9.82313032898673e-003 9.00059380768382e-003 3.78736204083690e-003 5.53159159594238e-004 2.25470394165720e-005 -2.91482507127307e-007 -8.24737478707791e-008 -8.44138016120852e-009 
-2.18834260017006e+005 -1.05739104975990e+005 1.09249694648178e+004 9.45134881732746e+002 -2.55785544544367e+001 -1.86951854734450e+000 -5.93656112898133e-002 -5.16454825019419e-003 -2.66015332847706e-005 2.41825423783026e-005 1.73004187339015e-006 7.17662919957753e-008 1.22361898147340e-009 
-1.10506665605765e+005 -6.04538538275309e+004 5.51589206635174e+003 5.34967381689662e+002 -1.21446058723509e+001 -1.01831121107546e+000 -3.25522381794911e-002 -2.90449469756859e-003 -3.00759787856312e-005 1.24882849354364e-005 9.47935997969399e-007 4.12860733103519e-008 8.99719272293879e-010 
7.45527485437279e+003 1.73249094429276e+005 -4.97581854388548e+002 -1.62461627062522e+003 -3.65473214359743e+001 3.79480748467981e+000 3.80124537417778e-001 1.54990080931015e-002 -1.12829484814162e-003 -1.95263285630510e-004 -8.75072677664984e-006 5.69409278994338e-007 1.12347277677818e-007 
-3.14220960051205e+005 1.65269575449381e+004 1.82216781377592e+004 1.24365950668269e+002 -8.39225305055486e+001 -3.74815300661715e+000 2.72734030842812e-002 2.25863960896329e-002 1.86502215151216e-003 4.92937753690556e-006 -1.18122172963585e-005 -1.04874750095204e-006 -8.89179990913929e-009 
-1.70556421973336e+005 4.10759942002768e+003 9.89769443369108e+003 1.14134328991404e+002 -4.45357381142674e+001 -2.14528281094024e+000 4.16727589856689e-003 1.18294645480262e-002 1.04425347943099e-003 8.17693533555859e-006 -6.16642119899948e-006 -5.85387884419563e-007 -7.99019023770215e-009 
2.87142827473372e+005 9.04656599766810e+004 -1.93536196216299e+004 -1.11729251800537e+003 1.17524065230717e+002 8.12429240596835e+000 -4.97275772872813e-001 -6.87559300659242e-002 1.91481053078234e-003 6.30612722761852e-004 7.74845028679640e-007 -5.75392995978692e-006 -1.72779356713294e-007 
-1.49520214499214e+005 1.41409518291430e+005 1.00939955471557e+004 -1.48847670556902e+003 -8.21083228547889e+001 6.86946345308046e+000 6.37740980086037e-001 -2.89788795645501e-002 -5.74936801304956e-003 8.25456782407755e-005 5.30440402990417e-005 7.56393880129019e-007 -4.77576730018801e-007 
-8.90305153453679e+004 7.42026100167791e+004 6.02426609991078e+003 -7.76267076089394e+002 -4.79367427222920e+001 3.49985510648425e+000 3.60395907926130e-001 -1.37934033647300e-002 -3.17538992678778e-003 2.70329594597387e-005 2.87742567925841e-005 5.72781823184209e-007 -2.54388210268966e-007 
2.97573077898747e+005 -7.99316642801225e+004 -1.92755111905831e+004 1.07251427875539e+003 9.78223698789507e+001 -8.32852292138545e+000 -1.44469105955712e-001 6.11571729298766e-002 -2.20579609153929e-003 -3.70127833845660e-004 3.77803802146931e-005 1.14548792911977e-006 -3.96392986323053e-007 
1.50549045182858e+005 1.41816148938531e+005 -9.76917887576708e+003 -1.37555865664487e+003 8.57046807210490e+001 4.15483234195527e+000 -6.36317983622601e-001 7.21290543762786e-003 4.32074647962956e-003 -2.83935118501791e-004 -2.08086320364166e-005 3.55595735568746e-006 -9.51743235702349e-009 
7.35392862545499e+004 7.92195958938353e+004 -4.76194844826429e+003 -7.77344497321755e+002 4.37479236837932e+001 2.49308705429372e+000 -3.41308161885789e-001 2.18455532560208e-003 2.40774022083776e-003 -1.43685737355436e-004 -1.23613140735019e-005 1.89800596962190e-006 6.00746066473028e-009 
3.51913934652171e+004 -1.67878168018165e+005 -2.02918731607408e+003 1.49098844055387e+003 -2.44485740681869e+001 -2.63406892646132e+000 2.38920776151604e-001 -1.47605466761688e-002 -9.72915940536331e-005 9.34659450742356e-005 -7.60191908902598e-006 1.78952194773540e-007 2.97013531584599e-008 
3.21598739098980e+005 2.28960806011546e+004 -1.74161392662154e+004 5.04237719643068e+001 7.08614031871145e+001 -2.71247242297235e+000 3.33331658682029e-002 1.03154152807134e-002 -1.28879078347436e-003 5.08446643150776e-005 2.57212513926811e-006 -5.31667776445607e-007 3.62531817123388e-008 
1.73720456074485e+005 1.71065795513798e+004 -9.40387391225267e+003 -1.48987181921587e+001 3.91913170571689e+001 -1.39615863772058e+000 1.12721837858952e-002 6.01358776728882e-003 -6.96771564182729e-004 2.49596020607000e-005 1.61068433705777e-006 -2.93626251900146e-007 1.88411281682671e-008 
-2.66588935153861e+005 -1.21810252532586e+005 1.24405433497176e+004 8.66561617698958e+002 -4.77863330907495e+001 -6.57705425635268e-001 -3.92293405036128e-003 -1.13969147065177e-003 3.62012286555110e-004 -1.58461248275523e-005 -1.25252148812756e-007 1.92643514857915e-008 -2.22719692025681e-009 
2.41184697715120e+005 -9.83518064592295e+004 -1.15411152566493e+004 8.30913951880401e+002 3.14289562783189e+001 -1.37015095627264e+000 1.73516751699132e-002 -4.04838476228989e-003 9.04035014607027e-005 1.32572439965644e-005 -8.70211952603518e-007 2.88854303099955e-008 -2.21452126252280e-009 
1.38410116151746e+005 -5.00650162519410e+004 -6.62110394090094e+003 4.27150690511573e+002 1.84595864694427e+001 -7.25806293412121e-001 9.40743653469968e-003 -2.16582839662426e-003 3.89671450600633e-005 7.64857397290954e-006 -4.68854414244258e-007 1.51084222106356e-008 -1.13985935532341e-009 
-3.87600533095151e+005 5.29616844196461e+003 1.78132232423565e+004 -2.51731252589648e+000 -5.99665987139974e+001 -3.56918673327256e-001 4.09622994871648e-002 1.65347879787074e-003 -1.26096089021639e-004 -4.59735843368658e-006 8.61966349584418e-007 2.34323357486071e-008 -1.60386682478640e-009 
-1.16137047578112e+004 -1.44338015289848e+005 5.33021001793523e+002 1.10810761722629e+003 1.81142559721047e+000 -1.75181089888664e+000 -2.41227208063989e-002 9.52002926280405e-004 7.30943882020712e-005 -1.13766648905377e-005 -2.61644483954807e-007 3.66103798861773e-008 1.46543478424758e-009 
4.35850040476412e+003 -7.86173315865222e+004 -2.07858790005932e+002 6.02700931558467e+002 2.68615189565823e+000 -9.44042509055747e-001 -1.43221003261316e-002 4.73813973508877e-004 4.32763310905195e-005 -6.05645676478167e-006 -1.66513293257056e-007 1.92584161103054e-008 8.42586310630039e-010 
-2.46222420264917e+005 1.31220479764464e+005 1.19877531529648e+004 -9.57576427673990e+002 -5.55958086886858e+001 8.28200514569070e-001 5.62627472615726e-002 1.83956662306348e-003 3.00060404932051e-004 1.97285905923016e-005 -4.22569243747636e-007 -8.48212433734517e-008 -3.32976377138741e-009 
-2.55424757637536e+005 -8.92118285437796e+004 1.27716761123215e+004 8.34325227120184e+002 -3.70646300726644e+001 -2.10555628856720e+000 -1.90934645002582e-002 -1.52891973360596e-003 -6.17320168377872e-005 1.60137401522270e-005 1.48894775815296e-006 2.29490707197330e-008 -1.27681935165832e-009 
-1.32127983602085e+005 -5.21516684628697e+004 6.61214528318646e+003 4.80636693706828e+002 -1.86132048220559e+001 -1.17012398795274e+000 -1.19418574977261e-002 -8.79630508261758e-004 -4.18782806069752e-005 8.16270759374945e-006 8.21772458671534e-007 1.48418700965990e-008 -6.03391573769475e-010 
-1.14146576831317e+006 6.39923935493377e+003 1.90136427725777e+001 5.89314076584311e-002 -1.39087728001565e-002 -1.68127168980478e-003 3.16093272124082e-005 3.86064524080814e-005 4.98884958077265e-006 -1.94739364295283e-007 -1.50186852999956e-007 
-4.72719194980343e+005 -7.16686699162077e+003 1.69217574119250e+001 1.39045577364500e-001 7.74505054515530e-003 -1.11218468625349e-003 -2.48475446752136e-004 -1.23931068479928e-005 3.76985188299250e-006 8.39446480375540e-007 3.61396120835126e-008 
-1.71229631071203e+005 -3.18568347413676e+003 6.56282301344511e+000 6.57088172747473e-002 5.40598248799446e-003 -4.21375703056813e-004 -1.35927638269710e-004 -1.06220659074457e-005 1.49678733621193e-006 4.69284540453845e-007 3.48862520128428e-008 
-1.12851601848673e+006 6.54989583711486e+003 1.83393696872049e+001 -9.29861934669982e-002 1.21160511088609e-002 1.62215948328683e-003 -4.42743547648356e-004 -4.47019210067765e-006 1.24575812084260e-005 -9.32676974122645e-007 -2.79912563920551e-007 
-4.86912661319842e+005 -7.02555531534211e+003 1.81210609709313e+001 -3.47681367646506e-003 -1.12344743758414e-002 2.27155873449833e-003 1.11838736969597e-004 -6.75938569434699e-005 2.85648891113851e-006 1.64283597691741e-006 -2.29457490660867e-007 
-1.77545922226636e+005 -3.13002522119265e+003 7.22659855968986e+000 2.42142404787040e-003 -7.43977778536910e-003 1.04589489597820e-003 1.05717943883388e-004 -3.56456985672206e-005 2.34791510854950e-007 9.74976685079743e-007 -9.35534266376657e-008 
-2.11052383467089e-005 5.30867177637742e-007 6.79643788419006e-007 -1.15199409675633e-007 -5.50114834249512e-008 -1.41188660115640e-009 1.02105284127962e-009 2.92311198583211e-010 6.70822711842986e-011 5.45442525281361e-013 
4.43165178598407e-005 -2.23373865855723e-007 2.04499529210004e-007 9.73545886435712e-008 -6.46097797781654e-009 -4.37429231380821e-009 -6.27238489789409e-010 -4.86695339365699e-011 3.77831595564359e-011 1.22293810438401e-011 
-2.12944835011633e-005 -1.66557655973895e-006 -8.78927740544992e-008 3.78609101157210e-007 -1.36557719718143e-009 -3.25955135127731e-008 1.11558078526561e-009 1.88012542942298e-009 -1.11939698333295e-010 -8.61960626306770e-011 
4.50181901168393e-005 2.32741402866672e-007 -4.61035896777927e-007 -6.69447386128344e-009 5.50956986464278e-008 -7.94290908004616e-010 -3.50485761268247e-009 1.27305612645665e-010 1.63817781279113e-010 -8.01089742213681e-012 
-2.19243914929191e-005 4.35907876011470e-007 -5.21213251930038e-007 -1.44517794954992e-007 3.91005164619857e-008 1.68802940395282e-009 -8.15012141638231e-010 9.39555255555450e-011 -1.12350287982892e-011 4.71251222902976e-012 
4.49481985670409e-005 4.11428747421668e-007 2.42791390106307e-007 -6.94432982882177e-008 -1.16992166979128e-008 2.88299440971099e-009 -1.00455105223227e-010 4.82837438311490e-011 -6.21172990039320e-013 -7.87480492721314e-012 
-2.42235853892029e-005 -1.72677518939391e-006 5.53899733988487e-007 1.50218071353471e-007 -2.67002505348656e-008 -5.42605586888463e-009 3.12064092136038e-010 5.65838771261364e-011 -4.22023705580172e-012 2.22519734236964e-012 
4.52500171324606e-005 -5.38796140389929e-007 -2.17590111246771e-007 6.28277732303583e-008 1.47073118881652e-008 -1.38647367694571e-009 -4.14695656908620e-010 -8.06511639709037e-012 1.69688766699780e-011 9.95621529149165e-013 
-2.20777129775344e-002 -1.45404036431336e-004 7.20477225472309e-005 2.59479010500812e-005 3.81231615249492e-006 -4.59910298224907e-007 -1.65199064597585e-007 -6.85204753062391e-009 1.16145335364686e-009 3.09684675244162e-010 
3.83258946472429e-001 1.48136934242235e-004 4.43627206249759e-005 1.50544634820914e-006 -1.50243020499764e-006 -3.65045137727738e-007 5.72199733516939e-009 7.08541682231412e-009 7.38086336865365e-010 4.98335226337598e-011 
4.59429708584733e+003 9.20048629058843e-001 -8.42378043623505e-005 -2.49671173142857e-005 -3.30491026456135e-006 4.52976393822657e-007 1.55044820123176e-007 6.31607043050413e-009 -1.14828066468696e-009 -3.00613427933302e-010 
-2.11167167260468e-002 1.12961057411109e-003 7.04088203513995e-005 -5.97199333473977e-005 -3.48787029867595e-006 2.43580828979136e-006 9.72530391416339e-008 -8.99190465680743e-008 -1.26767862947098e-009 3.24384774777914e-009 
3.83583084021915e-001 4.84724366292814e-005 -9.39657294864937e-005 -6.33969204511466e-006 4.50693071999513e-006 2.33049377460783e-007 -1.72957148938505e-007 -4.95567458225072e-009 6.27734649117245e-009 1.14235120362442e-011 
4.59613591269242e+003 9.18774721703625e-001 -6.17144948153225e-005 5.89078445450066e-005 3.05319730549184e-006 -2.34222027470485e-006 -8.25208907111607e-008 8.57609445040850e-008 8.42684477669114e-010 -3.08437127038328e-009 
-1.97141340216784e-002 9.31004512944619e-005 -1.45652893399293e-004 2.58713193876528e-005 2.96881726719057e-007 -9.32685251745069e-007 7.78743307065747e-008 7.63513646487104e-009 -9.99091514438279e-010 1.38100258961218e-010 
3.83234809640731e-001 -2.78717148540448e-004 3.03033304544646e-005 5.84177620400197e-006 -2.09952951759456e-006 1.14281350355815e-007 4.05463312559239e-008 -4.24299949804904e-009 6.56797380569857e-011 -5.39280193487040e-012 
4.59797435387729e+003 9.19841198599908e-001 1.48681508395785e-004 -2.53053121339192e-005 -4.01960593956000e-007 8.77930435612835e-007 -7.40499559558783e-008 -6.81584185165999e-009 9.33124402356978e-010 -1.34351569366012e-010 
-2.00731993270722e-002 -3.50407395776169e-004 -1.58614040204369e-005 4.98672561572351e-006 2.93781175897008e-006 6.13097330933830e-007 -6.50433092164060e-008 -1.37077950355289e-008 4.99158033711982e-010 1.16584425955890e-010 
3.82949671101555e-001 -6.27149820858479e-006 3.76081644463279e-005 4.14691749777814e-006 7.36097036865505e-007 -1.90197508169912e-007 -3.96163495102386e-008 2.34122908442591e-009 5.12267613827951e-010 -1.83536460883510e-011 
4.59981458588350e+003 9.20277942119833e-001 6.47875671986922e-006 -6.47686870406444e-006 -2.65229402173380e-006 -5.56016089077826e-007 6.02951952370257e-008 1.26880458330607e-008 -4.49313666666728e-010 -1.06685650498095e-010 
