-2.94611330556949e+007 1.18082389858100e+007 3.46102679845891e+005 -2.53609957332318e+004 5.96282121970235e+001 -1.02675417814730e+001 -2.17083820139534e-001 8.96854054802359e-003 -6.11637321674723e-004 3.01475668786195e-005 -8.79499359980381e-007 3.75836080754807e-008 -3.92971129377938e-010 4.04006424649885e-012 
-5.58566833253939e+007 -5.09132153876150e+006 6.71284309874913e+005 6.56673298028376e+003 -3.28827078371244e+002 9.50728931092964e+000 -6.13877526992393e-001 9.12198724716842e-003 -5.24095290341614e-004 -1.60355177025381e-006 1.51905633335587e-007 -2.78614330482589e-008 1.42519323147723e-009 -6.12330048905893e-011 
-2.68678429652917e+007 -3.94368878064236e+006 3.22701952445260e+005 6.13737798593451e+003 -1.81835112597117e+002 6.14298938670411e+000 -3.05423088494729e-001 3.94293908144512e-003 -2.16487214746674e-004 -3.97887445764619e-006 1.72272359751845e-007 -1.88045331623835e-008 8.00604330463158e-010 -3.30842872016543e-011 
-4.03936422541868e+006 1.33588069796981e+007 3.99633608210863e+004 -2.62761779464656e+004 -1.85297401201747e+002 -1.38404620510589e+001 -1.07720313238463e-001 2.97361134035204e-003 2.07697790592847e-004 2.53451740835709e-005 6.74315269804377e-007 4.33715642138539e-008 8.58452719641007e-010 3.37176030056061e-011 
-6.04762209839895e+007 5.14256018516992e+005 7.22353363881222e+005 2.07829095734766e+003 -2.75331629484652e+002 -4.10956827068751e+000 -6.03015798496926e-001 -8.92346287441919e-003 -6.40930912605312e-004 -6.97374569846152e-006 -1.80321406597031e-007 8.88875074220179e-009 9.34066389566351e-010 4.13025027327890e-011 
-3.19706947822366e+007 -1.11006437882094e+006 3.81724005049983e+005 3.83459619400507e+003 -1.27868940446154e+002 -7.60388970155469e-001 -3.10931358011341e-001 -5.07384670934344e-003 -3.64000434906383e-004 -6.36331216554484e-006 -1.65816203244462e-007 3.35317794572066e-010 4.08797052571120e-010 1.78940106423207e-011 
2.19495865794160e+007 1.23451471860126e+007 -3.02590331291118e+005 -3.15405907440279e+004 -4.72732220410553e+002 -1.35370693041172e+001 2.69073291092240e-001 3.41119649062655e-002 2.21496468814548e-003 1.07369312395468e-004 3.84987061337680e-006 9.08233941290719e-008 -1.33701962718473e-009 -3.06217297308095e-010 
-5.36504704631737e+007 6.30599321357342e+006 7.15262123512033e+005 -3.90070232164544e+003 -5.35507618911543e+002 -2.41393649263432e+001 -1.17730689403532e+000 -3.27844595450436e-002 -7.10561799753145e-004 2.13242698172519e-005 2.85217566166878e-006 1.94497534089797e-007 9.56804136520749e-009 3.61549006755100e-010 
-3.10184983329523e+007 2.08887130009581e+006 4.13452816940574e+005 1.18649802992883e+003 -2.37045992948419e+002 -1.14909608488610e+001 -6.56791877648949e-001 -2.10511068061302e-002 -6.09159851534532e-004 2.66268556476335e-007 1.12374704790233e-006 9.44598876661207e-008 5.25542753644485e-009 2.24766420033840e-010 
4.29191669556957e+007 8.26598793675069e+006 -7.32900411863246e+005 -4.03932712694919e+004 -5.40699913647790e+002 1.71395104838072e+001 3.03077936006703e+000 1.98628615762617e-001 8.72585786994296e-003 1.79018788360114e-004 -1.09372883682968e-005 -1.57345990558747e-006 -1.09814541656044e-007 -4.97081703793452e-009 
-3.55989183167586e+007 1.16468626794960e+007 5.95219818926517e+005 -1.82033269277419e+004 -1.38071879862573e+003 -6.38757939932490e+001 -1.99162962323129e+000 6.58227854464223e-003 5.92880585088924e-003 5.09650016110954e-004 2.73491029902342e-005 8.71082309153764e-007 -9.71643798234363e-009 -3.83569347689698e-009 
-2.35492708960910e+007 5.36479865403357e+006 3.93943748060757e+005 -5.53582026410322e+003 -6.81490640092325e+002 -3.58981799887753e+001 -1.37813175565679e+000 -1.70773344445343e-002 2.26235383310096e-003 2.53680009615764e-004 1.57433432161609e-005 6.28450720914969e-007 6.19555565153652e-009 -1.53340810658700e-009 
-9.64410810486191e+006 2.38089991315678e+007 1.12397016792006e+005 -4.91750047470394e+004 -7.38898674559706e+001 2.92100228113148e+001 -3.84046737513896e-002 -6.79953703649283e-003 6.53168069148104e-005 1.44186356172517e-007 
-9.75659844646675e+007 -1.39010127159527e+006 1.21646136234439e+006 2.19021134810597e+003 -1.23716440792212e+003 3.33450254562781e-001 4.60405637560507e-001 -1.96527160128642e-003 -5.05281718429975e-005 1.15446682566264e-006 
-4.33273493624539e+007 -2.13194160466278e+006 5.40199098779185e+005 4.09713670513465e+003 -5.51947337659140e+002 -1.69795027487036e+000 2.09581271060377e-001 -4.61629971482426e-004 -2.76592311993922e-005 6.18793793608246e-007 
3.70191069052176e+007 2.23714463753023e+007 -4.65846966870661e+005 -4.57943309653694e+004 4.86842785755422e+002 2.62258654009053e+001 -2.02257083071372e-001 -5.05171949777163e-003 4.19101937364812e-005 -5.94602445031497e-007 
-9.07660765997276e+007 8.11451353889597e+006 1.12608274105949e+006 -1.69723153778779e+004 -1.12527354984831e+003 1.05701604644842e+001 3.87746541710064e-001 -3.03018008535784e-003 -1.68706784321642e-005 2.16081298194346e-007 
-4.32205226356781e+007 2.23535050509514e+006 5.36126625610332e+005 -4.73834374451193e+003 -5.37088806021107e+002 3.09592012003436e+000 1.87286586969605e-001 -1.04163603762142e-003 -1.11730527944759e-005 2.00624242608749e-007 
1.06564098349627e+008 1.41345586327957e+007 -4.88220881554866e+005 -1.10056697488951e+004 1.67207315856519e+002 2.44018793838636e+000 -1.31030786531974e-002 -4.26498963556308e-004 8.94631514541214e-005 2.38266254179334e-005 -3.77815449493813e-006 -2.07120539729487e-006 4.44395272409567e-008 
-9.73711049305246e+007 1.33021049794266e+007 4.44481394052002e+005 -9.81669614698758e+003 -1.70174482960433e+002 1.69717627386671e+000 2.31338161939597e-002 4.47440236377308e-004 1.41430117441977e-005 -2.46957209778639e-005 -3.24456756577321e-006 1.32124038183952e-006 3.84828849346878e-007 
-4.22108048226919e+007 5.76677490053257e+006 1.92694667786747e+005 -4.25575778286618e+003 -7.37754161088276e+001 7.35340142506240e-001 9.96963243402973e-003 2.35288311341618e-004 1.29469618293998e-005 -1.31758422665198e-005 -2.08118701686258e-006 6.71701085831754e-007 2.26092736580139e-007 
1.30543710309795e+008 9.74959508367053e+006 -6.02683315426062e+005 -7.95755693362216e+003 2.12701629265141e+002 2.08484402275452e+000 -1.95338829814086e-002 -2.72488295220368e-004 4.45620699501842e-005 -8.75041612834185e-007 -6.22367233911530e-007 1.38609881633671e-008 5.42938452225342e-009 
-6.76149228874816e+007 1.63432506599170e+007 3.11565909084544e+005 -1.22366773102402e+004 -1.30503295323791e+002 2.26693189674716e+000 2.44797602085981e-002 1.61644063108124e-004 -2.07211047395900e-005 -2.71264491818200e-006 3.54687957680568e-007 -5.74067083982927e-009 -2.19161930346942e-010 
-2.93107886249515e+007 7.08519544007968e+006 1.35072676646837e+005 -5.30489640555691e+003 -5.65781773675679e+001 9.82447598034298e-001 1.06781862505032e-002 9.19648906249710e-005 -1.23567937217614e-005 -1.81889281305510e-006 2.31628776423881e-007 3.34122469225433e-009 -6.20404054301634e-010 
-1.84169936693395e+008 2.21305387595805e+007 8.86501758547874e+005 -1.25968756686681e+004 -4.36325290867932e+002 -3.74899476695988e+000 2.37213736503512e-002 2.68845538644790e-003 6.08772015873577e-005 4.97418908455396e-007 1.01811699761086e-008 
-1.34980879667649e+008 -2.09183677453669e+007 6.54002247581983e+005 2.06445376563839e+004 -5.85840332429554e+001 -5.34093138191806e+000 -1.27374338934303e-001 -1.41148531757640e-003 1.90860956397321e-005 1.22313549912311e-006 2.98228512820760e-008 
-5.69578551760509e+007 -1.01920846736571e+007 2.76030994430848e+005 9.80934019314835e+003 -1.50853913131565e+001 -2.34856109275510e+000 -5.90635163646867e-002 -7.19341882867455e-004 6.97206043760258e-006 5.61603300402921e-007 1.42058744294551e-008 
7.38415164095361e+008 1.38163563720535e+006 -1.14592585334854e+005 -5.86393452362076e+001 1.67142134477384e+000 1.41564183329901e-003 -1.42856065023119e-005 1.14561422738011e-008 
-5.38309462196979e+007 1.73376784797329e+007 8.37910406754406e+003 -4.46696070626836e+002 -2.57207928901954e-001 4.82839330994645e-003 5.35811986777184e-006 -1.29964992731648e-007 
-4.10634268450854e+007 7.39775208800444e+006 6.38157800648473e+003 -1.90039325634893e+002 -1.50945308197830e-001 2.03519409404076e-003 2.70759921537641e-006 -5.58562095993110e-008 
-1.41909292683095e+009 6.91926454341448e+005 3.09186296926706e+004 -1.03391945157258e+001 -5.26133070499577e-002 4.32274270596590e-005 -9.61236164219335e-008 
-1.61524345339815e+008 -1.22905625391856e+007 3.52451634287849e+003 4.37192074541388e+001 -2.30741229352616e-002 -3.79522392057380e-005 9.04738118057580e-008 
-5.62748194826006e+006 -5.10631185228358e+006 1.24438952768421e+002 1.85022781988162e+001 -7.26206256159203e-003 -1.75662822790689e-005 4.13918602511936e-008 
3.00324053973658e+009 2.49980932087285e+005 -7.02544292376865e+003 -1.62060375748809e-001 1.25106787605145e-003 1.72425368371399e-007 
-7.77079568984108e+007 8.21762409477524e+006 1.81557168860737e+002 -3.19372123811493e+000 -6.86827907860835e-005 -3.82558946529657e-008 
-7.65107645791521e+007 3.59557758765536e+006 1.78843208037896e+002 -1.39660221631586e+000 -4.70444557064941e-005 -1.28483294923782e-008 
3.77026849960046e+009 4.03012214447553e+006 -2.64411528786798e+003 -4.87876501066579e-001 1.49788560408910e-004 -2.70816383411862e-008 
-2.22218864730363e+009 5.91857935965687e+006 1.55894993147278e+003 -6.81394362798220e-001 -1.07143136964237e-004 3.79916166376335e-008 
-1.00341936149908e+009 2.32217137346378e+006 7.03917070165523e+002 -2.66725220119878e-001 -4.76913217927935e-005 1.60516736943256e-008 
3.51296097939660e+008 7.63135598433265e+006 -2.05501102080848e+002 -7.17707953213169e-001 1.61103532682319e-004 3.27968135073246e-008 
-4.50916075931692e+009 1.00955160172470e+004 2.63871249594134e+003 -3.55619396729847e-001 -1.36613617216160e-004 6.96950785663102e-008 
-1.51301432387071e+009 -2.29614939417057e+006 8.85394602281392e+002 1.04996546989453e-001 -9.15684708726806e-005 1.66761674503856e-008 
3.40582575284615e+005 -7.89896014395505e+004 -1.68598444031025e+004 4.60511948645499e+002 6.54253915603108e+001 9.35747519081901e-001 2.05423835019152e-002 -5.20289967594861e-003 -7.19628244874008e-004 -2.92879129442200e-005 1.30189375283866e-007 1.36499367654324e-007 1.46731929573272e-008 
1.36453681307619e+005 1.35557124386976e+005 -6.91953069312941e+003 -1.15835258426331e+003 6.46042162678453e+000 1.82802848911005e+000 9.86464127050480e-002 8.10614303817175e-003 6.26216438064537e-005 -2.93228766861802e-005 -2.53231127172849e-006 -1.32857884455306e-007 -5.29950396116325e-010 
9.56318731669441e+004 5.39337273991784e+004 -4.81284645714861e+003 -4.80989711046713e+002 9.42469174540210e+000 9.20404954031132e-001 4.67506438884281e-002 3.17521974603707e-003 -4.22947750611034e-005 -1.62000905346994e-005 -1.13749030516315e-006 -4.69747025714205e-008 1.20011783067923e-009 
7.85514387374983e+004 -1.72839111084607e+005 -4.61549064863673e+003 1.57943884619849e+003 6.15342649638733e+001 -3.30387359446180e+000 -4.61582164169278e-001 -1.88610212152056e-002 1.61358204262878e-003 2.45983466034798e-004 7.18358637830931e-006 -1.21645764185391e-006 -1.49027135020349e-007 
3.11996072202394e+005 3.03020991833012e+004 -1.83999062030620e+004 -5.73525066148659e+002 7.89882214741190e+001 5.31743947471933e+000 2.93753450329224e-002 -2.79808057214410e-002 -2.37035000145382e-003 1.57505753022212e-005 1.75516239796716e-005 1.23858469867943e-006 -3.44789966205946e-008 
1.49765005266577e+005 -3.19352368858522e+003 -8.82097951199838e+003 -1.04777056259147e+002 4.19394406437683e+001 2.08819169951688e+000 -3.20094474062806e-002 -1.45634318368477e-002 -9.18417306018190e-004 3.13303440213257e-005 8.68123990637960e-006 4.43294576885114e-007 -3.03115584905152e-008 
-2.38084059415892e+005 -1.26274817934657e+005 1.60839945115378e+004 1.45070870425113e+003 -9.93250371926894e+001 -8.89371932031986e+000 4.81731511048775e-001 6.47056891213299e-002 -2.94674344498659e-003 -5.62439983595212e-004 1.97224381025274e-005 5.27357243867228e-006 -1.26147819815611e-007 
2.23193060150369e+005 -1.16360637112969e+005 -1.50352830771078e+004 1.22214706880650e+003 1.07617600798326e+002 -5.87426022564954e+000 -6.88648122992676e-001 3.11921536024505e-002 5.54997137527219e-003 -1.98927817337607e-004 -5.01585642609136e-005 1.26090273493164e-006 4.77728173225421e-007 
7.83097875568244e+004 -6.52881804663683e+004 -5.25256895567605e+003 6.98040994393231e+002 3.90860082299559e+001 -3.54470516601445e+000 -2.65412713355029e-001 2.05387267861168e-002 2.23217578362177e-003 -1.45692817616566e-004 -2.08551282928450e-005 1.09134464841483e-006 2.04703043678817e-007 
-3.31145044599889e+005 3.73487962297652e+004 2.10360186348371e+004 -6.40780567261987e+002 -1.08714414729882e+002 6.32504179005039e+000 1.82178872129494e-001 -4.73570654563067e-002 1.86787356876756e-003 2.29541272508516e-004 -2.87662979777589e-005 4.46135538645227e-008 2.29564854670164e-007 
-7.08247453061065e+004 -1.61095733557904e+005 4.49793982815314e+003 1.59746892236277e+003 -5.68360001136264e+001 -5.24182940482077e+000 5.14205268522629e-001 -2.56869167042272e-003 -3.32701164267465e-003 2.30853754200530e-004 1.07715433027449e-005 -2.50449249108500e-006 7.62372454679337e-008 
-6.44614092168579e+004 -6.95543157295037e+004 4.10621015673299e+003 6.62206967598439e+002 -3.65451495819055e+001 -1.75698123261279e+000 2.51715670658413e-001 -5.82878413420745e-003 -1.32848145911162e-003 1.27488304621359e-004 2.06735173959388e-006 -1.13384363175140e-006 5.72127295360346e-008 
-1.27060560272167e+005 1.54861243860295e+005 6.99771643035276e+003 -1.42561186578168e+003 -1.40906795798436e+000 3.20045972247290e+000 -1.69424993836329e-001 8.22420737572422e-003 1.58625478131258e-004 -6.51133982696375e-005 4.63787754280048e-006 -8.88390868356412e-008 -1.50731306768216e-008 
-3.10144966116358e+005 -6.81595483575834e+004 1.65512988235015e+004 3.76550072308933e+002 -7.46405881884261e+001 1.37899539079089e+000 3.92156918440047e-002 -9.06918301735270e-003 8.86840721162795e-004 -2.77770378033441e-005 -2.23691888153024e-006 3.25795585945654e-007 -1.97155580808397e-008 
-1.53267375090444e+005 -1.58529441177829e+004 8.19440073854753e+003 3.03896808977483e+001 -3.40047139450405e+001 9.45501323405540e-001 1.10809888146826e-003 -3.31924632451023e-003 4.18660649895260e-004 -1.90232080539249e-005 -5.60408127546234e-007 1.39350657243311e-007 -1.04434344064058e-008 
1.86727096550756e+005 1.45826481240547e+005 -8.64873633646903e+003 -1.08573965016255e+003 3.81393688718358e+001 1.30885674411781e+000 -3.00312213221314e-002 4.56643648587748e-004 -1.91569806794274e-004 1.51199789243204e-005 2.01836725539652e-007 -4.55144543895884e-008 7.90146300356639e-010 
-3.12635249756256e+005 6.42080104763043e+004 1.48523670105191e+004 -5.88702163906972e+002 -4.63303484571869e+001 1.37950116640794e+000 6.16247645964319e-003 1.35095966900827e-003 -8.17853841243160e-005 -9.74176678838612e-006 9.90390275623023e-007 -8.05175317239054e-009 -5.06886320157740e-010 
-1.23885351268881e+005 4.32834446630648e+004 5.88470756675469e+003 -3.73450425207154e+002 -1.71942650847115e+001 7.56555159841768e-001 -3.44209813560773e-004 6.56539789725215e-004 -5.57835093765430e-005 -2.94001242617921e-006 4.69130002919680e-007 -8.16996812577223e-009 -1.50719471465705e-010 
3.76402011033055e+005 3.66231035033627e+004 -1.72835366046434e+004 -3.07082388093998e+002 5.66189154697100e+001 5.20775017475772e-001 -3.00239686784681e-002 1.26509229352216e-003 1.10275080143097e-004 -5.43136863593341e-006 -8.16666037331096e-007 8.17105823394439e-009 9.95222744438285e-010 
-9.52291902024169e+004 1.44351929465818e+005 4.29503123978181e+003 -1.09536782433799e+003 -1.61937449757911e+001 1.60614092143453e+000 1.96844435148566e-003 -5.82465774189482e-004 9.30100042914929e-005 1.15264774295096e-005 -1.54299851061699e-007 -3.25567925832405e-008 6.19766767128414e-010 
-6.96738858853399e+003 6.89210823517243e+004 2.58390500279463e+002 -5.25483600272913e+002 -1.71076619312995e+000 7.77241488821241e-001 -2.26277637045559e-003 -1.42080942686319e-004 5.27761873633145e-005 4.68362889789939e-006 -1.49687358903909e-007 -1.39046814722687e-008 3.80445503998086e-010 
3.10988725856092e+005 -1.00372953311933e+005 -1.52751914440697e+004 6.57878650901142e+002 6.32511072977877e+001 2.43122663151082e-001 -1.35426012648121e-002 -3.57405063358272e-003 -5.34841685983207e-004 -2.48943545218159e-005 2.17613227191358e-007 8.91457458448991e-008 8.40402901210381e-009 
1.84727876568305e+005 1.24199288042895e+005 -9.32726546773446e+003 -1.09041436559237e+003 1.80906357208429e+001 2.07306764459036e+000 6.68196183495504e-002 5.35001422143608e-003 8.33053899604982e-005 -2.27211047375999e-005 -1.93541525852148e-006 -8.10104026277544e-008 -1.39853829740307e-009 
1.13418988315154e+005 4.64742523602196e+004 -5.70050713274673e+003 -4.27981199166206e+002 1.43833668948737e+001 9.55134147182028e-001 2.86093793948737e-002 2.07029451154228e-003 -1.40864111646635e-005 -1.26543094561875e-005 -8.50752618768326e-007 -2.78627935071363e-008 1.79707402897723e-010 
-6.24078654533022e+005 -1.07752653390485e+003 2.62146985595217e+001 1.96316974405522e-001 -2.66883964719246e-004 -1.37349148466066e-005 1.68712878039260e-006 -5.75942073820556e-008 7.29150573149628e-009 9.16205095364724e-009 -1.12366301809760e-010 
2.22913957036294e+005 -6.87537366071735e+003 -7.42633558072693e+000 6.96351477913938e-002 4.30361153571336e-003 -2.02593317183365e-005 4.74401127202012e-006 -6.06757491045892e-009 2.37978359549913e-008 -6.04899378477163e-011 -1.54148642453443e-011 
9.90554211335925e+004 -2.94354314479870e+003 -3.83837348499376e+000 1.79348187630267e-002 1.96487529630175e-003 -1.24566429571418e-005 2.46931167898888e-006 2.93363436269457e-009 1.18879193658262e-008 -1.31787802685945e-010 -7.58341622565433e-012 
-6.26016588177135e+005 -8.58468630119569e+002 2.85407029923242e+001 1.91076408938768e-001 -4.47789448858049e-004 -4.83108805062146e-005 -1.22409106905467e-005 -1.99538018072294e-006 -2.14429251084896e-007 -5.24797432322115e-009 -5.03491111912305e-010 
2.09107280409155e+005 -6.93025524383616e+003 -6.16693293899476e+000 1.43108824987265e-001 5.52623577704913e-003 1.90182966278493e-004 1.67037199589033e-005 7.01691349112099e-007 -3.71401063086279e-008 -1.44307626206707e-008 -1.91401037866836e-009 
9.31386896680070e+004 -2.97284888833624e+003 -3.42996203033080e+000 5.15951485398219e-002 2.60236790231662e-003 1.06233768025252e-004 1.03054334482906e-005 5.81465443240229e-007 2.36780191703908e-009 -6.36339346757254e-009 -9.82822026946829e-010 
8.68698173973802e-005 6.88823106462169e-007 7.38500387505910e-007 -4.13574330160366e-008 -5.68894841001117e-008 -4.49458050990330e-009 9.06486968027930e-010 3.06814191254257e-010 6.66914585375534e-011 3.16278932229436e-012 
7.90524920414954e-006 -3.18403175836555e-007 1.14803011948378e-007 9.86156584866803e-008 8.24610668109827e-010 -4.07129126133781e-009 -8.20551424081214e-010 -5.30091249936533e-011 4.19470708214304e-011 1.10963647972580e-011 
8.77842240911326e-005 -1.05621545798226e-006 -3.75575113975322e-007 3.22796140642874e-007 2.75695528767484e-008 -2.80207612771191e-008 -3.61496048685611e-010 1.63169487684941e-009 -5.84871895734962e-011 -7.56185938994796e-011 
8.46829025551165e-006 3.82207280257993e-007 -3.70971124178182e-007 -3.95557993806933e-008 4.57655315955138e-008 1.42263131797350e-009 -2.90982911010446e-009 4.40526275163384e-011 1.35030363052866e-010 -5.80168221415519e-012 
8.75717897878377e-005 7.96111829036242e-007 -2.94884922184191e-007 -1.76279339614086e-007 2.42602089809308e-008 4.69722476517663e-009 -7.34030753721206e-010 -1.65709477005639e-011 1.43253587707376e-012 4.78871475834335e-012 
8.55656914128377e-006 3.62459517784476e-007 2.66221976166531e-007 -4.09737923791979e-008 -1.48776406141096e-008 2.13438185079511e-009 1.43392217855418e-010 1.23073073072970e-011 -7.00007529862621e-012 -4.77290714094182e-012 
8.59384546879134e-005 -1.85347558085060e-006 3.10961988728545e-007 1.71133490016908e-007 -1.16859051226764e-008 -4.99402471660361e-009 -1.36200848102790e-010 -1.14977129146679e-011 1.28899735194477e-011 4.66553689528111e-012 
9.23519864066039e-006 -1.55963718477234e-007 -2.39268806118457e-007 3.52145068324883e-008 1.47595292062486e-008 -5.43162321597521e-010 -3.20932794602071e-010 -2.68697337326005e-012 1.37771825408985e-011 -2.41559155231816e-013 
6.70041054922016e-002 -5.26108906211670e-004 5.14269385730813e-005 4.22327609675933e-005 -3.21855823506861e-007 -1.34531674382552e-006 -8.05774545621605e-008 1.55533802085346e-008 3.12659979182969e-009 3.18113866462051e-010 
4.04947016904940e-001 1.78964810453854e-004 7.26908136977166e-005 -2.74238713091620e-006 -3.28815849182810e-006 -8.94197595345360e-008 6.82327527458414e-008 7.46372273680878e-009 -1.46234577117404e-012 -1.42179540360593e-010 
3.45355912259377e+003 9.20348196219895e-001 -6.32177899676535e-005 -3.96040077848091e-005 5.09514768577461e-007 1.26780205506167e-006 7.68832074210050e-008 -1.45465465302827e-008 -2.99431822932778e-009 -3.06174475090973e-010 
6.69313158973154e-002 4.11639567489876e-004 1.38911170238281e-005 -3.25168172843959e-005 5.48423793450717e-006 1.35812518469417e-006 -3.31331672982273e-007 -3.57192266054801e-008 1.32835097692890e-008 5.14344375176016e-010 
4.05450169560201e-001 2.05588621316157e-004 -5.09117087104251e-005 4.33362866147096e-006 2.83842007539846e-006 -5.71872511324183e-007 -9.41975609864554e-008 2.65736325540202e-008 1.98393368011779e-009 -1.00970330655787e-009 
3.45539882464449e+003 9.19410898574392e-001 -6.99929124927686e-006 3.32757247330565e-005 -5.25568844556631e-006 -1.32222960312016e-006 3.13623677580192e-007 3.44320114652166e-008 -1.25995422249199e-008 -5.03309705091059e-010 
6.76144273470043e-002 2.90665171223339e-004 4.92300762647849e-006 -6.87774511622808e-006 -4.73385267505200e-006 1.50626568773437e-007 1.34809530117135e-007 -6.54723672316914e-009 -8.81700593268332e-010 4.97276275275787e-011 
4.05653505137285e-001 2.47872075762489e-005 -2.29061550921846e-005 -5.61541452146637e-006 3.29495756462476e-007 3.69244185308860e-007 -1.33346059434335e-008 -5.56269601937326e-009 3.27312008416362e-010 -3.22325049765212e-012 
3.45723788380426e+003 9.19636873598264e-001 9.24498186240732e-006 4.81318774827914e-006 4.22425146260555e-006 -1.20133820917241e-007 -1.25059032613518e-007 6.10559102297478e-009 8.07299880688930e-010 -4.89458590264726e-011 
6.76472988401814e-002 -3.91205949729525e-004 -1.28273720119003e-004 1.80439701134165e-005 6.40349881500798e-006 -2.22901998543316e-007 -1.32573016482885e-007 -4.83354256389044e-011 9.87893727753898e-010 -2.12473596200295e-011 
4.05566242354816e-001 -5.52708532307872e-005 4.24271540836989e-005 1.29827748278648e-005 -9.11903783841961e-007 -4.05569863435788e-007 4.89394866045416e-009 5.22982206272037e-009 8.65005463829114e-012 -1.58166642929276e-011 
3.45907770376766e+003 9.20287231821771e-001 1.09824763778994e-004 -1.82803610359065e-005 -5.83097331725453e-006 2.09249425554422e-007 1.22361538987749e-007 2.33608738619208e-010 -8.96074638916322e-010 1.89931103560872e-011 
