-1.56342445794620e+007 -1.88223790709970e+007 5.94575369152961e+005 1.05177104318203e+005 -5.97599523974975e+003 -3.10161324894857e+002 4.91964835061750e+001 -2.29272759167432e-001 -3.41520461010078e-001 1.85203331670501e-002 1.77633683520853e-003 -2.42353509849978e-004 -2.50493506772866e-006 2.23028167937812e-006 
3.76023423724030e+007 -5.20124843755398e+006 -1.41360529556321e+006 5.99136392257834e+004 5.12356368632701e+003 -5.06390313702956e+002 -7.97808500939687e+000 3.72623343013400e+000 -1.21317935479358e-001 -2.22662056667425e-002 2.07569788418619e-003 7.68025868283553e-005 -2.14197520573380e-005 4.63042458237241e-007 
2.16636106876091e+007 -8.26137342965282e+005 -8.16754930666028e+005 2.10924850113240e+004 3.35665933827754e+003 -2.38314159255497e+002 -9.36478344727280e+000 2.01415046251213e+000 -2.93751224315670e-002 -1.38146821711840e-002 9.24468897318860e-004 6.61644625551538e-005 -1.11814869950689e-005 1.59782654620413e-008 
-4.57626929756408e+007 -1.07660649666476e+007 1.24696288002733e+006 8.94467943848179e+003 -4.24117332057925e+003 2.56337695440909e+002 -2.48505182091305e+000 -1.01470234208191e+000 9.90821585827208e-002 -3.19841072967826e-003 -2.73119216884111e-004 4.34394949512067e-005 -2.34651004142559e-006 -4.78209070749762e-008 
1.86801057027166e+007 -1.29502114257320e+007 -5.02614316738951e+005 7.38691564732816e+004 -1.95168747711341e+003 -1.14850602732859e+002 1.73692226721400e+001 -8.89966468825572e-001 -1.26133530887987e-002 5.89806711383077e-003 -4.55253216359597e-004 6.87468069121482e-006 2.10283600463167e-006 -2.37714537556130e-007 
1.46808214335562e+007 -5.80095810507626e+006 -3.97823627285927e+005 3.85293430891998e+004 -6.02540020821848e+002 -8.79381607631312e+001 9.53552114943096e+000 -3.70116315464988e-001 -1.70151819033830e-002 3.48220876339624e-003 -2.14846421057810e-004 -8.33454187761781e-007 1.36669849992212e-006 -1.22026305024454e-007 
-5.75668483487840e+007 -1.17338016524757e+006 1.09146147309448e+006 -2.59534269975254e+004 -6.88023931561572e+002 9.11324888298361e+001 -5.96189739233650e+000 2.21485410132196e-001 -1.43330850488268e-004 -7.65401898341693e-004 7.14373621383306e-005 -3.83811872065789e-006 8.82536385043769e-008 6.70694769200589e-009 
-8.85568699196012e+006 -1.40235278626199e+007 1.72305973999978e+005 3.91241333319271e+004 -1.86762286897631e+003 5.67840287053885e+001 5.08695427579937e-001 -2.19143759706811e-001 1.76138167700427e-002 -8.39075531993906e-004 1.33989470261790e-005 1.90575107009446e-006 -2.34249450476401e-007 1.50106160474429e-008 
1.19625286856354e+006 -7.36935544462910e+006 -2.11841233021814e+004 2.35904152070820e+004 -9.26219324959088e+002 2.08775954570219e+001 8.90174810634801e-001 -1.40031097227341e-001 9.42323798694156e-003 -3.68787499482383e-004 -2.53902158392653e-007 1.41609097303528e-006 -1.34271248404749e-007 7.32112993445874e-009 
-5.22347927498372e+007 6.22315593512796e+006 7.54249085230556e+005 -2.82421650095615e+004 1.45596285502157e+002 9.65909214962750e+000 -1.51422655392242e+000 8.49523664892193e-002 -3.80636003908573e-003 1.13282444470475e-004 -4.26523272965469e-007 -2.44762491850145e-007 2.24016138530432e-008 -1.31266763288951e-009 
-3.43407302873567e+007 -1.11912827507151e+007 4.98511633238392e+005 1.77448809167958e+004 -8.76770507890455e+002 3.65176929721733e+001 -1.19544107908150e+000 1.32216027353826e-002 1.28293771340941e-003 -1.44453902886949e-004 8.80523217719338e-006 -3.99994008123919e-007 1.18885143539086e-008 1.66791000634531e-012 
-1.29705107272212e+007 -6.62378130403020e+006 1.88039071791430e+005 1.24081021083577e+004 -4.83430687341867e+002 1.85039525495833e+001 -4.81467355945353e-001 -1.75022625152241e-003 1.08013452648114e-003 -8.89113138463779e-005 4.74754883937844e-006 -1.88265979114851e-007 4.02641361969621e-009 1.37066158730209e-010 
-8.35992484512627e+007 -1.47804643020908e+007 1.08015239982784e+006 3.13770069258505e+004 -1.18013368989164e+003 -2.08452084250720e+001 5.83229079907416e-001 7.75961774244995e-003 -2.24467721676526e-004 -5.70059859179031e-006 
5.77347275517711e+007 -1.78177737918994e+007 -7.34785749658561e+005 3.81318006145225e+004 7.90187648535096e+002 -2.60688667154138e+001 -3.68882122499252e-001 1.04970565938126e-002 1.09731520060503e-004 -2.56187055309676e-006 
3.12616453643160e+007 -7.08023206954318e+006 -3.98918545195111e+005 1.51679674535634e+004 4.30161829870959e+002 -1.04081907091881e+001 -2.02806416974454e-001 4.24554882649862e-003 6.31468521062975e-005 -1.43529131521531e-006 
-1.03570806025956e+008 -4.98058513972204e+006 1.33225375427263e+006 9.97845960750853e+003 -1.44394407110070e+003 -5.10839239460381e+000 6.92784025176457e-001 3.19087425151479e-005 -2.42672831553571e-004 1.14052567056900e-006 
1.77938468290074e+007 -2.16930303998288e+007 -2.19821671595676e+005 4.62287908175340e+004 2.05765752977763e+002 -3.10945046601408e+001 -4.34335418415430e-002 1.18845847965977e-002 -3.45291248048953e-005 -3.57013031567272e-006 
1.45574268410530e+007 -9.44383685928362e+006 -1.83214158745260e+005 2.01648295524393e+004 1.83965455553920e+002 -1.36633448591335e+001 -6.33282181287000e-002 5.33997770352819e-003 -1.55535951843069e-006 -1.71196054098048e-006 
-1.39611521977999e+008 -6.85142314043711e+006 6.82656644571054e+005 4.88288864779290e+003 -2.91567249334920e+002 -6.08427456386545e-001 5.80296372237015e-002 -1.20238301789204e-004 9.03151123363660e-005 7.17995754642053e-006 -2.92987980121999e-006 -1.05648909457581e-006 -1.02579122322710e-007 
4.35726367713806e+007 -1.79361155312284e+007 -2.09491454664597e+005 1.47661127825506e+004 6.53592191050030e+001 -4.05389407834955e+000 2.84758628398337e-003 9.17807560178822e-004 -2.11789130773064e-005 -1.07557730413296e-005 -1.40450575061056e-006 1.70701510471680e-007 1.45392865802082e-007 
1.88800646279664e+007 -7.77653065696039e+006 -9.08280088003805e+004 6.40228106383017e+003 2.83405020410300e+001 -1.75765116857969e+000 1.35614459661532e-003 3.96746937510747e-004 -1.81890518771590e-005 -5.55637802473395e-006 -3.59929783725044e-007 1.66398225695413e-007 7.34496827568898e-008 
-1.47723845898144e+008 -1.23553047939687e+006 7.13104132443362e+005 1.95692064472137e+002 -2.90061457720515e+002 7.12069029279682e-001 4.88702125536866e-002 -1.14420381681586e-004 8.80203824825894e-006 -9.31706696511038e-006 8.88948187439814e-007 -1.40787392543007e-007 -1.31001139384915e-008 
6.59410753955955e+006 -1.88916028546383e+007 -2.86704429000320e+004 1.51728769753473e+004 -1.36747548572582e+001 -3.78870406040003e+000 1.96453679497837e-002 5.49525055157959e-004 -3.91740822439417e-005 1.03337692538848e-006 1.32257588860097e-007 -9.11387972054761e-008 4.28910141223746e-008 
2.84736095538617e+006 -8.19078439992786e+006 -1.24275933049547e+004 6.57865104789559e+003 -5.93466285535949e+000 -1.64327621168477e+000 8.50452864300451e-003 2.11774202512870e-004 -1.64409737668586e-005 1.51517772778218e-006 -3.29172291005964e-008 -3.57301861875762e-008 2.00040907399353e-008 
-1.75224974435376e+008 -2.22032646978409e+007 7.35231619972768e+005 1.38467762121494e+004 -2.37073377802164e+002 6.98740126112325e-001 -1.64579657715524e-002 -7.34303922551247e-004 2.94547090014426e-005 -2.29763009963876e-006 -5.69337049169101e-007 
1.56195224396988e+008 -1.92588811775697e+007 -6.51949495045769e+005 1.48882760583706e+004 1.19672485612423e+002 -1.59282616829665e+000 4.35240807397557e-002 -6.28060376232436e-004 -9.03229032352233e-006 -2.50702804690089e-006 9.31470997926851e-007 
7.63619299294445e+007 -8.23310741078142e+006 -3.18916204455024e+005 6.45424894520554e+003 6.13000688473388e+001 -7.49223854405173e-001 2.04222877589511e-002 -2.76752016481208e-004 -3.81232154297604e-006 -8.90333889782941e-007 3.31077154804527e-007 
-8.06366787527668e+008 2.38066771106330e+006 9.42833004823237e+004 -5.29060966153147e+001 -7.81909374937090e-001 2.85475969305182e-004 4.57743072222087e-007 2.59889801655899e-007 
-1.15181454062045e+008 -1.56359108903874e+007 1.35366407058335e+004 3.03865813105112e+002 -1.44452205595710e-001 -9.86400937649395e-004 2.20257825939837e-006 -5.81805210433642e-008 
-2.97249225140002e+007 -6.76019025048448e+006 3.50510603389999e+003 1.31539735579430e+002 -4.28706140941704e-002 -4.29978485894583e-004 1.03067049320094e-006 -3.58914530364259e-008 
1.15981439591831e+009 7.50669333895632e+006 -2.29948117450969e+004 -2.90251541513520e+001 2.64488213439738e-002 3.29585978257701e-005 -2.67884907129586e-008 
-8.20956863666047e+008 9.81196136321049e+006 1.62886283652779e+004 -2.94259254195790e+001 -3.25637486077700e-002 6.75392037532532e-006 1.18467668178166e-007 
-3.88937624985181e+008 3.72946997528888e+006 7.71637586229906e+003 -1.09041906038147e+001 -1.45895418024249e-002 1.32575802330355e-006 4.87594405942108e-008 
9.48786156209420e+008 8.83648838578013e+006 -2.39383169012792e+003 -3.56158916228317e+000 8.13099114913041e-004 2.09280544744373e-007 
-2.53344989315284e+009 2.43882517808109e+006 6.39784127220247e+003 -1.46302566954407e+000 -1.11091443210238e-003 5.19724618565813e-007 
-1.12300288971194e+009 9.43128052600979e+005 2.83597685597642e+003 -5.90439605845251e-001 -4.97246771888615e-004 2.21216555216650e-007 
1.47872098508281e+009 7.05076650464707e+006 -1.01969560013358e+003 -8.16869505221558e-001 4.49890313368506e-005 2.20591202316695e-008 
-3.93531132266613e+009 2.38149493418659e+006 2.71452536043939e+003 -2.57671018406825e-001 -1.54186884270490e-004 4.75954068164973e-008 
-1.64756114264763e+009 7.99246743750833e+005 1.13641044136411e+003 -8.51098508852194e-002 -6.42350267375234e-005 1.79407498294231e-008 
-2.54522186489777e+009 6.37036841621706e+006 1.83807457285672e+003 -8.17748099555495e-001 -1.51892357387181e-004 1.04112025979514e-007 
-3.62731256311139e+009 -4.44242494600850e+006 2.61978546926013e+003 4.63306902142357e-001 -2.94423459783805e-004 -9.67427999311580e-008 
-3.65110934828370e+008 -3.30565792433917e+006 2.63673462680757e+002 3.90498439225731e-001 -4.57598651164826e-005 -4.53275757413083e-008 
3.86492430002599e+005 -7.75960529169346e+003 -1.77779621339997e+004 9.13563494771197e+000 5.82483829211454e+001 1.02906975737086e-001 -1.59633534802909e-002 2.55110570205996e-003 5.12368476496412e-006 -1.49732204270093e-005 -5.20847951849542e-007 1.97777964324896e-008 -8.07902830896198e-010 
6.40772176624005e+001 1.51669283901914e+005 -1.48719487265281e+002 -1.15742215886285e+003 -3.17777106887477e+000 1.61164659568196e+000 -1.13569587112247e-002 7.49905532296970e-004 2.22744238956508e-004 6.65736252437318e-006 -5.85880596079262e-007 -1.47239405920253e-008 6.64306049004661e-010 
3.57795102093923e+004 6.17751483863499e+004 -1.73713672943273e+003 -4.75082025145380e+002 4.29656749124107e+000 6.70224442908136e-001 -6.47348401770791e-003 5.48948353900348e-004 9.21068709251736e-005 1.32320744265313e-006 -2.89959552502965e-007 -4.11131852171091e-009 1.99980332066735e-010 
2.40357582878252e+005 -1.33583922614066e+005 -1.20251301039291e+004 9.53838102333935e+002 5.98199618061096e+001 -1.56882129151367e-002 -4.48067428376991e-002 -8.66707498590412e-003 -7.34177148578109e-004 -1.54318808247681e-005 1.69232767638915e-006 2.16996459264103e-007 1.51549775558728e-008 
2.59234143521284e+005 9.65109503525724e+004 -1.32702646262485e+004 -9.42605328959723e+002 3.24299489388852e+001 2.41915134050656e+000 1.03862001347396e-001 5.37731131737185e-003 -2.26118511829061e-004 -4.57836198297151e-005 -2.72823992788423e-006 -6.84601539772582e-008 6.52390171029286e-009 
1.28871482574725e+005 2.72562823118472e+004 -6.58245711949181e+003 -2.96632819706097e+002 1.89723387042938e+001 9.84193998177797e-001 3.82382767074776e-002 1.40245310804036e-003 -1.61172604541204e-004 -2.01970573278610e-005 -9.59070994095024e-007 -7.83065915086998e-009 4.08350964049612e-009 
-7.58973560451202e+004 -1.68731691218441e+005 4.62803139836655e+003 1.72283545860288e+003 1.69876237764898e+001 -6.04698361139402e+000 -4.51536421292186e-001 -1.37247552292121e-003 2.99463107368014e-003 2.34336253075073e-004 -4.08304330173059e-006 -2.07534541190250e-006 -1.32098856333937e-007 
3.19546879954941e+005 -4.14135246096460e+004 -1.93852452295931e+004 1.08847890363091e+002 1.04788050875288e+002 3.75301674487879e+000 -2.00458650106988e-001 -3.76927095667212e-002 -1.60314599179448e-003 1.48157033801075e-004 2.28126105634047e-005 6.56076879812942e-007 -1.25820614432242e-007 
1.24279173774762e+005 -3.26739082518241e+004 -7.52123752652184e+003 2.06594905358114e+002 4.44978462467156e+001 9.67453945543015e-001 -1.24159205128956e-001 -1.55617983021610e-002 -3.77400283574553e-004 8.25523899464859e-005 8.96470340412270e-006 7.52372162450600e-008 -6.38666213355133e-008 
-3.15523823599420e+005 -5.64778976270391e+004 2.15887496382530e+004 6.69754553563223e+002 -1.46124470061069e+002 -4.55410019471764e+000 8.56214475593029e-001 3.83886665366643e-002 -6.45232115460312e-003 -3.80788941181733e-004 5.51522074762914e-005 4.02105169289404e-006 -4.97655341502771e-007 
1.07472261861000e+005 -1.60578160652683e+005 -7.37310228062673e+003 1.77731753188459e+003 5.57625423223294e+001 -9.96020134772322e+000 -4.04118465153695e-001 6.60520077399616e-002 3.72260598583753e-003 -5.35927592988437e-004 -3.79156442663858e-005 4.71131575210123e-006 4.03939657782511e-007 
1.50586645785543e+004 -7.10620670333389e+004 -1.00742569781285e+003 7.90865795253189e+002 9.11636856032125e+000 -4.50657951193406e+000 -8.53906830408643e-002 3.06464720499500e-002 9.22809434711810e-004 -2.55113661271137e-004 -1.03894806594781e-005 2.30547379957594e-006 1.19088689017460e-007 
-2.58320244934429e+005 1.09008808451850e+005 1.61677432154000e+004 -1.33780786194414e+003 -6.11920169179579e+001 8.18270148395808e+000 -1.72443286754715e-001 -3.79250423732512e-002 3.83307357384840e-003 3.01399164129515e-005 -3.17420870037694e-005 1.93060814265736e-006 1.29144575635457e-007 
-2.04574691317447e+005 -1.34400630690124e+005 1.27929035503348e+004 1.17803070317768e+003 -9.90797521026315e+001 -1.47412751343310e+000 5.50511063255769e-001 -2.90484471267747e-002 -1.91545859769931e-003 3.45500013917328e-004 -8.25687026972068e-006 -2.20789961942264e-006 2.21867077051846e-007 
-1.07474516319276e+005 -4.49194138691091e+004 6.74270438968524e+003 3.56719033105517e+002 -4.63491446193984e+001 1.64912577043420e-001 2.09624607478334e-001 -1.54505694859210e-002 -4.27253785400476e-004 1.44397941634997e-004 -6.34528659770338e-006 -7.24655294496292e-007 1.02961926348520e-007 
3.31713332482721e+004 1.67565599180334e+005 -1.55457256923822e+003 -1.38305469520996e+003 3.28330581973572e+001 1.60454417298252e+000 -1.48071665688544e-001 1.32457152601944e-002 -4.10467987187599e-004 -3.53623134920730e-005 4.89922447280281e-006 -2.95902195698078e-007 3.15885669117049e-009 
-3.44738896853035e+005 -1.52606056120862e+003 1.79562321594501e+004 -2.18880524259442e+002 -6.41938404728502e+001 2.44007427953664e+000 -6.85662984557505e-002 -3.38760426766943e-003 8.92677887987647e-004 -5.71079956614628e-005 7.49451987660238e-007 2.06428093172627e-007 -2.58041992909055e-008 
-1.37856510827853e+005 1.48701102220985e+004 7.19089661386329e+003 -2.19583084015284e+002 -2.31588201619272e+001 1.15545339242214e+000 -4.20022046280561e-002 -1.59541219664597e-004 3.27465159833491e-004 -2.67065692847850e-005 7.64674249356252e-007 5.70283768565013e-008 -1.02809330992419e-008 
3.10734724505292e+005 9.93515532025277e+004 -1.42995697999998e+004 -7.00674003419384e+002 5.00147168716472e+001 6.86808090709823e-001 3.39320307976780e-003 -9.31478966276174e-004 -2.23963999761210e-004 1.63301429804428e-005 -1.04731591536344e-008 -1.24916605513895e-008 -4.48389991738631e-010 
-2.22705066606859e+005 1.17287068197442e+005 1.04937801667396e+004 -9.39824323034940e+002 -2.95337488051385e+001 1.36819849880227e+000 4.96617118578102e-003 3.20881897493940e-003 -1.66098137090714e-004 -7.17472954526740e-006 7.42851004638066e-007 -7.97620333929135e-009 1.35588117807622e-009 
-6.24181768493099e+004 5.70052097314837e+004 2.94488773919617e+003 -4.49266085592586e+002 -7.27440915149057e+000 6.25879931896685e-001 2.05105928118427e-003 1.22182828428850e-003 -8.87031058521539e-005 -1.40058489343094e-006 3.02963128190172e-007 -4.52036366880095e-009 5.13131583987678e-010 
3.78676334758872e+005 -3.40805780188735e+004 -1.74833556880183e+004 1.97066425584278e+002 6.04370415836742e+001 1.45707094050575e-001 -4.49951487039325e-002 -5.53380273342106e-004 1.23016038632581e-004 -4.52916407912733e-006 -9.81571100962031e-007 9.17820770352576e-010 2.34753826233394e-009 
5.58965222723699e+004 1.50317413603159e+005 -2.64066154966724e+003 -1.16835521939518e+003 2.89768201977776e+000 1.92104168904253e+000 1.98729090337235e-002 -1.01718545887801e-003 2.97875709898900e-005 1.26096329576269e-005 -1.56088833087526e-007 -4.93340307617733e-008 -4.45650896251400e-010 
5.73420293872340e+004 5.80242045846382e+004 -2.70477312477808e+003 -4.56816786298411e+002 6.93044636596379e+000 7.93817583778016e-001 3.61146747864825e-003 -4.66531702041789e-004 2.35897457163859e-005 4.71116400082645e-006 -1.55453214438923e-007 -1.99617997450901e-008 4.15133996655962e-011 
3.24047474061666e+005 -2.43498714787642e+003 -2.63022229389189e+001 -1.57438868461095e-001 2.00206027901651e-002 -5.04929640857161e-004 -2.51467086586109e-004 4.54398176996906e-005 -2.16486821575199e-007 -1.10634852144522e-006 1.59679716707216e-007 
6.51766265964034e+005 6.06942768508997e+003 -1.15485072647831e+000 -2.74921175763207e-001 -4.26323822264188e-003 1.98866944388297e-003 -1.98020675730673e-004 -1.61695699066898e-005 6.94892091703745e-006 -5.30294758645424e-007 -1.04978475242922e-007 
2.70666573516428e+005 2.70204579107958e+003 3.49582407459353e-001 -1.18540044977775e-001 -3.95890132785189e-003 1.11025603419107e-003 -7.98390873730771e-005 -1.33489605629637e-005 3.73425751021117e-006 -1.68022293151106e-007 -7.26451511294390e-008 
3.18964006604684e+005 -2.64893777222451e+003 -2.68833487048047e+001 1.95252852001823e-002 4.81651315412352e-003 -2.03974743122606e-004 3.34696900894030e-005 -3.39567626396788e-006 2.05715625592371e-007 9.13958545205958e-009 -3.29920185463583e-009 
6.63885658176443e+005 6.04736080715140e+003 -4.27039174351804e+000 -2.31145431141710e-001 3.08537621158620e-003 -1.77743659528671e-004 1.00547851188363e-005 1.05431511210535e-006 -2.83290446010616e-007 3.68783948693841e-008 -3.11450751315885e-009 
2.76068845310920e+005 2.69903136009872e+003 -1.07611619374036e+000 -1.08070815734666e-001 1.42430365976558e-003 -8.10827993074153e-005 1.81194190271564e-006 9.18062164838661e-007 -1.72659589539948e-007 1.91888751955741e-008 -1.32993014496423e-009 
8.64664889736019e-005 -1.42766962371922e-006 5.28192634333618e-007 1.05991160496802e-007 -2.56664693291552e-008 -4.12823989670761e-009 5.39033241772328e-011 5.02039611504306e-011 1.43769768018208e-011 -3.12772748980681e-012 
-7.25244753478792e-006 -3.28900902631200e-007 -1.29909259650992e-007 6.13001986169032e-008 9.22905593128358e-009 -1.47895788524833e-009 -1.44390100917492e-010 3.49283301122716e-011 -5.00546769549790e-012 -4.84071169567265e-012 
8.56548190515045e-005 -6.73192968896320e-007 -7.87289291894249e-007 -2.19535086708444e-008 9.31646414369361e-008 8.45173459880476e-009 -5.16915482501071e-009 -9.77591730820371e-010 1.88996669835465e-010 6.27855693178578e-011 
-7.15080926272587e-006 5.64374814516853e-007 -5.06784728856781e-008 -1.36832232441341e-007 -4.34137918176011e-009 1.04033148838766e-008 1.05478321036495e-009 -4.91729985973910e-010 -8.09288847010727e-011 1.72809163125656e-011 
8.39351685321416e-005 1.65156143522017e-007 2.97697664882523e-007 -2.22840692778352e-007 -8.45307818204862e-009 1.24338931620565e-008 -1.79570017867298e-009 -8.15369813780452e-011 1.29510793644520e-010 -2.55712293652607e-011 
-7.36030937516904e-006 -3.99693297669685e-007 2.58448991476000e-007 3.80632436448047e-008 -2.67943470025665e-008 1.51652351076090e-009 8.89226717201641e-010 -2.74960210228050e-010 7.13328821421894e-012 1.39326120764332e-011 
8.21179639075043e-005 -2.35902129672248e-006 -1.50852924147674e-007 1.61006849165087e-007 8.31408966921143e-009 -4.13889179959380e-009 -1.92783636994281e-010 8.46742251861740e-012 1.28489244633257e-011 8.45095730327045e-013 
-7.30317824859005e-006 -3.00189469045027e-008 -2.44024552533909e-007 -1.68507338109880e-008 1.27528371552771e-008 4.20939895659716e-010 -1.09167339782956e-010 1.54631039683683e-011 -9.52881507960313e-012 -2.45360522873936e-012 
6.54891815971659e-002 -3.87740963176872e-004 -1.22068732579570e-004 2.86247676283946e-005 4.25102610756217e-006 -8.53887726806683e-007 -8.90539298439201e-008 8.83578963673756e-009 6.92886911189761e-010 -4.61845208635009e-012 
4.15555671958251e-001 -9.06401347844990e-005 4.77679208047026e-005 1.01320787368452e-005 -2.25650090592674e-006 -2.67656325111223e-007 4.06427090526800e-008 3.84685364303508e-009 -1.86430117266174e-010 3.59798558446123e-012 
1.98910699886928e+003 9.20316226560273e-001 1.01106877907365e-004 -2.79323344195540e-005 -3.84587795334402e-006 7.90472344854630e-007 8.30296425856811e-008 -7.88747190818503e-009 -6.26592547827098e-010 3.41124552241386e-012 
6.46947279763301e-002 -2.50891551763808e-004 4.76910201093127e-005 -2.03644047739402e-005 -7.16605226168305e-007 1.78407797274629e-006 8.57056573856897e-008 -6.33608205477980e-008 -7.57686759578773e-009 1.48184163591104e-009 
4.15719976365946e-001 2.01434790697718e-004 -3.65691697313541e-006 -2.89792063494999e-006 2.89389072629624e-006 9.69842850875854e-008 -1.42288683356409e-007 -1.14753892032699e-008 4.03160244432961e-009 7.31152487025492e-010 
1.99094752682713e+003 9.20066551064869e-001 -5.62326911008625e-005 2.14010189094170e-005 1.12078616707903e-006 -1.66914388008104e-006 -9.38670852741845e-008 5.76279340392801e-008 7.40312235692819e-009 -1.30159133014823e-009 
6.45142897413978e-002 1.58814058961712e-004 1.28605762979062e-004 5.21308603340865e-006 -7.21068788294803e-006 -3.53271521421956e-007 2.29183568748896e-007 -1.06048645348523e-008 -3.19156703283416e-009 7.77427440380689e-010 
4.16166709399697e-001 2.49031517574886e-004 -1.17482737010296e-005 -1.31408706252540e-005 -8.40799944799941e-007 5.50455411094221e-007 4.93777302962680e-009 -1.26284262562653e-008 1.43980442264425e-009 3.69645364275883e-011 
1.99278738572428e+003 9.19738563368441e-001 -9.97957854494446e-005 -4.93922513708675e-006 6.24315944867715e-006 3.64728194583469e-007 -2.09857548892831e-007 8.71350842789167e-009 3.10325242158511e-009 -7.15879693743944e-010 
6.51019023966687e-002 1.57087859126137e-004 -1.64413399228503e-004 -1.29297168006245e-005 6.67164068651572e-006 3.08438528059948e-007 -1.24967572708277e-007 -4.79322974946563e-009 1.04651873893944e-009 7.49166541390805e-011 
4.16298747790756e-001 -1.31143054064111e-004 -2.54574558598759e-005 1.51176328392721e-005 8.54057237411812e-007 -4.06168761123856e-007 -1.58682929152602e-008 5.15695459203806e-009 2.27796355122349e-010 -2.98592387622164e-011 
1.99462671515441e+003 9.19824513610642e-001 1.50987415288986e-004 9.95313305206051e-006 -6.10114524631217e-006 -2.78924246829007e-007 1.14277301977296e-007 4.47813365025820e-009 -9.59163884216191e-010 -6.82516792852820e-011 
