-5.35976441880482e+007 5.23429346866710e+006 8.07897604527827e+005 -2.85491273277160e+004 1.04798603355111e+002 1.61610900758263e+001 -1.93336840128317e+000 1.05697480513858e-001 -4.43995770204009e-003 1.09001578338009e-004 1.96767429106822e-006 -4.60125788842232e-007 3.53253861425686e-008 -1.86084921750132e-009 
-3.02339818941890e+007 -1.17956909925340e+007 4.62577181692069e+005 2.01101733262183e+004 -9.98787765140140e+002 4.11033054448315e+001 -1.23475606343119e+000 4.34854464313680e-003 2.27783436370875e-003 -2.09240666270769e-004 1.18732281684069e-005 -4.85527761423191e-007 1.02766556070358e-008 4.30890302116071e-010 
-1.06644255874789e+007 -6.84418844489055e+006 1.63248686645518e+005 1.37038274642038e+004 -5.44359335440681e+002 2.02777061278098e+001 -4.58914284232028e-001 -8.64472823937901e-003 1.67737089333741e-003 -1.23072396251753e-004 6.13771399888847e-006 -2.11595479634051e-007 1.82367351322913e-009 4.23252737071907e-010 
-3.77223019391892e+007 1.03677925864778e+007 4.80024912327590e+005 -2.60435794593770e+004 1.36135088796167e+002 -7.20068119735335e+000 -3.93685485138706e-001 2.14031126506822e-002 -1.23550841865237e-003 5.19840541658823e-005 -1.65697955041793e-006 4.18790324094269e-008 2.99087777730070e-010 -8.48937706711208e-011 
-4.95173821931234e+007 -7.34886275657736e+006 6.30255020040248e+005 9.22156478605073e+003 -4.41055441150541e+002 1.66243668028982e+001 -7.66973107248290e-001 1.59863456121319e-002 -4.44892514862104e-004 -1.10414865421579e-005 1.08606242597628e-006 -7.75417056951353e-008 3.65926202100252e-009 -1.44742455511403e-010 
-2.26127826298838e+007 -5.00165239594781e+006 2.86831760642518e+005 7.62788248862038e+003 -2.49708120078718e+002 9.62675482515669e+000 -3.68815411185355e-001 6.31808995261337e-003 -1.09435234893770e-004 -1.12920526164739e-005 7.52051593451322e-007 -4.57605907445643e-008 1.92337030943348e-009 -6.85170273138565e-011 
-1.41188907192073e+007 1.29813987663089e+007 1.74559400166722e+005 -2.53891534396172e+004 -7.09522237874792e+001 -1.25651527192241e+001 -1.37242503307922e-001 2.52813717218012e-003 -1.31387260902253e-004 2.00538769125607e-005 -3.15403341730274e-008 3.28978644532817e-008 1.60922371223007e-010 2.80164822593957e-011 
-5.88943809508584e+007 -1.96475546053145e+006 7.06644770186392e+005 3.94492352787820e+003 -2.65566904172139e+002 1.79104900721918e+000 -5.45873226684084e-001 -6.61813803246632e-004 -5.60529830317311e-004 -3.28555177338923e-006 -2.08452196173111e-007 -4.80513591270646e-009 5.53453785604434e-010 -3.17061425852353e-012 
-3.00716820473032e+007 -2.39701498227105e+006 3.59329805910965e+005 4.74154377733773e+003 -1.34486344553303e+002 2.26044654030011e+000 -2.77327328749593e-001 -6.15866003615908e-004 -2.85765344189121e-004 -3.83548514946115e-006 -1.08076935659257e-007 -5.98093597868053e-009 2.79008193651888e-010 -4.60133015800313e-012 
1.22487190433389e+007 1.31197496779443e+007 -1.45729796503867e+005 -2.86892087861556e+004 -3.48873997059721e+002 -1.47503169920827e+001 -4.66098647488156e-004 1.28297273537943e-002 9.79252569265530e-004 5.57450654582183e-005 2.15483535329487e-006 7.84790919191895e-008 1.49032955678891e-009 -1.49194349623115e-011 
-5.70730446627661e+007 3.80343653499982e+006 7.27256516194590e+005 -7.74148392915848e+002 -3.73410779568050e+002 -1.37267289624365e+001 -8.44581477014102e-001 -2.19662343892052e-002 -7.91074047280766e-004 -4.97844368598592e-006 5.75974532646227e-007 6.37407674410399e-008 3.70940151191565e-009 1.69143410786330e-010 
-3.18359977423255e+007 6.69612243819388e+005 4.03573037059054e+005 2.56334638189335e+003 -1.63251388978629e+002 -5.80136156005264e+000 -4.51070236860265e-001 -1.30641270472568e-002 -5.24146082207512e-004 -8.44340324531245e-006 8.40565965955928e-008 2.59031212609868e-008 1.82665801746638e-009 9.18932968028180e-011 
-9.92602611586746e+007 -8.11553536046464e+006 1.28425542998385e+006 1.67807761851033e+004 -1.39859693051390e+003 -1.00258768143983e+001 6.82464434970930e-001 2.29326834291215e-003 -2.46568324967390e-004 2.80621380415032e-007 
3.09974828838847e+007 -2.09733528689670e+007 -3.83231774489854e+005 4.48043101356737e+004 3.89510493566313e+002 -3.04217787976147e+001 -1.42445308386053e-001 1.20110284582923e-002 9.02011421178579e-006 -4.33573763285834e-006 
2.02181929585209e+007 -8.92110826518218e+006 -2.53684241524134e+005 1.90919383912802e+004 2.63746843200882e+002 -1.30498889666805e+001 -1.07276196662363e-001 5.25764892335619e-003 1.96679591175196e-005 -1.96757334748975e-006 
-1.04854525866656e+008 2.57415386811887e+006 1.34764687240188e+006 -6.30483136682584e+003 -1.43460167824283e+003 6.26566207359493e+000 6.42475491972378e-001 -4.78645889193345e-003 -1.78897172669622e-004 3.10376541165848e-006 
-1.22686260740238e+007 -2.18295373449155e+007 1.71442855081675e+005 4.60964060400985e+004 -2.26285064231874e+002 -2.99079456048706e+001 1.76224589903268e-001 1.00746109783283e-002 -1.18371899405786e-004 -2.41414951844126e-006 
1.10914005053929e+006 -9.98292385256501e+006 -8.18929544114531e+003 2.11345307371533e+004 -1.09755225688299e+001 -1.38500304339361e+001 3.86008029117046e-002 4.83482805762640e-003 -4.19211680482351e-005 -1.28243316262596e-006 
-9.78499157619679e+007 1.51653278676704e+007 4.54942779803016e+005 -1.20658618856425e+004 -1.52949998269032e+002 2.88764533346417e+000 7.84869652240689e-003 4.26161008183361e-006 3.77068343908819e-005 -9.86845497052472e-006 -2.84135386723806e-006 -3.73137205918570e-008 1.60909592966029e-007 
-1.02979826969690e+008 -1.24254293623026e+007 4.80480007675813e+005 9.09989117258330e+003 -1.91639672605909e+002 -1.49740009033074e+000 3.12298654762658e-002 1.34579531112857e-004 -3.43234310490317e-005 -1.44160909580490e-005 -7.17030917179054e-007 6.13920889614184e-007 1.49065039202310e-007 
-4.46885753341967e+007 -5.38740305619031e+006 2.08337969909006e+005 3.94565691437840e+003 -8.30967061180247e+001 -6.49308658028355e-001 1.36768964994882e-002 6.98214614284077e-005 -2.24820934705825e-005 -7.49968032940583e-006 -1.29384413288194e-007 3.56198977913340e-007 7.08576759104029e-008 
-6.43646549849043e+007 1.81885563167865e+007 2.97404665874040e+005 -1.40423714921391e+004 -9.37723319160041e+001 2.99584080732717e+000 1.71614918934505e-003 5.21937938613311e-005 -3.02249962661259e-005 -6.73089147950610e-006 1.88684916392262e-006 3.73129500478071e-008 -6.89126333359800e-008 
-1.23679182851758e+008 -8.19893956786321e+006 5.70420475378987e+005 5.83303257384662e+003 -2.14534691668740e+002 -8.08653247781680e-001 2.81757850266716e-002 -1.21119779625774e-004 -6.82209151609009e-005 4.16034787291700e-006 2.06507749759856e-006 -3.43849042621494e-007 -4.39641332090015e-008 
-5.36632773474290e+007 -3.55478520954992e+006 2.47335442800735e+005 2.52914032534257e+003 -9.30231476247571e+001 -3.50342599652617e-001 1.23034752797393e-002 -7.96882589634574e-005 -3.35806619210043e-005 3.31820877993901e-006 9.30663718481768e-007 -2.07239024622547e-007 -1.50277604886780e-008 
9.92578351476025e+007 -2.87301531719017e+007 -5.50479254448574e+005 3.04263970917045e+004 -4.49985174534837e+001 -1.05102437194402e+001 2.67814397712751e-001 -1.45785222428733e-003 -1.17212316946087e-004 3.99223249317482e-006 -3.75480211348016e-008 
1.84942688724551e+008 1.56917664615198e+007 -1.02400968308855e+006 -7.45027349738413e+003 5.81318392742907e+002 -6.70011338386141e+000 -8.87383643780306e-002 6.04162377444885e-003 -1.06881047569065e-004 -7.43321874590228e-007 8.58670244731467e-008 
8.20922343634905e+007 7.97474105602916e+006 -4.54764899873688e+005 -4.24096705318559e+003 2.67846171722827e+002 -2.78849203685067e+000 -4.79526645026108e-002 2.81052914886457e-003 -4.58464270588392e-005 -4.48356594013082e-007 4.03652496458370e-008 
-3.31309027948495e+008 1.61987283857819e+007 4.08966038856040e+004 -3.16014889053990e+002 -5.82004384169878e-001 9.06797401935609e-004 3.47190258566471e-006 3.06610922099808e-008 
-6.71925047733884e+008 -5.96732630702456e+006 8.29497844926076e+004 1.57150404500083e+002 -6.83360711194127e-001 -1.46895548425233e-003 -8.76104959656639e-007 -1.85531130561732e-008 
-2.79957481402246e+008 -2.95264012894051e+006 3.45603872931420e+004 7.50586507360968e+001 -2.78723723512770e-001 -6.52087250556610e-004 -5.02952265364481e-007 -1.09746175469581e-008 
-1.23577622268066e+009 6.39936397626983e+006 2.51349250427359e+004 -2.71622343101746e+001 -3.03695235743102e-002 3.73305557844577e-005 -2.26835982293696e-008 
-7.38020213668517e+008 -1.03730231194670e+007 1.49863693967141e+004 3.19829148878303e+001 -3.35261301408984e-002 -1.18221031416647e-005 7.56201127600128e-008 
-2.51656800864001e+008 -4.55918719319043e+006 5.10741990114973e+003 1.43862512372583e+001 -1.25833416740665e-002 -6.47154632968703e-006 3.30333791298040e-008 
-1.09706486087247e+009 8.60875165645385e+006 3.06327036955098e+003 -4.23227858720113e+000 -2.91748321360485e-004 4.15086246876833e-007 
-2.39783319959201e+009 -3.69834595574052e+006 6.69895943194222e+003 1.21066347688326e+000 -1.84117055067040e-003 1.72979388030059e-007 
-1.03464813950588e+009 -1.74172734894329e+006 2.89075907107871e+003 5.90470949143245e-001 -8.03231258743613e-004 7.02284066286891e-008 
-1.65529926431222e+008 7.46054162876559e+006 1.12767843323533e+002 -8.50069175478878e-001 -6.38600797907491e-006 1.58409034160132e-008 
-4.18801956502820e+009 -1.47833683835983e+005 2.86651580047475e+003 3.25005436031577e-002 -1.65221387599972e-004 -5.40137209379746e-008 
-1.71007020840377e+009 -2.46191794435829e+005 1.17045679863397e+003 3.44217861449064e-002 -6.73765200078853e-005 -2.18703847551280e-008 
-3.75496331514405e+009 4.30599634185867e+006 2.66859743045842e+003 -3.73459534340658e-001 -3.08197740468537e-004 4.15730461972461e-008 
-2.39549764786051e+009 -6.41778518319726e+006 1.70219049213293e+003 8.46259241142327e-001 -1.05827780994110e-004 -8.33106537809254e-008 
3.83773945648376e+008 -3.30004170210250e+006 -2.73088546171671e+002 3.77159586487562e-001 6.02957375817215e-005 -5.05269237560299e-008 
1.96251972658690e+005 1.40655593032272e+005 -9.38424289893438e+003 -1.06614991455725e+003 3.21109442637987e+001 7.60991606756203e-001 2.40556122305132e-003 7.86954557463539e-003 -1.74420142504846e-004 -1.11220131737702e-005 3.21278603853004e-007 -8.53192399561736e-008 4.63600303881297e-010 
-2.96098336932585e+005 8.04131886370751e+004 1.40481425055244e+004 -6.38578999297064e+002 -4.18634128359530e+001 8.66962600724405e-001 -6.40926881705280e-002 2.41784930038346e-003 3.90692869103325e-004 -8.39981080333513e-006 4.72968555340311e-007 2.25365504348417e-009 -5.52896545142005e-009 
-1.49925830301186e+005 2.15611364301975e+004 7.11504925884102e+003 -1.74758769513786e+002 -2.16039102285308e+001 3.00589249255047e-001 -2.84625388110108e-002 2.89729905227822e-004 1.89128429647160e-004 -2.56630095641889e-006 1.77023423460627e-007 9.38372349757307e-009 -2.47823764289205e-009 
3.69105425652322e+005 2.46262569487056e+004 -1.84165625920554e+004 -3.69022110667173e+002 6.07536153892391e+001 2.40206108395405e+000 6.91795012194686e-002 -6.78326743586291e-003 -8.58551513437509e-004 -2.09082055379861e-005 1.72798377754679e-006 2.54896773841974e-007 1.02575048055126e-008 
-5.45385100031382e+004 1.51742250958404e+005 2.78576295271795e+003 -1.20760114075020e+003 -2.80429753101125e+001 1.33286660037832e+000 1.40204532166112e-001 9.94398233962597e-003 -1.24344957081839e-004 -4.48560495250921e-005 -2.69026576905753e-006 -5.40723863324129e-009 1.47370470536695e-008 
-6.04860357473214e+004 6.44937498587350e+004 3.05772239151720e+003 -4.95083704574047e+002 -1.84601867840175e+001 3.45069325735230e-001 5.50960318521474e-002 5.06590627546686e-003 3.08708493952067e-005 -1.77023311355957e-005 -1.36040867418756e-006 -2.78206089103552e-008 5.47965655004117e-009 
2.71110409930611e+005 -1.20208253667188e+005 -1.54470220956498e+004 9.57526682824636e+002 9.46052986001569e+001 -9.77863030564846e-001 -3.97402456023464e-001 -1.30167140322787e-002 1.63120946405999e-003 1.28552393587019e-004 -5.30748907323391e-006 -9.84551155336358e-007 -1.03848070897653e-009 
2.22260782806590e+005 1.12002851830060e+005 -1.27393987690391e+004 -1.19806518728253e+003 4.43258912125052e+001 5.65678474680601e+000 5.33599234906791e-002 -2.40661709201256e-002 -1.20731274897009e-003 9.53324365334626e-005 1.03137395059917e-005 -2.29995177511270e-007 -7.51791038087603e-008 
7.13749665477934e+004 6.13725730838551e+004 -4.08161388915195e+003 -6.23977081687889e+002 1.00632669902231e+001 2.59404562980679e+000 6.33762335181898e-002 -9.32048838759749e-003 -6.95758821911981e-004 2.92267852087105e-005 5.08128724272309e-006 -3.18725689516345e-009 -3.30722369128686e-008 
-4.14862552086352e+004 -1.77018340236838e+005 2.78406562038452e+003 1.80642578863797e+003 -1.15001013824799e+001 -7.61287644514722e+000 7.25983081235927e-002 2.97323054982464e-002 -1.02577986387841e-003 -1.35374156300826e-004 1.05735974191008e-005 6.28503118464374e-007 -8.79300672850300e-008 
3.12520779019417e+005 -2.75701431451405e+004 -1.95915709259327e+004 2.36186747832152e+002 1.12527702618759e+002 -9.22757484145199e-001 -4.26090768622848e-001 9.18742474184988e-003 1.78004968631152e-003 -1.04378604876783e-004 -8.17024969465849e-006 9.25789725440530e-007 3.35109377744251e-008 
1.42292319746550e+005 5.43825187212865e+003 -8.92607786016100e+003 -7.64310083080029e+001 5.07897343614465e+001 3.56013197451885e-001 -1.95212383427049e-001 1.07892705022703e-003 8.87709275093782e-004 -3.25379258395176e-005 -4.66042725110638e-006 3.45784571606726e-007 2.35648246007933e-008 
-3.13421594035394e+005 -8.10927341986300e+004 1.91887380810108e+004 6.88451655420339e+002 -1.05906691487939e+002 -1.06646542195453e+000 2.91610384206617e-001 -6.35782065879261e-003 -1.16869563493558e-004 4.30638002703645e-005 -4.79718835112143e-006 -2.96882388126888e-008 3.11589033547701e-008 
1.28469748259575e+005 -1.46645717414982e+005 -7.95835065815119e+003 1.48526327671885e+003 2.90653131062147e+001 -5.50589867210762e+000 2.89512560921543e-002 9.89042077856775e-003 -5.74832682069715e-004 3.31926352410223e-005 1.74233738920232e-006 -4.00943259395402e-007 8.65188788398543e-009 
8.80530670001535e+004 -5.67201720888604e+004 -5.43331469146316e+003 5.86653282654366e+002 2.34446116721608e+001 -2.32122904593027e+000 -1.64964523591722e-002 4.99337090517547e-003 -2.41654967320742e-004 1.03656706266902e-005 1.24752019274547e-006 -1.74011821482262e-007 7.04626275155840e-010 
-3.15967271883957e+005 7.72029374834224e+004 1.76444472875688e+004 -8.57377987907058e+002 -7.18012393770622e+001 3.74893239116350e+000 9.87973151411038e-002 -9.22790743973308e-003 -2.33914663979879e-004 1.07315374842775e-005 2.52885060385369e-006 -4.10813566806515e-008 -1.54711004993791e-008 
-1.71607273973345e+005 -1.38873598292448e+005 9.34096519121808e+003 1.17747290477791e+003 -5.80619558977918e+001 -2.60203914279071e+000 1.87565233697177e-001 2.77141137830665e-003 -3.26884592090328e-004 -2.29677001705814e-005 4.87018858343976e-007 1.93894790706715e-007 -4.75339246553549e-009 
-4.43567208662549e+004 -6.91276385353446e+004 2.35920751436082e+003 6.05963118746900e+002 -1.84121502124974e+001 -1.52471169032076e+000 7.27876908396960e-002 2.15248320997845e-003 -1.20685020323212e-004 -1.12387349833202e-005 -3.84191886617105e-008 8.97825824320844e-008 -5.47859570453184e-010 
-6.27725412474533e+004 1.63743773583587e+005 3.09827558643470e+003 -1.37105185174311e+003 4.86165593504723e+000 2.97634040815772e+000 -1.28641861189461e-001 -2.09503956990826e-003 5.64190007837046e-004 -2.77482167354131e-006 -1.91182798163594e-006 6.46824313587164e-008 6.89040560157270e-009 
-3.42622231897194e+005 -2.57646042670558e+004 1.69784193118245e+004 7.57605953129882e+001 -6.67366158387510e+001 1.29031564833438e+000 7.91495338730514e-002 -8.54813033541774e-003 2.79612194471289e-007 2.97601164688771e-005 -5.48925117663077e-007 -1.04270519379789e-007 6.19977606002677e-009 
-1.45351082068477e+005 -2.78203583632459e+004 7.19315132615361e+003 1.71311977026375e+002 -2.99480701315181e+001 2.69706531823296e-001 4.78178144544977e-002 -3.56287844073994e-003 -5.66005553863261e-005 1.34229254338829e-005 -5.02310432880509e-008 -5.25571606633020e-008 2.04687524132113e-009 
2.40649591250725e+005 1.27510098359012e+005 -1.14430554392742e+004 -9.72947915036918e+002 3.75872481430800e+001 7.90181525876313e-001 -1.15369393457346e-002 6.98588692105237e-003 -3.58953024788375e-005 -1.41834381216548e-005 2.47509259567151e-007 -4.25273483921386e-008 -3.07717475297393e-009 
-2.66768301421417e+005 9.78112092935966e+004 1.24670594503779e+004 -7.53588179438535e+002 -3.80745757204866e+001 1.04023032403603e+000 -5.35063713405488e-002 9.08839676096592e-004 3.78116948289673e-004 -1.83868334950774e-006 2.52210848690175e-008 3.06483881573091e-008 -3.33913369019786e-009 
-1.42262563638644e+005 3.04513614884937e+004 6.66334465183541e+003 -2.34980519897774e+002 -2.06113713623594e+001 3.77932600128141e-001 -2.24896467878962e-002 -2.98487241504856e-004 1.70695783181852e-004 6.22230435956471e-007 -1.33099467511567e-008 1.78136581337506e-008 -1.16657410796288e-009 
7.35628534349559e+005 -9.00599075135290e+003 -1.67265180519642e+001 6.90967971766689e-002 3.49935063980072e-003 9.89455182462491e-006 8.24518687369730e-006 -1.13000952299582e-006 1.09940185648693e-007 -1.19253662860603e-008 2.24937957126168e-010 
1.16878396914303e+006 4.58940920817044e+003 -2.16715156341164e+001 -1.75738540763946e-001 1.45590181748921e-003 -6.81756543172022e-005 1.11238165357921e-005 -4.13191437066510e-007 -9.43775383263261e-009 -5.99107004250538e-009 -8.75339694075383e-010 
4.70478032916025e+005 2.17903647384872e+003 -8.73342025588533e+000 -8.18032288043120e-002 6.22526291657951e-004 -4.40990298435067e-005 4.99569287288585e-006 -1.01404438258381e-007 -1.64165053697596e-008 -1.11659178736399e-009 -4.80132044388380e-010 
7.17486071694109e+005 -9.13548275376956e+003 -1.55377292487885e+001 1.31355742794361e-001 4.38064797662296e-003 4.96317841399847e-005 -5.65812094423033e-007 -7.74840191624602e-008 -1.20043810426513e-008 -6.80400879489452e-009 -9.44504221640513e-011 
1.17778299710821e+006 4.40797057070963e+003 -2.36481760923335e+001 -1.52217409907902e-001 2.01452101787978e-003 1.03988221561007e-004 6.25162371898407e-006 2.02200204085860e-007 2.85645628006743e-008 -1.18258652796574e-008 -1.66353135347241e-010 
4.74763228378938e+005 2.10538129520704e+003 -9.66650709112891e+000 -7.35319741065387e-002 6.80198405865343e-004 4.24004886291707e-005 3.37817700185990e-006 1.18400052971787e-007 1.65023123829309e-008 -4.72053781576207e-009 -6.83858849803901e-011 
-8.85500465397108e-005 -4.68969389369992e-007 -5.62939845187096e-007 2.91134022884596e-008 3.37792298856314e-008 7.64865349545015e-010 -1.31810237890744e-010 -4.07662200079494e-011 -1.64894128156155e-011 -1.79358501638516e-012 
2.59898066360830e-006 3.11787802985781e-007 -3.08175367699689e-008 -7.62455989878902e-008 -5.46298275189871e-010 1.90958396746747e-009 1.48225551953517e-010 1.60185435134551e-011 -1.02742263809912e-012 -1.39190427021909e-013 
-8.90384594541206e-005 1.29504576795267e-006 7.19470410908871e-007 -1.73452314561787e-007 -7.42423426171426e-008 7.76196240924869e-009 4.08124637149986e-009 -1.87377540821669e-010 -1.66073965078324e-010 4.88451824880201e-012 
2.06396053070061e-006 -6.48513832175220e-007 2.08595109536090e-007 1.08099270088460e-007 -1.54965431289764e-008 -7.70404903743785e-009 3.85132084377719e-010 3.41432395437220e-010 -1.45840131538331e-012 -1.17444913536435e-011 
-8.77126350056059e-005 -8.21349963308760e-007 -1.08193835904070e-007 2.71450647522396e-007 -4.26227170747311e-009 -1.44722034781497e-008 9.57196361624064e-010 3.45157651803191e-010 -4.01324034757895e-011 -4.39700174531979e-012 
1.97884372359651e-006 -2.24410384093333e-008 -3.31212006508443e-007 -9.20958479359023e-009 3.05379517400752e-008 -9.34511996815643e-010 -1.03920511560099e-009 7.51205940298158e-011 1.20200677859609e-011 -1.34918463491743e-012 
-8.67641117594739e-005 1.58273302564462e-006 -2.19535706347573e-007 -1.63379786852107e-007 1.97812725224894e-008 4.17240790482755e-009 -7.82224177697002e-010 6.10544922877279e-011 2.42397970793684e-011 -6.07099551496062e-012 
1.41207046748930e-006 4.20526241221302e-008 2.62275327135461e-007 -2.79205819296405e-008 -1.41268922145555e-008 1.57458467666104e-009 7.36924848246896e-011 -3.29742165193728e-011 1.13363952189317e-011 -8.41352366544475e-013 
-6.94225369366005e-002 -4.26264157167305e-004 4.29379038976677e-004 3.35518033629094e-005 -9.49875618269183e-006 -9.73959984938641e-007 8.78514752106902e-008 1.05556955226805e-008 1.16472422661132e-010 7.00340684141926e-011 
4.08631971215080e-001 5.91472031049504e-004 5.56940790572465e-005 -2.90485615001389e-005 -2.53035198884903e-006 4.06203007817778e-007 4.81233307165162e-008 -1.73758604857724e-009 -1.71553753186554e-010 -2.98342040705510e-011 
1.16501520734805e+003 9.20298258961216e-001 -3.99006390253787e-004 -3.23914669742646e-005 8.78720043893502e-006 9.03328578856877e-007 -8.07005792620004e-008 -9.49362438017830e-009 -1.06716665191697e-010 -6.76429342546571e-011 
-6.76104539613103e-002 1.76250585876798e-003 -1.06993471718240e-004 -7.87646467876003e-005 6.82058727026379e-006 1.71071909098726e-006 -2.10995627231575e-007 -4.23776414535747e-008 4.17580171260583e-009 1.15490493011653e-009 
4.09217103984032e-001 -2.16710943603967e-004 -1.78612606015787e-004 1.23366610603168e-005 4.73668157117753e-006 -5.23768168005788e-007 -1.05714233343810e-007 1.26480476311178e-008 2.82273434291911e-009 -2.28309501496533e-010 
1.16685328297189e+003 9.18209654488221e-001 8.83750423289973e-005 7.35861905407449e-005 -6.03184288078943e-006 -1.58705357474732e-006 1.89676225906606e-007 3.91504652835990e-008 -3.73549354862243e-009 -1.06641004734073e-009 
-6.62698117913682e-002 -5.54686153974494e-004 -2.94113963183882e-004 1.57459590753640e-005 -4.40109105289817e-007 1.91250308599168e-007 1.82410304034359e-007 -1.53419730928855e-008 -3.46220041621885e-009 3.28258816342985e-010 
4.08121459393164e-001 -6.78752649220650e-004 5.05512450198975e-005 1.18458831348304e-005 -3.42445356257305e-007 3.18463135087101e-007 -2.91182272382658e-008 -1.12774269333158e-008 1.01497390546741e-009 1.32836480038851e-010 
1.16869169585748e+003 9.20343028441553e-001 2.80674970913972e-004 -1.34841231098132e-005 1.98063311231643e-007 -1.83511601887742e-007 -1.66370584013149e-007 1.41091030838271e-008 3.20229187895631e-009 -3.03385237313741e-010 
-6.87054453567979e-002 -1.50350951988272e-003 1.65677462942235e-004 6.81962104202769e-005 3.26510525804796e-007 -1.25198926856226e-006 -5.77841233201405e-008 1.71266874673690e-008 -6.19467398401020e-011 -1.83497788998990e-010 
4.07593818336667e-001 2.44923331905320e-004 1.53572896206821e-004 -6.26715325123334e-006 -3.88810562423809e-006 -1.37404000972674e-007 5.89905873507888e-008 1.95106239745433e-009 -7.09182619399971e-010 4.09055935994449e-011 
1.17053368165022e+003 9.21289791146795e-001 -1.48841873376378e-004 -6.43627665478262e-005 -3.40090782325342e-007 1.16586433773395e-006 5.21677856708209e-008 -1.58693915661908e-008 8.07776042117157e-011 1.70685957422479e-010 
