-1.05306446187603e+007 -1.93727556919674e+007 4.10807269388211e+005 1.17138006379493e+005 -4.89914778580350e+003 -4.69787638863431e+002 4.69231964037634e+001 1.42586435080537e+000 -4.01892018546952e-001 5.00060278209300e-003 3.07175456644838e-003 -1.69983096623689e-004 -1.94918565262173e-005 2.35538257153530e-006 
3.94109869946071e+007 -3.60168458600823e+006 -1.50159561541514e+006 4.71406350405433e+004 6.45023815845685e+003 -4.55257700059167e+002 -2.29373798649107e+001 3.97380874403297e+000 1.36001169705911e-002 -3.15297592687069e-002 1.17911937383888e-003 2.16976501531959e-004 -1.93137927934017e-005 -1.10345168181836e-006 
2.20139279702512e+007 8.59217872603978e+004 -8.44675968752609e+005 1.30252982960144e+004 3.95361601016472e+003 -1.94423691999341e+002 -1.71203328471476e+001 1.97459810788548e+000 4.89647004461058e-002 -1.73599862213745e-002 3.11072292527299e-004 1.33532886353026e-004 -8.29341898952668e-006 -8.33821180798725e-007 
-4.27081176234826e+007 -1.21284975679419e+007 1.22315766312152e+006 1.91115171198175e+004 -4.94935725656866e+003 2.56668476738611e+002 2.33171374902896e+000 -1.47835422349728e+000 1.09639949101366e-001 -8.69971184122167e-004 -5.78777481376942e-004 5.63019382129229e-005 -1.33340035572329e-006 -2.44744883305264e-007 
2.27439349920888e+007 -1.23240869642154e+007 -6.28142179160150e+005 7.77087265753221e+004 -1.54669197564818e+003 -1.77792549160264e+002 2.05765053372790e+001 -7.57967919552068e-001 -4.82206536713114e-002 8.41364683647653e-003 -4.40960990699117e-004 -1.31467094920216e-005 3.97205854544692e-006 -2.73526782375215e-007 
1.64494209663790e+007 -5.32464990156303e+006 -4.62423828392193e+005 3.95238271262647e+004 -3.12601465779399e+002 -1.21596466846808e+002 1.07486662067120e+001 -2.51464678952474e-001 -3.71323349914538e-002 4.58428615581505e-003 -1.75480422277965e-004 -1.28638213053770e-005 2.25997229851448e-006 -1.20708446549840e-007 
-5.71619460512137e+007 -2.40711035934964e+006 1.13277998545617e+006 -2.41066411411919e+004 -9.69363502551646e+002 1.12301308371963e+002 -6.80268525407047e+000 2.11700060405436e-001 4.77764104653067e-003 -1.22760271327658e-003 9.60401252314228e-005 -4.18247248165332e-006 4.70073764264399e-009 1.71524608540661e-008 
-4.36598126802538e+006 -1.41755320110743e+007 1.03651641137051e+005 4.34212436801866e+004 -2.01969511763086e+003 5.34286817982659e+001 1.52313355209612e+000 -3.06453031087391e-001 2.18892487384139e-002 -8.69578869266708e-004 -3.77541544561940e-006 3.84643951929427e-006 -3.54293451760680e-007 1.81845219112740e-008 
3.46806710437539e+006 -7.32223860219649e+006 -6.21710030171106e+004 2.56939978868123e+004 -9.78206327999446e+002 1.68858180908254e+001 1.51939188458875e+000 -1.85652402525128e-001 1.11960572461786e-002 -3.37097358316814e-004 -1.19814952844122e-005 2.48847472885485e-006 -1.89727605855796e-007 7.93326454126479e-009 
-5.39337230774536e+007 5.35747938892357e+006 8.01342605969957e+005 -2.85194104571781e+004 1.11000242919323e+002 1.52810288913771e+001 -1.87755187177202e+000 1.03023593049023e-001 -4.36598473560873e-003 1.10447043750455e-004 1.59092664475150e-006 -4.28562874692158e-007 3.35195223651659e-008 -1.79032754642977e-009 
-3.05700395444483e+007 -1.17272499738159e+007 4.67214030401941e+005 1.98048803644826e+004 -9.83222145494971e+002 4.05443669920157e+001 -1.23254066689705e+000 5.71902468131139e-003 2.13652673766793e-003 -2.00343196753564e-004 1.14724102071038e-005 -4.76150201525844e-007 1.06869868566923e-008 3.60504627273575e-010 
-1.08640887379873e+007 -6.82016583745284e+006 1.66409213960727e+005 1.35375788447188e+004 -5.36688731674571e+002 2.00705469988226e+001 -4.63529053151370e-001 -7.63484235257987e-003 1.59419717980052e-003 -1.18469742651110e-004 5.96272286035972e-006 -2.09860708120660e-007 2.23035254539243e-009 3.78318147167555e-010 
-2.96308855959934e+007 -2.31718071691532e+007 3.83820868239933e+005 4.94650391424603e+004 -3.91695383366862e+002 -3.35863389634614e+001 1.45915006594309e-001 1.33057132172656e-002 -2.33312199255170e-006 -8.10616067833225e-006 
9.34872952808890e+007 -6.82736592832038e+006 -1.18496173012767e+006 1.41602766370870e+004 1.29023232154613e+003 -8.53726703062554e+000 -6.29616585773571e-001 2.12939799512272e-003 2.15048213504787e-004 -1.79861368349131e-006 
4.38982144253706e+007 -1.60478629260447e+006 -5.57329065155810e+005 3.23862457723830e+003 6.05181795416865e+002 -1.71412293728057e+000 -2.92456052331071e-001 1.03851408020265e-004 9.87032391430866e-005 1.16163479528707e-007 
-7.11319646510087e+007 -1.78826560879455e+007 9.18587582535143e+005 3.81381442670786e+004 -9.99154686777042e+002 -2.58231866282907e+001 4.86335467341794e-001 1.01440123002643e-002 -1.76165128146541e-004 -3.70019579662278e-006 
7.11268661325865e+007 -1.52945761644107e+007 -8.99380866618256e+005 3.26513928506235e+004 9.77261953650585e+002 -2.21498440196509e+001 -4.73882575290291e-001 8.75816396709023e-003 1.70093838565618e-004 -3.25026964945499e-006 
3.64660127987379e+007 -5.74840681818139e+006 -4.62716162603008e+005 1.22735191947570e+004 5.02850515839718e+002 -8.32912938409991e+000 -2.43951405301448e-001 3.29756331569340e-003 8.76495511866068e-005 -1.22355809206113e-006 
2.04027954944974e+007 2.00151988790967e+007 -9.11662859438360e+004 -1.50473774910999e+004 3.48623614013976e+001 2.87225988624297e+000 -4.99463349739028e-003 2.10753197103879e-004 3.18659738149779e-005 -1.20697816401896e-005 -2.72080985508224e-006 4.08363665137187e-007 1.90126265866873e-007 
-1.36391708406410e+008 2.44082963914166e+006 6.22159557030492e+005 -1.89922429204998e+003 -2.21842560210960e+002 4.19762501432406e-001 2.29965645682460e-002 5.62129340862416e-005 -1.00925372897901e-004 -1.18805561969325e-005 4.56359595070609e-006 1.06294551764993e-006 -1.71449305341011e-007 
-5.91632790728542e+007 1.05864588897081e+006 2.69765027350691e+005 -8.23549505116637e+002 -9.61890638501519e+001 1.82375301893688e-001 9.89766237057974e-003 -1.18776859591242e-005 -4.00280415850592e-005 -2.70940884922411e-006 1.95158064642988e-006 3.22782012334229e-007 -8.45690497124410e-008 
5.91416099510214e+007 1.85774042697199e+007 -2.66511778214894e+005 -1.40361714642155e+004 9.11108169342019e+001 2.73884733110761e+000 -6.36535022122529e-003 1.33141485484276e-004 -1.37859796325823e-005 -5.16861361330695e-006 9.15365738803483e-007 -1.04584334905011e-008 -4.38234101132840e-008 
-1.26647000338143e+008 7.26742408273057e+006 5.78440226549259e+005 -5.35362089962816e+003 -2.08353242528367e+002 9.30200297257522e-001 2.23924271575247e-002 -1.42907161022269e-004 -4.18650004135713e-005 8.54145202803465e-006 1.65836258810961e-007 -3.22538555842071e-007 4.65798348618019e-008 
-5.49373976133246e+007 3.15142863054316e+006 2.50807921815701e+005 -2.32135237171638e+003 -9.03394770298013e+001 4.03358951028988e-001 9.59003697348616e-003 -6.04547222518806e-005 -1.20024024909194e-005 3.28574159591822e-006 -6.94552108883141e-008 -1.06116724790450e-007 1.99115486327044e-008 
-3.36230302362258e+007 3.42486257688955e+007 1.99423545097221e+005 -3.24321398812328e+004 -4.42276900728320e+002 7.26444725400442e+000 3.71232772108283e-001 4.77435345419966e-003 -1.19498772831369e-004 -6.21139559158848e-006 -5.84662083490876e-008 
-1.95977638300822e+008 -1.72304792991548e+006 1.17015482426508e+006 9.68647031968364e+003 -5.47105150600868e+002 -1.27816923921643e+001 -1.09506511795805e-002 7.23072857539433e-003 1.81307161978722e-004 -4.25342439001646e-007 -9.93611202912269e-008 
-8.90270141042079e+007 -1.71751138314642e+006 5.31310136747957e+005 5.32082230612595e+003 -2.38967315854753e+002 -6.05904515560145e+000 -1.50877744650700e-002 3.18819618017646e-003 8.64108257614821e-005 -3.22270281332477e-008 -3.62748191447756e-008 
1.20988694011134e+008 1.76037814522264e+007 -1.60957938592710e+004 -3.99946632523831e+002 -1.53458322601595e-001 2.53314308780772e-003 7.00884821539153e-006 -8.45908576426526e-009 
-7.06658882709379e+008 3.49483299410471e+006 9.42651623331119e+004 -2.55084061078763e+001 -1.06505281348375e+000 -1.23180470866875e-003 4.25753506859626e-006 -7.61277772208790e-008 
-3.05867679450304e+008 1.06910143744139e+006 4.07990033538150e+004 -1.19036428170311e+000 -4.52783155056205e-001 -5.90229590107830e-004 1.64939255309689e-006 -2.17714915925543e-008 
-1.03742638087978e+009 8.77730926612882e+006 2.04559136919155e+004 -3.25132504187686e+001 -2.13379316084068e-002 3.33042348628413e-005 -9.50484130452378e-008 
-9.85331012316565e+008 -8.57420356621635e+006 1.94191852727716e+004 2.47886665701952e+001 -3.52385342718894e-002 -2.61530472351621e-006 -6.84666883956446e-008 
-3.62325100902010e+008 -3.91859172937805e+006 7.14023453711405e+003 1.16383425452218e+001 -1.36575411952624e-002 -2.48009349348442e-006 -1.84020910894826e-008 
-8.69394629146907e+008 8.89285390512935e+006 2.39905285581152e+003 -4.27730142251803e+000 -1.19991002201584e-004 9.35654353092132e-007 
-2.48485467598884e+009 -2.99285561791554e+006 6.85850825089297e+003 8.39299951873877e-001 -1.71714893689101e-003 6.33369409890796e-007 
-1.07598610198158e+009 -1.43674458896637e+006 2.97008073381116e+003 4.28395003217417e-001 -7.49981411410380e-004 2.65792424038519e-007 
2.85367652900674e+007 7.46537013466065e+006 -1.99485405324544e+001 -8.51495094544629e-001 -8.32440334309647e-006 -1.68468196029296e-008 
-4.18798603797921e+009 1.50453167222314e+005 2.86885370443937e+003 -2.69571525057445e-003 -1.70042981168130e-004 3.96431699065635e-008 
-1.71488656507516e+009 -1.24223549772682e+005 1.17471313549011e+003 2.00815632314750e-002 -6.92457664897014e-005 1.55187821151743e-008 
-3.63942687155918e+009 4.58032944194740e+006 2.60540903131991e+003 -4.36209848988553e-001 -2.95349502385302e-004 5.16629176366764e-008 
-2.55999954488323e+009 -6.23395541291492e+006 1.83235801745308e+003 8.21624572630273e-001 -1.32274631744251e-004 -1.26507151792928e-007 
2.97630401475003e+008 -3.32535148308898e+006 -2.13350712227506e+002 3.88223020781830e-001 4.62214659757319e-005 -5.64092094658644e-008 
3.61370089096795e+005 -5.75671155416275e+004 -1.75397016113765e+004 3.41978037385663e+002 6.10168944386896e+001 8.06618793498495e-001 2.88607609119766e-002 -6.70182109332240e-003 -5.75520594947389e-004 -6.68047928173964e-006 7.94359845798828e-007 1.41855302258810e-007 7.07939688358174e-009 
1.23161964559726e+005 1.37041807010036e+005 -5.93591298415110e+003 -1.11177300619099e+003 8.12180093669465e+000 1.51982699055060e+000 9.56723164159043e-002 6.46628262049534e-003 -2.18424386711189e-004 -2.68154892733076e-005 -1.46235114699088e-006 -2.65699782439748e-008 7.11244627232156e-009 
2.51561998162899e+004 7.08086271232973e+004 -1.20536193502762e+003 -5.63751360028305e+002 -1.78988798088622e+000 6.55290550220718e-001 4.30824314496646e-002 3.71016558621694e-003 -5.11589260474268e-005 -1.22174596355088e-005 -7.72515472483375e-007 -2.58179785467159e-008 2.74568987586865e-009 
1.31309795706768e+005 -1.63866876436402e+005 -7.18502710292265e+003 1.38584302198885e+003 5.91294099769124e+001 -2.48017487354906e+000 -3.26883214020480e-001 -9.20575397837226e-003 1.25631709500562e-003 1.09136147791775e-004 -1.41369393983757e-006 -7.03990397132582e-007 -2.87297176206144e-008 
3.11226303391991e+005 4.17167239770127e+004 -1.69881418912599e+004 -5.81291646308045e+002 6.71116557834441e+001 4.01708216106605e+000 -1.33854853151143e-002 -1.97888918676302e-002 -9.98458467958142e-004 5.74870413567013e-005 8.25921828262071e-006 1.00523546767725e-007 -4.50437532693653e-008 
1.36335430337834e+005 3.51171599047288e+004 -7.45480041283831e+003 -4.06625053001323e+002 2.66517118478713e+001 2.15277863837933e+000 2.37602561479465e-002 -8.61602817087221e-003 -5.93784840127942e-004 1.74007936362381e-005 4.08098147049436e-006 1.13194998373561e-007 -1.88835002256809e-008 
-1.94118283308903e+005 -1.45270053704846e+005 1.21317034651222e+004 1.53346876899527e+003 -5.71844131279644e+001 -7.09508769296706e+000 1.66836099021174e-001 3.21749373486455e-002 -9.13450167758390e-004 -1.78592009949833e-004 7.13814409710813e-006 1.14797935790599e-006 -5.50126284564039e-008 
2.52861377978875e+005 -9.88982822532745e+004 -1.55054755307500e+004 9.07433829455278e+002 9.53772343868922e+001 -2.98488015574193e+000 -4.15379414446115e-001 1.12960301159120e-002 2.08519627545663e-003 -7.91759629411812e-005 -1.25412985380140e-005 6.10521815583839e-007 8.35150958896059e-008 
1.38572797340286e+005 -3.38222624303294e+004 -8.53425792574639e+003 2.92320651525121e+002 5.09461681200959e+001 -7.72062993837451e-001 -2.14257037273214e-001 2.42474771667724e-003 1.08202476923225e-003 -2.13308035741362e-005 -6.65836893863066e-006 1.85725684258174e-007 4.50286978486431e-008 
-3.45849525979264e+005 1.57159272160754e+003 2.16541393151236e+004 -9.80170505010113e+001 -1.16999044877938e+002 1.61670054699268e+000 3.17455480511275e-001 -1.45207376996056e-002 -1.59329986161574e-004 8.39592263814484e-005 -5.77860679943915e-006 -2.45172605386669e-007 4.95400575962498e-008 
-2.08432083599223e+004 -1.60594335915503e+005 1.32170872231108e+003 1.60464677137821e+003 -1.71079877968225e+001 -5.81573185130157e+000 1.58687042921596e-001 1.05523086472885e-002 -1.06412279075246e-003 3.68873048820895e-005 4.49374263142252e-006 -5.41722516605681e-007 -1.69635340064069e-009 
2.18262857182699e+004 -7.68661033421004e+004 -1.36242265636055e+003 7.77009161338909e+002 2.62919442407568e+000 -2.93493678641274e+000 4.64901662912198e-002 6.40030279199265e-003 -4.93967663826176e-004 9.85283189170129e-006 2.68288990328474e-006 -2.36373236694768e-007 -5.39369940867013e-009 
-1.92746905420901e+005 1.42769929518134e+005 1.12973051285651e+004 -1.42595114341481e+003 -3.82863322443460e+001 5.03554029681142e+000 1.25217595533296e-003 -8.82174850678264e-003 -2.47454268546140e-005 -3.94199602174510e-006 2.55727388088325e-006 3.20494446255908e-008 -1.76549559964026e-008 
-2.78569584894284e+005 -8.48593686161429e+004 1.59185119892787e+004 6.58518331435107e+002 -8.47292839980962e+001 -7.94341885208916e-001 2.11833307955193e-001 -1.60896433522658e-003 -1.81611769110778e-004 -1.71952215528976e-005 -5.45020294305259e-007 2.16689448964576e-007 -1.08780665986156e-009 
-1.15344817182024e+005 -5.36228936347806e+004 6.57913458087388e+003 4.46587077677678e+002 -3.70568641791100e+001 -8.47181530118171e-001 1.01400825274711e-001 4.86055798185754e-005 -8.52105395872210e-005 -7.86271364261009e-006 -4.94931730382600e-007 1.00726141576171e-007 1.10560915492003e-009 
1.26435933144384e+005 1.61542952366922e+005 -6.38561832607242e+003 -1.31253608925609e+003 4.38344149403184e+001 2.43671758734198e+000 -1.77087597131568e-001 2.70566160408570e-005 5.70172337831826e-004 -3.46329351736832e-006 -2.20525917584997e-006 3.80044322695658e-008 1.04230631657428e-008 
-3.11937596930435e+005 5.14931044554981e+004 1.59738237444765e+004 -5.80909010747622e+002 -5.85891873548413e+001 2.72974136611341e+000 4.15586389211278e-002 -9.16600254024235e-003 7.50772437849793e-005 3.04798673734864e-005 -3.39043570607437e-007 -1.36671487620675e-007 4.47521790534651e-009 
-1.60428613637448e+005 9.90662923222735e+003 8.23075800257346e+003 -1.57872088999338e+002 -3.21373218888165e+001 1.08243859167143e+000 3.63301517263169e-002 -4.39170620945343e-003 -1.64585213826818e-005 1.49241072603197e-005 3.99349547615488e-008 -6.89387527460160e-008 1.18568505649752e-009 
3.58552324629545e+005 6.17148961253484e+004 -1.69904825464091e+004 -4.20974850392439e+002 5.86430875738303e+001 -2.86669744496233e-001 -1.77353871275736e-002 6.92939949566478e-003 -1.84062571173677e-004 -1.50718142644367e-005 7.71571454414525e-007 -2.75359022059900e-008 -3.75320831821041e-009 
-1.11757760519975e+005 1.39589345963382e+005 5.15219210600465e+003 -1.09931933241575e+003 -1.00800084191887e+001 1.65267155713798e+000 -7.51609439386269e-002 2.16308704314572e-003 3.48788235032226e-004 -1.08832619065838e-005 -1.49695944223588e-007 5.05500969558531e-008 -3.08831819305445e-009 
-8.57778438952384e+004 6.11945125167633e+004 4.01451619254326e+003 -4.88820892165856e+002 -1.02468425116549e+001 8.20878623754785e-001 -3.41755264228944e-002 4.01797401889215e-004 1.84029353168311e-004 -3.83294743100949e-006 -1.43375361570254e-007 2.66952481988782e-008 -1.13596850854194e-009 
3.41099119562226e+005 -7.87897608155334e+004 -1.65362423745061e+004 4.97286166538527e+002 5.92906716532164e+001 5.71964402036996e-001 3.34656814036241e-002 -5.35535080567254e-003 -6.09184983793652e-004 -1.56611262227523e-005 1.65623667037655e-007 1.10995943397928e-007 1.05693785051853e-008 
1.66291727384255e+005 1.27351535545505e+005 -8.13314414534122e+003 -1.05546433016515e+003 1.48528033254507e+001 1.48376611157835e+000 8.43315200757504e-002 7.09979455153281e-003 -9.57023442676489e-005 -2.48652572175640e-005 -1.68333439818842e-006 -8.47591403836739e-008 2.43009058751677e-009 
4.88618733277190e+004 6.80798949335442e+004 -2.40211521236676e+003 -5.51927458846107e+002 1.74636428432115e+000 6.66283974458193e-001 3.75079006024521e-002 3.88313953882298e-003 8.86096379206292e-006 -1.05501602153563e-005 -8.23044923701384e-007 -5.05891443015365e-008 2.18093337044414e-010 
2.27657163661684e+005 -1.00586351475483e+004 7.81599305465127e-001 -1.15152146118663e-001 1.74399845383564e-002 -3.87030293592469e-006 -3.32930123169265e-004 4.21248588337747e-005 3.01728504034562e-006 -1.46212502713176e-006 1.05834276478065e-007 
1.28130692590491e+006 -2.72643189619765e+002 -2.23741306470577e+001 -1.24396600721054e-001 -7.34530930716448e-003 2.21144657755268e-003 -1.50132894490762e-004 -3.22286257498764e-005 7.79954094532095e-006 -1.36178087751066e-007 -1.93325662725510e-007 
5.30965924413535e+005 1.27571100597642e+002 -9.34503820476912e+000 -4.84784444758356e-002 -5.51262909165163e-003 1.18236796028492e-003 -4.57825964530835e-005 -2.15865310653102e-005 3.85292554687688e-006 8.11736220219175e-008 -1.14228568612485e-007 
2.07544366971153e+005 -1.00543211435023e+004 5.57220469114702e-001 3.63775832072926e-002 2.88138942709525e-003 -2.24228351809395e-004 4.11039466785179e-005 -3.84483042950998e-006 1.83066620620901e-007 2.07064494242938e-008 -4.92093832360378e-009 
1.28057777614617e+006 -4.57740732160983e+002 -2.38419806910195e+001 -1.01515916312628e-001 2.23222076336620e-003 -2.27528203592086e-004 8.21189546978728e-006 1.81509479022021e-006 -3.88238814077638e-007 2.85341570485970e-008 -3.32868886641415e-009 
5.31144160503093e+005 5.01001001730478e+001 -1.00125095488736e+001 -4.85159647636615e-002 1.09507868776039e-003 -1.00886053837042e-004 -1.51315435968739e-008 1.36862449998566e-006 -2.26334256193819e-007 1.53609224515622e-008 -1.25488633480058e-009 
-7.46475438141761e-005 5.93343839278606e-007 7.47076322071278e-007 7.71264417672842e-008 -4.31076059340080e-008 -6.90184264154690e-009 9.09677630013624e-011 2.26857712571590e-010 5.83429914391472e-011 1.80625733459023e-012 
1.62872297605053e-005 -4.04562713216198e-007 -5.70600158535462e-008 9.04420260165008e-008 1.11993695722984e-008 -2.34231123436967e-009 -6.10432089763727e-010 -6.53107839343129e-011 9.65581201320259e-012 5.44503719583404e-012 
-7.20094747605845e-005 4.26725390046713e-007 -7.92362311866744e-007 1.39408925148229e-007 8.23384005114863e-008 -1.01683432325048e-008 -3.78479054432625e-009 5.05981102207565e-010 1.04596555039892e-010 -2.21340835305580e-011 
1.68221591132802e-005 8.83025067348146e-007 -1.53004569435956e-007 -1.30049138152899e-007 1.70403560697521e-008 8.40390895563328e-009 -9.17429172114967e-010 -3.15066127342838e-010 4.13686190795263e-011 8.59357194022693e-012 
-7.05751812725741e-005 2.00739055393102e-006 1.91025819936385e-007 -2.44540785832392e-007 -7.23941719067230e-009 1.22490351566926e-008 -5.39536226258701e-010 -2.75613460187694e-010 3.06876613116445e-011 2.13875950338336e-012 
1.73004678921283e-005 1.08874898415033e-007 3.12054737473960e-007 3.13151588773992e-008 -2.68922952626850e-008 3.14892430742759e-011 9.59144381045192e-010 -4.71555195601999e-011 -2.25923751046347e-011 2.90373101065346e-013 
-6.93985092795147e-005 -1.00830211224881e-006 -4.15201094450900e-008 1.93334048639883e-007 3.56471330269439e-009 -4.47988499727019e-009 -1.08555670072090e-010 -3.55222375886713e-011 1.36607898867773e-011 2.29014515008695e-012 
1.84295622316639e-005 4.54044300021017e-007 -2.70942418881935e-007 -7.35523375347362e-009 1.52596043004222e-008 3.01434285298416e-010 -1.50589092998661e-010 -7.34054254044813e-013 3.27514830140254e-012 7.68904489087371e-013 
-6.45537552171111e-002 1.68414832283461e-003 2.99443176889594e-004 -7.83509361164819e-005 -3.55571694786035e-006 1.66766262534634e-006 2.87116586731528e-008 -2.23203692706096e-008 -2.06154083043410e-009 2.88308207026248e-011 
3.99162989548881e-001 4.34901340046014e-004 -1.65236352243471e-004 -1.57761227373111e-005 4.75243118845948e-006 9.76766820718129e-008 -8.18076113673859e-008 -3.50055122180155e-009 7.14522609434539e-010 1.50446793720779e-010 
1.26067863523413e+003 9.18324496503605e-001 -2.86092511878975e-004 7.09523679321244e-005 3.40715295730137e-006 -1.51082619074492e-006 -2.47550338476264e-008 2.02269465828624e-008 1.82471119256830e-009 -2.68885367816472e-011 
-6.12975627071762e-002 1.04010117521249e-003 -3.36517009451342e-004 -2.32933674276429e-005 -1.13325587906209e-007 -3.88280378939137e-007 2.40912618580801e-007 1.95258373617843e-008 -7.43992150667282e-009 -2.73515141900251e-010 
3.98779846752605e-001 -7.33516815571816e-004 -7.73981314158008e-005 1.42325011533401e-005 2.04183114817482e-007 3.52454449148073e-007 4.31899992456377e-008 -1.77176108942232e-008 -1.03799598639150e-009 4.55264470833500e-010 
1.26251530345438e+003 9.18840772299658e-001 3.08006609840831e-004 2.38182569118482e-005 1.25638825878312e-007 3.15575349768957e-007 -2.20284403345608e-007 -1.73562891338672e-008 6.76237528697142e-009 2.44189746016671e-010 
-6.22529569163675e-002 -1.91729949086372e-003 -2.11894769386865e-004 8.01292069134196e-005 9.09275786662712e-006 -1.29919074821831e-006 -2.11800515762880e-007 2.28547030003913e-008 2.91040942088740e-009 -4.08208265268495e-010 
3.97459380498595e-001 -3.55705975573982e-004 1.90602425946215e-004 1.84608332049847e-005 -4.10490109601087e-006 -5.69574367770669e-007 6.42011623634083e-008 1.00057944908229e-008 -1.20965873866217e-009 -1.08100534717405e-010 
1.26435583186117e+003 9.21627815872330e-001 2.07502760076610e-004 -7.42775361743283e-005 -8.56889462830201e-006 1.20876726936267e-006 1.96098003081352e-007 -2.11729016027075e-008 -2.69654818471766e-009 3.75924079373808e-010 
-6.46562645871123e-002 1.92791274963970e-004 5.52755816168957e-004 -1.56577883133174e-005 -1.33716388926021e-005 5.64715604617438e-007 1.57152194360347e-007 -7.01349443421009e-009 -3.73934425564679e-010 2.58609732325016e-011 
3.98047968932402e-001 7.57777930418302e-004 -2.03727900408807e-005 -3.76518294162592e-005 1.30337569411702e-006 6.15715619953023e-007 -2.63961428318164e-008 -4.69864736101246e-009 1.65800251717683e-010 -2.61683425511154e-011 
1.26619782579617e+003 9.19727328599723e-001 -5.12691593922416e-004 1.27414022461723e-005 1.23147381687548e-005 -5.15722665350094e-007 -1.43938287556376e-007 6.73112833569947e-009 3.48467067015940e-010 -2.64024077167672e-011 
