-2.78664451483219e+007 -1.66197377962747e+007 9.63031136527231e+005 6.82070835255688e+004 -6.82198532255327e+003 5.29995106114893e+001 3.34239532261255e+001 -2.47405613168871e+000 -5.29949256357880e-002 2.06220033917220e-002 -1.05221167813971e-003 -7.91215267319346e-005 1.36907954031421e-005 -3.76468874216944e-007 
3.20932092482710e+007 -8.77660262161080e+006 -1.11613372088649e+006 7.89248702789342e+004 1.65063706631443e+003 -4.47936983757029e+002 1.86293677606447e+001 1.49815211989219e+000 -2.20367653062901e-001 4.70847777132687e-003 1.25503980768224e-003 -1.23581835497697e-004 -7.81571911752432e-007 1.02477097272133e-006 
2.00608363589734e+007 -2.96557775822993e+006 -6.96060729596480e+005 3.50895380736264e+004 1.58897916649551e+003 -2.44775858163459e+002 6.48651011241280e+000 1.05677512040965e+000 -1.12223493855645e-001 3.77321093959048e-004 7.79508270700747e-004 -5.78129223738732e-005 -1.83682165899870e-006 5.86442972870389e-007 
-5.19555548294746e+007 -7.24352236350437e+006 1.24291260397739e+006 -1.02362206031132e+004 -2.58411998917602e+003 2.07329783288836e+002 -7.92629582593983e+000 -1.69931751961593e-001 4.97243304158886e-002 -3.75399142311059e-003 1.08318356382464e-004 8.60575457418526e-006 -1.38505211651097e-006 8.88677093902003e-008 
8.59330405669107e+006 -1.39663919173269e+007 -2.15239564929330e+005 6.15100618937913e+004 -2.33999403840484e+003 -4.32054141837966e+000 8.93748960144292e+000 -7.51525977210216e-001 2.76172593049483e-002 9.62885727341737e-004 -2.23534086240663e-004 1.63114193025984e-005 -4.07538842263743e-007 -4.63768828377525e-008 
1.00044161834477e+007 -6.70992520545633e+006 -2.43831035817583e+005 3.39190039336935e+004 -9.82094689254731e+002 -2.38018570128353e+001 5.59597588662118e+000 -3.83835962417827e-001 9.59803068904718e-003 9.03503689063156e-004 -1.30639429889129e-004 7.82167831592945e-006 -7.41127987044380e-008 -3.39947136725744e-008 
-5.72186968453785e+007 1.75414856731610e+006 9.75927583557475e+005 -2.83849610319656e+004 -1.99136444010092e+002 4.95394749064131e+001 -3.91592454325968e+000 1.85063216668742e-001 -5.07927443751718e-003 -1.10907376585783e-004 2.58829246917795e-005 -2.01473058057506e-006 1.00732410120921e-007 -2.58139004844174e-009 
-1.91471252819132e+007 -1.33311829662460e+007 3.18015665565780e+005 2.97012343661966e+004 -1.47034873116979e+003 5.44476088523221e+001 -8.66326518003235e-001 -7.39661911328142e-002 8.67960848019741e-003 -5.50750910604405e-004 2.23358965904478e-005 -2.63982907396777e-007 -5.03073482398567e-008 5.61024737470117e-009 
-4.26892545795941e+006 -7.30339623847126e+006 6.87048944434634e+004 1.88086654799076e+004 -7.64795392655603e+002 2.39493463190759e+001 -5.68091516900046e-002 -5.86975823062764e-002 5.16306859960835e-003 -2.82699424372398e-004 9.24771906626574e-006 6.78543672565058e-008 -3.73113904121970e-008 3.26387603979997e-009 
-4.69865775542288e+007 8.19443424747086e+006 6.36354342919344e+005 -2.73222522692148e+004 1.76934292354608e+002 -1.95914656329391e-001 -8.59941565363378e-001 4.97087917623079e-002 -2.48557925359641e-003 9.13546840739866e-005 -2.15350055055929e-006 -1.93705369831458e-008 6.61721112323170e-009 -5.00528555528185e-010 
-4.23702394070584e+007 -9.68776430666456e+006 5.64584977419710e+005 1.34367999831339e+004 -6.53116654321661e+002 2.70995663711407e+001 -1.02250611119728e+000 1.99386505989255e-002 7.02779857615916e-005 -5.67580108190521e-005 4.07148545651523e-006 -2.19165571304989e-007 8.81131049756265e-009 -2.42108099818823e-010 
-1.77355776473177e+007 -6.02479854444486e+006 2.35622453389640e+005 1.00102560132010e+004 -3.67228942894883e+002 1.44965118058805e+001 -4.57059615238346e-001 5.49758078070089e-003 2.95233587227094e-004 -3.97903579380472e-005 2.39819053011050e-006 -1.15068373268932e-007 4.02069323319148e-009 -7.74143960890887e-011 
-9.42620207789286e+007 -1.08797140262437e+007 1.21815824889653e+006 2.28477845710079e+004 -1.33025994263967e+003 -1.44980562543241e+001 6.56178694033428e-001 4.53884967090368e-003 -2.53231586965664e-004 -3.35584570908231e-006 
4.11248137214272e+007 -1.99578279031127e+007 -5.28994754589962e+005 4.26993945244036e+004 5.55179556276517e+002 -2.91544755881618e+001 -2.35045963911026e-001 1.16931515507698e-002 4.64561790841383e-005 -2.73039940876477e-006 
2.44748552575251e+007 -8.29125006293615e+006 -3.15092634161341e+005 1.77661657120380e+004 3.33965880292946e+002 -1.22003330358089e+001 -1.47230852258970e-001 4.98218560353963e-003 3.52076384444987e-005 -1.48397907891077e-006 
-1.05674311999619e+008 -4.15915935343614e+005 1.35790782607361e+006 1.26269874103852e+002 -1.45716682079133e+003 1.87024440611949e+000 6.73052465140317e-001 -3.05718250452257e-003 -2.08754031120703e-004 2.58744937173530e-006 
-1.32375383876811e+006 -2.20349515110437e+007 1.67691977403935e+004 4.67241308867820e+004 -5.73702531170365e+001 -3.08081822658179e+001 9.40557852391106e-002 1.10052277579077e-002 -9.12566578679985e-005 -2.93400496166216e-006 
6.09798746314900e+006 -9.88792537659339e+006 -7.83781098915347e+004 2.10147460087667e+004 6.63910753582497e+001 -1.39800021308242e+001 -2.74127332152882e-004 5.14683361373860e-003 -2.81004382905650e-005 -1.47389382096500e-006 
-1.12615520299120e+008 1.31660336332217e+007 5.25095133787173e+005 -1.06920606237664e+004 -1.82028481472617e+002 2.75975250270331e+000 1.33025406134686e-002 -1.04854846843176e-004 -3.14726218007680e-006 -7.48736675649990e-006 -6.44046021552915e-007 8.23502819734602e-008 5.08197068216514e-008 
-9.04741181646349e+007 -1.42728481725634e+007 4.19878825291747e+005 1.06052164746153e+004 -1.74416995913439e+002 -1.87609958012877e+000 3.26200339151608e-002 -3.37077895145220e-006 -4.29700012358109e-005 -4.63549509887808e-006 3.53575486243619e-007 2.27115436397571e-007 2.22807093309610e-008 
-3.92455238673613e+007 -6.18761820236765e+006 1.82021987780954e+005 4.59754165217747e+003 -7.56111308110752e+001 -8.13726330581780e-001 1.41089390922674e-002 2.71725041958510e-005 -1.62787167698165e-005 -2.88897876597176e-006 2.14778841403865e-008 1.00617011503371e-007 1.54899999009521e-008 
-8.25211113649743e+007 1.68083584364407e+007 3.81185740497357e+005 -1.31485728920712e+004 -1.24403868536481e+002 2.96161793606778e+000 5.30516726680556e-003 1.33141046501731e-005 -7.16188217268030e-005 -1.01583535247068e-005 5.02477481350801e-006 2.16389889559553e-007 -3.16533378679674e-007 
-1.15292985181646e+008 -1.04547932450490e+007 5.29291729793326e+005 7.55497244682845e+003 -2.04555345712670e+002 -1.14835847207067e+000 3.01048795752706e-002 -2.74959023767014e-004 -9.11163205802690e-005 1.38979661658247e-005 4.21408932341111e-006 -1.10875898905006e-006 -1.79611778632537e-007 
-5.00051371935833e+007 -4.53244719780967e+006 2.29454438529614e+005 3.27522729662598e+003 -8.86778789752586e+001 -4.98196018951406e-001 1.31493693872034e-002 -8.81971536447439e-005 -4.80747075784334e-005 4.50521930921857e-006 2.43267621264575e-006 -4.34298091562546e-007 -1.17487410290255e-007 
9.65318866397747e+007 -2.88924951006888e+007 -5.34896379911514e+005 3.04055485615439e+004 -5.44611035765868e+001 -1.02371550144990e+001 2.66690307393427e-001 -1.64433411844181e-003 -1.08614022319047e-004 3.44376563225818e-006 1.86230698990982e-009 
1.85076366137391e+008 1.53472447233200e+007 -1.02789013406187e+006 -7.04731365100067e+003 5.75873483253031e+002 -6.80851317478353e+000 -8.12624307207235e-002 5.91023872799091e-003 -1.07777670729281e-004 -1.04914019710036e-006 2.01461713365646e-007 
8.22727359525100e+007 7.81904007656002e+006 -4.57026526204395e+005 -4.05330306645056e+003 2.65608066684413e+002 -2.84649346243433e+000 -4.44772137481585e-002 2.75645599696113e-003 -4.67312742215285e-005 -5.57143648385779e-007 9.84307923987571e-008 
-6.53448104827640e+008 -1.06630396853367e+007 8.04525852274182e+004 1.84983208332012e+002 -8.70711697135359e-001 6.04440929650357e-005 2.13595758768199e-006 -2.57088621850512e-007 
4.20240356884854e+008 -1.28531365600220e+007 -5.17084445239305e+004 2.85526064004346e+002 3.04766354343990e-001 -1.68434256812826e-003 1.05666595404109e-006 1.75268662709527e-007 
1.96022914893366e+008 -5.24959245952973e+006 -2.41222250451111e+004 1.17881377230688e+002 1.51823003918698e-001 -7.22600105090996e-004 4.32538903724856e-007 6.23776700150058e-008 
-7.22169807398464e+008 1.09528526146054e+007 1.37850597917814e+004 -3.66260593914388e+001 -1.20820194301218e-002 2.54509087036001e-005 -1.05998736695689e-007 
-1.21756555440350e+009 -5.83962948465747e+006 2.32415579579342e+004 1.56156321990934e+001 -3.50362707902506e-002 1.28912913159099e-006 -3.97793491745808e-008 
-4.71826240182980e+008 -2.88362153923317e+006 9.00636478996476e+003 8.02725940530940e+000 -1.39549444309118e-002 -6.03092010756181e-007 -6.96868913730220e-009 
2.86685414695950e+009 -2.75906817229508e+006 -6.79525483707547e+003 8.67664619951800e-001 1.21619946867474e-003 1.36831858959434e-007 
7.97883857345810e+008 7.84759577306201e+006 -1.89135864355444e+003 -3.16145090803928e+000 1.83955703676665e-004 2.21805821173485e-007 
3.08904631867783e+008 3.47605974511237e+006 -7.32280795441561e+002 -1.39692631659013e+000 6.33690825390248e-005 9.67900246797681e-008 
4.14154326625733e+009 2.82562550413797e+006 -2.91757508009558e+003 -3.51457795059726e-001 1.73505285115494e-004 3.60247583088810e-009 
-1.55015246710593e+009 6.49291465392121e+006 1.09221328524598e+003 -7.54660648083003e-001 -7.32371337000326e-005 1.62803832718175e-008 
-7.37594627968326e+008 2.58723840323683e+006 5.19687698906956e+002 -3.00125609486934e-001 -3.42594055014208e-005 5.98914495483086e-009 
1.16725368746060e+009 7.44888460477875e+006 -6.23348679368555e+002 -5.70960815304513e-001 1.70038043739806e-004 -2.23065623432126e-009 
-4.44844263123103e+009 1.09532099790249e+006 2.37545555191977e+003 -4.48018626367170e-001 -7.36168414421269e-005 7.32138984557996e-008 
-1.73991159342533e+009 -1.90251619223169e+006 9.29101462194179e+002 3.22447412386118e-002 -7.46839452721365e-005 2.39057630054704e-008 
-2.18931214056886e+005 -1.39528790771479e+005 1.07426641362001e+004 1.01129681172818e+003 -5.04010021118709e+001 -1.02361145459432e-001 3.44456053202017e-002 -1.02033275737165e-002 5.96711656714540e-004 -1.16952924104924e-006 -1.77625335539543e-006 2.06981366181223e-007 -1.05259061197696e-008 
2.96387733901085e+005 -8.35326340249245e+004 -1.46700677592374e+004 7.98598774791418e+002 3.83047335879990e+001 -1.99362850791316e+000 1.11187543701204e-001 -4.17773996168958e-003 -4.24407475487207e-004 4.05868213932307e-005 -1.98221320493609e-006 1.43453318015531e-008 1.07462701964134e-008 
9.42848980079124e+004 -2.97777847943793e+004 -4.66832696503064e+003 2.78599310766055e+002 1.18183553370983e+001 -6.55087006058735e-001 3.72288455317341e-002 -1.54195222208917e-003 -1.30276286219973e-004 1.33386415211229e-005 -6.81530168448417e-007 8.07042332347980e-009 3.37055308669181e-009 
-3.83419674191434e+005 -1.89521490489989e+004 1.79396417682205e+004 1.72243148552002e+002 -5.71553193343506e+001 -7.88645674472222e-001 -2.52042228573926e-002 4.31906375672790e-003 3.03135439617924e-004 -9.53510649883965e-006 -4.52759017707823e-007 -4.02605589491315e-008 1.44305839085410e-009 
4.80986917998924e+004 -1.54493544004419e+005 -2.40240431914113e+003 1.18288336825069e+003 1.18079750355718e+001 -1.34500191714275e+000 -5.73863611155286e-002 -4.68735886773270e-003 2.37974700296647e-004 1.20706393929040e-005 2.94375057929443e-008 -2.03443621830292e-008 -3.71679366619439e-009 
9.72472596057571e+003 -5.13097105344021e+004 -5.16907923486464e+002 3.92430842911828e+002 3.05202988655936e+000 -4.52469747563171e-001 -1.93941943332986e-002 -1.48368635260467e-003 8.30029692176780e-005 3.83335670212562e-006 3.67247396518555e-009 -7.33457480213764e-009 -1.20465254389897e-009 
-2.82999110907898e+005 1.16139312537461e+005 1.40403790737159e+004 -8.46135190559109e+002 -6.54651120998101e+001 6.71580415316668e-001 1.47605652535794e-001 4.26647972600633e-003 -3.61270781983556e-004 -1.36336775242393e-005 1.42466697612846e-006 7.67641197858892e-008 -5.15030226760883e-009 
-2.34632899104330e+005 -1.16395463923636e+005 1.17211931117121e+004 1.05721931261199e+003 -3.35806940740747e+001 -3.11177800154042e+000 -3.54838706914855e-002 6.49054331857124e-003 2.46229514190750e-004 -2.08249054634082e-005 -8.63989802123462e-007 8.47638057862150e-008 6.31089845111788e-009 
-8.21151660758631e+004 -3.66732789404540e+004 4.08228973226533e+003 3.36279060318001e+002 -1.20110179195067e+001 -1.01637420427558e+000 -9.65860523662080e-003 2.20218029920355e-003 7.58733745918149e-005 -7.06864996207239e-006 -2.63725589840633e-007 2.91179581080932e-008 2.00710875534255e-009 
1.84027830944573e+004 1.72412171014006e+005 -1.28056772248742e+003 -1.57795545741078e+003 -1.39909144154021e+001 4.32552165356073e+000 1.15964427739737e-001 -4.16429708773405e-003 -2.35455203818986e-005 2.40235662211423e-006 -2.44070743844651e-006 -1.06965049678966e-007 1.03391053462255e-008 
-3.43028339381145e+005 1.42949715086249e+004 1.91671682297457e+004 4.41923622382460e+001 -8.80739238289021e+001 -1.59168446657396e+000 1.50381460322541e-001 4.89362073997643e-003 -5.17483511532257e-005 1.97649054507656e-005 7.20308571006066e-007 -1.73605937488922e-007 -9.49946874591885e-009 
-1.13331897066194e+005 7.34587578042451e+003 6.31527882150187e+003 -8.32727137752942e+000 -2.92584977200597e+001 -4.64661071457009e-001 5.11658344563043e-002 1.55592494231905e-003 -1.69047686777784e-005 6.58549244314314e-006 2.01925204478063e-007 -5.89421649867581e-008 -2.98910610348723e-009 
2.95152872888638e+005 8.99562897003222e+004 -1.83384766666505e+004 -1.00564873031609e+003 8.82542769287730e+001 5.02489599062109e+000 -1.25418657130557e-001 -1.89822458520418e-002 -8.62595758024315e-004 2.98034351200864e-005 8.52042164922554e-006 3.43061906289937e-007 -3.31690019475216e-008 
-1.76976508737429e+005 1.44895228070030e+005 1.09619027678074e+004 -1.37350980571737e+003 -7.16147388201221e+001 3.88143808368067e+000 3.05924534994676e-001 2.34819303992343e-003 -9.03201517490939e-004 -9.41965679157647e-005 -1.16762132996825e-006 5.68281393792642e-007 3.97486685433152e-008 
-5.41975631742500e+004 4.93145332743951e+004 3.35881498522845e+003 -4.68199229258094e+002 -2.24053841057758e+001 1.35109336665529e+000 9.93279894523737e-002 5.18701819471829e-004 -3.10827236226505e-004 -3.07602449233832e-005 -2.65800469525187e-007 1.92857471502795e-007 1.26803504144905e-008 
3.10838845321301e+005 -7.54500502891753e+004 -1.97005563279378e+004 8.46099136292164e+002 1.12156628966645e+002 -4.26337485297131e+000 -4.73633272993922e-001 1.81994149182651e-002 2.76843690708333e-003 -7.40566289652879e-005 -1.97032061822771e-005 2.66839912024382e-007 1.46590148115936e-007 
1.39944816323361e+005 1.55430507349012e+005 -8.69302428780847e+003 -1.56716053780066e+003 5.82564717953591e+001 6.78611779179700e+000 -2.63232803164946e-001 -3.30492653563670e-002 1.09627044433735e-003 2.19696475937750e-004 -4.28052495027050e-006 -1.61239546578870e-006 1.16857124615914e-008 
5.10368795090605e+004 5.04179772384691e+004 -3.15696663268427e+003 -5.06144726444961e+002 2.08149366339019e+001 2.18160888598267e+000 -9.36206891154547e-002 -1.06703366703249e-002 4.01460734598164e-004 7.16302263383532e-005 -1.69389464326333e-006 -5.29650264248762e-007 5.93657125258514e-009 
5.00465988284433e+004 -1.71066917135427e+005 -2.83462882932216e+003 1.62537790109652e+003 -1.72711851648873e+001 -5.22762173989524e+000 3.22090886726126e-001 7.18051543987284e-003 -2.19471516266556e-003 6.09523504394167e-005 1.02259750794084e-005 -8.92018371384562e-007 -2.23262042380689e-008 
3.37646396085808e+005 3.35528011698893e+004 -1.90853438361026e+004 -7.38091656173614e+001 9.52690447087529e+001 -2.80355324714357e+000 -2.19726746780710e-001 2.66809355003459e-002 -1.27675957621712e-004 -1.49099544780899e-004 7.86473929428329e-006 5.48037659962972e-007 -7.94723999747585e-008 
1.12865395274815e+005 8.72710429247982e+003 -6.35783233323878e+003 -2.04412355423008e+000 3.12123093277951e+001 -9.99934836948204e-001 -6.79551833806605e-002 8.92551815175755e-003 -7.33485458662908e-005 -4.84513894263299e-005 2.74625502601894e-006 1.68656688725157e-007 -2.66071450007923e-008 
-2.59894460543606e+005 -1.25745714122597e+005 1.28508597207065e+004 8.97784641101614e+002 -5.60083004125599e+001 1.21406338074971e-001 4.84032273443794e-002 -1.12753547592245e-002 4.88639953179950e-004 1.15906268649692e-005 -2.44684225321190e-006 1.91265683906773e-007 -2.26403707675122e-009 
2.64236634099514e+005 -1.01802552694785e+005 -1.30200899071269e+004 9.21366385812618e+002 3.22952848632832e+001 -2.16717737492384e+000 1.21303668337383e-001 -2.75478762347934e-003 -5.50676116638837e-004 3.90651445352315e-005 -1.22138339256344e-006 -8.07882328094355e-008 1.42439456770366e-008 
8.42256104169943e+004 -3.54838736688827e+004 -4.14098979716638e+003 3.16368036202826e+002 9.89796311030004e+000 -7.10308772807779e-001 4.09281974324159e-002 -1.07261358809340e-003 -1.75301772379594e-004 1.30734136108459e-005 -4.39476816819579e-007 -2.40168254324391e-008 4.68097606521228e-009 
4.88887120455220e+005 3.58759699549690e+003 -2.52516637899807e+001 -7.68117150963453e-002 1.69283206986513e-002 -1.16554976534296e-003 -5.56309883940942e-005 3.18683695988344e-005 -3.88386254966703e-006 -8.84335981490149e-008 1.05571745283415e-007 
-1.46363666867880e+004 6.68263934719525e+003 1.14273542990507e+001 -2.70563388141728e-001 2.21450672694017e-003 1.11299396072700e-003 -2.05460606581304e-004 1.10657372810092e-005 2.61391339852360e-006 -6.70597385384365e-007 4.72813694744225e-008 
-3.05000692982067e+004 2.79464774101237e+003 5.76616472532016e+000 -1.21585817507703e-001 -3.15016955448904e-004 7.09351160065345e-004 -1.04094477622181e-004 2.60884172014056e-006 1.79896284560780e-006 -3.47149119706198e-007 1.43008597266854e-008 
4.95859610424237e+005 3.38497084116241e+003 -2.51831263106906e+001 5.56816187662416e-002 3.80443499445801e-003 -1.08647704373022e-004 1.96780079818430e-005 -2.27108680155814e-006 1.84608584818007e-007 6.93503457856316e-009 -7.27394428521215e-010 
-1.18910863874747e+003 6.76227485418017e+003 8.61331389319436e+000 -1.99191855253663e-001 3.42348334176547e-003 -1.38039820209511e-004 1.21823603456904e-005 -1.03385952032056e-008 -1.08201136919524e-007 1.19347533749304e-008 -1.93157952857908e-009 
-2.48690032120008e+004 2.83532518574942e+003 4.45592187969989e+000 -9.41673534447205e-002 1.55012978364437e-003 -7.03051547154588e-005 4.42760822318780e-006 2.31864538616591e-007 -7.69216202149599e-008 7.51469056294878e-009 -9.71218231278812e-010 
7.91322173635912e-006 -1.26173419603758e-006 -4.01645725257322e-007 8.59995090894579e-008 2.06362526274562e-008 -2.69352603429260e-009 6.52009533894973e-012 4.77520183112534e-011 -2.01676381122754e-011 -5.69986709190535e-012 
-4.36799042687087e-005 -2.72369564114590e-008 -1.09693760087124e-007 -4.72630968514283e-008 6.81419131476346e-009 9.17083975480278e-010 -4.70346831014458e-011 9.13564214668878e-012 -4.59064252685197e-012 7.55110789820449e-013 
6.23056780451465e-006 4.06401637451133e-007 4.52040801820340e-007 -1.15632372816289e-007 -3.62257867151018e-008 3.03352092855242e-009 1.27675808876900e-009 3.11858642486701e-011 -1.67762610817559e-011 -3.62533536150051e-012 
-4.46427226781314e-005 -6.83375501600189e-007 1.66134393420038e-007 5.66435961399096e-008 -9.68902202840275e-009 -3.10380714421734e-009 1.10372399787077e-010 7.79947215793390e-011 -3.56569085779328e-013 -1.03168503945687e-012 
6.15505688438908e-006 -1.01101159726966e-006 -5.75482222993370e-009 2.40856051521883e-007 7.36111363211302e-009 -1.60761055031484e-008 -9.18984352618559e-010 5.89178365146805e-010 7.31326492983058e-011 -1.33505661413951e-011 
-4.52423589706938e-005 -3.65995832731085e-007 -2.73956040239724e-007 -7.74653366819029e-009 2.89382624603079e-008 1.03918142550808e-009 -1.37587410722823e-009 -8.27184190533016e-011 4.49126978360326e-011 4.23398725107813e-012 
6.49383847732693e-006 8.99860628357370e-007 -3.75553766831047e-007 -1.18594565124904e-007 3.60316761924646e-008 1.42793223236909e-009 -1.25281170955131e-009 2.14426164545125e-010 -4.46557295152031e-012 -1.08128595611127e-011 
-4.61796592783648e-005 -8.93716581069385e-008 1.87415610671528e-007 -5.41315371316232e-008 -9.29975831627096e-009 3.43615164997191e-009 -1.35558726724454e-010 -1.03308698406614e-010 2.03036654239129e-011 1.05050430803681e-012 
9.94921845087515e-003 8.82859584860940e-004 -2.17692932761923e-004 -3.51694900278682e-005 7.61223707798897e-006 1.39606367833517e-007 -1.16750555175314e-007 1.56090561270181e-009 3.28879231045751e-010 6.92596621203590e-011 
4.36117955036417e-001 -3.02896380661242e-004 -1.04685028366732e-004 1.93133810477965e-005 1.30658411110327e-006 -4.45385715154446e-007 3.56697464768030e-009 4.00478394616182e-009 2.88480901974021e-011 1.58800500583400e-011 
3.85100193216183e+003 9.19121010875897e-001 2.02966600408445e-004 3.00819417564417e-005 -6.95137091392558e-006 -1.15342090426805e-007 1.05600964106190e-007 -1.22724403681496e-009 -3.10791663003200e-010 -6.53947035753224e-011 
9.76649354837265e-003 -1.00034175224014e-003 -1.62104494393287e-004 1.66347438320049e-005 -1.17951522187497e-006 2.03921883502776e-007 1.39282420216564e-007 -3.51164409449602e-009 -2.79798442096038e-009 -4.35194433477229e-011 
4.35338852750327e-001 -3.31140046469713e-004 6.65852979442768e-005 5.58674658421286e-006 -1.53059202557211e-007 2.74683655486982e-007 -1.67962033498835e-008 -9.12658278476522e-009 1.96932389925623e-011 1.32052188408517e-010 
3.85284191966532e+003 9.20791737840192e-001 1.34343983436022e-004 -1.56769827606013e-005 1.25844246505539e-006 -1.79891150561174e-007 -1.27527637383511e-007 3.23730988084334e-009 2.55948885307616e-009 3.77694690066453e-011 
7.37935556259660e-003 -1.06342934996174e-003 2.31505613834179e-004 5.37117140927293e-005 -2.47967024785565e-006 -1.85334802726817e-006 -6.98967570568107e-008 4.81507342112310e-008 4.00040838244391e-009 -9.38508794694565e-010 
4.35418163833869e-001 4.48100014268657e-004 1.00615853988133e-004 -1.34937012036208e-005 -4.33450903238076e-006 -2.26658685165344e-008 1.29445647109573e-007 7.80014032137120e-009 -2.90892282814794e-009 -3.33586425237046e-010 
3.85468376678905e+003 9.20771431394441e-001 -2.11619873523742e-004 -4.65210913038685e-005 2.32153715270072e-006 1.65237248356648e-006 5.98099943423374e-008 -4.35416992500457e-008 -3.50946113846251e-009 8.58552084952337e-010 
7.55766403092737e-003 1.08743819229674e-003 5.96090916192120e-005 -6.69061809932725e-005 1.49492717333829e-006 1.33583253850054e-006 -1.20429356899661e-007 -8.81238694533111e-009 2.91655510572278e-009 -3.32700275167845e-010 
4.36239980670848e-001 1.46926977101838e-004 -1.49169129813870e-004 -7.86043334785832e-007 4.32709064466417e-006 -2.33140639818824e-007 -5.91204621050785e-008 8.78082267136380e-009 -2.40916480318234e-010 -1.32948984276300e-010 
3.85652327074425e+003 9.18884142170521e-001 -4.23698734651234e-005 5.98823040644737e-005 -1.57222048271024e-006 -1.19034162918476e-006 1.09450105847774e-007 7.57653128755908e-009 -2.58491029795662e-009 3.04573404969726e-010 
