-4.23913363056955e+007 9.68934486939308e+006 5.33416035962820e+005 -2.64679657390779e+004 1.58621758628084e+002 -5.35768544153003e+000 -5.14072271764729e-001 2.91684797605202e-002 -1.59595198420745e-003 6.45047530113704e-005 -1.95727640636865e-006 3.54201444739684e-008 1.41395061792669e-009 -1.71395332105745e-010 
-4.88663349595181e+007 -8.19612731026825e+006 6.10380336980908e+005 1.04926348182779e+004 -5.03906647632747e+002 1.99610583539509e+001 -8.50189690711950e-001 1.82266704750428e-002 -3.49550810107615e-004 -2.08116534979247e-005 1.80331323817201e-006 -1.13740745339601e-007 5.15168608023549e-009 -1.88311720055410e-010 
-2.16729646916152e+007 -5.38191617886562e+006 2.70808939826843e+005 8.34779732816808e+003 -2.85632274982332e+002 1.12186960104534e+001 -4.00924556481494e-001 6.71491166239437e-003 -2.13715180438659e-005 -1.78018097011409e-005 1.16613245359608e-006 -6.44317514019186e-008 2.60582998978254e-009 -8.28395156624971e-011 
-1.97281200524179e+007 1.27178950269477e+007 2.25879945087794e+005 -2.52608949432175e+004 -2.81694820473373e+001 -1.19752567113027e+001 -1.51005744315125e-001 3.59780724214424e-003 -2.57744927551170e-004 2.11317669679726e-005 -2.78933505212835e-007 3.25736853129349e-008 -7.25426958598304e-011 2.38714188171385e-011 
-6.00576539881880e+007 -2.92261366911819e+006 6.97907043511806e+005 4.66056033989220e+003 -2.75644121834515e+002 4.04277718040512e+000 -5.50178792083301e-001 2.38975746250243e-003 -5.44456225945555e-004 -1.99488639086034e-006 -1.54217054911499e-007 -9.64317088019976e-009 6.46600763541203e-010 -1.78317119916827e-011 
-2.99986699017649e+007 -2.87849395472304e+006 3.49432136355488e+005 5.10711416462504e+003 -1.44336356125212e+002 3.40051149927405e+000 -2.78268981706803e-001 9.03868626212381e-004 -2.64160593014543e-004 -3.25502820503490e-006 -5.34545811328005e-008 -8.52843611399982e-009 3.52823489459312e-010 -1.19860393140481e-011 
6.53666299794061e+006 1.32854002778052e+007 -8.84241838720447e+004 -2.77982705214210e+004 -2.97642283961667e+002 -1.46253846043162e+001 -4.99124969418009e-002 8.31669109968055e-003 6.75864951136294e-004 4.28242881662003e-005 1.60629606869278e-006 6.60092623071939e-008 1.46373384123902e-009 1.67159602861133e-011 
-6.01943515985337e+007 2.81082284122443e+006 7.27690210044167e+005 1.65626955936019e+002 -3.32062121615615e+002 -1.04474997063755e+001 -7.48793317655615e-001 -1.76930139288673e-002 -7.50355725446610e-004 -7.49640029651804e-006 1.94887311726647e-007 3.86357450481646e-008 2.44256397248652e-009 1.15591611857238e-010 
-3.27919392199920e+007 1.25623751268205e+005 3.97908753653700e+005 2.96872759038133e+003 -1.46555130810467e+002 -4.06588040480044e+000 -3.94848957572165e-001 -1.03137244450630e-002 -4.70880487741251e-004 -8.44183526993187e-006 -6.23324642859050e-008 1.38012671177857e-008 1.15322433702578e-009 6.00158800267291e-011 
3.12720600409046e+007 1.11407295725636e+007 -4.60067517572500e+005 -3.48186916862883e+004 -5.62459063978712e+002 -8.55470961310458e+000 8.44433192871847e-001 7.37737777172841e-002 4.22095358511883e-003 1.77226401562892e-004 4.65167686507776e-006 -4.12005938113108e-008 -1.57475089786178e-008 -1.26306296485450e-009 
-4.88237420804463e+007 8.52670843203193e+006 6.87159720859304e+005 -8.01431162389142e+003 -7.75314192055889e+002 -3.71347570617516e+001 -1.57560461327311e+000 -3.78747883488024e-002 8.09804442373745e-005 1.03359591505973e-004 8.25885689721123e-006 4.54583488216655e-007 1.80194540231722e-008 3.85913191403947e-010 
-2.92793077352883e+007 3.40138057595979e+006 4.14763397416163e+005 -6.73760528843388e+002 -3.55910823037144e+002 -1.89517569575261e+001 -9.29213949241125e-001 -2.78773518443940e-002 -3.94081598094578e-004 3.68538713444649e-005 3.93007923480366e-006 2.47116513421219e-007 1.12579859626833e-008 3.37032249894411e-010 
1.03790249476202e+008 -5.44682381354526e+006 -1.30397806868031e+006 1.04447723445837e+004 1.34636063977788e+003 -4.17313191668681e+000 -5.33828261740496e-001 -1.46648457444498e-003 8.98051522393171e-005 1.95866005070461e-006 
2.33583932427712e+007 2.11574210109461e+007 -3.02115332208832e+005 -4.40442761041209e+004 2.66342086370426e+002 2.69833629910350e+001 -3.10871355353137e-002 -7.22804437417720e-003 -6.03790511907754e-005 5.41471504157068e-007 
3.94157496375771e+006 9.86585638590487e+006 -5.34635270244229e+004 -2.04809004340374e+004 3.46842047926370e+001 1.24066429093651e+001 1.97814346296047e-002 -3.15986440692565e-003 -3.28528090966776e-005 1.19700800107139e-007 
8.31131234783287e+007 -1.50219976001562e+007 -1.05442157710824e+006 3.06154545455820e+004 1.13341088347407e+003 -1.70872970618422e+001 -5.24015213164749e-001 2.52544136800821e-003 1.56766916522721e-004 1.45912518087082e-006 
6.16604221511833e+007 1.67392130566585e+007 -7.87596838025054e+005 -3.55783970880002e+004 7.81145676592741e+002 2.36200553806189e+001 -2.55232683231282e-001 -8.51405287900547e-003 -9.35491986820196e-006 2.30216448653047e-006 
2.24864056593614e+007 8.48336704042947e+006 -2.87719834309203e+005 -1.79472129903820e+004 2.79819867914514e+002 1.17101104897654e+001 -8.17059057298651e-002 -3.99114272490114e-003 -1.41272615864844e-005 9.43818678309682e-007 
-6.86436991829826e+007 1.80029514652144e+007 3.11353312299615e+005 -1.39187795022257e+004 -9.87032542135277e+001 3.00036158338225e+000 2.66801293143862e-003 -2.34314595107340e-004 -2.86908442783820e-005 1.03705299344533e-006 1.54841569290835e-007 -5.67476678017382e-008 1.37177609373787e-008 
-1.24278689106161e+008 -8.58679369892948e+006 5.64630247337819e+005 6.11644459195769e+003 -2.13283521489137e+002 -8.55635883780988e-001 2.74492078326101e-002 -3.70972900994992e-004 -1.23283202819668e-005 5.05340844746694e-006 9.77024681720293e-008 2.30003314770754e-008 2.44967412305792e-008 
-5.38496945506839e+007 -3.72229903247563e+006 2.44739145071731e+005 2.65130846544344e+003 -9.24488681848302e+001 -3.70546210417974e-001 1.19621958319534e-002 -1.83137435958398e-004 -8.51591658532887e-006 2.81515688923965e-006 9.04253925665863e-008 4.95673423910621e-009 1.28916630103204e-008 
-3.06918226414266e+007 1.98033979536985e+007 1.36836082980540e+005 -1.50172883770739e+004 -3.86710736168268e+001 2.98954189599043e+000 -1.32577093233975e-003 -3.16516752927415e-004 -4.90751825466667e-005 1.83066460468760e-005 7.87787468940228e-007 -1.31690168516014e-006 1.48961343619839e-007 
-1.36744478765773e+008 -3.83525612591584e+006 6.17097026761887e+005 2.60064988652932e+003 -2.24229984833005e+002 -2.43977530425829e-001 2.31834755356274e-002 -5.12222072418198e-004 7.16241157344348e-005 1.90539376204216e-005 -6.53477173713105e-006 -2.72993943680393e-007 4.97261105976022e-007 
-5.92536912741454e+007 -1.66273732931136e+006 2.67482462701099e+005 1.12737773947055e+003 -9.71930779282433e+001 -1.05414294851394e-001 9.98871336261647e-003 -2.59421217772692e-004 3.79531882474101e-005 1.02252570782311e-005 -3.48172222152867e-006 -1.56384648992898e-007 2.65557703870999e-007 
5.85679054864935e+007 3.33176399864500e+007 -3.89931271118185e+005 -3.85533109844676e+004 -6.65406635594747e+001 2.04196098595060e+001 3.67439701644348e-001 -6.94354293616141e-003 -3.89118844193962e-004 -9.86549526084897e-007 3.13567706915041e-007 
-1.85030442166841e+008 1.14199991917406e+007 1.21060080456991e+006 -5.70734377021475e+003 -8.46165313187267e+002 -7.28708759892910e+000 3.76317558835802e-001 1.15815320907939e-002 -5.54424605184958e-005 -1.02829444795015e-005 -3.90968361404874e-007 
-8.64247469477589e+007 4.34049380466053e+006 5.65790036024058e+005 -1.57875641664180e+003 -3.86326282822570e+002 -3.89259523436116e+000 1.62718892762377e-001 5.49557135505368e-003 -1.57489997539436e-005 -4.61716005436877e-006 -1.41136682835184e-007 
6.37640988600859e+008 -9.42146225378663e+006 -9.89586296620466e+004 2.60001616301828e+002 1.39382732750796e+000 -3.37083746403967e-003 -1.44288759179483e-005 -7.66535162677450e-008 
3.52733655137402e+008 1.49709291201850e+007 -5.48127307327990e+004 -3.78161065434053e+002 9.00745014618187e-001 3.81645306941641e-003 -1.24887314697706e-005 7.14313320973176e-008 
1.35670963596921e+008 6.64614346024207e+006 -2.10854035295025e+004 -1.68417325136092e+002 3.52161778070032e-001 1.71727666610154e-003 -5.04580133224409e-006 3.96937878891034e-008 
-8.05031168231059e+008 -1.14861618168367e+007 2.02587588511362e+004 4.51796520287929e+001 -5.86981672526861e-002 -6.27269035639355e-005 8.11759929494101e-008 
1.00100970023756e+009 -7.51490617912511e+006 -2.52112402070426e+004 3.53385013782600e+001 5.26182560125365e-002 -8.20696295894063e-005 -1.67717029785128e-008 
4.48140687245259e+008 -2.60932468413854e+006 -1.12863528577737e+004 1.26513820633497e+001 2.42681584962070e-002 -3.11981865199668e-005 -1.07876760438852e-008 
-4.85972476178377e+008 -9.34303058728609e+006 1.37238128030586e+003 4.51173589765830e+000 1.86562293662053e-004 -8.89483045995707e-007 
2.54290538675860e+009 -1.93832909718625e+006 -7.19076632387489e+003 3.78670477750044e-001 1.78606213261252e-003 2.03653369245344e-007 
1.12058489176813e+009 -7.16877047087313e+005 -3.16873655902552e+003 1.02234086031392e-001 7.78444459618664e-004 1.05134446055889e-007 
4.14002922249730e+009 -2.84502204646460e+006 -2.95733304981976e+003 3.30286104164441e-001 1.94454489371588e-004 -2.94806295256242e-008 
1.57522794642394e+009 6.47086745711724e+006 -1.12526341299756e+003 -7.72455212192698e-001 6.71326572654168e-005 -3.31454186610521e-008 
5.41677942439841e+008 2.71938841427471e+006 -3.86947719323311e+002 -3.24378191928558e-001 2.24940317162699e-005 -1.38683152037548e-008 
4.15393611387027e+009 5.34511217261450e+006 -1.45425271682695e+003 -9.61538768563889e-002 7.44021498105267e-005 -1.10022425120057e-008 
-3.13273899902550e+009 4.25369857954111e+006 1.09673847171917e+003 -4.11237848038257e-001 5.08561255799821e-005 1.49015633237454e-008 
-2.22920047301419e+009 -2.83008107022814e+005 7.80433433281952e+002 -9.94692090260813e-002 -6.33595683738051e-006 1.28088282480341e-008 
-3.50519209961806e+005 5.60783267867046e+004 1.74630768035421e+004 -6.07717842304119e+002 -5.81713227396668e+001 2.10515723494454e+000 8.02391647012866e-003 -1.34514777752854e-004 -8.81689088608469e-006 -1.76589364158466e-005 1.47139532157123e-006 -8.51381348738609e-010 -3.22159625151571e-009 
-1.36948288187580e+005 -1.48886695894142e+005 6.59461974498933e+003 1.15571912263870e+003 -3.83815575464176e+001 -1.58514727069162e+000 6.89312649909689e-002 -1.47826041740748e-003 2.01404171794530e-004 -1.32097164511796e-005 -6.66855096168997e-007 8.68218147602284e-008 -2.13266976273640e-009 
-3.58359414164887e+004 -5.20006721607600e+004 1.68302384515019e+003 4.07534715194550e+002 -1.10538505389846e+001 -5.94872801834249e-001 2.26891973886885e-002 -4.92939954492478e-004 6.83526007053901e-005 -3.92190948946143e-006 -2.68959618359980e-007 2.91844303552881e-008 -6.18211172831736e-010 
-1.30781840614369e+005 1.54034356967038e+005 5.99553746266530e+003 -1.19684942551537e+003 -1.57507104708716e+001 1.99745606138386e+000 -2.50932604552499e-002 -1.33480141278282e-003 1.15302485353601e-004 1.18342307297527e-005 -2.62388957114715e-007 -3.49623341536459e-008 1.90840833775813e-009 
-3.46660702478507e+005 -5.29586952374237e+004 1.60031292176391e+004 3.70717438807607e+002 -5.51658990345189e+001 -1.71167913203620e-001 4.38744342023064e-002 -2.16281378551719e-003 -1.18263640850965e-004 4.64825138084314e-006 7.22245886002969e-007 -2.14516670105490e-008 -1.11140387982126e-009 
-1.13491560458660e+005 -2.27055279600840e+004 5.20907451137714e+003 1.62861713018544e+002 -1.79990661932728e+001 -1.21311370176105e-001 1.53338639772559e-002 -6.85903491886890e-004 -4.35932402674151e-005 1.18812973769107e-006 2.51585601101826e-007 -6.10847208538879e-009 -4.32209548744785e-010 
1.78602293332319e+005 1.43070804736385e+005 -8.67426693633973e+003 -1.16326559905648e+003 1.85524943236541e+001 1.63809928490295e+000 2.85139731015188e-002 5.51771052409992e-003 1.73232049063317e-004 -1.19682460353941e-005 -1.01195538661383e-006 -5.14936768955453e-008 -3.49814593662015e-009 
-3.21069112837702e+005 7.78454912432248e+004 1.51609037963327e+004 -5.06855264320350e+002 -5.39532446010605e+001 3.20968451561280e-002 -1.60806413703149e-002 4.20153135371130e-004 3.52717192323988e-004 1.81277250952057e-005 1.92021703526793e-007 -9.04259180492054e-009 -2.63911856433005e-009 
-1.14561405113381e+005 2.17937789105872e+004 5.39779235233173e+003 -1.32836434723635e+002 -1.87437865000790e+001 -4.75124127476784e-002 -6.59722708255403e-003 -3.50125213204889e-005 1.13527819255871e-004 6.52474272471540e-006 9.96452236587855e-008 -1.30510647104513e-009 -7.79038668862518e-010 
3.56670533695356e+005 2.58949605543682e+004 -1.94989863371131e+004 -5.12334292332767e+002 7.07348317656189e+001 3.97966554147407e+000 1.06285688845865e-001 -9.28478811742543e-003 -1.59519359250716e-003 -7.96086464231290e-005 2.08639411289290e-006 6.62343664584700e-007 4.95192960446785e-008 
-7.36808967661809e+004 1.60180721119381e+005 3.93525213094835e+003 -1.35142758436474e+003 -4.71734278873170e+001 1.61444637459363e+000 2.33900562708147e-001 1.76131232412268e-002 1.78642475624288e-004 -8.69090864529471e-005 -8.45412948969484e-006 -2.60834909114046e-007 2.89777789565492e-008 
-3.64982242024227e+004 5.34119073045298e+004 1.96827047965344e+003 -4.39030011195010e+002 -1.82994714023574e+001 4.07048703326033e-001 7.55801393562776e-002 6.27803285483430e-003 1.13993918235073e-004 -2.67342367125529e-005 -2.93127123844344e-006 -1.10518610938249e-007 8.14767818323586e-009 
2.50581744246196e+005 -1.29419628588093e+005 -1.63069432872404e+004 1.18913750033311e+003 1.21861656231446e+002 -2.55935007627195e+000 -7.52838356350508e-001 -1.89829287608614e-002 4.62915024221275e-003 3.63012442954798e-004 -2.13554490017648e-005 -4.11221358557124e-006 -8.17311554388217e-009 
2.21038333685945e+005 1.19082107022784e+005 -1.43955229032302e+004 -1.42183443925204e+003 6.47250696788696e+001 8.98773767079193e+000 1.20820498210150e-002 -5.69498590244727e-002 -2.76446971898114e-003 3.21905399181482e-004 3.76839301367142e-005 -9.74443099027622e-007 -3.78328199227699e-007 
6.68476972448181e+004 4.46286733849385e+004 -4.32879713871112e+003 -5.20213161471008e+002 1.77498661546904e+001 3.12364317855647e+000 2.95309155695656e-002 -1.86277420294234e-002 -1.09078882058343e-003 9.67517057479291e-005 1.34678395694265e-005 -1.91960622008024e-007 -1.27758532792911e-007 
-7.63980155026418e+004 -1.79373173445037e+005 5.15010548929254e+003 1.91708204202225e+003 -5.50820999112189e+001 -9.23968326027159e+000 5.53864334040784e-001 4.21718868540401e-002 -5.55106475262639e-003 -1.55838887258981e-004 5.25643083020037e-005 -4.15619628558127e-007 -4.63577696877218e-007 
3.09814927028067e+005 -3.57241425987851e+004 -2.07604605747822e+004 5.35981571785156e+002 1.29470823302917e+002 -5.28355147318914e+000 -5.82710545066623e-001 5.33070138162958e-002 2.55321234325848e-003 -5.18053151958025e-004 -4.35772544787532e-006 4.73171857657353e-006 -1.23342820762304e-007 
1.07819465011947e+005 -6.09879763617876e+003 -7.20027277219862e+003 1.16572283050311e+002 4.55817904083012e+001 -1.47526306726504e+000 -2.15480754172007e-001 1.66190276872755e-002 1.04942660946886e-003 -1.70069615791300e-004 -3.23338397357571e-006 1.61507452211882e-006 -2.62269514041204e-008 
-3.37568801390646e+005 -6.98512710131219e+004 1.94113725353691e+004 3.59754519013435e+002 -9.93466788654358e+001 2.63107592313306e+000 1.30720086790891e-001 -2.51034178516130e-002 1.51956547567012e-003 3.25595903567371e-005 -1.22497752629758e-005 8.43692089976367e-007 7.14543437634518e-009 
1.10662942019968e+005 -1.51285617319943e+005 -6.46215958480424e+003 1.49722145373897e+003 -3.98754038656024e+000 -4.46916418700806e+000 3.00313717297764e-001 -6.56156502056174e-003 -1.31386388418952e-003 1.52837046432802e-004 -4.43833560178226e-006 -5.98354601283695e-007 8.28808484959347e-008 
4.90864516307218e+004 -4.89351302854842e+004 -2.85084518011407e+003 4.93559795949885e+002 2.00592267768200e+000 -1.59451026244884e+000 9.72150037393562e-002 -1.38860237925437e-003 -4.95280351256476e-004 5.06265347515346e-005 -1.09266151999684e-006 -2.30651985085007e-007 2.78091509324583e-008 
-3.24545083401763e+005 7.99892083615689e+004 1.60522006875505e+004 -7.85211435334387e+002 -4.65701836108774e+001 2.05410277482756e+000 -4.65339228061439e-002 3.45394926334629e-003 8.98378041301891e-005 -2.82910119122106e-005 1.60823941414996e-006 -3.59837819666436e-008 -1.00211919411775e-009 
-1.90643896786496e+005 -1.36929472418034e+005 9.17412164746041e+003 1.01119426983147e+003 -4.50749168911028e+001 -7.54566979655750e-001 3.52249679406093e-002 -4.12335314759585e-003 4.31120379387033e-004 -1.27075355946470e-005 -7.56912463215676e-007 8.46121477224482e-008 -5.84401744609235e-009 
-5.36114258571329e+004 -4.92412734261671e+004 2.54665293641277e+003 3.68723027083147e+002 -1.35710032520298e+001 -3.21352999902777e-001 1.32640666264110e-002 -1.51574981058038e-003 1.43008411250945e-004 -3.34554671989521e-006 -3.09610384317380e-007 2.97937899736892e-008 -1.94636273263203e-009 
-5.77241456454766e+005 6.27733716069566e+003 2.44074183415024e+001 2.03153367083994e-002 -3.27819866894872e-003 5.11683818004473e-005 4.10780522007839e-006 -2.53394395077759e-007 3.23212175103722e-008 -7.16512396424948e-009 1.36816197968440e-011 
-8.08540808847633e+005 -6.28229486438456e+003 1.32013946278915e+001 1.23933172421859e-001 9.21349505956855e-004 -1.23620551930058e-004 6.96081988581362e-006 -2.09835107822056e-007 2.16332925881035e-008 -3.48542286383903e-009 -2.21144861869157e-010 
-3.31434275772347e+005 -2.88968176774625e+003 4.89440587519301e+000 5.31937340234971e-002 7.17618415123448e-004 -6.65754672909704e-005 3.34632922933723e-006 -8.71593189039669e-008 8.20224527684098e-009 -1.04437951238732e-009 -1.18877539971232e-010 
-5.64491311355749e+005 6.47278551493873e+003 2.43838462876893e+001 -1.99169008983223e-002 -1.57122848481989e-003 1.04282002633519e-004 -1.10065919353281e-006 -6.37845573339419e-007 -8.26453478229309e-008 -1.26556074421797e-008 -5.78935397531844e-010 
-8.20994990269926e+005 -6.17061716194255e+003 1.47229669806936e+001 1.27470389297766e-001 7.93091387257172e-005 5.92693329550089e-005 1.22561130543798e-005 6.58647301344196e-007 2.96614704414494e-008 -6.05677809211709e-009 -5.46132877889614e-010 
-3.37172374687599e+005 -2.84785230541831e+003 5.57116319810736e+000 5.82428606705769e-002 1.95786341839929e-004 2.63966034316581e-005 6.66861727538422e-006 4.16005812970128e-007 2.44088727021485e-008 -1.84677338696759e-009 -2.29810906345683e-010 
-3.34515595705034e-005 -1.48566316764178e-007 5.00885958938235e-007 -5.30458202533655e-009 -3.00861884604330e-008 1.56253168536969e-009 4.83470645298949e-010 -3.19937722840986e-011 -1.61140479358931e-012 -3.10676284062404e-012 
-4.38103870478088e-005 -7.00577002859328e-007 3.32370899667479e-009 6.22135517874043e-008 -2.21488263176885e-009 -1.94930444198921e-009 1.99149384058157e-010 2.08648895751363e-011 -1.16249848304209e-011 -4.67277144530633e-013 
-3.28089502132527e-005 -1.19918764900853e-007 -4.59028620389108e-007 1.63231225994927e-008 3.41802539218748e-008 2.03295966071902e-009 -3.98768442981809e-010 -2.27635513452595e-012 2.70412885943973e-013 -1.07103298769897e-011 
-4.42695029335049e-005 2.16081649653123e-007 -2.69288719585871e-008 -6.70300793438078e-008 -2.29239528948328e-009 1.77337410374302e-009 2.12708006794432e-010 6.08394766263894e-011 9.89324305204291e-012 -4.32844666509568e-012 
-3.23355406498122e-005 1.64729081163819e-006 4.74801672726598e-007 -2.45386403716518e-007 -5.93405178094744e-008 1.88435810717127e-008 4.27206918624397e-009 -1.07494461478007e-009 -2.40381334337590e-010 5.18956538976029e-011 
-4.47068247753683e-005 -4.04552513467918e-007 2.51236631257793e-007 7.63054761832236e-008 -2.81107097275130e-008 -6.57229537432078e-009 1.69516884686157e-009 3.75461581874868e-010 -7.64610368504699e-011 -1.61308907937460e-011 
-3.09958415629493e-005 -6.53594654237984e-007 3.85397047501379e-008 1.79443364201486e-007 -1.94332312429334e-008 -5.25188888163871e-009 9.58051271934037e-010 -3.46761640186521e-011 1.42209265259881e-011 -2.09515075059214e-012 
-4.46451175973299e-005 -5.83156405081427e-008 -2.25286290974930e-007 2.15287320405376e-008 1.49497571286381e-008 -2.19303093515405e-009 -2.35561828760734e-012 3.40807927913644e-011 -2.49379680318197e-011 4.58184347749716e-012 
-2.21480749877387e-002 8.02190949479984e-005 1.53848254452690e-004 -1.74625741382653e-005 -6.29172095356663e-006 5.08358643383352e-007 1.17502251528719e-007 -9.56017799865912e-009 -9.68082320367857e-010 9.97190821236535e-011 
4.34505670013569e-001 1.75633814734170e-004 -3.35817821572671e-005 -1.45336809503996e-005 1.29818947993082e-006 3.99717913090065e-007 -3.12935435116338e-008 -5.03625751001242e-009 4.40748050707422e-010 2.97988697925763e-011 
5.53625723874035e+003 9.19851510336994e-001 -1.32776587494311e-004 1.41885445944525e-005 5.65835933409749e-006 -4.55740954648465e-007 -1.07122711838157e-007 8.78121982692478e-009 8.71186715367805e-010 -9.08660648758030e-011 
-2.18307090329805e-002 -2.59362468085235e-005 -1.33516090289665e-004 5.03576237485728e-006 5.97209784097434e-006 -3.41476224465286e-007 -1.37594364046717e-007 -1.39124489717242e-009 9.12342659637389e-010 1.45528642011447e-010 
4.34450406163706e-001 -2.04315937669015e-004 -6.77760974201894e-006 1.26505399354934e-005 -8.67792544345490e-007 -4.17441700257996e-007 1.27220183857679e-008 6.25357821626446e-009 3.67656005751532e-010 2.36154199625879e-011 
5.53809678639823e+003 9.19916977776973e-001 1.06788819764101e-004 -6.06470119262865e-006 -5.29897911693577e-006 3.32659598455591e-007 1.27499923487932e-007 1.42182687390480e-009 -8.55893041477979e-010 -1.40995694218383e-010 
-2.24208626560323e-002 -4.58209716305340e-004 -3.15096930715378e-005 -1.71960027297656e-005 -1.08920482829830e-006 1.74508202500566e-006 1.03474150761245e-007 -7.19912305537359e-008 -4.97892285708003e-009 2.48336130760754e-009 
4.34137395346797e-001 -1.12521256173265e-004 -1.42692781667660e-006 4.39538777385838e-007 2.95838453407414e-006 1.67897495111428e-007 -1.58432596291590e-007 -9.81757730483072e-009 5.71978701082646e-009 4.39329158775351e-010 
5.53993698915264e+003 9.20198670389727e-001 2.55308033551625e-005 1.93706704128003e-005 1.09719694769365e-006 -1.68146424206657e-006 -9.80870691400074e-008 6.82802511608217e-008 4.70003062444078e-009 -2.35159629672900e-009 
-2.35013375612370e-002 -4.70822172941023e-004 1.33828609214262e-004 2.61484095825077e-005 -5.22176400959281e-006 -8.26461592302665e-007 1.44018645662470e-007 4.57960630251025e-009 -1.91203314483656e-009 2.39508267413560e-010 
4.34135631909614e-001 1.59968744102684e-004 4.22900767168492e-005 -1.15184404480809e-005 -2.28387100830025e-006 3.84060980787492e-007 3.87116763513542e-008 -8.14752642141003e-009 3.11768897390552e-010 2.91018922663120e-011 
5.54177760973885e+003 9.20300577326440e-001 -1.05449730781395e-004 -2.47409769936823e-005 4.56425299692289e-006 7.76739572440525e-007 -1.33686478173557e-007 -4.14908860406014e-009 1.80603716284935e-009 -2.29839814260165e-010 
