2.56791144748177e+007 1.20417379280307e+007 -3.46857526956873e+005 -3.24348608167756e+004 -5.02664092321595e+002 -1.26215787932560e+001 3.93405819045978e-001 4.31373410412916e-002 2.69750815060710e-003 1.26088746605039e-004 4.27977092376531e-006 7.73007893713227e-008 -3.67931715184916e-009 -4.83857161860458e-010 
-5.15248003335746e+007 6.96758752350452e+006 7.09052726739798e+005 -4.94573570164564e+003 -5.94919408939160e+002 -2.75375717842075e+001 -1.28668289873709e+000 -3.51872812911667e-002 -5.90788072523012e-004 3.69696610346513e-005 3.98035571988836e-006 2.53590674078619e-007 1.18885676188505e-008 4.09930269304939e-010 
-3.02561455123151e+007 2.47318813099369e+006 4.14725826577098e+005 7.20341852336791e+002 -2.65692661972171e+002 -1.34019221814085e+001 -7.28115912107605e-001 -2.32684833416993e-002 -5.95226312540777e-004 6.67806880099844e-006 1.68261386236354e-006 1.27452535957468e-007 6.73219324464400e-009 2.69119009893155e-010 
4.56499435723762e+007 7.56040331722141e+006 -7.89313948533643e+005 -4.13320200287223e+004 -4.90195533526624e+002 2.64632226325045e+001 3.72354341296309e+000 2.31862768444799e-001 9.32619458571997e-003 1.07333423990599e-004 -2.05943225673746e-005 -2.26389685202087e-006 -1.40655279353415e-007 -5.28781673795732e-009 
-3.22548712712328e+007 1.21863223349013e+007 5.68040981794776e+005 -2.08893996653635e+004 -1.53369830647398e+003 -6.92782384972061e+001 -1.92866996762822e+000 3.27210663454795e-002 8.31496336158479e-003 6.45051241729008e-004 3.14711510077895e-005 7.39482940587221e-007 -4.00510615154678e-008 -6.39259777826735e-009 
-2.20336621628699e+007 5.72553826299559e+006 3.85265186282089e+005 -6.87430786675379e+003 -7.68472237713040e+002 -3.97510635592704e+001 -1.41627275542071e+000 -6.55638259697389e-003 3.47499208767119e-003 3.33453885204809e-004 1.89464758084802e-005 6.29708169848974e-007 -6.81410494730311e-009 -2.86671366563842e-009 
5.28459459564256e+007 -7.86347128303490e+005 -1.29178701148556e+006 -3.73368649210584e+004 1.60426633565487e+003 2.17935457605489e+002 1.20262006993036e+001 1.00385680162166e-001 -4.57483524069461e-002 -4.63420911621438e-003 -1.98382210500263e-004 5.50738235483809e-006 1.58923756794211e-006 1.22935872418605e-007 
-4.50291083701231e+006 1.51941203869076e+007 1.19193596198523e+005 -5.78134647144193e+004 -3.02958284684373e+003 -4.45604857550837e+001 7.78341204737756e+000 8.56180691080176e-001 4.01846363422144e-002 -4.74468302415866e-004 -2.46141700489576e-004 -2.06662596246943e-005 -6.46912197453193e-007 5.06260681000456e-008 
-7.95587449895526e+006 8.19752842711017e+006 1.97583100175346e+005 -2.70129552720975e+004 -1.78467894194982e+003 -4.63957235722245e+001 2.91115062080823e+000 4.46957528255398e-001 2.62086920937646e-002 2.26941282491512e-004 -1.10921648131286e-004 -1.16106388325296e-005 -5.10320299522409e-007 1.43000221420226e-008 
4.01019428285340e+007 -1.20583111108349e+007 -1.40053631013116e+006 3.46788469895732e+004 7.51047669060402e+003 2.13967289930560e+002 -2.91325856407663e+001 -3.08927168817883e+000 1.62881900215695e-003 2.19200778471094e-002 1.42005645508416e-003 -7.31900053826186e-005 -1.60581558414094e-005 -5.10575360412835e-007 
2.40860178301340e+007 1.25941503280341e+007 -8.35821300211234e+005 -9.37133025196731e+004 1.89939282211183e+002 4.51270034804606e+002 2.50072376841466e+001 -1.27454931333585e+000 -2.46378124888606e-001 -6.78741119722395e-003 1.37319068038100e-003 1.43012228448858e-004 -1.18739770587048e-006 -1.23245295409887e-006 
8.63606178721419e+006 7.97713800059102e+006 -3.01303745825376e+005 -5.36557093371860e+004 -6.77097427331073e+002 2.18883742428535e+002 1.63786197739179e+001 -3.60608102111385e-001 -1.31781784255037e-001 -5.89808438579977e-003 5.86337762557971e-004 8.39829484905860e-005 1.03034998738264e-006 -6.05436657933139e-007 
-9.93027555212031e+007 8.31442289027338e+006 1.26604686869344e+006 -1.84288439777027e+004 -1.32217362767697e+003 1.41322914818128e+001 5.48526269876081e-001 -7.36472441573021e-003 -1.12840247012749e-004 3.55415621031893e-006 
-3.57291497211928e+007 -2.04315465461641e+007 4.64251783983511e+005 4.27319155405816e+004 -5.37414228603708e+002 -2.66661239085964e+001 3.13243167764628e-001 7.68924284327387e-003 -1.51562547565445e-004 -9.17960655004717e-007 
-9.80747040335663e+006 -9.71951177986622e+006 1.28781443480363e+005 2.03931054525030e+004 -1.58149339633687e+002 -1.28925084715037e+001 1.06235224356730e-001 3.92572672001994e-003 -6.10541539982301e-005 -6.37845092712581e-007 
-7.34828276087672e+007 1.72243376081840e+007 9.29410385309350e+005 -3.66831355032442e+004 -9.26199737758447e+002 2.45300540055663e+001 3.10400749658716e-001 -9.03187712528342e-003 2.44361819820080e-006 2.54355606969864e-006 
-7.13824500227670e+007 -1.48501331535347e+007 9.09342279220059e+005 3.03383029567299e+004 -9.81016242794534e+002 -1.71255707867205e+001 4.59169269808132e-001 2.79087646930277e-003 -1.41593590201915e-004 1.23952466678173e-006 
-2.74839173945213e+007 -7.77193566399466e+006 3.50348177321964e+005 1.59716547525752e+004 -3.82800829906723e+002 -9.25767843102138e+000 1.86961417375634e-001 1.82723226011646e-003 -6.38677979346917e-005 3.96256700081845e-007 
8.98165482350111e+007 -1.66517780335543e+007 -4.39189896531097e+005 1.31939716777215e+004 2.02653359995771e+002 -3.12494951004741e+000 -5.10212274733371e-002 2.06393167469200e-005 -7.97457931221794e-007 1.16040212588569e-005 -7.44342215275520e-007 -1.60269006204204e-007 2.89938335791046e-008 
1.08099961022022e+008 1.13889155649819e+007 -5.26551453509853e+005 -9.76025925745085e+003 2.08776248103040e+002 3.07380303477888e+000 -3.30442005852565e-002 -9.64216413636612e-004 4.73873341340983e-005 6.02709020952874e-006 -1.65581901737972e-006 3.55516228441100e-008 1.09293136838163e-008 
4.68406583545860e+007 4.93737723305412e+006 -2.28259338562801e+005 -4.23116586887911e+003 9.05045846178460e+001 1.33295737664779e+000 -1.43519090109669e-002 -4.52686708734057e-004 2.36357437568345e-005 3.93059818849299e-006 -9.11970873030824e-007 -8.99688385738588e-010 9.23129805429019e-009 
5.35363556329268e+007 -1.94820373828855e+007 -2.63679723935080e+005 1.58723281168481e+004 1.28610476592213e+002 -4.21702376696480e+000 -3.67552413692942e-002 4.16699253872558e-004 -6.11719800727672e-005 9.33561218345841e-006 5.48546963245781e-006 1.57329982454469e-007 -3.74594270105638e-007 
1.26337458710136e+008 6.76915722141027e+006 -6.21761104399044e+005 -5.97758440766248e+003 2.60840487093357e+002 2.06811763008819e+000 -5.17951300230303e-002 -1.00798526833121e-003 4.23054357180261e-005 3.09200232852974e-005 1.48659365886745e-006 -1.86023700067327e-006 -3.68454764655799e-007 
5.47471805502883e+007 2.93471336531821e+006 -2.69533808235909e+005 -2.59137261881922e+003 1.13075596413182e+002 8.96903029242324e-001 -2.25585539890965e-002 -4.75303992204595e-004 2.43771066868991e-005 1.64537170266907e-005 5.77440418220105e-007 -1.01627598306245e-006 -1.83870738993598e-007 
-2.45750119137384e+008 -8.96772909721382e+005 1.03003916077114e+006 2.86098525133449e+003 -2.57595882435172e+002 -1.74437030892550e+000 -4.65182305512702e-002 -6.56142643357800e-005 8.41113268138359e-006 -2.17401009844379e-008 4.20661706881187e-008 
1.27627206315234e+007 -2.77270626271101e+007 -4.98526278794622e+004 1.92205961111566e+004 7.58055881711468e+001 -6.07775121096014e-001 -1.82874705232984e-002 -9.54086615692288e-004 -1.06010069760409e-005 1.02728944529001e-007 -1.42240618500409e-008 
1.24548868978752e+007 -1.26938173074667e+007 -5.06683618069439e+004 8.73883251298395e+003 4.17241075150080e+001 -2.31635117405064e-001 -7.14703152209797e-003 -4.34649973067322e-004 -4.97970699546784e-006 1.51557351643747e-008 -6.60202838887752e-009 
-6.62977627246518e+008 1.02275305998007e+007 7.81360576348648e+004 -1.85717746267235e+002 -7.18719408393093e-001 2.84878733586199e-004 1.75183331430825e-006 1.02010663885791e-007 
-4.37534758062608e+008 -1.26664120346048e+007 5.16258943348370e+004 2.58967097259082e+002 -3.62972915666747e-001 -1.09612587044823e-003 -1.24990337752411e-008 -1.74611438529469e-008 
-1.71408879977292e+008 -5.67809960286161e+006 2.02263517401305e+004 1.15522472895658e+002 -1.38087779423809e-001 -4.76348901731166e-004 2.50053875456730e-008 -9.53106651662150e-009 
-2.35945195319226e+007 1.26182468191849e+007 4.22797416872992e+002 -3.92282659779092e+001 1.78393317295669e-004 1.88374898506421e-005 -3.14934076400642e-008 
-1.39085099582328e+009 -3.35635977620196e+004 2.58894295191070e+004 -2.71142187234759e-001 -3.34306928994017e-002 1.53181462481722e-006 -8.94330873451398e-008 
-5.73478740828443e+008 -5.57160338073856e+005 1.06750285190818e+004 1.57426261728435e+000 -1.38245497946805e-002 -1.82367701595465e-007 -3.15284039517087e-008 
2.66189795573014e+009 -4.29288399618298e+006 -6.39406051427397e+003 1.44046708224834e+000 1.24796785009552e-003 5.30658786618973e-009 
1.23787075584672e+009 7.28255624842855e+006 -2.97272650485188e+003 -3.04157956009218e+000 3.35059241908733e-004 2.14523203759735e-007 
5.04505730465627e+008 3.25027473505575e+006 -1.21156641251680e+003 -1.35246974881303e+000 1.29316185792661e-004 9.31680301550251e-008 
4.28554158740318e+009 2.13565396426644e+006 -3.02571683769643e+003 -2.69843607345634e-001 1.76002249493024e-004 -1.95616417120219e-008 
-1.16681052716296e+009 6.71540563952583e+006 8.24010934649494e+002 -7.85674982710272e-001 -5.94881788334970e-005 3.77012320508786e-008 
-5.84275646172171e+008 2.69548385301971e+006 4.12606636418467e+002 -3.14864545787304e-001 -2.88158044062965e-005 1.53611989702411e-008 
1.59466472648659e+009 7.28227428539722e+006 -8.08427334033977e+002 -4.92987710347551e-001 1.66797911420504e-004 8.16511508167563e-009 
-4.36928765307026e+009 1.62794135499195e+006 2.21462983696846e+003 -4.73429877367055e-001 -3.73466382615824e-005 4.58427148254539e-008 
-1.84398789361887e+009 -1.68610864120127e+006 9.34651774294710e+002 6.98029198554406e-004 -6.13766371905527e-005 1.79897031756788e-008 
-1.31177936663763e+005 -1.67851932623372e+005 8.32018474207731e+003 1.63132467143213e+003 -7.02127382178355e+001 -4.96963285837313e+000 4.64106214051985e-001 -3.91869215371638e-003 -2.45556541672650e-003 1.90091396277809e-004 5.44412650554827e-006 -1.70408038149749e-006 6.71409516791915e-008 
2.98552813896342e+005 -6.05917882250732e+004 -1.88916419921849e+004 7.86625949596403e+002 9.46155802952965e+001 -5.53065378362874e+000 -1.41302663082279e-001 3.32939238767058e-002 -1.41645076121081e-003 -1.31861143065166e-004 1.84151870647248e-005 -1.94038053314733e-007 -1.21708667446830e-007 
1.14257730276343e+005 -1.14374715539628e+004 -7.21801392163233e+003 1.79438728479271e+002 3.78162805408560e+001 -1.65590235916295e+000 -7.81182672387417e-002 1.20397797284842e-002 -3.54382005911621e-004 -5.82686690756396e-005 6.20600717406918e-006 3.41105917106596e-008 -4.72469194630013e-008 
-3.54655001682751e+005 -4.62709382080479e+004 1.95176916828681e+004 1.96830812247078e+002 -8.84671602170864e+001 1.50954526250461e+000 8.74935338648008e-002 -6.84012494418053e-003 6.29089976492233e-004 -3.00754725701874e-005 -1.81802472818207e-006 2.78736492087909e-007 -1.19462679732280e-008 
6.86933832450047e+004 -1.56705747165123e+005 -4.01300895174831e+003 1.43953692213521e+003 -5.25608582471205e+000 -3.52420307160078e+000 1.28901332963545e-001 -3.54352208062958e-003 -3.58851312311547e-005 4.26227501600116e-005 -3.57841844878791e-006 3.18968308588953e-008 1.19135473992533e-008 
4.59089144646490e+004 -5.30269768100669e+004 -2.62430379675541e+003 4.98785111316208e+002 3.59632230851542e+000 -1.33774309967375e+000 4.02064796560917e-002 -8.52395590961913e-004 -5.03531913668347e-005 1.69610950525164e-005 -1.16010653399008e-006 -5.58942365277489e-009 4.94571220136255e-009 
-2.98709179263273e+005 9.80845385802208e+004 1.46422161974557e+004 -9.01397602659633e+002 -4.56940666200981e+001 2.50790088559938e+000 9.44348815146523e-003 -2.92030387452555e-003 -1.06855760878907e-004 7.08742662653260e-006 1.20524383119121e-006 -6.68384397795405e-008 -2.67902450067167e-009 
-2.26058447060264e+005 -1.25546602200570e+005 1.09000003427188e+004 9.33327913878143e+002 -5.05568622788632e+001 -1.14913609643797e+000 8.91734096360735e-002 -1.83047203817791e-004 -9.22228832944620e-005 -1.45098510757113e-005 7.42663732174089e-007 6.01619526364938e-008 -4.29615907818645e-009 
-6.26440392737969e+004 -5.08317789355140e+004 2.97308211564768e+003 3.87646402420345e+002 -1.50513421681900e+001 -5.62148617341658e-001 3.08259385381448e-002 1.19188700447292e-004 -2.60377547709080e-005 -5.61454831568946e-006 1.89589494368356e-007 2.55015457780960e-008 -1.35804502252338e-009 
-2.59564532696329e+004 1.63269212353441e+005 1.05204044449030e+003 -1.24863853599524e+003 -1.83929899366586e-001 1.77886193691086e+000 -5.17772308187787e-002 9.08616201080734e-004 2.93148309847949e-004 1.62788685123856e-006 -6.72095189612682e-007 1.75548955307097e-008 1.15379406963402e-009 
-3.64895531859527e+005 -8.33622196922953e+003 1.68371780514230e+004 4.54832959614654e+001 -5.53661678164234e+001 3.78052036729593e-001 1.70467587324334e-002 -4.17197016812582e-003 3.23505003984005e-005 1.46357366379107e-005 3.48003780527789e-008 -2.43993852583462e-008 2.47106492183621e-009 
-1.29085169660532e+005 -1.31345542928083e+004 5.93447574944662e+003 9.49155534209119e+001 -1.96076391288437e+001 2.00318486309861e-002 9.04610396836658e-003 -1.54022535497211e-003 -6.95818300214854e-006 5.10130276887062e-006 5.49867591786280e-008 -9.72172834088316e-009 8.08667507043667e-010 
2.63091765419366e+005 1.14084100507065e+005 -1.29260100911917e+004 -1.00760584644324e+003 3.01705216058912e+001 1.80237183404326e+000 8.35384944031815e-002 6.96125984539387e-003 -7.21232492642553e-005 -2.92327221021578e-005 -1.92063777933747e-006 -1.01668676823226e-007 -4.17562564059475e-010 
-2.55405322532182e+005 1.14036681161452e+005 1.22993554161225e+004 -7.89105958263819e+002 -5.05307352506702e+001 -1.70933620566737e-002 -7.01737653108740e-003 5.25179618967299e-003 5.71274985385644e-004 1.61337237168157e-005 -2.77979146210642e-007 -9.13240409968959e-008 -1.01530870912869e-008 
-1.08008938620888e+005 3.36041553184265e+004 5.20630002087772e+003 -2.16673902576495e+002 -1.99117315930457e+001 -1.28198302639323e-001 -7.96741643294549e-003 1.43821971119643e-003 2.08713089047948e-004 7.65854126095788e-006 2.52393038360936e-008 -2.61566592916899e-008 -3.60559090192313e-009 
3.57760125394113e+005 -2.57881590607376e+004 -2.04487268230046e+004 -8.48226915289747e+001 9.42108635676681e+001 4.26656955026392e+000 -3.73223092947609e-002 -2.81056695702030e-002 -2.12007823828923e-003 1.60827446504796e-005 1.51982425439070e-005 1.16858957214744e-006 -9.83969150996020e-009 
3.15699060130133e+004 1.61137934151752e+005 -1.82739572480831e+003 -1.51899352333069e+003 -2.91467101849740e+001 3.72273514380293e+000 3.73161195113789e-001 1.31035000053972e-002 -1.37774645048062e-003 -1.92737675806471e-004 -6.50916065432569e-006 7.81010463393507e-007 1.13857515848846e-007 
-1.12982486981656e+004 5.93080876307927e+004 6.52080795975726e+002 -5.36485323748715e+002 -1.65113802108162e+001 1.05101048527866e+000 1.35965912394160e-001 6.50326938006928e-003 -3.56097418203182e-004 -6.99690033755739e-005 -3.30797899529817e-006 2.04052217174166e-007 4.13592049846422e-008 
1.60498267967390e+005 -1.63359254102740e+005 -1.07065242623776e+004 1.71025663426640e+003 8.88300938655382e+001 -7.97549385311638e+000 -6.88937375998629e-001 3.73547826876255e-002 6.15422910347090e-003 -1.70314242337585e-004 -5.75839795722333e-005 2.04037511939450e-007 5.41452077112186e-007 
2.81630150801840e+005 7.44799116494557e+004 -1.88650671625372e+004 -9.43693651107275e+002 1.15068176663139e+002 7.06501280761773e+000 -5.19272976378966e-001 -6.00739042472667e-002 2.58633446707411e-003 5.57262317320346e-004 -9.87617794327104e-006 -5.28075177153615e-006 -3.20168919451660e-008 
9.08235914842620e+004 3.71349894177463e+004 -6.05802539222169e+003 -4.47354677752103e+002 3.53411732093715e+001 3.03959295334033e+000 -1.41065129514407e-001 -2.38880074707899e-002 5.28226605080098e-004 2.10257699901400e-004 1.76844978131011e-007 -1.90177274754195e-006 -4.63183904232902e-008 
-1.79800912333163e+005 -1.57927215565404e+005 1.17223111333605e+004 1.53333981401386e+003 -9.75325368630221e+001 -4.52771080999892e+000 6.80282423931610e-001 -9.76176488523243e-003 -4.29381153491202e-003 3.15612257593010e-004 1.70824510140638e-005 -3.59402321538218e-006 5.93974183101985e-008 
2.69211640887237e+005 -8.57034277293468e+004 -1.74949481599290e+004 1.09196455043849e+003 8.70924398099025e+001 -7.76015319256717e+000 -9.56678038340462e-002 5.22370456502931e-002 -2.29517890952149e-003 -2.76261214505148e-004 3.38964868503699e-005 3.86663047012675e-007 -3.12440711501158e-007 
1.08242027718070e+005 -2.05175202883117e+004 -7.01704785605561e+003 2.90850524819361e+002 3.73867224820736e+001 -2.47862712982935e+000 -7.78785551865426e-002 1.92999419954923e-002 -5.44486487412424e-004 -1.19101062143070e-004 1.10226022738431e-005 3.69596782376084e-007 -1.15564999402554e-007 
3.09459066021489e+005 -6.54575987199311e+003 -2.01866154759364e+001 7.70252061124752e-002 4.15945614097538e-003 -2.32885645007964e-005 -1.75825260135921e-005 -2.41266148074665e-006 -2.48171482322609e-007 -2.22891692436736e-008 -1.95584824140124e-010 
8.15521535961850e+005 5.79289724837569e+003 -1.39246560638613e+001 -9.11351953403576e-002 3.33144952080247e-003 3.04084797473459e-004 1.80673422461745e-005 5.77036970994023e-007 -7.09132649327588e-008 -2.26875597308387e-008 -2.52350499280199e-009 
3.32928664499778e+005 2.68170432910593e+003 -5.38429565057465e+000 -4.80414510243547e-002 1.36997439291266e-003 1.59879613954502e-004 1.14902828497487e-005 5.60505945244153e-007 -1.21693107183138e-008 -9.90831790147781e-009 -1.32667875296837e-009 
2.96209548152543e+005 -6.70279621366252e+003 -1.90579100654816e+001 7.74061483882571e-002 -1.00118448434190e-002 -1.68050269049372e-003 -1.76533274209721e-005 3.07864300607648e-005 5.09021787384523e-006 6.20105546915721e-008 -1.09540903157242e-007 
8.26993483709185e+005 5.67859923652291e+003 -1.44536417465631e+001 1.81206870472892e-002 7.79073774585287e-003 -7.82044565055214e-004 -2.28936812092679e-004 -1.73408959876266e-005 2.32358422291386e-006 7.53717723183745e-007 6.39251657070442e-008 
3.38247655120650e+005 2.63703103028104e+003 -5.68145606680040e+000 9.87031369868467e-003 5.12971102179003e-003 -2.47552652889044e-004 -1.20405724203308e-004 -1.24535941160860e-005 7.13553836918823e-007 3.96112405714311e-007 4.55053462371563e-008 
-6.15334758714623e-005 5.59649014515946e-008 -6.98658734380300e-007 3.77762744663953e-008 5.96113200739635e-008 -7.09967387469560e-009 -1.46996696230859e-009 3.95816517159874e-010 -2.78815907295003e-011 -6.49222241612566e-012 
-3.44623471256594e-005 2.19387562537187e-007 -9.93934523563391e-009 -9.83675734593277e-008 7.72137417343823e-009 4.73004998771740e-009 -8.32869855230424e-010 -4.24942884762469e-011 4.12186746510979e-011 -5.08496017232762e-012 
-6.21907492172956e-005 4.13897550865471e-007 4.72829047022868e-007 -7.33157531955211e-008 -2.52674826964985e-008 3.65990437598384e-009 3.46032105680354e-010 -1.06414805097452e-010 -9.36530654471737e-012 4.03457280038821e-012 
-3.50538957697348e-005 -6.75628634633162e-007 1.00918864626224e-007 5.62080351215625e-008 -7.75351618365597e-009 -1.37695234710788e-009 2.70701699348019e-010 -1.87968378915248e-011 -8.40140487107540e-012 2.51578411589717e-012 
-6.14232991299267e-005 -4.59227501644638e-007 -3.72647283189499e-007 1.00027088379364e-007 3.92476783977743e-008 6.19706405450379e-010 -7.15690053152102e-010 -1.71158855411024e-010 -5.47483542826058e-011 -5.64305415264134e-012 
-3.53667114742887e-005 1.45948507729013e-007 -1.37672061736107e-007 -6.74768720113053e-008 4.18444844723865e-009 3.01483095391846e-009 4.46539495416255e-010 2.54095445518689e-011 -2.49807413703663e-011 -7.45112948777672e-012 
-6.03526672561167e-005 2.12612890127354e-006 6.32719073477132e-008 -3.24675269976037e-007 -3.42984183893392e-010 2.57733427879386e-008 -7.42393990551812e-010 -1.46006528160670e-009 8.81874142808334e-011 6.72335621845176e-011 
-3.58470998462396e-005 -1.41501768735442e-007 3.32504866017974e-007 8.74698840719799e-009 -3.88137261719983e-008 -2.05214216358684e-011 2.42731587206190e-009 -4.88234339198260e-011 -1.12170262578155e-010 3.66813643468613e-012 
-4.19909412910433e-002 -7.70885166236228e-004 -1.02173790608314e-004 3.87530300840474e-005 5.08267465643539e-006 -1.40946667477049e-006 -8.83266310557581e-008 3.54023556838615e-008 -1.20873806672231e-009 -4.32976132793497e-010 
4.29573784521822e-001 -1.91417934151987e-004 7.24726176471348e-005 1.10297389136715e-005 -3.23478794870354e-006 -3.28988831024102e-007 9.92260101845679e-008 1.42033660209398e-009 -1.86848202585836e-009 1.85077908317152e-010 
4.06446140255256e+003 9.20574279162894e-001 1.07775794296786e-004 -3.45913078675745e-005 -4.91878824793656e-006 1.30221061494891e-006 8.19680561207731e-008 -3.29846220614906e-008 1.17985012932179e-009 4.00131238748120e-010 
-4.30913152786700e-002 -1.12186186890912e-004 1.41636833471209e-004 -1.99154193414592e-005 -3.22052165389692e-006 8.69236069896507e-007 2.33234457374608e-008 -1.44535777549940e-008 3.68492758277427e-010 1.24637781639756e-010 
4.29646867776575e-001 1.75437013029568e-004 -2.10117903141756e-005 -1.01873512543860e-005 1.98872561991330e-006 1.39798375358790e-007 -5.17257468793881e-008 1.91432502749880e-011 5.92969847256582e-010 -3.05836178946597e-011 
4.06630225444650e+003 9.20071731318819e-001 -1.23452198172957e-004 1.64253323424100e-005 2.86115535860595e-006 -7.85628631850878e-007 -2.08184675596100e-008 1.31892064896308e-008 -3.46985956799321e-010 -1.12306817325182e-010 
-4.28692080830437e-002 2.09228732377282e-004 -2.59664801599085e-007 6.48809333153962e-006 2.78029289962253e-007 -8.57080234848488e-007 -6.33713867240135e-008 1.10186747616433e-008 2.13353564899763e-009 2.53461462670520e-010 
4.29749186750130e-001 -6.52895768768317e-005 -2.03756000029555e-005 -5.52888276725789e-007 -1.59566495186363e-006 -7.79311386714831e-008 5.28337926813414e-008 5.80651195836906e-009 2.91827928104954e-011 -8.98832521793179e-011 
4.06814196537728e+003 9.19734917418807e-001 -1.55352542185269e-005 -7.07773566314149e-006 -4.06849283718736e-008 8.11619091556295e-007 6.00012217631692e-008 -1.01270088896549e-008 -2.02475236334641e-009 -2.44174141224020e-010 
-4.27435063627172e-002 -2.50985433697708e-004 -1.84808971673485e-004 -1.59166504801286e-005 8.52382846460874e-006 1.21832624891760e-006 -3.26752343491352e-007 -4.34217825566119e-008 1.23177620588619e-008 1.17800013916555e-009 
4.29354002733115e-001 -3.33421521114440e-004 -1.10043541626326e-005 1.78595267047947e-005 2.20485565659095e-006 -7.13126815020022e-007 -1.01749761318684e-007 2.70102237374093e-008 3.05000531705895e-009 -1.02263366160459e-009 
4.06998159668815e+003 9.20065174859291e-001 1.71530503583023e-004 1.80747111730298e-005 -7.91698907162869e-006 -1.19551106413370e-006 3.04979198474449e-007 4.19326033461305e-008 -1.15435702398506e-008 -1.14532447964129e-009 
