-2.57228218940892e+007 1.22769087506487e+007 2.90011023241385e+005 -2.52465200079109e+004 2.04070619162120e+001 -1.11424881092469e+001 -1.78881064599000e-001 5.91069757197423e-003 -4.30719128381453e-004 2.47764391156050e-005 -5.88040196438347e-007 3.44922955307273e-008 -2.95579039331452e-010 1.61655280095577e-011 
-5.73865609424181e+007 -4.09257535689260e+006 6.84840615246020e+005 5.63607220485627e+003 -2.98685051152448e+002 6.88494342698086e+000 -5.75010046693247e-001 6.01564964075751e-003 -5.32856735687294e-004 -1.18213785441193e-006 -2.99073675364008e-008 -1.75692201718726e-008 9.50817521866370e-010 -3.80413926078024e-011 
-2.81344312956278e+007 -3.45834415800942e+006 3.35781808622689e+005 5.62756877204688e+003 -1.61672229763693e+002 4.83283065090706e+000 -2.88628598366083e-001 2.60090730126972e-003 -2.40007397847023e-004 -3.19956036812887e-006 4.49737885553016e-008 -1.29605750511430e-008 5.38568046810151e-010 -2.20009520559068e-011 
1.83637003868685e+005 1.33724615520210e+007 -1.89905914573109e+004 -2.68982912075585e+004 -2.36882363469298e+002 -1.42741010388949e+001 -8.79701368556090e-002 4.74046217284201e-003 3.95659268485767e-004 3.16736989547750e-005 1.05903403930428e-006 5.24926897646359e-008 1.18658504939819e-009 3.13786120848384e-011 
-5.99322449961166e+007 1.58117324332551e+006 7.25986288750119e+005 1.23069247726409e+003 -2.95585438621976e+002 -6.89392557254177e+000 -6.58967497831615e-001 -1.28367948501061e-002 -6.90808186194113e-004 -7.93352582304610e-006 -6.71549483856272e-008 1.93706306370881e-008 1.44715359228236e-009 6.86757909725351e-011 
-3.21787218348601e+007 -5.40985933274026e+005 3.89789607296307e+005 3.44542620390017e+003 -1.33348695175574e+002 -2.20323171517568e+000 -3.42901454122162e-001 -7.34874173359986e-003 -4.10038268890616e-004 -7.52102156482034e-006 -1.45641441293149e-007 4.90694894007392e-009 6.50078119512413e-010 3.34341115142228e-011 
2.56944796457012e+007 1.18429320293020e+007 -3.74080849269041e+005 -3.29987219486871e+004 -5.19375228369322e+002 -1.18832156136537e+001 4.83475663123464e-001 4.94748805315634e-002 3.02592465155130e-003 1.38163223873383e-004 4.48836364640627e-006 6.17070736609137e-008 -5.67802445548683e-009 -6.24773072022772e-010 
-5.09829030890671e+007 7.35087588647141e+006 7.04596074267609e+005 -5.63117009385714e+003 -6.34600727193334e+002 -2.97282503371107e+001 -1.35560195408933e+000 -3.63521053676797e-002 -4.82633461464913e-004 4.91567837823375e-005 4.81504603061742e-006 2.95439896715782e-007 1.33896814498596e-008 4.29494108745891e-010 
-3.00413740857348e+007 2.69971901466017e+006 4.15167866708794e+005 4.12132221315899e+002 -2.85170121659902e+002 -1.46491068648345e+001 -7.74272258686198e-001 -2.45472546567637e-002 -5.71455681459294e-004 1.19390093299249e-005 2.10697542721514e-006 1.51427620280256e-007 7.74126731562373e-009 2.94192128753017e-010 
4.50267403525318e+007 7.11448984295412e+006 -8.23812525925788e+005 -4.18408553849158e+004 -4.48353840698228e+002 3.30526999139927e+001 4.19211170553034e+000 2.52583170828416e-001 9.50101934058959e-003 3.95031396658902e-005 -2.82356514267762e-005 -2.76032505034394e-006 -1.59132535702439e-007 -5.07351420725098e-009 
-3.10182793666513e+007 1.24863504461019e+007 5.49816888519119e+005 -2.26458586290692e+004 -1.63144380162338e+003 -7.23769615545979e+001 -1.84358017992885e+000 5.30858496995474e-002 1.00309078823164e-002 7.34484821520123e-004 3.34287794572094e-005 5.62161756634427e-007 -6.66409354588330e-008 -8.37360385794604e-009 
-2.13792659915236e+007 5.93318534986170e+006 3.79099409733675e+005 -7.76061240621346e+003 -8.25043528094660e+002 -4.20895420249255e+001 -1.41934551927833e+000 2.17840434622435e-003 4.37372425310485e-003 3.88266127290174e-004 2.07841947565522e-005 5.86410727415631e-007 -1.91055543827205e-008 -3.94730089904429e-009 
-1.05036026942857e+008 5.14390505750952e+006 1.32164744532176e+006 -1.17473643621773e+004 -1.39587147525805e+003 9.86549603357558e+000 6.06165557464763e-001 -6.06176008172732e-003 -1.51071853010861e-004 3.41484379618505e-006 
-2.33969595177811e+007 -2.13871464303112e+007 3.02748597448807e+005 4.49533073633384e+004 -3.67098157374631e+002 -2.87078583045875e+001 2.40783711296768e-001 9.10075909208702e-003 -1.36786740565298e-004 -1.75819929549707e-006 
-3.94174229835996e+006 -9.94864395839206e+006 5.26053871938925e+004 2.09703971339900e+004 -7.68646293999229e+001 -1.35414697709087e+001 6.99900377322172e-002 4.47842584222313e-003 -5.19814244432924e-005 -1.00816714453070e-006 
-8.48765201030425e+007 1.47933438238560e+007 1.05556898964820e+006 -3.17784367402425e+004 -1.06915962884675e+003 2.19468131794252e+001 3.87681347306033e-001 -8.89061103013024e-003 -2.82388659221322e-005 3.01964343265596e-006 
-6.21387616798417e+007 -1.69484536569816e+007 7.89230795265164e+005 3.48776395764591e+004 -8.65561860918790e+002 -2.04052835332433e+001 4.28587794143139e-001 4.23596926053467e-003 -1.52156354862372e-004 7.45081264312252e-007 
-2.26491449776345e+007 -8.56192236435907e+006 2.88336996307214e+005 1.77041004261649e+004 -3.21822554946841e+002 -1.05700593871641e+001 1.68317475575306e-001 2.46854242461789e-003 -6.66770864349235e-005 1.44125709746624e-007 
-1.40856981057187e+008 -7.00116447209024e+006 6.81169792467724e+005 5.01394078217126e+003 -2.91415903994952e+002 -6.51291061433474e-001 6.18645941635478e-002 -1.71832466236206e-004 -1.34974689824193e-004 3.45246292222452e-006 6.65799434230657e-006 -5.80213919191653e-007 -3.49191655472074e-007 
4.42779156894883e+007 -1.79074613529074e+007 -2.14387594561303e+005 1.47412228330712e+004 6.77192231653132e+001 -4.05173204159862e+000 1.32257816866608e-003 3.99311853234559e-004 2.61314305016197e-005 1.51607313827785e-005 -2.69345362202246e-006 -6.72934801809017e-007 1.86756286278433e-007 
1.92246409352300e+007 -7.76256010888504e+006 -9.29396753465262e+004 6.39016701421257e+003 2.93578951740077e+001 -1.75651320296496e+000 7.27069644376468e-004 1.75089292556073e-004 -2.13935905980025e-007 7.00008293398167e-006 -5.26980520568986e-007 -3.53696629474092e-007 4.78013360335304e-008 
-1.49275710375627e+008 -1.39089115975430e+006 7.13179800495865e+005 3.23071075147087e+002 -2.90682341082868e+002 6.85168540036107e-001 5.20212192982470e-002 -3.74560889881297e-004 -1.02986562882901e-004 -1.09649851177471e-005 3.44704365280152e-006 9.06490683215440e-007 -8.30096755206615e-008 
7.31702536115452e+006 -1.89026826016403e+007 -3.36444505643947e+004 1.51841611710530e+004 -1.15357808992349e+001 -3.80075396093237e+000 1.83512601107223e-002 2.53418316239329e-004 -1.88342773220837e-005 9.30286969488071e-006 1.43880608054608e-006 -2.77195566222205e-007 -1.00701715594927e-007 
3.20271717942893e+006 -8.19401642142556e+006 -1.45891170856361e+004 6.58221952604484e+003 -4.99930818253293e+000 -1.64740144400811e+000 8.08079744605835e-003 9.37773377751128e-005 -1.71500853953392e-005 4.28066204334081e-006 1.07570643404320e-006 -8.52033383109023e-008 -6.26299862381622e-008 
8.64031924070841e+006 3.46041295141145e+007 -6.33529639773779e+004 -3.62782407903518e+004 -3.12095473498933e+002 1.33291103294269e+001 4.24466006762674e-001 9.38593185389366e-004 -2.69698770107123e-004 -6.99876742274624e-006 2.42954117730405e-007 
-1.95267725147777e+008 4.35566142171990e+006 1.22000172626848e+006 3.32126397096767e+003 -7.03785342678279e+002 -1.18046092192342e+001 1.45832173419401e-001 1.04696340996936e-002 1.27685976524647e-004 -3.47837484316597e-006 -8.12306947427673e-008 
-8.98132016189022e+007 1.06483790669634e+006 5.61299269989703e+005 2.50224380389079e+003 -3.14389859055436e+002 -5.77419719973040e+000 5.54114379843584e-002 4.77728517869454e-003 6.67851290705913e-005 -1.47814379519567e-006 -8.41635168068904e-008 
7.18233343480065e+008 4.43472388822469e+006 -1.10364390295605e+005 -1.44873657491153e+002 1.53506350819617e+000 2.52755000893301e-003 -1.27950441735742e-005 -4.17305790183828e-008 
-1.69492520307324e+008 1.68583274154116e+007 2.60363219038441e+004 -4.23993606064500e+002 -5.57296134709430e-001 4.19430953746806e-003 9.28236833778912e-006 -7.31509137072823e-008 
-9.01326079877924e+007 7.11809290310974e+006 1.38462040411390e+004 -1.78209426316575e+002 -2.76230424912814e-001 1.73620135393519e-003 4.30316659273271e-006 -3.48314524630547e-008 
1.07643964238280e+009 8.41905128632986e+006 -2.10315384640640e+004 -3.09527777420189e+001 2.16093646203419e-002 3.31145188085496e-005 6.27177140172661e-008 
-9.22329427373582e+008 9.08423084811094e+006 1.80434079472266e+004 -2.66291237031409e+001 -3.28148513828173e-002 8.65128963276936e-006 -1.78072445112491e-008 
-4.27332454763764e+008 3.38959585330243e+006 8.35923733606090e+003 -9.66695878797904e+000 -1.45195267359226e-002 2.41515375671431e-006 -1.04895529786171e-008 
2.12472154298133e+009 -6.59584904627184e+006 -5.26092944225300e+003 2.40542054152621e+000 1.18147512866159e-003 -8.04384356886469e-008 
1.88329613371561e+009 5.77881640373213e+006 -4.66334770064870e+003 -2.67252075461806e+000 6.25767124767617e-004 4.90625631493017e-007 
7.94781419474496e+008 2.62424541514000e+006 -1.96801355418379e+003 -1.20458503420724e+000 2.56738531628419e-004 2.15793502493898e-007 
4.43583107847468e+009 9.23759250635207e+005 -3.14371522145646e+003 -1.28442527382970e-001 2.00367189322033e-004 1.99160567790327e-008 
-4.95869911306224e+008 6.94635602198168e+006 3.51244723359209e+002 -8.17185959624521e-001 -2.61675478789335e-005 -2.07071600947786e-008 
-3.13397451361959e+008 2.82018471070800e+006 2.22027978023335e+002 -3.31275460618490e-001 -1.56349100648005e-005 -1.02803150224186e-008 
2.29106605584348e+009 6.91355043123448e+006 -1.06041720548001e+003 -3.67456327247824e-001 1.43996800059062e-004 -1.89975705242883e-008 
-4.16901588918663e+009 2.44063057324838e+006 1.93000786134564e+003 -4.90474195416221e-001 4.60868167303497e-007 6.74600197556824e-008 
-1.99131443805207e+009 -1.32139709363388e+006 9.21862313063868e+002 -4.23977625260202e-002 -4.47065453803105e-005 3.37863705817197e-008 
-1.43078664526696e+005 1.62670613824466e+005 8.78427498663275e+003 -1.56233003715503e+003 -5.78333132744702e+001 4.78906399305167e+000 2.40031069022422e-001 -2.13339237698693e-003 -6.11834549004708e-004 -6.74792132923888e-005 -1.52521812597320e-006 4.26225132799628e-007 2.94373882828228e-008 
-2.90152926102884e+005 -5.67167678433715e+004 1.79240559158698e+004 6.46000905435337e+002 -8.93426096156600e+001 -3.29981314839976e+000 1.69684592482323e-001 1.20346626521243e-002 4.11492063778812e-004 -1.36589971493678e-005 -5.48793436696783e-006 -2.35688231574770e-007 2.17199244180169e-008 
-1.31577347710996e+005 -4.12256378457406e+004 8.13296125525060e+003 4.48434109314793e+002 -3.94003334762430e+001 -2.03210602621208e+000 6.41409165848823e-002 6.14841497774576e-003 2.53916335683425e-004 -1.26817715539874e-006 -2.58954537559932e-006 -1.51536349851141e-007 8.32793717632966e-009 
1.87934621874890e+005 1.51185164497965e+005 -1.15462775484693e+004 -1.49233865081025e+003 7.19178388211510e+001 6.10005771108124e+000 -2.77702423684162e-001 -2.79833763240933e-002 8.55409731552781e-004 1.81440020589309e-004 -1.29147373060597e-006 -1.26708746955807e-006 -1.46334427399486e-008 
-2.54828748718511e+005 9.04136562009980e+004 1.59714138067035e+004 -9.70065200634616e+002 -8.71591275978358e+001 4.36850258424780e+000 3.42799438369783e-001 -1.52851921663587e-002 -1.94999157807084e-003 4.21132680183537e-005 1.35886726721029e-005 -5.45157368570858e-009 -9.47110622363130e-008 
-1.40981484880955e+005 3.24316381131519e+004 8.84373545554177e+003 -3.56981045270776e+002 -4.90854613770300e+001 1.65702418988921e+000 1.92658928445512e-001 -5.26243868649867e-003 -1.03565281525767e-003 5.96397880515134e-006 6.83106386042850e-006 1.01177767646168e-007 -4.56681521373932e-008 
3.59114268810326e+005 1.27741022036330e+004 -2.01639484244281e+004 1.17442093988128e+002 9.70790780728345e+001 -3.26971383825982e+000 -2.15303797043861e-001 2.63330885269649e-002 2.12217834368870e-005 -1.49114092242484e-004 5.69685652190041e-006 6.84765685254902e-007 -6.54699772187369e-008 
5.72101245159546e+003 1.56374083233091e+005 -3.10675032660871e+002 -1.44487087800804e+003 2.72871902755297e+001 4.33830330027233e+000 -2.90574025172663e-001 -5.84948218808021e-003 1.82917136956302e-003 -3.77208669467369e-005 -9.20192791718558e-006 6.09754365491914e-007 3.37841965018993e-008 
-2.59501467398545e+004 7.63823934496494e+004 1.49405802246301e+003 -7.25223351083768e+002 5.46132644946773e+000 2.41699976120915e+000 -1.25895468477839e-001 -5.05921139679496e-003 9.03316840490947e-004 -6.42127579701224e-006 -5.02081391768388e-006 2.45545340831452e-007 2.20851039745185e-008 
2.42697097294580e+005 -1.22196482873496e+005 -1.19114198060105e+004 1.07592204458719e+003 2.67297733306418e+001 -2.37698457394668e+000 1.37601931735899e-001 -2.93506665669837e-003 -6.13948123047198e-004 4.20757078585163e-005 -1.02627041846022e-006 -1.22303332309857e-007 1.58991046478968e-008 
2.69174033343978e+005 9.61944674876526e+004 -1.33239558674797e+004 -6.59826448562868e+002 5.50574958697155e+001 -4.36784664382447e-001 -3.92610525026060e-002 1.03911815190272e-002 -4.53678542527740e-004 -1.23613722289194e-005 2.41922719424875e-006 -1.67570292223644e-007 -4.49597054171824e-010 
1.13981763081237e+005 5.75790035697096e+004 -5.63501352222950e+003 -4.16045400240388e+002 2.50593056407689e+001 -1.50917194475774e-002 -3.05989673770454e-002 5.37991334589878e-003 -1.74105044351895e-004 -9.58271225848463e-006 1.28018347548970e-006 -7.28901961183707e-008 -1.52571551125765e-009 
-5.27685583932706e+004 -1.61269906119091e+005 2.43755832935507e+003 1.24919410457677e+003 -1.29428433942419e+000 -1.24002411325251e+000 -6.19285610014318e-002 -7.64781438342894e-003 1.49248239436575e-004 1.74429773217613e-005 9.04071118058601e-007 5.34171447450326e-008 -4.58504998907353e-009 
3.40046731443017e+005 -2.77237950714754e+004 -1.62143269459907e+004 1.68178469907338e+002 5.16609127822971e+001 4.20854521059670e-001 4.52577789823458e-002 -3.89876706563171e-003 -4.21811622180860e-004 -1.54573192427581e-006 6.96338741186381e-008 7.60503723269299e-008 4.50819726997269e-009 
1.73006522117166e+005 -7.35924668557411e+002 -8.25257334608828e+003 -1.93242103578417e+001 2.58176243256054e+001 3.17225267441870e-001 2.73922393657166e-002 -1.31945297109127e-003 -2.22034239450956e-004 -2.22171918124358e-006 -3.73073826450157e-008 3.35065543366956e-008 2.61695524119664e-009 
-3.10337040882811e+005 -8.48575712023683e+004 1.60697183222151e+004 8.96321477352373e+002 -5.20846020952209e+001 -3.92136251284800e+000 -6.82889789273495e-002 1.24300295564369e-002 9.89448715349261e-004 -1.40670993127809e-005 -5.17446720830959e-006 -1.97468479628603e-007 1.80473157852719e-008 
1.71680264704740e+005 -1.34583952609737e+005 -8.93329695962545e+003 1.05769119236217e+003 5.47261494443684e+001 -1.15444887023339e+000 -2.09142321686815e-001 -9.50932318586101e-003 5.36378571998382e-004 6.65546667866010e-005 6.55435769233017e-007 -3.01218038591342e-007 -1.93267092099344e-008 
1.10126971896608e+005 -6.00699156291356e+004 -5.75078918481403e+003 4.52965424600900e+002 3.15669106427638e+001 -2.53668969143213e-001 -9.88087910517618e-002 -5.75002744399442e-003 1.86540375097789e-004 3.43038038151557e-005 7.48235000156544e-007 -1.33978001148755e-007 -1.10964002142748e-008 
-3.31252483809501e+005 6.68005891243365e+004 1.93845898222225e+004 -4.91283267630997e+002 -1.07492022655716e+002 3.19021749122746e-001 3.82889191538165e-001 3.51782716012891e-003 -1.64205241639398e-003 -1.07491274021145e-005 9.28397815285169e-006 3.92216498901083e-008 -5.84766285885459e-008 
-1.20665763864302e+005 -1.44142986174595e+005 7.25784344439366e+003 1.44423415474112e+003 -2.25375393943051e+001 -5.80301890470651e+000 -1.56009298328776e-002 2.17482712273828e-002 1.42052857675633e-004 -1.08475191574673e-004 -1.86769276801133e-007 6.60183516702241e-007 1.48009067739883e-009 
-3.36349063002498e+004 -7.71441423244299e+004 2.04037075363838e+003 7.59620352545145e+002 -2.41499580696843e+000 -2.91942714115945e+000 -3.91525841782008e-002 1.05492448836160e-002 2.04806898179553e-004 -5.31453342476013e-005 -8.49258703082250e-007 3.25620297944171e-007 5.49804115077856e-009 
-7.96471577092435e+004 1.72568867541159e+005 4.86492388856732e+003 -1.71801976383264e+003 -2.60286614862942e+001 6.31605071993606e+000 3.49108912985096e-002 -1.45406420480155e-002 4.99365913243076e-004 3.21837217445687e-006 -5.24640159006044e-006 2.50400688873376e-007 2.73415548255777e-008 
-3.05664040194930e+005 -3.09107401155157e+004 1.90327886497067e+004 3.13465378092330e+002 -1.02276620972797e+002 -9.54395319168494e-001 2.90292659524351e-001 -2.42042117394259e-003 -4.43070901907629e-004 5.18058399718435e-005 -1.79942278610122e-006 -3.57917802598668e-007 2.28400635847638e-008 
-1.46038456810406e+005 -2.93046878191239e+004 9.09358992682376e+003 2.96517294268365e+002 -4.88606793177058e+001 -9.95113073528219e-001 1.41812178844676e-001 -6.06720244311165e-006 -2.61138004231096e-004 2.55138377375597e-005 -4.70902732905461e-007 -1.98690714614062e-007 9.15449355876834e-009 
-1.31093406266345e+006 -3.31329626829918e+003 2.24327985779762e+001 6.82381840023473e-002 4.49222515620057e-003 4.60907690233666e-005 -2.94742173328215e-007 -4.64903315850648e-008 2.50418092381868e-009 1.09505743640519e-008 -1.18730859586095e-010 
3.78512110930701e+005 -9.51481247728556e+003 -8.42435252483875e+000 -1.08355600834124e-001 1.46688151835075e-003 8.16485307303126e-005 5.41506758365338e-006 3.91558494479316e-008 2.50306720135099e-008 -3.77833543720300e-009 5.21253629939409e-011 
1.93685022173157e+005 -3.94836090272886e+003 -4.14619548166143e+000 -5.54004926092602e-002 4.81490732444475e-004 3.08966881379717e-005 2.89320984222440e-006 2.80476742858196e-008 1.31764564333559e-008 -1.71780448724018e-009 1.97885734166663e-011 
-1.31737769560851e+006 -3.12927403103369e+003 2.37090085532855e+001 1.45737005668698e-001 4.89727383123520e-003 -6.92339884014627e-005 -2.00128636803980e-005 -2.69850859639630e-006 -2.69173910839182e-007 -4.25454397030086e-009 4.73759393779378e-011 
3.59411371410821e+005 -9.58683031489999e+003 -9.50171429388395e+000 -6.25859805401719e-002 5.00952474296666e-003 3.25206749745480e-004 1.81275286294389e-005 4.84898110776028e-007 -9.64896752164136e-008 -2.65446297875549e-008 -2.69591752649301e-009 
1.85753167713450e+005 -3.98398174450464e+003 -4.72892885049402e+000 -3.76503892937240e-002 2.17216597578678e-003 1.73129427363279e-004 1.17970624227455e-005 5.40410986347792e-007 -2.36283913620544e-008 -1.23750581553924e-008 -1.46466348731192e-009 
-6.35235452618816e-005 1.30559976283742e-006 -5.55826834215832e-008 -3.37746536287696e-007 -7.03983778759663e-010 2.06906419291324e-008 6.50114327779915e-010 -7.04671265805520e-010 -6.58838498006439e-011 1.47673997490973e-011 
2.65936877385627e-005 4.40405433997074e-007 3.82112516754120e-007 -1.18857341138774e-009 -3.98581230964438e-008 -6.41443264247636e-010 1.77515411733080e-009 8.99056491537698e-011 -4.91650760009664e-011 -5.74189336865930e-012 
-6.45821459035845e-005 -1.74925254001337e-006 4.39483938879346e-007 1.52216608511594e-007 -4.94131666319576e-008 -1.43536976296209e-009 1.95108085274766e-009 -2.98076493246873e-010 -2.35046818256571e-011 1.55565829423802e-011 
2.76283202663485e-005 -6.74681549987589e-008 -2.55888653631578e-007 8.01153218091231e-008 1.15905243430414e-008 -4.81082686623662e-009 3.15090864379968e-010 1.35659740445210e-010 -3.86701663800417e-011 -1.14426555863642e-012 
-6.55977972827703e-005 -2.14380011316954e-007 -5.44882313819872e-007 -1.17484569476397e-007 2.80377903004082e-008 6.49796090522476e-009 2.77496064103853e-010 -1.37533120171220e-010 -4.20903710859070e-011 -8.71247137156980e-013 
2.79017329787868e-005 7.20976303306603e-007 1.56390188189854e-007 -7.03521758073230e-008 -1.43232426417349e-008 1.27096393071981e-009 4.14558137133507e-010 5.42776144321434e-011 2.15809058115692e-012 -2.14165875929191e-012 
-6.76818432206664e-005 -4.18777171556835e-007 9.00464652075319e-007 -3.66936576477810e-009 -8.61157928174461e-008 -1.54874716786742e-009 3.75581481363248e-009 5.33810976519734e-011 -1.12231294360580e-010 2.55035469486955e-012 
2.83077708322914e-005 -5.31133414596025e-007 -1.58006214178925e-008 1.38335335580169e-007 3.52903433571317e-009 -8.43063361312408e-009 -2.78491682952687e-010 2.99994461180495e-010 5.99971144571583e-012 -8.39654280425990e-012 
-5.77279658548754e-002 -2.48268988962266e-004 -2.12253357409477e-004 3.34149799880506e-005 8.48434999465030e-006 -1.34120123986993e-006 -2.52383440547723e-007 3.20437842920802e-008 6.48030442155913e-009 -3.94963942400193e-010 
3.94530384638206e-001 -3.77011280669386e-004 5.11160947909508e-005 1.76612271534901e-005 -2.77140145240366e-006 -5.76258900540802e-007 8.49116739296493e-008 1.57393784071912e-008 -1.53033429107266e-009 -3.80134638091743e-010 
4.42507120035644e+003 9.20074018759192e-001 1.94560131958537e-004 -2.87822681673432e-005 -7.74985060399026e-006 1.21137962410796e-006 2.29335472995768e-007 -2.94620814379828e-008 -5.88516304637965e-009 3.70422490994519e-010 
-5.85112072480994e-002 -2.50447333347265e-004 1.06729925562112e-004 -8.66644612162264e-006 -1.73294684845849e-006 1.01871867349868e-006 -5.14154814385304e-008 -1.90661993300181e-008 3.17618496182517e-009 -5.48674737027736e-011 
3.94279089363378e-001 8.57910228156510e-005 1.71625610553453e-005 -6.83162743036434e-006 1.68138873788019e-006 4.54644283660488e-009 -6.24350626397104e-008 5.90764469121949e-009 5.33643200259256e-010 -1.97432579641606e-010 
4.42691166415113e+003 9.20138216670481e-001 -8.73278755501827e-005 7.11487780802839e-006 1.37201951902326e-006 -9.16766866113177e-007 4.85039311388439e-008 1.70909317542003e-008 -2.89078985816255e-009 5.71555579433156e-011 
-5.82823324904536e-002 4.95686955077770e-004 1.22722560146281e-004 7.02482866669113e-006 -2.88148587016065e-006 -8.41900213195825e-007 1.13680239918762e-009 1.39416883716514e-008 1.45180481636016e-009 3.77545778513295e-011 
3.94488485704756e-001 1.01318725666396e-004 -1.72965048571945e-005 -8.43500202278856e-006 -1.40962865797514e-006 1.01569469610151e-007 4.92050382100188e-008 2.16225122494677e-009 -3.49616591065675e-010 -9.24944785877550e-011 
4.42875130093750e+003 9.19467384584937e-001 -1.20741914927610e-004 -7.86348882210340e-006 2.77796706086157e-006 7.90343576484869e-007 -8.95129905991591e-010 -1.29240273930860e-008 -1.36507955891916e-009 -3.51689285349099e-011 
-5.69579658080654e-002 5.33922548480011e-004 -2.07230296012162e-004 -3.17139736329716e-005 8.29997003195781e-006 1.32582065803633e-006 -2.15295335167865e-007 -3.71597019244093e-008 4.43475510512480e-009 7.34167157609415e-010 
3.94262959824613e-001 -3.63077619278785e-004 -4.87377173728990e-005 1.75375767508643e-005 2.61187779332546e-006 -5.40187985521501e-007 -8.84855911357961e-008 1.22520429894179e-008 2.06138567439497e-009 -2.50233671505503e-010 
4.43058984895128e+003 9.19353098271966e-001 1.84325691284941e-004 3.07700525993613e-005 -7.54117993955925e-006 -1.24190823409045e-006 1.98347296380541e-007 3.45119033627685e-008 -4.11547870872849e-009 -6.82126094936345e-010 
