2.71423448300087e+005 -1.98146605770338e+007 -1.14285855855268e+004 1.31870336716640e+005 -1.49622660728340e+003 -7.15223115040768e+002 2.20663112301773e+001 4.66985106668667e+000 -2.58013253757939e-001 -3.28828313672907e-002 2.84132420704978e-003 2.31359263657560e-004 -3.03084627789109e-005 -1.51519853534673e-006 
3.90700971198552e+007 -1.09804844828415e+005 -1.60460200398073e+006 1.33772846523768e+004 8.37058436192035e+003 -2.03415189994101e+002 -4.96112753385698e+001 2.35380479067695e+000 3.35499071341296e-001 -2.56152954747023e-002 -2.33488192224521e-003 2.71868086793281e-004 1.55019495937959e-005 -2.84893426940409e-006 
2.08707426326407e+007 1.99437246004393e+006 -8.56010782814615e+005 -6.51949563267681e+003 4.62670730397573e+003 -3.45476220291186e+001 -2.87895973583037e+001 7.73488231760009e-001 2.05965097417611e-001 -1.02762939826291e-002 -1.54176570352982e-003 1.21258885185585e-004 1.14221806427227e-005 -1.36490946830777e-006 
-3.52435768411648e+007 -1.47530818515086e+007 1.11641865763724e+006 4.44795041324956e+004 -6.25291503385426e+003 1.91800948629389e+002 1.77465033560038e+001 -2.36653145747282e+000 7.09278162686300e-002 9.59558950489038e-003 -1.22595764059729e-003 3.18386384021731e-005 6.11247726864712e-006 -7.32842993584858e-007 
2.77552596217979e+007 -1.06016682451092e+007 -8.98304399430949e+005 8.16726116405475e+004 -1.17191952048496e+002 -3.30808954961848e+002 2.35930028190472e+001 1.28597841294995e-001 -1.51414853123324e-001 1.08423600274412e-002 1.54222689675399e-004 -8.69219285341914e-005 5.92492759422040e-006 1.42446562535453e-007 
1.85059320990328e+007 -4.13502422643561e+006 -5.95578592717228e+005 3.90209236452058e+004 5.85387186439289e+002 -1.96597963448803e+002 1.07645495391680e+001 3.13943004818613e-001 -8.82376594248209e-002 4.79770573790486e-003 2.09433850732903e-004 -4.97340458191094e-005 2.53171895140511e-006 1.52041263156705e-007 
-5.50951879475659e+007 -5.03248175908963e+006 1.20474337155998e+006 -1.80731722927272e+004 -1.74502009397997e+003 1.63351722531088e+002 -8.10406449057913e+000 9.16909560633836e-002 2.37963576189226e-002 -2.57865943944000e-003 1.37382323295417e-004 -1.36953429716815e-006 -5.11590873599768e-007 5.64489980387715e-008 
2.22950186385303e+006 -1.42218283931753e+007 -5.93465005206587e+004 5.31491774463119e+004 -2.27209699206396e+003 3.27233618937016e+001 4.84017196101823e+000 -5.40724859663693e-001 2.91747713242600e-002 -4.14092494556758e-004 -8.93098405528463e-005 1.03945166105540e-005 -5.85818592658517e-007 7.60976098254626e-009 
6.92629492753834e+006 -7.07630230454085e+006 -1.56551711790367e+005 3.02657764108754e+004 -1.03293978093957e+003 5.53000779091553e-001 3.42549841967281e+000 -2.98362974797375e-001 1.31194158394219e-002 4.60141660812807e-005 -6.19471788881586e-005 5.69479390203874e-006 -2.59933349046799e-007 -1.78462800015977e-009 
-5.64188608902799e+007 3.45075266756795e+006 8.98294936439553e+005 -2.87808432807726e+004 -1.71738158389549e+001 3.11987075574482e+001 -2.86376467610508e+000 1.47069305728385e-001 -5.25845263401308e-003 4.85520151496486e-005 1.06552418408916e-005 -1.09934277192438e-006 6.75777288841653e-008 -2.78997360698028e-009 
-2.50584635491724e+007 -1.26915564502619e+007 3.92233044662032e+005 2.47983485196476e+004 -1.23651485224093e+003 4.88399686604063e+001 -1.17093078357656e+000 -2.52694872888808e-002 4.96678892367295e-003 -3.66548277423885e-004 1.80062158959561e-005 -5.37332756160937e-007 -6.08956720518647e-009 2.21723312091669e-009 
-7.51479168856856e+006 -7.13793688923832e+006 1.16444301745652e+005 1.62301289505409e+004 -6.58778151957482e+002 2.28576178198244e+001 -3.28760926547436e-001 -2.87401868364882e-002 3.19831926960011e-003 -2.00840962173307e-004 8.51451025779803e-006 -1.73178851590502e-007 -1.02555093800157e-008 1.47412168357400e-009 
-1.06007637833741e+008 -5.02334298291908e+005 1.35803046533711e+006 3.04574217017600e+002 -1.45805378260804e+003 1.73184894664470e+000 6.74880539709858e-001 -2.98434735694267e-003 -2.09514869256053e-004 2.49724945593525e-006 
-1.05347697971000e+006 -2.20381510210707e+007 1.25338826217019e+004 4.67397255736671e+004 -5.24572828885027e+001 -3.08506861535314e+001 9.09692993201679e-002 1.10674876961594e-002 -8.89685027481371e-005 -3.20430380607074e-006 
6.24832357487572e+006 -9.88521520573935e+006 -8.02775529849650e+004 2.10127970703374e+004 6.86407795370619e+001 -1.39918330299606e+001 -1.76588471148272e-003 5.16864600065363e-003 -2.68064535598941e-005 -1.60224037997834e-006 
-9.64112152713646e+007 9.98809604654782e+006 1.22559805406283e+006 -2.19079937055764e+004 -1.27172936969498e+003 1.62644736000738e+001 5.13438879965703e-001 -7.91921228806032e-003 -9.04648441727302e-005 3.96615536061812e-006 
-4.32935947226517e+007 -1.97542685087807e+007 5.48668806816560e+005 4.11813025294703e+004 -6.24588510493929e+002 -2.53592484013497e+001 3.47289190022745e-001 6.89982024195919e-003 -1.53498257936918e-004 -4.10476593675297e-007 
-1.33665477288951e+007 -9.52119857749830e+006 1.69352357199085e+005 1.99169029341441e+004 -2.00597777764692e+002 -1.24403166124358e+001 1.23809134284864e-001 3.61097619336868e-003 -6.31315008544746e-005 -5.42168837295372e-007 
4.84068318418617e+007 1.91352000042035e+007 -2.18158756916380e+005 -1.44157668458287e+004 7.54890716049785e+001 2.78210737449639e+000 -6.67742231774798e-003 9.99778203178474e-005 5.05411750642498e-005 -2.89146976149865e-006 -2.57652115683427e-006 -1.85965479382794e-007 1.05288096625640e-007 
-1.31725008874599e+008 5.94292720677277e+006 5.95133140463556e+005 -4.39889633121359e+003 -2.13265915309399e+002 7.83230519558583e-001 2.24277669618622e-002 1.82105511873100e-004 -6.30452537504405e-005 -1.28927810053360e-005 1.49784048275021e-006 7.64382556379209e-007 1.39679361696134e-008 
-5.70942725937876e+007 2.57601418301880e+006 2.57975899073110e+005 -1.90672261922959e+003 -9.24453829568494e+001 3.39074374265839e-001 9.72356219145730e-003 1.15458727948218e-004 -2.56817701551269e-005 -7.35526518424243e-006 4.12859517231630e-007 3.85585514997614e-007 2.36975472270190e-008 
8.44014116727768e+007 1.67226832641479e+007 -3.82090668448712e+005 -1.27708780630880e+004 1.29589216254234e+002 2.61161228115207e+000 -8.75647829200953e-003 1.52497243399532e-004 -3.90902926101119e-007 -1.08084008565966e-005 1.21384496151432e-006 2.70258749354530e-007 -9.99115534096156e-008 
-1.15285293004298e+008 1.04362124561364e+007 5.22481645032160e+005 -7.65766102868952e+003 -1.92452251269228e+002 1.30041314311818e+000 2.32032632909868e-002 -5.53057611837998e-005 -5.59792331857305e-005 9.59778910308127e-006 1.04397286275474e-006 -5.80515023541149e-007 3.12104008422718e-008 
-4.99682513277152e+007 4.52374968219283e+006 2.26484339297122e+005 -3.31931752206395e+003 -8.34244123790257e+001 5.63463218221920e-001 1.01719231519932e-002 -1.05134077211456e-005 -3.17017863717074e-005 4.08702990932911e-006 7.60766619547021e-007 -2.90977082649273e-007 4.80097497814671e-009 
-1.13953564990689e+008 3.01445179551478e+007 6.08875973117679e+005 -2.26712218239319e+004 -5.07349611154306e+002 -8.91315117724595e-001 1.73733969865380e-001 5.40050399381698e-003 5.17945797796905e-005 -1.80144310107081e-006 -1.10013697856721e-007 
-1.79688369444491e+008 -1.23310647589724e+007 9.60928062508305e+005 1.75032343288533e+004 -2.57749042858108e+002 -9.87588360253427e+000 -1.45174616899082e-001 1.04263082613833e-003 1.06316358446060e-004 2.08491999398137e-006 2.85010678633794e-008 
-7.93359075427101e+007 -6.46922775272082e+006 4.24341588955369e+005 8.63972919310244e+003 -1.04543602202313e+002 -4.50585847607206e+000 -7.12875415743525e-002 3.32164380927090e-004 4.73295695746541e-005 1.01080413133566e-006 2.24594389898222e-008 
-7.08207019186839e+008 8.69054397182996e+006 8.31541417994531e+004 -1.58360780148965e+002 -7.35149505838240e-001 2.59589834975571e-004 2.38237548464581e-008 2.84535749516201e-007 
-3.75214565063313e+008 -1.35953858588250e+007 4.40413219711742e+004 2.72407566515085e+002 -3.13878622979222e-001 -1.06368522451887e-003 5.00340410962568e-007 1.33653944468038e-007 
-1.43578062885567e+008 -6.03887690305684e+006 1.68529586576975e+004 1.20615523903605e+002 -1.16650700419670e-001 -4.62339672818377e-004 3.33446257428784e-007 5.94234133744259e-008 
9.36771416000654e+008 -1.04571373465377e+007 -2.31055827303339e+004 3.85622054053259e+001 6.43080141805966e-002 -3.77933358029170e-005 -4.11866651875803e-008 
9.37583358236541e+008 8.25865418700640e+006 -2.31281290269578e+004 -3.83379944495218e+001 4.23987317107896e-002 8.44035424938481e-005 -3.41620456449001e-008 
3.46917823341818e+008 3.86163084058529e+006 -8.55761970834700e+003 -1.74960589057150e+001 1.47397354699387e-002 3.65010777404541e-005 -2.26363908244732e-008 
7.72812081538736e+008 -9.13802877193063e+006 -2.05236267764108e+003 3.88694197734253e+000 8.85997728475795e-004 -3.84542182212089e-007 
2.54525487409542e+009 1.86468957897408e+006 -6.76560320088920e+003 -1.35464107248204e+000 1.34036824985359e-003 5.11046893808291e-007 
1.10381942573425e+009 9.45893344010888e+005 -2.93424399276645e+003 -6.48555717149270e-001 5.74853212617870e-004 2.35376703607644e-007 
4.41236336124751e+009 -1.20307755991674e+006 -3.14293784839541e+003 1.30760879488411e-001 1.94647526371285e-004 -5.46233539630612e-009 
6.75316192470257e+008 6.90300611505420e+006 -4.80768200641282e+002 -8.21001101055390e-001 2.21502505512843e-005 2.24135476015482e-008 
1.66559496670462e+008 2.85538673430717e+006 -1.18534350616077e+002 -3.39271311845294e-001 4.15627572664918e-006 8.81202181736900e-009 
3.38660267352519e+009 6.09740902387105e+006 -1.33942579930745e+003 -1.95117121372282e-001 1.05534026340721e-004 -2.93315666391906e-008 
-3.65926883604970e+009 3.57364161977977e+006 1.44726577693055e+003 -4.59719629113162e-001 3.99277245136227e-005 2.33130139143209e-008 
-2.16231986885390e+009 -7.21899544905463e+005 8.55216180930346e+002 -8.48199969272784e-002 -1.94412399448146e-005 1.81194089104521e-008 
3.43950101972383e+005 -7.32652573212095e+004 -1.63447929729248e+004 5.49539212192088e+002 5.15276541311492e+001 -2.49064703134281e-001 4.12445781071477e-002 -5.21339162117072e-003 -3.54966664977336e-004 6.34318822624358e-006 -7.21472289636821e-008 6.93276866580436e-008 3.08803527303577e-009 
1.44584478647885e+005 1.36149070653709e+005 -6.79791303837354e+003 -1.04844955853770e+003 1.92962141766121e+001 1.04102013008864e+000 4.58201117809757e-002 5.74996805341578e-003 -2.43418176552704e-004 -1.07460622394106e-005 -4.29790148038578e-007 -3.86138878024229e-008 4.27718919924642e-009 
9.84940728150580e+004 5.27501400516054e+004 -4.64704038081407e+003 -4.07329253634455e+002 1.37200120984360e+001 4.32956669875277e-001 2.43228587014424e-002 2.01483676466358e-003 -1.43164283487774e-004 -4.09631927632174e-006 -1.96845376669757e-007 -1.00843787137126e-008 2.19869532857990e-009 
9.72087915179185e+004 -1.63987042478659e+005 -4.97699389450704e+003 1.31903830015486e+003 3.93556213270236e+001 -1.93464195655987e+000 -1.94343573919309e-001 -6.92413044466719e-003 5.68040016321322e-004 5.17331683001666e-005 1.54465767160442e-007 -2.28540300861771e-007 -1.32051259010352e-008 
3.27766509169075e+005 3.88467970421422e+004 -1.65474317718955e+004 -4.80355242520774e+002 5.76272464950696e+001 2.71606779450144e+000 1.88409461942979e-002 -1.02922298191469e-002 -6.42472138356312e-004 1.56927317210017e-005 3.28968419234395e-006 1.07964116518881e-007 -1.11415013331509e-008 
1.54568532932273e+005 6.67881277647276e+002 -7.80414522940679e+003 -7.91478058488229e+001 2.93765749792477e+001 1.00220281845863e+000 -1.12092914302354e-002 -5.23423433176291e-003 -2.26269655589747e-004 1.21240993488270e-005 1.46658294622361e-006 2.46535356043537e-008 -6.24255289426139e-009 
-2.15948994513913e+005 -1.34483493209807e+005 1.24809886295185e+004 1.37469457690881e+003 -4.54606260442095e+001 -5.67840389938493e+000 2.35329669740857e-002 2.04918278283134e-002 1.17740567216366e-004 -9.19641426016332e-005 -4.27773546060610e-007 5.20680785671510e-007 5.21176169852772e-009 
2.68345808000831e+005 -9.72319250722142e+004 -1.52426491649143e+004 7.76748696065079e+002 8.66231150706440e+001 -1.21795246829936e+000 -3.08853752233212e-001 -1.81471685899385e-003 1.21150116674768e-003 9.53021198278237e-006 -6.22279907522400e-006 -5.96239314748021e-008 3.68227927423242e-008 
9.68787944076870e+004 -5.64235350914279e+004 -5.47265057897061e+003 4.80790888906532e+002 3.36214231433718e+001 -1.10834577967248e+000 -1.33790225312301e-001 1.26211679531946e-003 5.46205235701212e-004 -5.04982828877891e-006 -2.78845151003002e-006 2.60490583808039e-008 1.67695068850060e-008 
-3.46582653864856e+005 1.14340273768519e+004 2.14429131188423e+004 -6.05823626293187e+001 -1.15128781285845e+002 -9.00441624038633e-002 3.23612470104893e-001 -1.92593312082983e-003 -4.93866238654169e-004 4.25505657070273e-005 -1.56013664610091e-006 -3.47606905157558e-007 1.92257761612704e-008 
-4.65950293916490e+003 -1.62592746808554e+005 4.07416046738573e+002 1.61627751299672e+003 2.82906300158573e+000 -5.89151613048729e+000 -1.12480807102526e-002 1.32677373109062e-002 -3.06461193752735e-004 -4.68417196474366e-006 3.86666524783631e-006 -1.76561911171201e-007 -2.41916445613179e-008 
-3.67413036203466e+004 -7.06217308177669e+004 2.32966511734345e+003 7.06612934509729e+002 -1.03262426868000e+001 -2.60576824165779e+000 2.76477428954561e-002 5.65393043611744e-003 -1.85200710940788e-004 2.21475584227789e-006 1.55009832276336e-006 -1.12792894111765e-007 -8.74028583082042e-009 
-1.75050977919120e+005 1.51177859413867e+005 1.08681340740490e+004 -1.53492843617722e+003 -4.96779330529788e+001 5.87769571093283e+000 1.23696877759460e-001 -1.40324527649755e-002 -5.99315578891922e-004 6.87999977445870e-006 4.68176615190154e-006 1.70384219268574e-007 -2.87958945135601e-008 
-2.70245629974473e+005 -8.94738846753949e+004 1.64439529112031e+004 8.14624127372834e+002 -9.19418499452345e+001 -2.47383019616937e+000 2.75421117818394e-001 7.41608874449151e-003 -4.46714410094292e-004 -4.93249421260484e-005 -1.24831875649427e-006 3.46111231191103e-007 1.62932505242157e-008 
-1.36802735735123e+005 -2.43741751303167e+004 8.33892507932352e+003 2.05143401321955e+002 -4.55069786070669e+001 -4.98928390040234e-001 1.33791738574975e-001 1.85584203084630e-003 -2.56741584677268e-004 -2.10413993974859e-005 -8.21850482852989e-008 1.69631852720701e-007 4.29803022866315e-009 
1.52463452333658e+005 1.60143118452123e+005 -8.34566413870478e+003 -1.38541875357041e+003 5.99486126853256e+001 3.36049193627254e+000 -2.85426608664061e-001 -3.54315594916023e-003 1.24477258376610e-003 2.43122297958794e-007 -6.09471613053927e-006 7.53320011757431e-008 3.34617138988082e-008 
-3.05243286449567e+005 5.49110806427450e+004 1.70057537427845e+004 -6.69762728701629e+002 -7.25693940848218e+001 3.78677098162076e+000 1.18881067791847e-001 -1.71595058489315e-002 -1.27815255527982e-004 7.82728768736625e-005 -1.69558260386155e-007 -4.16743825217134e-007 7.54152947664093e-009 
-1.19568721397056e+005 4.01769670061267e+004 6.66103382238155e+003 -4.33861414638747e+002 -2.59445681482950e+001 2.00684501589628e+000 2.37046947265122e-002 -7.91930585025782e-003 6.84425349000523e-005 3.45163829351515e-005 -6.85125823851654e-007 -1.76123782458269e-007 6.67507351156567e-009 
3.66763003034994e+005 4.59945340925598e+004 -1.81268337489886e+004 -2.26237102241179e+002 6.93306957859994e+001 -1.35841471728782e+000 -4.08000971373825e-002 1.09550345303331e-002 -4.09415806248219e-004 -2.31086159631111e-005 2.57937526322373e-006 -7.10820323021311e-008 -8.95691951800067e-009 
-9.47870329055758e+004 1.45087215804212e+005 4.59861341873505e+003 -1.21404336338974e+003 -8.09098095975820e-001 2.35570966333229e+000 -1.37315399592685e-001 2.29182987819177e-003 5.67250215687834e-004 -3.14495379036025e-005 -2.84468511059495e-007 1.56157251946393e-007 -8.25166730384315e-009 
-5.45138049119271e+003 6.85177070605425e+004 2.17909039362531e+002 -5.57020713185654e+002 6.62127176944411e+000 9.00674247836424e-001 -6.47361533965951e-002 2.10620584396612e-003 2.08956031635545e-004 -1.61763003513731e-005 1.33307249282829e-007 6.17240942499310e-008 -4.53337773457627e-009 
3.17114101251455e+005 -9.30397786313829e+004 -1.50445103618482e+004 6.85633549514982e+002 4.82115825830527e+001 -4.07758913933480e-001 4.92120174671750e-002 -4.18092886985444e-003 -4.22378119355254e-004 9.33651524128964e-007 -2.64217250103563e-007 4.27032326544589e-008 5.74689683417205e-009 
1.87644534973287e+005 1.26013587956545e+005 -8.95180481224100e+003 -9.82845905901108e+002 2.51012865743102e+001 9.55309478700499e-001 3.76544171793003e-002 6.52582402531456e-003 -1.50508948786879e-004 -1.24408895189651e-005 -4.49367474789700e-007 -6.86593797359349e-008 1.34361657619864e-009 
1.14070035404428e+005 4.62792148448255e+004 -5.43532649345996e+003 -3.63675496787345e+002 1.58611768732642e+001 3.75142337273669e-001 2.13692517176612e-002 2.45910922588203e-003 -1.08199963841894e-004 -5.35416317497151e-006 -2.23191681506009e-007 -2.60037997477953e-008 1.16155258846908e-009 
1.49913024415317e+005 -2.40679452512762e+003 -2.13668634422824e+001 -6.37474737255446e-002 1.82960221724751e-002 1.22613181331795e-003 -4.42719881792094e-004 1.08707724190693e-005 1.07407947761364e-005 -1.31309766422015e-006 -1.78328873252206e-007 
-6.03117984754933e+004 5.16637688183197e+003 -9.64076240409752e+000 -2.11233009546178e-001 -1.05674741765090e-002 2.46096535503021e-003 3.72939650297619e-005 -6.26271698532337e-005 5.07011555010261e-006 1.25210640626062e-006 -2.67978980292463e-007 
-2.09048983208441e+004 2.26814014001116e+003 -3.40996391611408e+000 -8.86492725482143e-002 -7.49511814035513e-003 1.18043225655380e-003 6.57630439833811e-005 -3.45800895339887e-005 1.59539837728506e-006 8.04764549072348e-007 -1.24672375287542e-007 
1.44929368895093e+005 -2.57620372446107e+003 -2.06140876521540e+001 1.45210528466776e-001 4.49838959015362e-003 -4.97614931192776e-004 5.72298109881059e-005 -4.27668721376322e-006 9.30221653260748e-009 5.56893850407835e-008 -1.07733526138544e-008 
-5.00644093658772e+004 5.07893443346406e+003 -1.21041262217052e+001 -1.59146987830791e-001 6.84867194508944e-003 -2.25568312538879e-004 -5.60149457391917e-006 4.19426383893020e-006 -6.68932104143571e-007 6.13511093545293e-008 -1.82946255851258e-009 
-1.63997190140340e+004 2.23603684679029e+003 -4.59328584820848e+000 -8.29158120829680e-002 3.09137107706662e-003 -7.62042345019216e-005 -8.89291550240855e-006 2.68595290270547e-006 -3.58330571203829e-007 2.68185555528552e-008 1.40759794309297e-010 
8.56457554224822e-005 9.96776810427646e-007 6.08524197580750e-007 -4.62208213193708e-008 -3.82069542893405e-008 -8.99191109150070e-010 4.89329627378626e-010 1.42738763698891e-010 1.97558450140891e-011 -3.99226004474406e-012 
1.27735843865884e-006 -4.64397901890639e-007 1.13805041400437e-007 7.48497247498471e-008 -3.02983593023563e-009 -2.26959270986116e-009 -2.19790246072710e-010 -2.20666527505455e-011 1.03698659418180e-011 3.42197185353014e-012 
8.74297828570391e-005 -3.75535865211843e-007 -4.97925614895951e-007 2.04361416762621e-007 5.57606278362032e-008 -1.04731874233140e-008 -2.68419520766335e-009 2.88796473136706e-010 7.71687292633260e-011 -7.61284836930948e-012 
1.58748296941493e-006 4.20964412399023e-007 -2.67801594730647e-007 -7.97796058451321e-008 2.36381863042508e-008 5.41573676579284e-009 -8.36015227245261e-010 -1.87714656069314e-010 2.05226349912149e-011 3.43051531140766e-012 
8.85483809594127e-005 1.88682046619010e-006 -1.42617052247662e-007 -2.81602706727388e-007 1.95283283599038e-008 1.54749578457689e-008 -1.49253980483372e-009 -4.90190996116668e-010 6.02842248749729e-011 1.30623794416403e-011 
1.54601757583320e-006 1.93967245586481e-007 3.44708807359928e-007 -2.40419636118610e-008 -3.03434174732884e-008 2.82444286950519e-009 1.17055556925187e-009 -1.53005205906018e-010 -3.14414448419725e-011 5.03263082502416e-012 
8.87897278277621e-005 -1.15283778305006e-006 2.76713506569147e-007 1.56929681130851e-007 -2.15667005325203e-008 -2.77428263675409e-009 4.14347241101553e-010 -1.02977938799225e-010 5.69043552866474e-012 4.46533334388846e-012 
2.20657005419377e-006 -7.76393508531101e-008 -2.18432725868461e-007 4.48451421198602e-008 1.15031807335992e-008 -1.76023195563180e-009 -4.33477130451986e-011 2.66461889567310e-011 -1.11844800104297e-012 5.28448647527445e-015 
6.80143718706784e-002 -2.96081554089013e-004 -8.34086440094605e-005 3.09593888015689e-005 1.40370512784561e-006 -1.04776124318179e-006 -3.68402074328919e-008 1.28955244631137e-008 1.33245996930093e-009 5.26230983271398e-011 
4.07948882238969e-001 -5.43844733245430e-005 4.65965128478928e-005 5.01845640806734e-006 -2.56208136696161e-006 -7.80582178292627e-008 5.35164393876250e-008 3.00994896882856e-009 -2.54643445452776e-010 -7.40378938534477e-011 
5.04311689143290e+003 9.20167677748418e-001 7.19499646316205e-005 -3.00227940776666e-005 -1.24404413199245e-006 9.75918158868767e-007 3.52194157497899e-008 -1.18332493623696e-008 -1.25781415194427e-009 -5.00208430869716e-011 
6.74331122602924e-002 -2.17820239084260e-004 1.66708906758470e-007 -1.31276425318150e-005 3.28879295323953e-006 1.26477617379114e-006 -1.17141749045933e-007 -3.94386171750603e-008 2.06472668629752e-009 7.83523233200763e-010 
4.08098672026509e-001 1.58258218201878e-004 4.44272201195171e-006 3.56634036459977e-006 2.06010037570965e-006 -2.78532012606823e-007 -9.60197511770623e-008 6.42017025675799e-009 2.30504029244168e-009 -1.05560804326687e-010 
5.04495714421672e+003 9.20019257535305e-001 -9.17966326356258e-006 1.34170201805442e-005 -2.81991613241058e-006 -1.18153669788775e-006 1.05343190753159e-007 3.65395820295611e-008 -1.88154915238316e-009 -7.27017216359709e-010 
6.73156587757787e-002 2.56425999991536e-004 1.52429852218397e-004 -3.35128223652671e-006 -8.64286523541188e-006 -8.82492930609715e-008 2.74905539910417e-007 -2.86930638253930e-009 -5.95633379492555e-009 1.88218432130949e-010 
4.08550258539702e-001 2.79196548250863e-004 -1.96642987064041e-005 -1.59622876502835e-005 -9.09567188870598e-008 6.53917446611980e-007 1.53329340451602e-009 -1.68048418689157e-008 3.57198143731333e-010 3.26213394525720e-010 
5.04679688424862e+003 9.19594566386209e-001 -1.29348271000319e-004 3.88078618221202e-006 7.71824580418672e-006 7.47808213542976e-008 -2.50110968183476e-007 2.71611022712258e-009 5.44370403043931e-009 -1.77105653197741e-010 
6.80452276200060e-002 1.77938108417257e-004 -1.63235922478142e-004 -1.65841433339582e-006 6.90227546971952e-006 -2.10820642778104e-007 -1.20395354825947e-007 6.49001542604540e-009 2.08513327774157e-010 -7.66422654519251e-011 
4.08711159777815e-001 -1.11397546647857e-004 -1.31755398982287e-005 1.52032452203077e-005 -2.27089902761257e-007 -4.12662388995961e-007 1.69904464110921e-008 3.85704226438369e-009 -3.32588675278579e-010 3.84591414954921e-011 
5.04863595197789e+003 9.19737362947466e-001 1.52683236651406e-004 -6.69805682961277e-008 -6.38119160261035e-006 2.01231235517808e-007 1.10110088905830e-007 -5.81258413318067e-009 -1.74912380581317e-010 6.84006182059219e-011 
