4.28256698580427e+007 8.46381568095429e+006 -7.16170423384728e+005 -4.00935575037394e+004 -5.52038348584969e+002 1.46825583827781e+001 2.84240692048990e+000 1.89109212627846e-001 8.49807953235773e-003 1.92887742780484e-004 -8.66016617992416e-006 -1.39803962627339e-006 -1.01082552250134e-007 -4.78153284089640e-009 
-3.59267461330181e+007 1.14843669497562e+007 6.02682247582721e+005 -1.74471539659195e+004 -1.33702478564261e+003 -6.22290367416290e+001 -1.99602499752925e+000 2.91852737144618e-004 5.31452040646292e-003 4.72724593833657e-004 2.60251296488111e-005 8.82726098119312e-007 -3.28041085386119e-009 -3.22866068493439e-009 
-2.37233453120338e+007 5.25678032024384e+006 3.96196960239596e+005 -5.16253337471084e+003 -6.56962781699305e+002 -3.47635049151371e+001 -1.36095109387602e+000 -1.94527020878362e-002 1.95771446192410e-003 2.32516410117289e-004 1.47999019047016e-005 6.16490478991710e-007 8.72888655393874e-009 -1.22887754411267e-009 
5.24311241171405e+007 7.17503037739537e+005 -1.22227882714453e+006 -4.04957385176706e+004 1.01441148694727e+003 1.76117124563939e+002 1.12443841573671e+001 2.66132989736674e-001 -2.40797579491195e-002 -3.40876597784535e-003 -2.04852891008878e-004 -2.79742108925182e-006 7.61571074351981e-007 8.83436395077693e-008 
-9.12786406149939e+006 1.49955589507168e+007 2.16902947480938e+005 -5.07676018458611e+004 -2.86359742427164e+003 -6.67524308459240e+001 4.59971566006171e+000 6.64037450290121e-001 3.95625176951971e-002 6.31178582279851e-004 -1.27620909258032e-004 -1.51961676325468e-005 -8.19780589270040e-007 -1.89684270967574e-009 
-1.04045826301773e+007 7.93558276156875e+006 2.42601928310211e+005 -2.29197294795768e+004 -1.63484119551716e+003 -5.39188358352407e+001 1.29112218484697e+000 3.27115942259587e-001 2.36300571753547e-002 6.90611615373371e-004 -4.69306189239540e-005 -7.82732490250943e-006 -5.16871773178483e-007 -1.01735402804620e-008 
4.29803835866238e+007 -1.03659480584766e+007 -1.44808093828134e+006 1.76349802069592e+004 6.74875579565611e+003 2.96037590621894e+002 -1.66033366777812e+001 -2.86238322636373e+000 -9.19937624812973e-002 1.27568467675167e-002 1.56955497212821e-003 2.23588074548418e-005 -1.00983250603969e-005 -9.35874892618107e-007 
2.01019484856567e+007 1.34933830558759e+007 -6.69080701016649e+005 -9.27653734312944e+004 -1.01737090228147e+003 3.55669170108317e+002 2.80923255213486e+001 -2.15268955999448e-001 -1.93541920818715e-001 -1.22691408476123e-002 4.73787479031703e-004 1.24158500423363e-004 5.67058993962202e-006 -5.22784879127113e-007 
6.18865645003541e+006 8.28240279944627e+006 -2.07253736041756e+005 -5.13813578286213e+004 -1.24322665422755e+003 1.59293041673433e+002 1.67277609332850e+001 1.81807789541749e-001 -9.38461599363473e-002 -7.87659757458914e-003 9.03384623781105e-005 6.40037911624898e-005 4.07616710089311e-006 -1.82217460779168e-007 
1.27579591049549e+007 -1.90892912014196e+007 -5.33532314771471e+005 1.26767711681815e+005 3.39502701401511e+003 -7.00167213792942e+002 -2.60718693179054e+001 4.85180709956126e+000 2.33981611643999e-001 -3.81937943272183e-002 -2.26784681827440e-003 3.22757685012422e-004 2.29198941198307e-005 -2.86239004350696e-006 
3.84803328626059e+007 4.12026418200434e+006 -1.56724706454358e+006 -3.20013001997943e+004 8.30392061217295e+003 2.25821515199352e+002 -5.18957971446690e+001 -1.95059860583944e+000 3.88650784581652e-001 1.86219636289123e-002 -3.19730536903140e-003 -1.87570974739361e-004 2.77471767028351e-005 1.96259490225742e-006 
1.91391665068631e+007 4.18005603058755e+006 -7.81859331959661e+005 -3.02387133684094e+004 4.08370487752148e+003 1.93227730957962e+002 -2.50179763787102e+001 -1.54503864446301e+000 1.83345486795742e-001 1.39076478692023e-002 -1.47276367049611e-003 -1.33661960202099e-004 1.24452526325206e-005 1.34516533918515e-006 
-4.31433671904918e+007 -2.20762585912561e+007 5.53105589218638e+005 4.71848717184018e+004 -5.83824652389124e+002 -3.21838275865672e+001 2.53346403165368e-001 1.29215797715540e-002 -6.36797567110268e-005 -4.85580048899578e-006 
8.81325388528185e+007 -9.52247313279556e+006 -1.12500582566421e+006 2.00422238005401e+004 1.22764185336315e+003 -1.28605909924890e+001 -6.04060871148341e-001 4.17503179910124e-003 2.24179300562185e-004 -9.12255117932253e-007 
4.23530586085882e+007 -2.88759085498971e+006 -5.41152596489831e+005 6.03136740849304e+003 5.89274464897243e+002 -3.74952810524594e+000 -2.87805237408634e-001 1.06074400467354e-003 1.04892302577985e-004 -1.03096242307807e-007 
-8.12206469882253e+007 -1.55915265204306e+007 1.04342744007230e+006 3.31414918405125e+004 -1.13924346388805e+003 -2.21465804996668e+001 5.61898884186308e-001 8.33636849608013e-003 -2.10373885849833e-004 -2.78339370190672e-006 
6.10689024749068e+007 -1.72509856237544e+007 -7.77542679123249e+005 3.68928100413308e+004 8.38897860330164e+002 -2.51988255019128e+001 -3.96388611733633e-001 1.01712636154194e-002 1.32565522029685e-004 -3.89212598460933e-006 
3.25857427990901e+007 -6.77508354415672e+006 -4.15852514899696e+005 1.45013047492145e+004 4.49521310295440e+002 -9.93577570307095e+000 -2.13895692631018e-001 4.04854198128974e-003 7.29313211927539e-005 -1.57765480876479e-006 
2.46344933144605e+007 1.99242657101100e+007 -1.11993466304187e+005 -1.49778701617665e+004 4.15376632241075e+001 2.86226200752998e+000 -6.10274171115868e-003 2.79406522756991e-005 8.77545126569180e-005 -2.93984050689220e-006 -5.81719026736502e-006 -8.82665012161990e-008 4.04022235404746e-007 
-1.36367833154547e+008 3.01354728434127e+006 6.19283321343086e+005 -2.30958874092174e+003 -2.20831771277884e+002 4.75108999448993e-001 2.20947506900287e-002 4.51721993598398e-004 -5.49071278091725e-005 -3.43659847008085e-005 2.61198955466662e-006 2.44113473587354e-006 -5.86794698466822e-008 
-5.91279342675039e+007 1.30656946682858e+006 2.68478668027021e+005 -1.00124623528104e+003 -9.57365318619112e+001 2.06023759592371e-001 9.42705310755512e-003 1.88048978746980e-004 -1.09454825375118e-005 -1.40271416843646e-005 2.75027510905554e-007 9.62779208840707e-007 2.96706505746914e-008 
6.30287325019445e+007 1.83249836893124e+007 -2.85873729619336e+005 -1.38622395982270e+004 9.74900839151421e+001 2.72304506791025e+000 -7.67404339892877e-003 -2.41621379476560e-005 3.58072411911909e-005 1.02149015121817e-006 -7.07749295302600e-007 -1.56707968903991e-007 5.61445025659580e-009 
-1.25516041761458e+008 7.79779704626414e+006 5.70775076350909e+005 -5.73837594169458e+003 -2.06152896616986e+002 9.85468615418904e-001 2.22381428211702e-002 2.23010052227133e-004 -3.08941939377968e-005 -6.97028583338626e-006 5.09460538450509e-008 1.76549167164427e-007 2.83243516159326e-008 
-5.44231372757565e+007 3.38069278090695e+006 2.47449215481483e+005 -2.48773186744745e+003 -8.93729292693109e+001 4.26984696445658e-001 9.54624914365448e-003 1.12915537846988e-004 -8.25606783971558e-006 -3.35159858320320e-006 -1.30558552877759e-007 6.49756316393639e-008 1.53960502840571e-008 
-2.45836516822244e+008 1.91386684690747e+006 1.03905766172931e+006 1.42461441711674e+003 -2.70817364969797e+002 -2.11813971286905e+000 -4.66901912933743e-002 9.52672867973838e-006 1.02421774005451e-005 -8.90966665642139e-008 -6.25305737030126e-008 
-6.23241903647365e+006 -2.77701950114082e+007 2.94711195863976e+004 1.96258112511797e+004 7.09367120287051e+001 -7.96467920310307e-001 -2.78380844731335e-002 -1.06279365895716e-003 -1.09124639727528e-005 -2.14071716089353e-007 9.25252920415586e-009 
3.75303336996981e+006 -1.27891158806608e+007 -1.45493193475946e+004 8.96333381037393e+003 3.98539432100498e+001 -3.08030723404837e-001 -1.15051050257180e-002 -4.88163728422940e-004 -5.44598108770937e-006 -1.27180502837519e-007 3.98004392851131e-009 
2.30433860624998e+008 1.70183212982955e+007 -3.14635585343144e+004 -4.05215391305504e+002 1.90989816995358e-002 3.07254672911039e-003 6.58665886601241e-006 -6.92782275708355e-008 
-6.76866800581048e+008 5.88295237077789e+006 9.24370498034561e+004 -8.11360646395929e+001 -1.14387987286311e+000 -9.40043575484627e-004 5.73992258502803e-006 -8.20732966784291e-008 
-2.95744461261878e+008 2.10719791450145e+006 4.03873930614014e+004 -2.49117157340833e+001 -4.90764678481256e-001 -4.78177705787532e-004 2.37108800636630e-006 -2.03261998300644e-008 
-1.30766598288663e+009 -5.32638463427151e+006 3.06265556933139e+004 1.34551305628317e+001 -6.93056383690352e-002 1.70370850651183e-005 1.99800951820678e-007 
4.24513226029063e+008 -1.16957451871872e+007 -9.93274336176738e+003 4.80264557508674e+001 3.58576795450458e-003 -7.26285911566421e-005 8.10305064758175e-008 
2.31633092749377e+008 -4.60151117537584e+006 -5.42109766082611e+003 1.92566367027879e+001 4.46215194365236e-003 -3.07022049184379e-005 2.87634085452588e-008 
2.95899194828333e+009 1.59008354040164e+006 -6.91232188443533e+003 -6.13935337630392e-001 1.12076481566767e-003 1.22262883276522e-007 
-4.69907055720339e+008 8.09472771273809e+006 1.09686309831700e+003 -3.15574598188890e+000 -1.64713583580604e-004 3.03886809135729e-007 
-2.47658413331732e+008 3.52280181409835e+006 5.78159558604682e+002 -1.37349793389039e+000 -8.83764760105773e-005 1.29514358126560e-007 
3.56486095167362e+009 4.52375998924717e+006 -2.49509542293914e+003 -5.46786072593099e-001 1.46001963958081e-004 7.37071343103893e-008 
-2.49879995043751e+009 5.60081010901106e+006 1.74913269976253e+003 -6.39653660847647e-001 -1.04827480106990e-004 -1.85366086933632e-008 
-1.11152397869212e+009 2.17981733561941e+006 7.78044187840245e+002 -2.48207001193742e-001 -4.63973042728690e-005 -9.09133899133381e-009 
-1.56316818257877e+007 7.65041832995036e+006 9.69731749838571e+000 -7.75337341191411e-001 1.40644471626869e-004 1.60730272596195e-008 
-4.49733489878892e+009 -5.05853376957245e+005 2.73286137416865e+003 -2.95105001874828e-001 -1.83931927654385e-004 1.26687530480154e-007 
-1.39876967568660e+009 -2.46291096615870e+006 8.49937244150588e+002 1.41858265952188e-001 -1.00991204707078e-004 2.12954779316789e-008 
3.52518109682185e+005 3.37350398906109e+004 -1.94031729283557e+004 -5.35877429056275e+002 7.36435396079762e+001 3.32860558954547e+000 2.90147673432794e-002 -5.12762768171122e-003 -8.58637372480277e-004 -5.68146165078260e-005 1.12586459405063e-007 2.90872625881940e-007 2.42331080689495e-008 
-9.19146304997020e+004 1.48254015207952e+005 4.85802103065320e+003 -1.25014905648056e+003 -4.34072187950012e+001 1.88634982710884e+000 1.58223855266321e-001 9.28831103197027e-003 2.70174545828266e-004 -3.48088044945379e-005 -4.54272247724244e-006 -1.90668393443344e-007 5.17462888342219e-009 
-2.42280003554304e+004 7.89197744050184e+004 1.23725320455621e+003 -6.83757273058031e+002 -1.76335842534669e+001 1.20318904477855e+000 8.39868028501697e-002 4.46204883631687e-003 8.25264898894208e-005 -2.18141618808567e-005 -2.34561534155750e-006 -7.93464247475075e-008 4.29960246893872e-009 
2.61709214792484e+005 -1.22408436931865e+005 -1.67507001199389e+004 1.09166947262662e+003 1.14667777858016e+002 -1.68562126340936e+000 -5.66331947252306e-001 -2.32496884330878e-002 2.17888306641523e-003 2.98575004598279e-004 1.71613146786073e-006 -2.17212428235512e-006 -1.45696731697530e-007 
1.90607856136931e+005 1.19928607313148e+005 -1.21736935191466e+004 -1.35902028319912e+003 4.84804581947787e+001 7.28058406099791e+000 9.81369497123523e-002 -3.26633792790541e-002 -2.65919556785374e-003 6.97373321902814e-005 2.39335838972733e-005 9.08315683159170e-007 -1.31407556953319e-007 
1.15905803713206e+005 5.39214284293298e+004 -7.41647587071883e+003 -6.31875894859440e+002 3.27850791043919e+001 3.66242293779215e+000 1.29279305129295e-002 -1.84766855602097e-002 -1.23183317917895e-003 5.60534513685190e-005 1.25110884796791e-005 3.25508710079132e-007 -7.77842053846245e-008 
-5.84514493432535e+004 -1.80366789699009e+005 3.79751329257791e+003 1.92917556036492e+003 -3.96366768329653e+001 -9.80582249820459e+000 3.54727410195353e-001 5.68574244339720e-002 -3.27263674651553e-003 -4.05816651798992e-004 3.17409843642091e-005 3.09989615883341e-006 -3.17822065606771e-007 
2.97371377506225e+005 -1.95609765325371e+004 -1.96847765603530e+004 3.15724848591565e+002 1.25316405622159e+002 -3.07772686718219e+000 -6.49093110257793e-001 2.86124739904328e-002 4.30257558156316e-003 -2.74292146687536e-004 -3.22888882512655e-005 2.74072893577795e-006 2.51457715465710e-007 
1.49814838214142e+005 -2.21698024318546e+004 -9.94132728431758e+003 2.92236263153974e+002 6.23243491608500e+001 -2.24891069934836e+000 -3.12738831949294e-001 1.86159369856850e-002 2.01058153312086e-003 -1.69150431366845e-004 -1.46075107723111e-005 1.62635253955460e-006 1.09042892973082e-007 
-3.30083737716299e+005 -7.85285521241822e+004 1.89660220934636e+004 4.46588837649301e+002 -1.02489486414182e+002 2.59630885569205e+000 2.19730752861929e-001 -3.27436931275362e-002 1.06139025631629e-003 1.34994429254511e-004 -1.67678485996309e-005 3.41438448852335e-007 9.40507504451108e-008 
1.31476662707857e+005 -1.36011011008110e+005 -7.55007493102273e+003 1.38358202910842e+003 3.71862499734215e+000 -4.92927245670530e+000 3.11141895922893e-001 2.04026226886008e-003 -2.16126172999288e-003 1.39918320714668e-004 3.95989375026524e-006 -1.26009675062608e-006 6.82224308347261e-008 
4.57762994054770e+004 -7.56683067539462e+004 -2.63945710313007e+003 7.47080283661689e+002 -4.90019528273034e+000 -2.38355114294346e+000 1.75783895595622e-001 -1.12152479443847e-003 -1.04879616553398e-003 8.14712762739411e-005 9.33560729572499e-007 -6.29900508773402e-007 4.16055020662613e-008 
-3.35070222588316e+005 7.13885639862191e+004 1.64957225236338e+004 -7.11462561387756e+002 -4.57699633259940e+001 1.91121820731465e+000 -9.76861728205815e-002 3.99150086492737e-003 3.89330492301970e-004 -3.77181656595682e-005 1.83127396686807e-006 -3.30614075507975e-008 -7.72707738816246e-009 
-1.51098605672236e+005 -1.34119174930113e+005 7.31028508092084e+003 9.95425447102136e+002 -3.76457963661405e+001 -4.34977338787450e-001 3.26033435600198e-002 -8.16604399298469e-003 4.72717329393910e-004 -6.35205415127709e-007 -1.29428166905742e-006 1.49374218010592e-007 -8.77980582798919e-009 
-1.00811112127672e+005 -6.46112332207355e+004 4.89925943956057e+003 4.68379692237990e+002 -2.26104252124877e+001 -1.00683204728371e-001 1.04495367843399e-002 -3.96001166337534e-003 2.70892450166731e-004 -2.83771937216112e-006 -5.48674374097802e-007 7.51381663010006e-008 -5.06244727204043e-009 
-9.46060368481018e+004 1.59080486081924e+005 4.55100475764565e+003 -1.21409290097873e+003 -1.85328633368053e+001 1.44494845285398e+000 5.65132356367299e-002 3.92224818483235e-003 -2.43636974263038e-004 -9.34585598489019e-006 2.80020780554598e-007 2.63003853565648e-008 2.12895459537691e-009 
-3.30683322225106e+005 -3.87489568178623e+004 1.53492677184937e+004 3.16948929959946e+002 -4.89276055981424e+001 -8.67106400272081e-001 -1.57329810893485e-002 3.31391299437442e-003 2.15224360992764e-004 -1.00995350653341e-005 -3.40176728724981e-007 -1.25539381826847e-008 1.98077111595665e-009 
-1.77502657967551e+005 -9.27147660611059e+003 8.26226753555708e+003 8.21768199743849e+001 -2.66661114932616e+001 -3.52238995056017e-001 -4.16732411967578e-003 1.98304125773639e-003 9.50743110413063e-005 -5.87382495292928e-006 -1.57752030250598e-007 -4.68560584742219e-009 1.17076989136367e-009 
2.12087358773847e+005 1.34957223258930e+005 -1.05471520061510e+004 -1.18692732415101e+003 2.74522805209533e+001 3.07152821905180e+000 3.72983356724920e-002 -4.60143031302202e-003 -1.10121411774857e-004 1.65271124299449e-005 -1.11105669423639e-008 -9.16058031928828e-008 -2.39556368062532e-009 
-2.83570924264929e+005 8.46949236257384e+004 1.39255838726994e+004 -5.84769206165005e+002 -6.02456066337473e+001 2.30360450449794e-001 1.04499241251870e-001 2.84018854086954e-003 -2.03515231047216e-004 -1.42053064437947e-006 1.14285778228387e-006 1.54934263873567e-008 -5.04702217688481e-009 
-1.32253492921307e+005 5.30562414289109e+004 6.49861654026664e+003 -3.84076071614985e+002 -2.93941182082613e+001 3.30352209483217e-001 5.68150999240768e-002 1.15732744341656e-003 -1.13083492671888e-004 3.84739668990252e-007 5.91752604603174e-007 1.78207762377787e-009 -2.78074680152215e-009 
3.60930739108138e+005 5.83266700892839e+003 -2.00947077422915e+004 -2.53127460605223e+002 8.70351576561227e+001 2.37799978558478e+000 -9.53330212736642e-002 -5.73101789853129e-003 -2.88091740155652e-004 -2.92548473199376e-005 6.49111456598231e-008 2.09051914232472e-007 1.07518619520276e-008 
-3.57227063712612e+004 1.52966432367685e+005 1.76459731891609e+003 -1.35960843343312e+003 -2.71228224989222e+001 3.16978409611763e+000 1.32428642228315e-001 9.65677947485045e-004 3.55532423673622e-005 -1.41402223319812e-005 -2.75195014658908e-006 -8.59919204924451e-008 7.91681792568578e-009 
6.26188228961001e+003 7.96274110598403e+004 -4.58615107044058e+002 -7.22285027085403e+002 -8.11176848940801e+000 1.80836433063156e+000 6.21498486460051e-002 1.02684264760671e-004 -1.52349050051314e-006 -9.33131572876748e-006 -1.42167869542193e-006 -3.02395558076496e-008 4.84290780497569e-009 
-1.51397873826654e+005 -7.54401322311154e+003 4.68789754522655e+000 3.38353074768654e-002 1.43748724183184e-003 -3.31921026673775e-004 -7.12744227433893e-005 -6.74270083923455e-006 -2.13365173587192e-007 7.07776098318999e-008 1.45275303640748e-008 
6.75856992789639e+005 -1.35786095829603e+003 -2.08515896848389e+001 7.32162045388833e-003 3.25916264447674e-003 4.44943601145309e-004 6.55070943432396e-006 -4.51578172944286e-006 -8.56442658181475e-007 -1.08725084441277e-007 -3.08461064911778e-009 
2.84802476117298e+005 -4.41223030097740e+002 -8.99186064323699e+000 6.98526685848125e-003 1.81560449884469e-003 2.71853504930032e-004 1.07491146325814e-005 -1.71401081386533e-006 -4.35392236668346e-007 -6.26126799554005e-008 -3.14083689430649e-009 
-1.66447632407710e+005 -7.50573044784193e+003 4.66185047953842e+000 -9.23206637278322e-002 -1.60566584097540e-002 9.03252865510698e-004 4.84772431057171e-004 1.49823155713043e-005 -1.22382174532585e-005 -1.33869011066060e-006 2.53948505785620e-007 
6.72975546806573e+005 -1.52319430653747e+003 -2.04066224999447e+001 3.42874131795434e-002 -1.14793350990385e-002 -2.56671163909978e-003 4.21924931305310e-005 7.00941862588584e-005 4.35784933494515e-006 -1.68078877785134e-006 -2.59750893971993e-007 
2.83848889507892e+005 -5.12073258507885e+002 -8.65175787080272e+000 3.78275318122280e-002 -4.28192820857750e-003 -1.46830346268064e-003 -2.78554806409448e-005 3.58895482175801e-005 3.59683611161171e-006 -7.56174437716153e-007 -1.65074947610376e-007 
5.23556187848768e-005 -8.84548552494151e-008 5.13919897093253e-007 2.83523042612814e-007 -1.91334125489597e-008 -1.77917795881643e-008 -1.41904681243918e-009 3.94367665724616e-010 1.25633392289676e-010 1.02864447264128e-011 
3.20189902375133e-005 -4.36178755613558e-007 -3.20654717953419e-007 5.60509679787147e-008 3.50189902529500e-008 3.76994333505972e-010 -1.43469615835677e-009 -2.57669233185371e-010 1.80530097242627e-011 1.55096258774620e-011 
5.54095920211860e-005 1.49861871664533e-006 -1.00450840364855e-006 -1.56234351491125e-008 1.01818081652292e-007 -8.73535958790045e-009 -5.04396744722946e-009 1.03235015299435e-009 1.64888584583345e-010 -6.25696209068655e-011 
3.18594547910532e-005 7.10649864399856e-007 5.55409640566790e-008 -1.51920550319259e-007 6.90968358082031e-009 1.03503822456046e-008 -1.38116388753801e-009 -4.14639152667713e-010 9.75138551015155e-011 1.18177292172319e-011 
5.63105086814547e-005 9.49210409751679e-007 5.90462583699937e-007 -6.15144175922916e-008 -3.39532190339890e-008 2.35854776098548e-009 2.60023342020032e-010 -2.30592351810771e-011 1.03672237717330e-011 4.63323373852561e-012 
3.20335765433859e-005 -4.21572529087455e-007 1.16292615807653e-007 7.67107097652093e-008 -7.43313304368836e-009 -1.92884721181732e-009 9.91942110159787e-011 3.10460935022304e-011 -4.71694862865324e-014 -3.86992909959267e-012 
5.80857098259686e-005 -3.33977944884965e-007 -5.97636097673126e-007 1.17605263349793e-007 5.27594649477679e-008 -1.56575712630035e-009 -1.55201173876640e-009 -9.78875892743528e-011 1.11176028763303e-011 4.07475276212293e-012 
3.25820924795461e-005 6.95367516602486e-007 -1.89636957765029e-007 -9.40253263425877e-008 9.23291695042869e-009 4.69627004275041e-009 1.06192062785882e-011 -1.13191400360121e-010 5.50376354983216e-013 2.65659010820969e-012 
4.28615837007603e-002 6.69984485590761e-004 3.96223953192140e-004 -2.95911181444950e-005 -1.67291742611713e-006 1.13928408873741e-006 -1.18574708142245e-007 -3.69802224042317e-008 -1.49546235870267e-010 7.04464241691493e-010 
3.88663402709839e-001 7.77487758608156e-004 -4.90715205024535e-005 -1.71636229182402e-005 2.18484804555166e-006 -1.87414317207935e-007 -8.17596559598784e-008 4.83111213543020e-009 2.16975379933992e-009 1.66722497749960e-010 
3.27696399121836e+003 9.19205141465447e-001 -3.82622927726383e-004 2.82165680655370e-005 1.90968870768957e-006 -1.03637196009231e-006 1.06751435868826e-007 3.32875003970484e-008 4.86924338474096e-011 -6.40397089174218e-010 
4.60478374316207e-002 2.09587293386506e-003 -1.29538281829334e-004 -8.02945563212986e-005 -3.75753679445044e-006 1.72261229948034e-006 2.22294489250302e-007 -5.45133297324555e-008 -3.13199064715536e-009 1.91093324120966e-009 
3.89342997606663e-001 -2.08673502052551e-004 -1.78213925808055e-004 7.92017755407031e-007 4.46361002444447e-006 4.54184039680420e-007 -1.12720512937706e-007 -1.22961319003500e-008 4.02303722712777e-009 2.31059139236613e-011 
3.27880064991374e+003 9.17868925065410e-001 1.33480407585858e-004 7.59005487972590e-005 3.04182445566312e-006 -1.59558394081266e-006 -1.94695432097560e-007 4.93781621172061e-008 2.64656380335652e-009 -1.71356830825912e-009 
4.71287034418531e-002 -1.28355280414137e-003 -4.21222049700398e-004 7.04900808557519e-005 1.02863421493730e-005 -1.31221542240898e-006 -1.22524119440061e-007 1.16573721168141e-008 7.26379707541039e-010 5.49559877107850e-011 
3.88288954751063e-001 -5.59600623715534e-004 1.44602813885832e-004 2.80468068959615e-005 -3.91697325930455e-006 -4.54828942035917e-007 5.36188180048224e-008 3.66793746476719e-009 -1.82063143739422e-010 -1.38518748578197e-011 
3.28063937497911e+003 9.21097747052755e-001 3.96005246006753e-004 -6.69441852249054e-005 -9.56378348958866e-006 1.21958184835362e-006 1.13577439358699e-007 -1.05752321870285e-008 -7.02611387955961e-010 -5.15252291645282e-011 
4.43170533902938e-002 -7.80238724346642e-004 4.30307099684692e-004 1.37428641727156e-005 -1.00562443696060e-005 6.95380963585895e-007 1.64195670747383e-007 -1.63538020643620e-008 -2.42968504543355e-009 1.34424586366469e-010 
3.88521418734154e-001 7.21100660714776e-004 6.99809920383791e-005 -2.73304214433864e-005 5.84351182489124e-007 4.85835436571215e-007 -4.73836126122698e-008 -7.93131450286968e-009 5.81570402981165e-010 9.51707372323482e-011 
3.28248178115427e+003 9.20600214758332e-001 -4.10919112736796e-004 -1.35743696722593e-005 9.48429856997490e-006 -6.31162201003865e-007 -1.52195449803755e-007 1.51411358651846e-008 2.24830180886687e-009 -1.26786635150522e-010 
