-1.41584987422367e+007 1.30341549651703e+007 1.62805645199683e+005 -2.54365070838524e+004 -8.06066294112147e+001 -1.26911664222077e+001 -1.34508970124793e-001 2.38452201181344e-003 -1.03613192386588e-004 2.00520850267915e-005 2.41873330071508e-008 3.32486560626775e-008 2.17798278067458e-010 2.87546367293286e-011 
-5.91101359683714e+007 -1.75197834586198e+006 7.08438393365546e+005 3.78002794838049e+003 -2.64394264073001e+002 1.28675263191306e+000 -5.47000535743028e-001 -1.35172122307490e-003 -5.65310038917894e-004 -3.60802965689133e-006 -2.15702579298135e-007 -3.78032788270310e-009 5.50353596743986e-010 2.63461221042771e-014 
-3.02573007655582e+007 -2.28814065614529e+006 3.61511432665348e+005 4.65819688420152e+003 -1.32859346464073e+002 2.00405012730449e+000 -2.78216895215459e-001 -9.69411239342071e-004 -2.91201884266790e-004 -4.00766142656888e-006 -1.17723806922418e-007 -5.46889169403060e-009 2.71368769766205e-010 -2.97107497050839e-012 
1.22168291249671e+007 1.30734095254088e+007 -1.59049301235339e+005 -2.89070284697716e+004 -3.60138365537573e+002 -1.47415263432464e+001 1.41766059045264e-002 1.40864647947195e-002 1.05878307497489e-003 5.91554315596806e-005 2.28930650276767e-006 8.11647184217738e-008 1.44762650190327e-009 -2.59415732492274e-011 
-5.68554695849768e+007 4.02215616804749e+006 7.26827370477564e+005 -1.00945591541941e+003 -3.84293547848256e+002 -1.45173790610948e+001 -8.68697218189950e-001 -2.29374578452883e-002 -7.97049884943504e-004 -3.99434163092435e-006 6.90093718829435e-007 7.09048603295116e-008 4.06111512788103e-009 1.83136183268462e-010 
-3.17895424710726e+007 7.91965760660996e+005 4.04727469970850e+005 2.46003810119310e+003 -1.67899555103265e+002 -6.22477440902580e+000 -4.65473382602181e-001 -1.37132422217433e-002 -5.35585513543044e-004 -8.27112186641005e-006 1.31079585529208e-007 2.94516840982695e-008 2.01899115375106e-009 1.00511175816283e-010 
3.59095814383310e+007 1.02942893322444e+007 -5.49573920855178e+005 -3.67735416011377e+004 -5.88581705048768e+002 -3.05424201236931e+000 1.37238057829154e+000 1.07083962263199e-001 5.70477899784388e-003 2.12144319618152e-004 3.26790916160295e-006 -2.88121890585743e-007 -3.49383144418568e-008 -2.30550199286179e-009 
-4.31286474364396e+007 9.65307722068102e+006 6.63852725707340e+005 -1.08820016069788e+004 -9.49176646223177e+002 -4.56573424948428e+001 -1.79162802579402e+000 -3.40099217431672e-002 1.17967698423332e-003 1.93295764844965e-004 1.33743520660507e-005 6.52774550715038e-007 2.04315546825157e-008 -2.91053354063656e-011 
-2.69157520982415e+007 4.08799481199310e+006 4.11608956925509e+005 -1.99706895004940e+003 -4.45922266350837e+002 -2.40703488498838e+001 -1.09936253542215e+000 -2.92762787191904e-002 3.82156812441023e-005 8.12354444027761e-005 6.80466502544665e-006 3.78564153231933e-007 1.45382132614498e-008 2.23658430328438e-010 
5.05995950002583e+007 3.98634079490780e+006 -1.03970408352956e+006 -4.34105292883397e+004 5.79470600739086e+001 9.29492083556052e+001 7.86202294342820e+000 3.57898033281591e-001 3.51894799801473e-003 -1.05863222072577e-003 -1.13279644291893e-004 -6.36285539497592e-006 -1.26857828226208e-007 1.54635544546669e-008 
-1.91632816709893e+007 1.40979457399459e+007 4.04022954072882e+005 -3.58260268468277e+004 -2.30148578426894e+003 -8.40790738900536e+001 -5.42055813594711e-002 2.83119536901338e-001 2.53787518286763e-002 1.24314879941317e-003 1.41489985589576e-005 -3.83318732531779e-006 -4.30490837635281e-007 -2.51469962858450e-008 
-1.56391038460336e+007 7.11664033244559e+006 3.23677405077420e+005 -1.46319659830370e+004 -1.23531915228476e+003 -5.45534917785958e+001 -8.44667241865462e-001 1.14091079229914e-001 1.31906014843771e-002 7.73847695379511e-004 1.93106864867910e-005 -1.38727282098498e-006 -2.16778679450196e-007 -1.50363200919991e-008 
-9.71759947779038e+007 -9.88457767197189e+006 1.24505104761926e+006 2.06510184465613e+004 -1.35897881596133e+003 -1.28820785963024e+001 6.68942888593084e-001 3.70001506502256e-003 -2.47830383999419e-004 -4.08466410927922e-007 
3.81319195751635e+007 -2.03829048605498e+007 -4.76143730953240e+005 4.35721106452238e+004 4.95169568121347e+002 -2.97232766634056e+001 -2.01658379572294e-001 1.19237482344168e-002 3.72191069175999e-005 -4.45324736151914e-006 
2.32563744071176e+007 -8.54348934762681e+006 -2.92996744102163e+005 1.82932281051464e+004 3.08768282243488e+002 -1.25552541509071e+001 -1.33057136187415e-001 5.12954695339518e-003 3.24309322768593e-005 -1.97735315533865e-006 
-1.06470197580073e+008 6.83633457244180e+005 1.35678231551776e+006 -2.26229010645592e+003 -1.45227662791092e+003 3.53198539255500e+000 6.64441028014531e-001 -3.75742311865361e-003 -1.98752044715497e-004 2.82219750303336e-006 
-4.72274036713962e+006 -2.20122281873845e+007 7.41006333161754e+004 4.65902150151121e+004 -1.20568159487324e+002 -3.05654813768575e+001 1.25853648138761e-001 1.07264410290066e-002 -1.02624577980674e-004 -2.90728492534603e-006 
4.56670877166531e+006 -9.94536653974349e+006 -5.25480808381628e+004 2.11012758597727e+004 3.76913499960630e+001 -1.39731034115095e+001 1.45555467288866e-002 5.06302353112049e-003 -3.35834052693195e-005 -1.48645965059163e-006 
1.29595273260681e+008 -1.02199141997840e+007 -6.25976656387569e+005 7.49135251338641e+003 2.66974014284805e+002 -1.18405533054461e+000 -5.21580922955994e-002 -2.92961145101291e-004 -7.10862973619269e-005 1.38633539731023e-005 7.33416949130804e-007 -6.99276124672218e-007 1.60406739994086e-007 
6.64580784165082e+007 1.64471476556067e+007 -3.15071577643234e+005 -1.35363696238851e+004 1.05582379233400e+002 3.69687748708228e+000 -3.11047274785242e-003 -8.70245812706192e-004 -4.84273956586746e-006 9.64167098863981e-006 -1.50078050715754e-006 1.24406238580085e-008 8.28698842659904e-008 
2.88061013955244e+007 7.13152279452241e+006 -1.36614360236521e+005 -5.86921907598889e+003 4.57805956245154e+001 1.60337981131860e+000 -1.38578693985874e-003 -4.14622568917240e-004 2.57071580965021e-006 5.49417831376543e-006 -9.99100721664210e-007 2.36762593637619e-008 4.67922474846100e-008 
1.04482087075327e+008 -1.47977838487912e+007 -5.11461602590631e+005 1.15024153172418e+004 2.30139008238196e+002 -2.50260479941918e+000 -5.31027441540333e-002 1.84484035532710e-004 -7.62087677804260e-005 -1.28529431147939e-005 1.98274525705849e-006 1.15917809147334e-006 1.47003391103679e-007 
9.63413562918758e+007 1.33111042330520e+007 -4.64965071069829e+005 -1.12666767031902e+004 1.77150236326955e+002 3.39386305666744e+000 -2.16321371743078e-002 -1.00389112153709e-003 -7.35698958985527e-005 5.24763653621876e-006 4.66392167337279e-006 7.18517320147011e-007 -1.44903805079571e-007 
4.17635809795574e+007 5.77174702144168e+006 -2.01606385236575e+005 -4.88508884571710e+003 7.68121293507125e+001 1.47190635485175e+000 -9.47365901644154e-003 -4.73480240407879e-004 -2.82590583783139e-005 4.78906004330691e-006 2.21376821779264e-006 2.15151157186981e-007 -9.71412912036338e-008 
-2.35700683483390e+008 -9.27030646840010e+006 9.68710089256577e+005 6.93919381537717e+003 -2.33171376860040e+002 -6.51034226264287e-001 -4.00408686107207e-002 -3.70291828543982e-004 1.44487450707917e-006 1.95187438581666e-006 -3.39487220997277e-009 
6.96946903228613e+007 -2.63592382960101e+007 -2.82287415128693e+005 1.78750570040988e+004 8.63910348915481e+001 -4.71762383945749e-001 5.76047084005664e-003 -7.66827055428282e-004 6.62447405383395e-006 -2.27990183434102e-007 -2.42338973258927e-007 
3.83000950061859e+007 -1.18386862958420e+007 -1.55693017859812e+005 8.01075700735886e+003 4.59337306051372e+001 -1.98719124350834e-001 3.76796184218107e-003 -3.44278765203632e-004 2.18435200704386e-006 -6.22926600041018e-008 -9.50664401184582e-008 
5.77045084223100e+008 1.14145134889525e+007 -8.47116332152736e+004 -3.19703848255746e+002 9.01646503000975e-001 4.02312741831054e-003 -1.96861407760737e-006 -1.16055197472246e-007 
-4.42181417378466e+008 1.35537866171372e+007 6.50262184228130e+004 -3.00728177885248e+002 -1.08198316222988e+000 1.66972989214535e-003 1.19726633460832e-005 8.61686987684156e-008 
-2.03612424921105e+008 5.53167916062514e+006 2.99375691448552e+004 -1.21116687567253e+002 -4.85748916518119e-001 6.17856217733756e-004 5.11507909884669e-006 3.01072313229454e-008 
-7.40927345811144e+008 1.08644220432749e+007 1.42081611709934e+004 -3.65603143725866e+001 -1.26770986404295e-002 2.61497289332866e-005 -5.77438981537703e-008 
-1.20515278890853e+009 -6.00674917784222e+006 2.31169721917494e+004 1.62976386252188e+001 -3.52871866447777e-002 9.36676681120790e-007 -6.78656382335989e-008 
-4.65861941805867e+008 -2.94799951871895e+006 8.93621525398228e+003 8.30268904595251e+000 -1.40334401860492e-002 -7.39770615757554e-007 -2.61007506638992e-008 
-5.98753466768551e+008 9.13450160998802e+006 1.62852476936028e+003 -4.27367014982133e+000 1.40494060180944e-004 7.82739751172131e-007 
-2.56221528535514e+009 -2.16222596384437e+006 6.97338521739704e+003 4.40848719682795e-001 -1.62146076815853e-003 1.40061915987812e-007 
-1.11370078739879e+009 -1.07634483618872e+006 3.03135569407162e+003 2.53899908738901e-001 -7.12391245034056e-004 4.11174854178991e-008 
2.52369870422794e+008 7.45377319164175e+006 -1.73383882944143e+002 -8.53090123710455e-001 -1.94496053793195e-006 5.66499738691933e-008 
-4.17830988662401e+009 4.94542150507685e+005 2.86478528390509e+003 -4.19468482998986e-002 -1.56466396156422e-004 4.03861070573047e-008 
-1.71649706107694e+009 1.69000692417765e+004 1.17686662069304e+003 4.05920097378627e-003 -6.41040766678692e-005 1.40971000752239e-008 
-3.49737630537431e+009 4.88801463921259e+006 2.52059209296230e+003 -5.05774915462799e-001 -2.84797265453415e-004 2.01369811117952e-008 
-2.74363206013098e+009 -6.00532110803362e+006 1.97713152048994e+003 7.85527894382943e-001 -1.68568236204942e-004 -1.26375216986538e-007 
1.97528070086086e+008 -3.34672391959721e+006 -1.42574699224081e+002 3.97632576467518e-001 3.25852548647279e-005 -3.85647037219056e-008 
-2.23835764159186e+005 1.33882247748425e+005 1.49844621745192e+004 -1.52572019657356e+003 -8.76516169988275e+001 9.30917408443822e+000 3.11821298176937e-001 -6.75125615375805e-002 -5.29990804135968e-004 5.60015938147264e-004 -1.03563775648099e-005 -4.67649146401390e-006 2.20610981706772e-007 
-2.28437933309340e+005 -1.07059084807722e+005 1.53902509522298e+004 1.10380149221428e+003 -1.08783027825281e+002 -4.56797541521551e+000 6.92140677481214e-001 1.24671023685265e-002 -5.44604286195818e-003 4.40523963417305e-005 4.52556513944286e-005 -1.60545243377712e-006 -3.67739162162309e-007 
-1.04281061445598e+005 -6.46122250332484e+004 7.02298505938145e+003 6.76236528743598e+002 -5.08275738758264e+001 -2.99840920249670e+000 3.39763294083298e-001 1.09747748839972e-002 -2.80126517713134e-003 -1.41944536556777e-005 2.42570327429817e-005 -5.26121570880036e-007 -2.06154030256362e-007 
9.83186851364828e+004 1.70751607851262e+005 -5.74249598865205e+003 -1.54444812133161e+003 6.14763101066929e+001 2.99240242931748e+000 -3.68764099611365e-001 1.79836158795739e-002 6.83853814551270e-004 -1.77259064924817e-004 9.71820244559523e-006 3.76111125454291e-007 -9.79617820065816e-008 
-2.99574070359944e+005 3.78420552096564e+004 1.77744538553005e+004 -6.05360984132829e+002 -7.46612974755665e+001 4.62940138971493e+000 -3.61182099178133e-002 -1.81880736968036e-002 1.90513325928073e-003 -3.77964607203742e-005 -9.50081442798799e-006 1.02521095240831e-006 -2.18873099402096e-008 
-1.62627691457931e+005 8.42897863783905e+003 9.64155230388585e+003 -2.12753296056962e+002 -4.29845733655486e+001 2.21118764759992e+000 5.71804504066186e-003 -1.06625539322461e-002 9.46750386574237e-004 -7.93180894703440e-006 -5.59233723490944e-006 5.08994873880760e-007 -4.90521786687478e-009 
3.48546170289647e+005 6.96732528327069e+004 -1.74936529911676e+004 -3.96643874433165e+002 7.09111145967284e+001 -6.76959154604758e-001 -2.63920344883246e-002 2.22216195436520e-003 -4.42640528895925e-004 3.07378260943989e-005 -7.75391685180309e-008 -9.20685998760220e-008 7.15602834501887e-009 
-1.14867945442150e+005 1.36950293101550e+005 6.00958498539042e+003 -1.18390087948081e+003 -5.92263511985377e+000 2.26281925282429e+000 -6.40963494921444e-002 4.23631992682409e-003 -1.75170186289565e-004 -1.62766647426958e-005 2.03484837960583e-006 -7.88534595068169e-008 1.05504724754292e-009 
-8.29095062677839e+004 6.67747837177188e+004 4.29200770457763e+003 -5.90666166658522e+002 -7.81725357291098e+000 1.22419358529799e+000 -3.15392636337830e-002 2.05768818107048e-003 -6.19980146115801e-005 -1.05152680123051e-005 1.06502825511103e-006 -3.49469048887406e-008 7.49714445724673e-011 
3.45685721689520e+005 -7.12496736879986e+004 -1.59895694845997e+004 5.99400721592159e+002 5.16521172297459e+001 -1.28698711819593e+000 -2.77825236362213e-002 7.99310656898642e-004 1.33620485418257e-004 -3.74809141164228e-006 -9.26680143470594e-007 2.59476149932494e-008 1.75225371352781e-009 
1.62997575171521e+005 1.29628681270038e+005 -7.46658099621891e+003 -9.73864971064818e+002 2.95553581338026e+001 1.38838848735725e+000 -3.36589600390190e-002 -6.93950843074969e-004 3.15923681920341e-005 1.23201666118603e-005 -3.55404487478288e-007 -3.84615320243872e-008 1.22393679123269e-009 
6.21329246820000e+004 7.22987818852834e+004 -2.83287487044320e+003 -5.47583814110682e+002 1.19705427785713e+001 8.10654842322950e-001 -1.56721532238253e-002 -4.17780217579494e-004 7.63412405040238e-006 6.67212150844108e-006 -1.23801202865083e-007 -2.17797706584237e-008 5.21287983458987e-010 
1.06563692482094e+005 -1.58475826899723e+005 -4.77068861915754e+003 1.19645128934329e+003 2.23274945035799e+001 -1.50903404005359e+000 6.09659625714499e-004 -1.18085294182134e-003 -2.88034071902067e-004 -9.55935647705331e-006 5.08576366127111e-007 2.08156275364009e-008 4.70741793890535e-010 
3.32394733272833e+005 3.30042016796685e+004 -1.55460224519231e+004 -3.23483929568287e+002 4.94497377194887e+001 7.15762478110566e-001 -4.47054218132861e-003 2.69010392506087e-003 1.23149631824452e-005 -1.44137484744911e-005 -6.25456031978185e-007 2.14842500891608e-009 -1.00862117447347e-009 
1.66280160863283e+005 2.76974569734826e+004 -7.79058458711891e+003 -2.48053800681169e+002 2.43183613139915e+001 4.74603553616325e-001 -2.41019695340843e-003 1.47837099362504e-003 2.54980553581756e-005 -6.88538064705890e-006 -3.59967590684132e-007 -2.51059366134048e-010 -5.56130591640441e-010 
-2.00394573465199e+005 -1.35567592387692e+005 1.06558277860333e+004 1.28089884507644e+003 -1.63799502639470e+001 -3.03560852292367e+000 -1.66134223028320e-001 -8.23781539636437e-003 2.84325133400773e-004 6.92825334983641e-005 4.52531450550864e-006 8.86886843203578e-008 -1.62304716480124e-008 
2.71994213297332e+005 -9.22870186394724e+004 -1.41721082853999e+004 5.94951099722000e+002 6.63490225324004e+001 9.02031332591735e-001 -3.63119988477354e-002 -9.92310906050090e-003 -8.89744943476662e-004 -2.17548319236999e-005 2.35050973090733e-006 3.27032815108981e-007 2.06827495218735e-008 
1.55095029473768e+005 -3.91549423092168e+004 -8.09562471671110e+003 2.25607787541377e+002 3.57070639467580e+001 6.70953106616424e-001 -8.05551600934181e-003 -4.63225109467145e-003 -4.82739260416571e-004 -1.59159426334379e-005 9.27525521302323e-007 1.64712005752681e-007 1.18570408752989e-008 
-3.44795548794125e+005 5.07072159410438e+002 2.16652143118025e+004 2.96464348681060e+002 -1.16920424683000e+002 -5.56487741115400e+000 2.46267097200605e-001 5.04384162367715e-002 1.67410656627959e-003 -2.71294707157364e-004 -3.09590882971061e-005 1.03935391584569e-007 2.65279240127172e-007 
9.67823026647596e+003 -1.58693151260598e+005 -6.12743836727006e+002 1.60531717762430e+003 3.87093569026191e+001 -5.70485878909655e+000 -4.95686183253133e-001 1.01938078430540e-003 3.59820322001400e-003 2.28534060189831e-004 -1.30278780031730e-005 -2.72318253536422e-006 -7.76975304635902e-008 
2.78655420488624e+004 -8.27787652624239e+004 -1.75032109414123e+003 8.17801761659895e+002 2.79113385450644e+001 -2.60967275985107e+000 -2.74818532500244e-001 -2.79301196587770e-003 1.76631941806170e-003 1.37089054921429e-004 -4.75240211459896e-006 -1.42712329732642e-006 -5.80241561543320e-008 
-1.84524264731613e+005 1.52133997173817e+005 1.25762110658756e+004 -1.72210252292613e+003 -7.91654159424792e+001 1.03349913321543e+001 3.91131948124773e-001 -7.53902208165033e-002 -2.35002712248581e-003 6.67888833600912e-004 1.47373859849053e-005 -6.40018864961026e-006 -7.82967308280829e-008 
-2.51870465313117e+005 -8.77643985737318e+004 1.71642847630188e+004 9.32695949406709e+002 -1.20678396470109e+002 -4.58630857181952e+000 7.66430121488132e-001 2.43518002962394e-002 -6.28019775099685e-003 -1.47863466277223e-004 5.80600138195856e-005 8.13458332546546e-007 -5.66730612709154e-007 
-1.19083763240061e+005 -5.57954055122577e+004 8.12200592831025e+003 6.00053738940266e+002 -5.77394400068105e+001 -3.07503264835645e+000 3.74001239168073e-001 1.76789352560375e-002 -3.12051121047331e-003 -1.21195957919460e-004 2.93088577199487e-005 8.46595132325684e-007 -2.90408332879577e-007 
-3.18675625589276e+005 -7.41757674667473e+003 1.77280232829144e+001 1.89390275595955e-003 3.04241748976558e-003 1.09444733731494e-004 -5.18423309382822e-007 -1.10393592503967e-007 -1.34690143977466e-008 1.26419121488006e-008 -1.18678659112683e-010 
1.09914337429846e+006 -5.50448315855059e+003 -1.58262195779264e+001 -3.34590988831104e-002 -6.80097535510621e-004 9.28348660872154e-005 7.39438223495182e-006 2.16623079649606e-007 2.85010818563611e-008 -9.23444894309125e-009 4.13277970251249e-011 
4.66690192675230e+005 -2.16361400894746e+003 -7.02597013230583e+000 -1.81099031352914e-002 -5.04730144591684e-004 3.48676011035119e-005 3.91124946119489e-006 1.28657009202979e-007 1.66537216548228e-008 -4.04648082154110e-009 2.25293255871720e-011 
-3.33368200611643e+005 -7.27468686037469e+003 1.81040443902970e+001 6.36278957767490e-002 3.94272801193433e-003 -1.62604700808125e-004 -4.26192796729486e-005 -4.90253429416287e-006 -3.65438731532185e-007 1.33559902356849e-008 4.42702192270484e-009 
1.08800653949936e+006 -5.63266225964191e+003 -1.61903552289869e+001 -1.59405424553616e-002 3.94413094898678e-003 4.25715715336230e-004 1.81640605378122e-005 -1.02990988473518e-006 -3.81698619945951e-007 -6.51343026348841e-008 -4.80633403018864e-009 
4.62306034370379e+005 -2.22073099043868e+003 -7.24581026889247e+000 -1.30078871527974e-002 1.78742452964384e-003 2.39422824314170e-004 1.40946112995577e-005 -3.96418943185381e-008 -1.65981257667267e-007 -3.40331247735347e-008 -3.04006181844788e-009 
-5.78926855790594e-005 1.25916672691578e-006 4.24699551176062e-007 -3.33849398064349e-007 -2.59379373575834e-008 2.55102170632488e-008 -1.08955060014282e-009 -1.18162251519002e-009 1.88464852141264e-010 3.58754950954750e-011 
3.58668587372994e-005 -5.66692000574222e-007 3.40352346974244e-007 6.99930322935283e-008 -4.33090108676657e-008 -1.53783868839417e-009 2.63052844720452e-009 -1.77647335296240e-010 -1.09501381487086e-010 1.54727869423814e-011 
-5.80995556241325e-005 -1.76700411790434e-006 -1.27941520586653e-009 2.09260851386532e-007 -8.34368336217016e-009 -5.92638713075748e-009 3.81891997311390e-010 1.43485559204901e-011 1.04972044076912e-012 2.77620418167978e-012 
3.57477850525368e-005 -2.17919876167883e-007 -3.10532913248472e-007 6.25443596461248e-009 1.84976486632278e-008 -9.97911972944823e-010 -3.74778079809580e-010 3.13457264326973e-011 1.58757691891210e-011 -1.22686349982926e-012 
-5.85464887603126e-005 1.27121270593186e-006 -4.45572880717266e-008 -1.98130969433233e-007 -2.81034467313074e-009 5.94476054826993e-009 4.33604672909880e-010 -5.13052697899673e-012 -7.37210847997745e-013 3.41775596909394e-012 
3.47923389438632e-005 -1.58894021076161e-007 3.05267735202730e-007 -4.02779604916200e-009 -1.88063795973520e-008 -8.05918561399089e-010 2.09296060985134e-010 -2.68866070730711e-011 -3.00563615631730e-013 6.26493199962050e-012 
-5.82189221350060e-005 -2.04114323513048e-007 8.07325812074570e-007 2.57454695058412e-007 -7.70736469351125e-008 -2.59593487370259e-008 3.36095585018220e-009 1.71537816806263e-009 -7.89124421294220e-011 -8.55861154419897e-011 
3.45003934541442e-005 -7.80624231302382e-007 -2.95738818306111e-007 1.15109687658971e-007 4.09284932179121e-008 -7.20988241248193e-009 -2.95979066840043e-009 2.43747503813500e-010 1.51844622760999e-010 -5.07604169862514e-012 
-4.47535678477612e-002 -3.71621015151090e-004 -3.15163359474052e-004 3.35454529088485e-005 1.18292071309764e-005 -1.30831909929781e-006 -2.85919132245832e-007 5.46560413324502e-008 3.03038882467546e-009 -1.90072229314382e-009 
3.88628284456001e-001 -4.93187942044887e-004 6.35350291106186e-005 2.47370067835606e-005 -2.57317386054150e-006 -7.20827279540152e-007 1.03704729893659e-007 1.28735282299472e-008 -3.98724086064030e-009 5.60636290286284e-011 
1.37104581850326e+003 9.20179017063197e-001 3.04279825320359e-004 -2.89402098261916e-005 -1.13227138760560e-005 1.19979055448568e-006 2.74065279172940e-007 -5.15292374853857e-008 -2.98749570888671e-009 1.81008899941246e-009 
-4.60681598592679e-002 -4.63004844318434e-004 2.21516024996832e-004 6.00269965546305e-006 -6.33410190694603e-006 6.33395019686064e-007 7.99792173917122e-008 -1.36912635239946e-008 -4.19740969844561e-010 7.90754198006133e-011 
3.88410889983583e-001 2.50710559836915e-004 4.34717939384669e-005 -1.61233000735101e-005 7.47562472664143e-007 2.96179981237058e-007 -4.15370925986384e-008 -2.38547217617545e-009 4.64241520761710e-010 1.70797707159876e-011 
1.37288682561543e+003 9.20381413999019e-001 -1.94740149028150e-004 -7.24259696464882e-006 5.76380524985369e-006 -5.76796997278659e-007 -7.37765317508179e-008 1.27678266987055e-008 3.65354679888700e-010 -7.35393437129074e-011 
-4.55235112246366e-002 9.03190959404674e-004 1.10947231861316e-004 -5.97251056521260e-006 -2.09702682729779e-008 -5.91605222314393e-007 -6.18292596516354e-008 7.69486502879183e-009 6.44662189883169e-010 5.24097371940918e-011 
3.88870492064895e-001 1.35998515981515e-004 -4.84892688491837e-005 -4.55234124181075e-006 -7.33996617227939e-007 -9.64534945096503e-008 3.35791104081282e-008 3.22902457293015e-009 -8.05410939184084e-011 9.23329712253947e-012 
1.37472623732362e+003 9.19107851358684e-001 -1.14930841155462e-004 4.01045331197038e-006 1.35860330011793e-007 5.58203553510502e-007 5.79964252755712e-008 -6.88230823863139e-009 -5.82086160964569e-010 -5.17543682489330e-011 
-4.35999301253293e-002 7.09843764666928e-004 -2.55953853243444e-004 -4.56119628463859e-005 6.31494946285089e-006 2.22985204940177e-006 -5.84279531514412e-008 -8.35370314640713e-008 -3.23463274435217e-009 2.74821482222733e-009 
3.88569406713124e-001 -4.60614515097748e-004 -6.37981750318296e-005 1.76764571317447e-005 3.96734284288981e-006 -3.02617759099207e-007 -1.67217374125026e-007 -4.55080595093414e-010 5.84513276487582e-009 3.81998049037208e-010 
1.37656422905895e+003 9.19174890817760e-001 2.29647829132001e-004 4.53716076816888e-005 -5.53934955618696e-006 -2.12446014220368e-006 4.20090864354903e-008 7.83629849616843e-008 3.48080631178106e-009 -2.55094670337971e-009 
