4.87605042440950e+007 -6.17629367458211e+006 -1.45244698353770e+006 -1.45810202288631e+004 4.37863307066876e+003 3.36553233985561e+002 5.04518819949074e+000 -1.35401527556985e+000 -1.37416032697576e-001 -3.39174977869528e-003 5.61224913867174e-004 6.98744450679150e-005 2.38172371829569e-006 -2.58844808731135e-007 
1.03900857917628e+007 1.48779328599690e+007 -2.90209477224596e+005 -8.13830892401199e+004 -2.74268141809594e+003 1.29425667208250e+002 2.23593907790407e+001 1.08072740262626e+000 -3.74162521643937e-002 -9.47668985253039e-003 -5.70513201320227e-004 1.15095927448663e-005 4.74992322821501e-006 3.41973522970946e-007 
3.37269689482878e+005 8.58767882619291e+006 -4.31356111243509e+003 -4.19568109092767e+004 -1.91926493902645e+003 3.42122620681380e+001 1.14195001101202e+001 7.17739714516656e-001 -5.72793313810488e-003 -4.70993513385814e-003 -3.62960970050345e-004 -1.10205863658142e-006 2.28999234650696e-006 2.09516622161143e-007 
2.53800511200610e+007 -1.68479530629394e+007 -1.01831324636458e+006 9.52636326480577e+004 7.20535583623577e+003 -3.23337020434881e+002 -5.46280974542012e+001 4.76747157549565e-001 4.24687232919775e-001 1.07181371906845e-002 -3.14018338156119e-003 -2.02931603442147e-004 2.03709818844135e-005 2.58448752070494e-006 
3.44696516678606e+007 8.31454835414466e+006 -1.33843536247253e+006 -7.23162285734275e+004 5.40287086177436e+003 5.38127796500303e+002 -1.69228960530842e+001 -4.26967503966579e+000 -1.57307385433828e-002 3.32491001831287e-002 1.28859967949606e-003 -2.39039895419353e-004 -1.98603931859235e-005 1.43578940439086e-006 
1.56249008624669e+007 6.18917063700342e+006 -6.09251874150253e+005 -4.85106706784398e+004 2.13828555777883e+003 3.20980918732851e+002 -3.37126001492348e+000 -2.33005206980659e+000 -5.24652465976518e-002 1.66475027196624e-002 1.01409359751923e-003 -1.06625014218867e-004 -1.27217263178323e-005 4.98758102001842e-007 
-1.20008590696240e+007 -1.92937781094182e+007 4.42881396654373e+005 1.15304323971071e+005 -5.10929965001770e+003 -4.43715373978692e+002 4.77484947422814e+001 1.13241946171169e+000 -3.96641165446942e-001 7.74054555083005e-003 2.88986898359748e-003 -1.89946362067048e-004 -1.66547933894757e-005 2.43144339845866e-006 
3.90314647293774e+007 -3.87904199275187e+006 -1.48834447288993e+006 4.94755415924144e+004 6.23866256024928e+003 -4.67223051878310e+002 -2.03826023201697e+001 3.97460014635153e+000 -1.19852217069363e-002 -3.03518598287894e-002 1.38735516595727e-003 1.94980384235070e-004 -2.04609372256328e-005 -8.15704725705746e-007 
2.19400107783673e+007 -7.00951999439303e+004 -8.40928214184822e+005 1.44634120440189e+004 3.86240382545101e+003 -2.03523552291893e+002 -1.58411671340771e+001 2.00548460737377e+000 3.47512390399155e-002 -1.70151326840649e-002 4.41202067365332e-004 1.23853656509551e-004 -9.20092891059824e-006 -6.87967837368611e-007 
-4.38495729409155e+007 -1.19016914753909e+007 1.22831487070244e+006 1.73035481241493e+004 -4.83099885470133e+003 2.57744757797049e+002 1.40048935423406e+000 -1.39780114718741e+000 1.08725639287611e-001 -1.37972502514580e-003 -5.22419703667135e-004 5.46734661052049e-005 -1.60570589162880e-006 -2.05414870266969e-007 
2.19628978040116e+007 -1.24417017877303e+007 -6.06721984891610e+005 7.71296086709635e+004 -1.62655508375562e+003 -1.66533219341761e+002 2.00782895459962e+001 -7.91289479565114e-001 -4.13940706172926e-002 8.00218255915768e-003 -4.52299133994451e-004 -8.91974194966506e-006 3.64562652591607e-006 -2.73826512374588e-007 
1.61275822228234e+007 -5.41067060461664e+006 -4.51513535523074e+005 3.94023978007921e+004 -3.67567206555745e+002 -1.15693376527133e+002 1.05792320462214e+001 -2.77629153522208e-001 -3.33907537411966e-002 4.41740557507767e-003 -1.87386279036023e-004 -1.04369295125296e-005 2.11385823595866e-006 -1.24948037093695e-007 
-9.46065286348692e+007 1.10450550037953e+007 1.19522797899365e+006 -2.41145521801003e+004 -1.23396754210309e+003 1.76022210060148e+001 4.87533073532740e-001 -8.22834952227538e-003 -7.68201789116060e-005 3.47873571008164e-006 
-4.64367769034563e+007 -1.92608045332050e+007 6.02227663719330e+005 4.00291426658212e+004 -6.79605962589531e+002 -2.43900188250548e+001 3.68238011811922e-001 6.29819876965483e-003 -1.57542070095367e-004 -1.65291928798236e-007 
-1.49491076616682e+007 -9.36352525055221e+006 1.95250040437813e+005 1.95330775972588e+004 -2.27604084776264e+002 -1.20857659419252e+001 1.34787503086154e-001 3.35395742648819e-003 -6.60135336608112e-005 -2.94512142672261e-007 
-6.40878769127937e+007 1.91442226753298e+007 8.00846316634029e+005 -4.04878472346720e+004 -7.84545778364002e+002 2.63693490117618e+001 2.40108071009611e-001 -8.90019264478534e-003 2.58663011826274e-005 2.00038009627177e-006 
-7.87722586191568e+007 -1.27401340283358e+007 1.00293254515231e+006 2.57830213066866e+004 -1.06765506223110e+003 -1.39956950009249e+001 4.76168932650925e-001 1.57671058429113e-003 -1.27142686390621e-004 1.56257365030706e-006 
-3.14269054450150e+007 -6.94293308695123e+006 4.00466497300080e+005 1.41610363788748e+004 -4.30611453198841e+002 -7.96496732934686e+000 1.98999586886571e-001 1.27268929120659e-003 -5.88308768442164e-005 5.75513432242742e-007 
7.12733134324955e+007 -1.82790176872946e+007 -3.53215564641993e+005 1.47150898013767e+004 1.67475589975548e+002 -3.72694421647067e+000 -4.48536283436835e-002 3.46708092814059e-004 -1.37298226082424e-005 5.03795261669988e-006 -4.12540845314311e-007 8.62277711230348e-008 2.17364362741945e-008 
1.18852981209312e+008 9.10369891760946e+006 -5.81034183609655e+005 -7.92590111339753e+003 2.37947273584779e+002 2.61646170224482e+000 -4.24415975271334e-002 -9.66370237191708e-004 1.84449718782916e-005 5.98420512687955e-006 -3.84840596900523e-007 1.43550642951015e-007 -3.42565835394710e-008 
5.15247510033183e+007 3.94744242736520e+006 -2.51932342687883e+005 -3.43654664024614e+003 1.03173566121970e+002 1.13436801625957e+000 -1.85419548384510e-002 -4.10830920528461e-004 1.41969407040993e-005 2.12098044147810e-006 -2.24441671313451e-007 6.45370208773290e-008 -1.96712088704986e-008 
3.24769200687700e+007 -2.03588903974189e+007 -1.63195272442669e+005 1.67440705287443e+004 8.32616440777847e+001 -4.61587633834528e+000 -2.54802535153258e-002 6.84704921930077e-004 -8.35943896853610e-005 4.59904665375652e-006 6.05026008763011e-006 2.69219925469106e-007 -3.97809069944047e-007 
1.32158980709170e+008 4.14328594206225e+006 -6.51773468222275e+005 -3.76210576902549e+003 2.78614528166528e+002 1.39906922681149e+000 -5.85500839548418e-002 -1.00064292267550e-003 2.07543528133857e-005 3.89255016510683e-005 2.13359606668788e-006 -2.38854231916385e-006 -3.86937374175462e-007 
5.72944265290069e+007 1.79664542487185e+006 -2.82603607278210e+005 -1.63115927822740e+003 1.20805606640989e+002 6.06279852987016e-001 -2.55143468404585e-002 -3.98712984753993e-004 2.05583601324613e-005 1.48654761468382e-005 3.34489786332605e-008 -9.76390633438617e-007 -1.00732817363757e-007 
-2.46273570591256e+008 -1.25231113395115e+006 1.02898886510532e+006 3.04912555360979e+003 -2.56470056960315e+002 -1.70242415678348e+000 -4.62705047703178e-002 -1.14279841049347e-004 6.83697926399631e-006 1.30381688733280e-006 1.01583147990027e-007 
1.54132898659066e+007 -2.77367406044698e+007 -5.97999622935007e+004 1.91820916903850e+004 7.65964131655405e+001 -5.96454398215559e-001 -1.72039915184434e-002 -9.49287704431786e-004 -6.04046086189133e-006 2.81384981757859e-007 -9.39800085319905e-008 
1.36902174361083e+007 -1.26875064528206e+007 -5.52784637753621e+004 8.71553332851526e+003 4.20748660658941e+001 -2.27464302491834e-001 -6.65666033732474e-003 -4.32843253236664e-004 -2.75007567038972e-006 1.88093422476774e-007 -4.23540016213002e-008 
5.99184446524698e+008 1.07217259830729e+007 -8.84588751491420e+004 -3.04636520375730e+002 9.81645708166284e-001 3.98359435048853e-003 -2.07947272239697e-006 -3.39231296972641e-007 
-4.14565268068694e+008 1.40592697563338e+007 6.13147647844678e+004 -3.17756392118285e+002 -1.04558063474714e+000 1.96458230244085e-003 1.12201058236759e-005 1.56839211758730e-007 
-1.92314261097139e+008 5.76523497332628e+006 2.84379673354616e+004 -1.28782824120355e+002 -4.72102741948666e-001 7.45132555885706e-004 4.88648391367671e-006 4.46435355304704e-008 
-7.19086228135433e+008 1.09763290283938e+007 1.37682372787419e+004 -3.67590850219338e+001 -1.21768941766288e-002 2.42230491964713e-005 5.28624544762426e-008 
-1.21698073895091e+009 -5.82104071080369e+006 2.33091566914640e+004 1.57331397674436e+001 -3.52733907713280e-002 1.66338593038851e-006 1.61348386251079e-007 
-4.71686138314341e+008 -2.87611508597148e+006 9.03449976351291e+003 8.07802263370036e+000 -1.40484299397009e-002 -2.83444809811884e-007 5.71794429633762e-008 
-5.80471597722138e+008 9.14732471136010e+006 1.57725472045412e+003 -4.27130122584343e+000 1.55111230693523e-004 6.44838398249260e-007 
-2.56648393376005e+009 -2.10641816224173e+006 6.97851980842548e+003 4.14919717431207e-001 -1.62000865338587e-003 6.61935282316631e-008 
-1.11582921671417e+009 -1.05208199717091e+006 3.03433411923199e+003 2.42504783056525e-001 -7.12118446291047e-004 1.63176865579027e-008 
2.67275997317275e+008 7.45234517181240e+006 -1.83621112315531e+002 -8.53111813935794e-001 -7.85976430325320e-007 4.97613790710077e-008 
-4.17729788566471e+009 5.17458376824553e+005 2.86426692329467e+003 -4.44452914278934e-002 -1.55945029219158e-004 1.38237853854174e-008 
-1.71645384586354e+009 2.63151796306376e+004 1.17690918462243e+003 3.03520499122554e-003 -6.39337516032819e-005 4.47319741716095e-009 
-3.48758013063325e+009 4.90815502132395e+006 2.51449546582216e+003 -5.10328602968701e-001 -2.84364256469463e-004 3.53848112089421e-008 
-2.75562685547731e+009 -5.98946639656711e+006 1.98654159265082e+003 7.82811756546034e-001 -1.70845178298283e-004 -9.93392682673140e-008 
1.90833496765554e+008 -3.34784542202066e+006 -1.37800004548355e+002 3.98148057644279e-001 3.18478860176833e-005 -4.02856475621464e-008 
1.50122017847366e+005 1.64253498286351e+005 -9.00945828930150e+003 -1.45715361027660e+003 8.18754572416276e+001 2.26049574397271e+000 -4.80341796131515e-001 2.63521659758060e-002 1.19142531965634e-003 -2.76245031035893e-004 1.24579796590660e-005 1.08070980742238e-006 -1.82825552829854e-007 
-2.78499056723334e+005 6.06926646354119e+004 1.67559232875960e+004 -8.45938481261116e+002 -6.65234155357256e+001 5.90197562202924e+000 -1.06549215989713e-001 -2.52962365005894e-002 2.75642622312128e-003 -2.94861385351171e-005 -1.75927932375535e-005 1.59984231654634e-006 8.28979395411049e-009 
-1.55027763120505e+005 2.08226852639557e+004 9.33047228348846e+003 -3.45498121800358e+002 -4.01192373553650e+001 2.93037495112633e+000 -2.37772892043789e-002 -1.49340809351919e-002 1.35889635376417e-003 2.85669487126306e-006 -9.99777773602615e-006 7.63049534602063e-007 1.63899636049641e-008 
3.67379543345165e+005 4.51409035046399e+004 -1.84792749122165e+004 -1.62752722270112e+002 6.89605750082044e+001 -1.47775794207369e+000 3.49901534382950e-002 3.08636163017412e-003 -7.19758374735097e-004 4.11596539451909e-005 -5.01844355512503e-007 -1.14047750568196e-007 1.55378044348569e-008 
-6.30074327886637e+004 1.43516777730374e+005 3.35781325617474e+003 -1.20368065860830e+003 7.38963707163583e+000 1.72817056937770e+000 -9.39460834316085e-002 8.56338891670986e-003 -2.35230012207663e-004 -2.35614979373401e-005 2.72835936976622e-006 -1.63041644482005e-007 3.94311908339481e-009 
-5.70043686095799e+004 7.18300990353861e+004 2.96135766441910e+003 -6.17510042816925e+002 -6.72711988992797e-001 1.00165906387891e+000 -5.12897721093891e-002 4.25882436913258e-003 -7.52618960282126e-005 -1.50059771194122e-005 1.45629277540469e-006 -7.74885079567895e-008 1.03050324301456e-009 
3.15596479814946e+005 -9.36879892157436e+004 -1.46382300070056e+004 7.47672248563617e+002 4.63284257033523e+001 -1.06631178546672e+000 -2.50661215171015e-002 -2.84134539400456e-003 1.51255215448794e-004 8.64620166676674e-006 -7.51621974567391e-007 -1.09822588018020e-008 -4.30770575419622e-010 
2.07996818234498e+005 1.16767673955553e+005 -9.45847186048119e+003 -8.70064371454644e+002 3.29741753000712e+001 1.20627663568489e+000 4.22376665498966e-003 -9.82009889122375e-004 -1.74073262801998e-004 1.25125431128357e-005 2.10449060531501e-007 -1.82914507752593e-008 -1.16112248073169e-009 
8.75852571917525e+004 6.69537170034161e+004 -3.97797455567750e+003 -5.02776558014119e+002 1.42149433180629e+001 7.01226943695038e-001 3.74482555922514e-003 -3.29257223511659e-004 -1.00688035279679e-004 5.96195011271424e-006 1.59044494897782e-007 -8.85661426845961e-009 -5.77133092030188e-010 
4.71646137305385e+004 -1.64225575066800e+005 -2.07484971347701e+003 1.26992726788065e+003 1.57802745901915e+001 -2.01029175858131e+000 -3.42370467807130e-002 8.77677172288171e-004 -7.66682411597744e-005 -1.52864929623946e-005 1.84738940591594e-007 5.97842488881412e-008 4.55356189047052e-010 
3.40319710359824e+005 1.01018028045288e+004 -1.59605694271754e+004 -1.59170474312636e+002 5.44319000386394e+001 7.65625435416802e-001 -3.56820445430973e-002 -1.77052156670413e-004 1.13715398406184e-004 -5.67788972074776e-006 -1.00250797218211e-006 -1.18661073175995e-009 2.14121786462583e-009 
1.73995532687564e+005 1.59280982404356e+004 -8.18635574293595e+003 -1.65188822117105e+002 2.74211985114700e+001 5.29818861401259e-001 -1.65521670674307e-002 -1.53271921848604e-004 6.42267920367179e-005 -1.96814292491074e-006 -5.34747116437297e-007 -4.46916306506394e-009 1.08970151771655e-009 
-2.48792763785178e+005 -1.18918362741464e+005 1.32073344107371e+004 1.15450042319578e+003 -3.36401784417218e+001 -3.14243647491419e+000 -8.62766239610576e-002 -3.71411441106077e-003 1.53797421231553e-004 4.60347826160218e-005 2.81576897058641e-006 2.71837894846912e-008 -7.62286342741851e-009 
2.37821307273028e+005 -1.09550593400354e+005 -1.22877807597142e+004 7.88476735763007e+002 6.11785801725584e+001 -1.75698147165630e-001 -6.78107224863254e-002 -5.93115792120258e-003 -5.57457806349977e-004 -1.55677985563749e-005 1.68167405058173e-006 1.83352445372091e-007 9.57633652066236e-009 
1.39792593087685e+005 -4.93657181470957e+004 -7.25505318020256e+003 3.37202012494504e+002 3.40991964155828e+001 1.07034165127574e-001 -3.00313956839956e-002 -2.85205054589286e-003 -3.00041461347236e-004 -1.10450626260066e-005 6.97273347277625e-007 9.38379172822324e-008 5.47250229523929e-009 
-3.47198871941913e+005 2.74527985205029e+004 2.13771874156376e+004 1.71385914681369e+000 -1.13955411599828e+002 -3.79996199645132e+000 2.22256976827105e-001 3.55431928578747e-002 1.42504601632319e-003 -1.40865107096707e-004 -2.04835944522349e-005 -5.08004825652111e-007 1.12898845000054e-007 
-3.86694407477049e+004 -1.54632852003856e+005 2.40521370355031e+003 1.55991313186458e+003 1.86180739543552e+001 -5.36469957233469e+000 -3.58329158463337e-001 -1.29384682164135e-005 2.30982448693804e-003 1.75139411263128e-004 -3.54691069307481e-006 -1.52554815742540e-006 -8.98643680052612e-008 
2.19617769371368e+003 -8.22560502744976e+004 -1.14977787453502e+002 8.13382836794544e+002 1.69690893148776e+001 -2.55799830973048e+000 -2.00895001610504e-001 -2.26014723373247e-003 1.11304367115396e-003 1.00214536165910e-004 -5.45505306779383e-007 -7.62579739967233e-007 -5.40035071893384e-008 
-1.44672034061194e+005 1.65361407123990e+005 9.80845239762941e+003 -1.81535619764471e+003 -6.56555253426432e+001 9.85318432477972e+000 4.15373717800576e-001 -6.15372436299886e-002 -3.63828115903335e-003 4.69091153907580e-004 3.57286198714742e-005 -3.87416718024312e-006 -3.64921252337652e-007 
-2.72677551071213e+005 -6.58811328391409e+004 1.83081045840786e+004 7.19093451477876e+002 -1.21671549774435e+002 -4.16846822058437e+000 6.78252184143125e-001 3.20171536616404e-002 -4.79912469886650e-003 -3.05902672196945e-004 3.85838299381888e-005 3.10005882574940e-006 -3.26558069088921e-007 
-1.32534609170688e+005 -4.48195580768395e+004 8.91444261605037e+003 4.90473237410779e+002 -5.92826482718934e+001 -2.80147185620462e+000 3.27177047308637e-001 2.06047568399039e-002 -2.26943454207058e-003 -1.89255490652252e-004 1.78310624681844e-005 1.86185406081005e-006 -1.46927837583011e-007 
1.93127309052682e+005 1.54236342960817e+005 -1.17065315721990e+004 -1.35046153394238e+003 9.47445173398071e+001 2.04441943024453e+000 -5.55404686783676e-001 2.56245685801940e-002 2.17533267186021e-003 -3.21107347800114e-004 4.22795162029463e-006 2.21392762097949e-006 -1.80793226429638e-007 
-2.54455665730744e+005 8.15701657359408e+004 1.54045283378525e+004 -1.03143190196603e+003 -6.00368699200680e+001 6.64311355607615e+000 -1.05311506069427e-001 -3.30321438729581e-002 2.88640925815310e-003 5.75826460791731e-005 -2.51690104468131e-005 1.20034123519316e-006 1.22754111035454e-007 
-1.44484737364932e+005 3.27049752137138e+004 8.76708766907197e+003 -4.52337230493735e+002 -3.73689978383598e+001 3.33430582482862e+000 -1.93379014530935e-002 -1.88479491132325e-002 1.36541458171523e-003 5.04599559847865e-005 -1.33838405882712e-005 4.84440969036414e-007 7.54705308860744e-008 
-3.47770107336934e+005 -7.12657883381781e+003 1.88315810149151e+001 4.24864053060522e-003 -1.60368303253839e-002 -8.98747936425434e-004 2.95377794238206e-004 5.42321931610522e-005 -1.20616894926031e-006 -1.56195276133870e-006 -1.54697583372206e-007 
1.07661221995749e+006 -5.76132393479940e+003 -1.57919668388521e+001 7.82231763631556e-002 -3.08768957386256e-004 -2.17086275143907e-003 -2.13951746209382e-004 2.82384817515224e-005 8.74381438842240e-006 2.43435053229086e-007 -2.08630886025698e-007 
4.57806706896011e+005 -2.27845922990715e+003 -7.07783920465438e+000 4.40954404888097e-002 1.49006544706191e-003 -1.07109361621646e-003 -1.44896615671139e-004 9.45758290988583e-006 4.79549111624284e-006 2.94170977845797e-007 -9.54007227006616e-008 
-3.61874504449447e+005 -6.97842943526279e+003 1.81884878909833e+001 -1.57418324370392e-003 1.81639775409454e-002 -2.17244112011933e-004 -3.19815215799273e-004 4.32237312858277e-005 2.41684479586487e-006 -1.40367939006416e-006 1.18968153066757e-007 
1.06496426585408e+006 -5.88676086540832e+003 -1.59543519862500e+001 -1.12176346539009e-001 -2.61533409445163e-003 2.18063060409622e-003 -1.62614748936010e-004 -2.94314160192646e-005 7.73199699035260e-006 -2.11296844942391e-007 -1.78852016024788e-007 
4.53194010278048e+005 -2.33421932247693e+003 -7.06865790309032e+000 -5.78576299218185e-002 -3.37604115519436e-003 1.18367425555611e-003 -5.36112276427571e-005 -2.02049109270419e-005 3.87914382884175e-006 3.48146889229222e-008 -1.07886269558516e-007 
-5.60317747475198e-005 5.44291917144103e-007 -8.55981239199846e-007 8.94111089974208e-008 5.49282708396654e-008 -1.05908551726497e-008 3.92106285406530e-011 3.55990507536486e-010 -1.11585220230497e-010 8.85964953179826e-012 
3.38925941692060e-005 3.98371571524821e-007 -4.61361964701201e-008 -1.11498894159846e-007 1.50233707557837e-008 3.04811824242111e-009 -1.14252418552504e-009 1.75218851977342e-010 3.05386159125478e-011 -1.60849538276416e-011 
-5.57844475508481e-005 1.08974976282108e-006 6.36821762592513e-007 -6.50562157117231e-008 -3.62024923255513e-008 1.61200418468742e-009 7.38121583582040e-010 6.44431692398351e-012 -2.08853324499114e-011 2.94047572853734e-014 
3.33394051782251e-005 -7.77395420083175e-007 1.14941697929384e-007 7.82780923354315e-008 -5.25043840101422e-009 -2.20789724536339e-009 1.33841771073639e-011 -1.32867649584355e-011 4.70598827684394e-012 3.75224930090921e-012 
-5.35314900317357e-005 1.21686725437926e-008 -5.15473173202923e-007 1.60354019146250e-007 6.34265709203698e-008 -1.17860558721098e-009 -2.26915239782530e-009 -3.80040286127852e-010 -1.43506425261691e-011 1.48364389148375e-011 
3.32013462615389e-005 3.41887913778863e-007 -2.21620616518050e-007 -1.04948838384324e-007 1.06256536637828e-008 6.22112309336810e-009 5.36518315225642e-010 -1.00649156746100e-010 -5.43984460054098e-011 -5.89918743913044e-012 
-5.10377463604698e-005 3.05751677119473e-006 -1.05337004179885e-007 -3.86359392948042e-007 2.90512053338285e-008 2.75970308301825e-008 -3.56876794252718e-009 -1.30953293386557e-009 2.53950863770032e-010 4.94022653945551e-011 
3.28121613370521e-005 -1.91287450709404e-008 4.33634227414971e-007 -1.81457494047556e-008 -4.80679332343750e-008 4.06514057768609e-009 2.72116975995077e-009 -3.59201260192642e-010 -1.11788428416714e-010 1.84990248592141e-011 
-4.40587257761798e-002 -8.74780123665436e-004 5.57480332217670e-005 4.95310144213142e-005 -6.39173774257603e-006 -6.59498390508303e-007 2.02934105165207e-007 -1.02465004551267e-008 -1.60782571489965e-009 5.26356429270977e-010 
3.87906539604536e-001 -4.63604750015184e-005 1.06877969981924e-004 -9.40099239916378e-006 -2.52954258753339e-006 4.91821357533141e-007 5.88543591308037e-009 -8.96354457335668e-009 1.16908628041875e-009 -6.38460198215526e-011 
1.37840436873834e+003 9.20714720057710e-001 -3.37344600556868e-005 -4.63342643161986e-005 5.64492398719753e-006 6.39613241765329e-007 -1.89643784178842e-007 9.17678011555146e-009 1.61743634284868e-009 -5.01525940298256e-010 
-4.46357147568807e-002 3.52109324988094e-004 1.42077193865471e-004 -9.26247584429530e-006 1.72185073379505e-006 2.26113630815548e-007 -1.02924460913327e-007 -3.92382173882551e-009 1.25426468064315e-009 6.07692945847805e-011 
3.88209971841162e-001 2.40124327467712e-004 -1.85366079040391e-005 -3.50140766490057e-006 5.91214073374058e-007 -2.28876696326818e-007 -1.14207761473943e-008 4.80115543562746e-009 1.86737553740533e-010 -4.39876198074984e-011 
1.38024480556128e+003 9.19655369393360e-001 -1.32852185254607e-004 6.57358496727306e-006 -1.55970200139945e-006 -1.98228273366425e-007 9.48726070676026e-008 3.55681016743301e-009 -1.15485412199561e-009 -5.39873857288382e-011 
-4.30560236599324e-002 1.12702469311497e-003 1.17191212718067e-006 -3.87732996733956e-005 -5.68571608463994e-006 3.50043186895652e-007 2.05882628987656e-007 1.40264097702922e-008 -1.75301279416566e-009 -5.14556414375873e-010 
3.88362030318757e-001 -1.48328852411905e-004 -8.90689809763266e-005 -5.73455214074541e-006 1.85419911749887e-006 4.79843856672072e-007 6.44216064226523e-009 -9.67553656569288e-009 -1.24128272741081e-009 -3.95588726808259e-011 
1.38208323473626e+003 9.18854210432939e-001 -1.72802903327297e-005 3.58960928883895e-005 5.51647381388829e-006 -3.00115581018823e-007 -1.89068924744125e-007 -1.33629954137284e-008 1.50021875149788e-009 4.66072439339830e-010 
-4.21839404332850e-002 -4.75985505486531e-004 -2.22552663684953e-004 5.01381659296100e-005 7.01574936229911e-006 -2.10726558492310e-006 -1.21248313789167e-007 7.60849698058227e-008 -8.09749503457430e-010 -2.49970703493055e-009 
3.87677525956773e-001 -3.80578595517132e-004 8.29690388941212e-005 1.62656336644281e-005 -4.10052625299016e-006 -3.72864694788789e-007 1.55674501443710e-007 2.96849999145803e-009 -5.29179137626319e-009 2.48187419478415e-010 
1.38392215044426e+003 9.20288802967602e-001 2.15798433879060e-004 -4.36772361970566e-005 -6.83090402652484e-006 1.89882700007040e-006 1.23512817473695e-007 -6.96288454417625e-008 3.28167447470258e-010 2.31270043712106e-009 
