-5.16097327977556e+007 -8.12539862853682e+006 1.25128598028381e+006 -6.30015674317441e+003 -2.96372302038054e+003 2.23344235537040e+002 -7.30445382048249e+000 -3.27906669412098e-001 6.21144965429639e-002 -4.05466456196983e-003 6.19817428167935e-005 1.53320067020790e-005 -1.79246310327449e-006 8.86730676684112e-008 
1.14807159726017e+007 -1.37933594974452e+007 -2.82171214918716e+005 6.47758413665658e+004 -2.31212490854007e+003 -2.53551238502742e+001 1.08796279234888e+001 -8.22798571410608e-001 2.31120545821830e-002 1.86722184830399e-003 -2.89083687335704e-004 1.74268613546779e-005 -1.06169758459590e-007 -8.50991865783816e-008 
1.13835132327041e+007 -6.52549962201352e+006 -2.80468168229800e+005 3.52549798898665e+004 -9.27787391097482e+002 -3.67016213253617e+001 6.56898238274989e+000 -4.05519051327030e-001 5.90580353262200e-003 1.41780210363384e-003 -1.60850311820434e-004 7.71987144574802e-006 1.29148510074283e-007 -5.46612780114708e-008 
-5.84765498507539e+007 1.04974444951655e+006 1.00573415935853e+006 -2.80243533056801e+004 -2.94833460037204e+002 5.83424981317012e+001 -4.38929340046797e+000 1.98603311969355e-001 -4.55532216623781e-003 -2.17550931817791e-004 3.45666518352564e-005 -2.46252799259851e-006 1.10644099726811e-007 -1.74686188436426e-009 
-1.63326069935845e+007 -1.35484593684986e+007 2.85254461889485e+005 3.18489959252032e+004 -1.56757343262497e+003 5.60278631136180e+001 -6.48825820820325e-001 -1.01144265193387e-001 1.05545474465228e-002 -6.30398035056393e-004 2.28323157685018e-005 1.14640925512162e-008 -8.05036070029750e-008 7.56082276695235e-009 
-2.76150448517587e+006 -7.34599817110701e+006 4.80976141303777e+004 1.99187145435748e+004 -8.06791647283355e+002 2.38794771880450e+001 1.08524400302107e-001 -7.46215113550519e-002 6.11028650768743e-003 -3.14180312591277e-004 8.61187260339665e-006 2.61451748865055e-007 -5.44693837094317e-008 4.21919767078074e-009 
-4.94127504640863e+007 7.72980744059604e+006 6.65482293301122e+005 -2.75668189600155e+004 1.75335557490351e+002 1.77252449957312e+000 -9.92150522973491e-001 5.71506827227401e-002 -2.78703616507370e-003 9.86922129881279e-005 -2.01333553153194e-006 -5.28861218698571e-008 9.25604910573576e-009 -6.50413225163248e-010 
-4.01872224746539e+007 -1.00871339454600e+007 5.49745231258322e+005 1.43985700321045e+004 -7.02917929414005e+002 2.93139787003730e+001 -1.07090172959435e+000 1.94379051102346e-002 2.76263575576470e-004 -7.27577923486385e-005 4.99815939232694e-006 -2.58747905575288e-007 9.89658921809620e-009 -2.31637506811906e-010 
-1.64436249158764e+007 -6.18965337362803e+006 2.24661610078074e+005 1.05496572308798e+004 -3.93662449214634e+002 1.54750722713585e+001 -4.69179723685962e-001 4.45752845957541e-003 4.36555584322823e-004 -4.90989910947158e-005 2.87867615874441e-006 -1.32733201579859e-007 4.32662807015691e-009 -5.62764718401766e-011 
-2.96453860998830e+007 1.17745318603618e+007 3.49622073351460e+005 -2.53725042744046e+004 6.20264394000078e+001 -1.02073483401917e+001 -2.20073302231863e-001 9.19699028560602e-003 -6.24458050853820e-004 3.05682559543758e-005 -8.98282447058654e-007 3.78247237954668e-008 -3.96817885196103e-010 2.68351933072498e-012 
-5.55271258983544e+007 -5.15283414356577e+006 6.70373578496124e+005 6.62774374149511e+003 -3.31047936094591e+002 9.67929336529257e+000 -6.16927518571627e-001 9.31725964841289e-003 -5.23376803154289e-004 -1.67215469596784e-006 1.66358920415717e-007 -2.87125414727492e-008 1.46024749969251e-009 -6.28412846874700e-011 
-2.66871670747720e+007 -3.97323382154750e+006 3.21848528994925e+005 6.17114033345904e+003 -1.83269575242433e+002 6.22880141519344e+000 -3.06730627273920e-001 4.02347466976339e-003 -2.14828774537298e-004 -4.06273460096997e-006 1.82006907639418e-007 -1.92596494071801e-008 8.21186367316457e-010 -3.38470661533181e-011 
-1.02257603000683e+008 -6.90577639023746e+006 1.30599144077859e+006 1.41567019229673e+004 -1.42018792883774e+003 -8.11543596812245e+000 6.89421101118857e-001 1.35717103525007e-003 -2.37536162294086e-004 7.28717071173814e-007 
2.53819573886422e+007 -2.13111001154728e+007 -3.20164257163058e+005 4.54692843915019e+004 3.18355228814560e+002 -3.07867727824523e+001 -1.03645405372220e-001 1.20821687607560e-002 -7.93923754148323e-006 -5.81035674350639e-006 
1.78496534007808e+007 -9.15133892700718e+006 -2.26687930900480e+005 1.95616386610462e+004 2.33101457366009e+002 -1.33377863888850e+001 -9.02764935390487e-002 5.34457239903960e-003 1.30770335744131e-005 -2.66136724986417e-006 
-1.05360396336795e+008 3.82889323089747e+006 1.33708839107722e+006 -8.96803681365573e+003 -1.41829800672129e+003 8.05506025975867e+000 6.26536253044618e-001 -5.46037269298688e-003 -1.66476640751973e-004 3.33180801359966e-006 
-1.80436584024321e+007 -2.16504077631608e+007 2.35580971253812e+005 4.56145162129548e+004 -2.95623019739876e+002 -2.93852439814093e+001 2.09046341800426e-001 9.63670774447806e-003 -1.28727477143322e-004 -2.13425696635217e-006 
-1.49212221339877e+006 -9.98326563178773e+006 2.13842127829204e+004 2.10902935660896e+004 -4.32577013641336e+001 -1.37306976016469e+001 5.44090255755488e-002 4.68120073770506e-003 -4.73984652077797e-005 -1.16671932375791e-006 
1.26970035231925e+008 -1.07894676667832e+007 -6.15203474859122e+005 7.98173593525160e+003 2.63988502997075e+002 -1.33939944768187e+000 -5.36379428942313e-002 1.27532549393976e-004 -2.93860704274533e-005 -3.60571199940148e-006 1.29468067540997e-006 -3.47392313193480e-007 -4.65948089310239e-009 
6.95749438689675e+007 1.61472446453945e+007 -3.33681280395538e+005 -1.33314708837242e+004 1.14098891744198e+002 3.67862606234481e+000 -4.41357104391019e-003 -6.32745200794576e-004 -4.38567515878995e-005 2.51111249241951e-006 5.55554721167177e-009 -1.86372357913501e-007 5.74863570612909e-008 
3.01620361332796e+007 7.00038970366995e+006 -1.44658094085055e+005 -5.77956093064479e+003 4.94649036367124e+001 1.59505075336997e+000 -2.00887746372757e-003 -2.92899346160830e-004 -1.36445061127186e-005 1.38231039050407e-006 -1.32423324025448e-007 -5.07047363919994e-008 2.31446529677184e-008 
1.00821834027758e+008 -1.52586602569550e+007 -4.95192045404324e+005 1.19205303904040e+004 2.24109718570404e+002 -2.65677145989371e+000 -5.30784336975118e-002 5.09039484767275e-004 -6.09627713922695e-005 -1.61427114869124e-005 3.78451492958712e-006 4.79807457869400e-007 -1.66165341879254e-007 
9.87189340288061e+007 1.28744360094838e+007 -4.80316497651739e+005 -1.09305019158176e+004 1.84857530961103e+002 3.32320446738444e+000 -2.30972495907953e-002 -8.00230557594748e-004 -1.02792660713485e-004 5.06072356768890e-006 4.53673601609292e-006 -3.38614465273658e-007 -1.36305094039300e-007 
4.27970026923328e+007 5.58155224604895e+006 -2.08228585307726e+005 -4.73868812208129e+003 8.01410009466727e+001 1.44066236840064e+000 -1.01726491598448e-002 -3.43032202485707e-004 -3.27827561614270e-005 1.82791163038956e-006 1.37987141947515e-006 -1.13390752811641e-007 -3.84123493926675e-008 
8.83750550039384e+006 -3.21244415009356e+007 -4.74651918070704e+004 2.68262684674552e+004 -2.31047059487429e+002 -3.02041157325714e+000 1.52504704758830e-001 -3.22752357756289e-003 1.56309916503049e-005 9.39238262252337e-007 -2.39409206513378e-008 
2.12019523496628e+008 3.49371872243513e+006 -1.05062847158259e+006 3.62091923070581e+003 3.75582919925185e+002 -6.69238328560518e+000 5.88014681326289e-002 1.55200911611853e-003 -7.03508243226086e-005 1.12863896753529e-006 3.74117419887506e-008 
9.69833971052977e+007 2.47042299227711e+006 -4.80611820062128e+005 9.36214908228549e+002 1.78510702897511e+002 -2.98808546326183e+000 2.28482848038870e-002 7.99371183953142e-004 -3.27851849271500e-005 5.11118180317251e-007 1.50941611789495e-008 
6.42013837307495e+008 9.10928149097773e+006 -9.62786643157642e+004 -2.68210142979707e+002 1.16568388704687e+000 3.82252515150247e-003 -5.30771704832481e-006 -3.11099265430533e-008 
-3.50391676959631e+008 1.50835448927415e+007 5.25671995506719e+004 -3.54811376905596e+002 -9.53148070667298e-001 2.67081306968697e-003 1.26364422808870e-005 -3.01660221448854e-008 
-1.65830088235282e+008 6.24341457524416e+006 2.48760136230215e+004 -1.45552670228161e+002 -4.36922824644159e-001 1.05145574152303e-003 5.54382748101932e-006 -1.00032637257961e-008 
-1.41131637642409e+009 -1.56421995324848e+006 3.16058919465614e+004 -2.20616637859884e+000 -6.02122626688440e-002 4.01091149284447e-005 2.13388966337557e-007 
6.09491376618569e+007 -1.23703744562127e+007 -1.35763128567356e+003 4.65013892606321e+001 -1.51546486711738e-002 -4.96005490859000e-005 1.03428754188523e-008 
8.59285685460055e+007 -5.04213300333652e+006 -1.92158207119569e+003 1.93009284213629e+001 -3.66564434176484e-003 -2.21497352014741e-005 -6.37386166552930e-009 
2.99419323638886e+009 7.54950848846300e+005 -6.99832112235975e+003 -3.38733588620774e-001 1.19353042640609e-003 3.59531001281976e-007 
-2.25432922874755e+008 8.19214734143126e+006 5.25956521865066e+002 -3.18391759608693e+000 -7.57251131631326e-005 1.49125185043136e-007 
-1.41082654725585e+008 3.57727956968756e+006 3.29314577152928e+002 -1.38984460166725e+000 -5.02771428709765e-005 6.36529458220058e-008 
3.69602444953682e+009 4.21857328342476e+006 -2.59024167251831e+003 -5.09949185926458e-001 1.56196354560245e-004 -3.28833300139673e-008 
-2.32769703565524e+009 5.80370604816612e+006 1.63169011803746e+003 -6.65550588392935e-001 -1.11210052084091e-004 2.81512954330123e-009 
-1.04475611220844e+009 2.27046136130387e+006 7.32345453687361e+002 -2.59687592831985e-001 -4.93328574457494e-005 5.24271090030812e-010 
2.13815441819783e+008 7.64333188238080e+006 -1.26756183146307e+002 -7.40326355518853e-001 1.52699895137506e-004 6.00753317913192e-008 
-4.50762439522785e+009 -1.81248364740430e+005 2.67602568573234e+003 -3.35037944480161e-001 -1.50075394711253e-004 8.84484489505564e-008 
-1.47111243192595e+009 -2.35947235184686e+006 8.73335851349087e+002 1.18386600282509e-001 -9.45522260606719e-005 1.84104826359574e-008 
-3.30273585002893e+005 5.76284764553812e+004 1.90330281748066e+004 -7.33537941432473e+002 -8.75862069559891e+001 4.65141753511865e+000 1.89931249752181e-001 -2.56594837735158e-002 -3.38699398361863e-004 1.44019709797313e-004 -5.31420330232877e-007 -8.68023065121446e-007 2.09462774311927e-008 
-1.08033151420093e+005 -1.51725078744412e+005 6.09884567972209e+003 1.37800446284165e+003 -5.11765290372835e+001 -4.07474120902294e+000 3.06832778346427e-001 8.31592137189595e-003 -1.71007466221379e-003 -1.36862477033881e-005 1.00609187320731e-005 -1.05566787059242e-007 -6.19021366508150e-008 
-8.06329081587578e+004 -6.76888943298420e+004 4.61945499710330e+003 5.96657272590917e+002 -3.24702431580561e+001 -1.54449641115724e+000 1.64602196748001e-001 1.71021689864184e-003 -8.52064469074964e-004 6.25728750596117e-006 4.78673268630248e-006 -1.27988020117475e-007 -2.78775658690697e-008 
-1.02457048342849e+005 1.58415130526255e+005 5.08470639701798e+003 -1.35987928658279e+003 2.20229351606897e+000 2.80816165128265e+000 -1.86952856957024e-001 3.83943910281409e-003 7.63006812792897e-004 -5.51253511159231e-005 2.28378147955981e-007 2.57486075410578e-007 -1.87768769250096e-008 
-3.22602120470375e+005 -5.43160934896484e+004 1.63080922386641e+004 2.90534226147456e+002 -6.65197278207886e+001 1.39444921018402e+000 5.21794895645164e-002 -1.26249776013389e-002 5.13925970809994e-004 2.66460133962942e-005 -3.73938051769509e-006 1.33969150175687e-007 1.15216344786545e-008 
-1.63347998938217e+005 -1.19845594753992e+004 8.27387255411458e+003 1.72568422892188e+001 -3.18056307647758e+001 9.24750967270733e-001 8.61334791841364e-003 -5.72693769093060e-003 3.14958657383712e-004 7.89641557223107e-006 -1.77729903330454e-006 8.72610057450921e-008 3.86529351506930e-009 
2.05802749811824e+005 1.37412927004212e+005 -9.78437450088285e+003 -1.05324342234994e+003 2.99019681399065e+001 8.85824776717350e-001 3.67640812880005e-002 7.05740654106878e-003 -2.45437615990984e-004 -1.04652989174166e-005 -2.83643777833617e-007 -7.54509994103006e-008 3.20150445595301e-009 
-3.01098939632452e+005 7.41175521318698e+004 1.43109268925499e+004 -5.65434270290797e+002 -4.40249075113861e+001 4.60711225746951e-001 -5.30589477159260e-002 3.77547600392001e-003 3.66609925600420e-004 -5.26700511873276e-006 3.98244406399948e-007 -3.99674424190187e-008 -4.87378031541724e-009 
-1.25719239055729e+005 4.76759592105821e+004 5.97523665211520e+003 -3.66384943874920e+002 -1.83970076142864e+001 3.08611306120024e-001 -2.21231335992522e-002 2.43430761787794e-003 1.53551435455362e-004 -3.51143504016681e-006 1.65293248534591e-007 -2.58189515151148e-008 -2.04675679160738e-009 
3.69308336158265e+005 1.86220075758961e+004 -1.86804840473235e+004 -3.39946424181283e+002 6.57937900940988e+001 2.74006506894276e+000 3.54334220178924e-002 -1.10236548012857e-002 -8.93825734114823e-004 1.27232962206346e-008 3.72851050693503e-006 2.68303351839439e-007 -2.18691922910048e-009 
-6.79751176366549e+004 1.50007956467259e+005 3.53011998526262e+003 -1.20778347609773e+003 -3.29333038981586e+001 1.56922831592517e+000 1.74592826264158e-001 9.10799884875127e-003 -3.61788090186198e-004 -5.75261762620997e-005 -2.06300203034718e-006 1.39975645113584e-007 2.10858221320006e-008 
2.62006881830079e+002 7.33192200069544e+004 6.62571802553305e+000 -6.08690191107062e+002 -9.71983995671806e+000 1.00181650167085e+000 8.63757524431438e-002 3.34812203647874e-003 -2.53779206358324e-004 -2.74629862832592e-005 -6.46337071544777e-007 9.10992175265299e-008 9.86805380318074e-009 
2.59322471926361e+005 -1.25495306532690e+005 -1.48857282631801e+004 1.04749413992176e+003 9.23277427833908e+001 -1.98618265458871e+000 -4.04744088040357e-001 -3.51325403495478e-003 1.95350769558436e-003 5.65386950194978e-005 -1.03636213195915e-005 -5.55876589208965e-007 5.48655647627053e-008 
2.10719595361418e+005 1.15426438061951e+005 -1.22278836613716e+004 -1.21840651865380e+003 4.59326197919468e+001 5.63256692730300e+000 -9.94076529174124e-003 -2.49416232742019e-002 -5.46722576095040e-004 1.26080874699266e-004 5.50828269899847e-006 -6.68888906575843e-007 -4.96927194094942e-008 
1.23455224436674e+005 4.38175721087860e+004 -7.18190026823446e+003 -4.86945179184371e+002 3.03745555453038e+001 2.50838607837771e+000 -4.16534920693548e-002 -1.22266759767117e-002 -8.38711595296913e-005 6.53250908091071e-005 1.69112808232409e-006 -3.69677605988866e-007 -1.87550057004174e-008 
-5.71714534265383e+004 -1.75296297190786e+005 3.73274536009825e+003 1.76662783859621e+003 -1.90888383264069e+001 -6.90027697601805e+000 1.15302630285143e-001 2.03284741529537e-002 -1.18096640099609e-003 -4.49699113481874e-005 9.80795922136274e-006 -7.56498256132890e-008 -6.21749023629925e-008 
3.11169302308939e+005 -2.10373113767668e+004 -1.93762503645377e+004 1.86965890090257e+002 1.07316783301614e+002 -9.16961152493124e-001 -3.49272924994675e-001 9.83812276790503e-003 9.69998357477333e-004 -9.94884917858910e-005 -1.40220938340597e-006 7.32682274548689e-007 -1.45778827343205e-008 
1.42942838489381e+005 -2.57970265271199e+004 -8.90348295040822e+003 2.50024797719767e+002 4.95167399152883e+001 -1.06870229224790e+000 -1.56426510093793e-001 6.54988840709533e-003 3.56634110687825e-004 -5.15753607170846e-005 2.17570172072703e-007 3.42901323998576e-007 -1.25899407425476e-008 
-3.20334452427730e+005 -7.46912095665113e+004 1.93778641600614e+004 6.26005408042306e+002 -1.04240106382821e+002 -1.12579622037957e+000 2.64922312160004e-001 -1.41417119313189e-003 -3.47063394434157e-005 -2.54867719130277e-006 -3.92111315921995e-006 1.57641695840581e-007 2.09178616412001e-008 
1.39370035894369e+005 -1.41646819881026e+005 -8.58525097543746e+003 1.42168980170204e+003 3.37737122124023e+001 -5.10969266814836e+000 -2.22767834061388e-002 8.29660048988327e-003 -8.47002731413295e-005 2.95142752425209e-005 -9.49540773330395e-007 -2.96794821125886e-007 1.24782167856139e-008 
3.74312337400494e+004 -7.41642940545880e+004 -2.32861445657523e+003 7.35395422116747e+002 6.57950160261391e+000 -2.54508164461020e+000 1.36815827970760e-002 3.84575297280736e-003 -4.43645821241301e-005 1.38043615221089e-005 -8.07581990339169e-007 -1.27176634602416e-007 7.85946464455694e-009 
-3.10695142619757e+005 8.24585617280796e+004 1.72004672602882e+004 -8.99876438600665e+002 -6.96604085821880e+001 3.99103771136760e+000 1.05050805606368e-001 -1.25308415590734e-002 -3.09525380863972e-004 4.12143222659926e-005 2.52572602628268e-006 -2.24562447635694e-007 -1.41325543440260e-008 
-1.57094360421821e+005 -1.40460715182652e+005 8.46919420982140e+003 1.19565837759672e+003 -5.45943224422790e+001 -2.81048421300321e+000 2.03051237896685e-001 4.40411768349216e-003 -6.09284680454375e-004 -2.75659959077679e-005 2.52413158690348e-006 1.87136606332952e-007 -1.55360656654682e-008 
-1.02685262953398e+005 -5.92769906135362e+004 5.60494388500221e+003 4.87516719568458e+002 -3.24634618455239e+001 -9.75808902891084e-001 1.06651597996631e-001 9.49040800277003e-004 -3.19068900369109e-004 -9.33559421751063e-006 1.43404747060638e-006 6.85714100565930e-008 -8.69779050814016e-009 
-5.26551098903639e+005 -4.27751495977064e+003 1.85630568264259e+001 -2.23989396418017e-004 6.15109415484625e-003 -6.78502315238625e-004 7.35480525237110e-005 -3.04783474146814e-006 -5.56271234149596e-007 1.67295989286811e-007 -1.82483772749764e-008 
4.52343988184231e+005 -5.70410175591335e+003 -1.08547561204595e+001 -9.34039855937675e-002 4.41714870380434e-003 -1.51274782247928e-004 -3.20416754561531e-005 8.43468694385778e-006 -1.01283895467586e-006 4.18043486613649e-008 7.38510310612230e-009 
1.95993035419710e+005 -2.37021109417327e+003 -4.81029867334818e+000 -5.02020333011925e-002 1.86905705158011e-003 -1.44640669586241e-005 -2.48153177578573e-005 4.82326441630704e-006 -4.83363930147443e-007 7.15315856081799e-009 5.82050726616140e-009 
-5.34956846195774e+005 -4.12793140019782e+003 1.89181324119715e+001 5.11665298953166e-002 2.35700327716704e-003 1.95027320227772e-005 3.70573492958706e-006 -5.50599261921553e-007 6.18664388506723e-008 1.24715194827210e-008 1.42776632007281e-010 
4.40846055458704e+005 -5.79450864385212e+003 -1.16739493117054e+001 -5.08179251595148e-002 1.49354696570472e-003 -3.62103477105628e-005 8.19413441828215e-006 -3.72440704920170e-007 1.61679167707010e-008 -5.65729714411454e-009 -1.97869771527291e-010 
1.91212517125056e+005 -2.41069419109688e+003 -5.27743647740836e+000 -3.11407190324100e-002 6.08063058560472e-004 -2.63746999279498e-005 3.98413484579736e-006 -1.40262525222801e-007 2.15465102032573e-009 -2.21720998990345e-009 -1.36483357283296e-010 
6.85218487111156e-005 -1.64011229607312e-007 6.88576245711880e-007 -9.06210100654682e-008 -5.12666031916878e-008 9.60738915814004e-009 9.77727982345855e-010 -4.99984775229063e-010 2.52866095906130e-011 1.57543867427593e-011 
2.10838415490853e-005 -1.04165942762064e-006 8.83359768946587e-008 9.99169126505343e-008 -1.48592640444959e-008 -3.58234987953995e-009 9.85678753872803e-010 -6.25540698018000e-012 -3.68792115243123e-011 4.52024752399768e-012 
6.83745869660310e-005 -1.10816513154151e-006 -5.10859758558313e-007 9.26693153439873e-008 3.58016529778809e-008 4.29575380801835e-011 -4.45728184670473e-010 -1.35906414293556e-010 -1.78412298937740e-011 1.76878519991664e-012 
2.02870241954729e-005 -6.71360087346722e-009 -1.59212540372158e-007 -7.48277177086850e-008 5.66796248720941e-009 2.22817142266556e-009 1.80839145385291e-010 2.92772043633812e-011 -7.52533915081403e-012 -3.66011941019249e-012 
6.77324891040833e-005 1.54694842373103e-006 4.91207356081772e-007 -2.69831915905257e-007 -5.10464457955345e-008 1.52940258016874e-008 2.80279919897087e-009 -5.58166885377643e-010 -1.03120089016195e-010 1.90319898857640e-011 
1.89998715464459e-005 -8.25462786040105e-007 3.23556357234177e-007 7.02069962581706e-008 -3.06503278447077e-008 -5.28057330327769e-009 1.31225392850935e-009 2.24152749660713e-010 -4.29755444298793e-011 -6.33676468061982e-012 
6.85849084826260e-005 -9.59467827673363e-007 2.02542328690693e-007 2.63923406548910e-007 -3.03084939767681e-008 -1.31609410548380e-008 1.73511220626295e-009 3.18015329376226e-010 -5.01416439793602e-011 -6.45745928946455e-012 
1.81863229469667e-005 -6.93075177266092e-007 -3.31009869080959e-007 4.58594834185451e-008 2.85026353416805e-008 -3.76091972893246e-009 -9.41081200825271e-010 1.44754682433043e-010 1.92742814903765e-011 -2.54191713640445e-012 
6.36724174996521e-002 5.38955385706359e-005 -2.62793999561658e-004 2.27809248066992e-005 6.40234839058157e-006 -1.23966195377836e-006 -4.07632868417126e-008 3.00184011847137e-008 -2.20898234666001e-009 -3.83371694377652e-010 
3.98225807226044e-001 -3.02513143344362e-004 1.96869943651852e-005 1.79574709851819e-005 -2.32422085221509e-006 -2.63176250345392e-007 8.06241903285105e-008 -1.82018135507004e-009 -1.43658320691232e-009 2.00958691847766e-010 
3.38733025015407e+003 9.19841146269617e-001 2.54562077789618e-004 -2.13544245194811e-005 -6.15480350810164e-006 1.15308807897335e-006 4.04837730545651e-008 -2.80409364198532e-008 2.00890305070007e-009 3.63963297984064e-010 
6.27924291467549e-002 -6.69593813416581e-004 3.90936167467834e-005 7.71188384377231e-006 -1.40235573519938e-006 6.06870348938622e-007 4.64031035706160e-008 -8.37370934465999e-009 -1.04935626187186e-009 -1.18217873558068e-010 
3.98042211766747e-001 1.39639286711260e-004 5.25258376862798e-005 -2.72553927517409e-006 7.34464708320689e-007 9.63250761368290e-008 -3.62573449827437e-008 -2.98152796506152e-009 4.04622793726602e-011 4.19427171522497e-011 
3.38917089620624e+003 9.20546273183241e-001 -4.10483339094921e-005 -8.76180935769656e-006 1.38105921678232e-006 -5.42758373704990e-007 -4.23475803359156e-008 7.74416872816389e-009 9.42848391585582e-010 1.06222232782637e-010 
6.22535277706329e-002 3.03375348134548e-004 2.38354336372663e-004 1.43571733964302e-005 -6.73300909627518e-006 -1.39662250344099e-006 1.16506053493800e-007 4.70553642504067e-008 -1.59272443055913e-009 -1.15351611456678e-009 
3.98668182497354e-001 4.49913968573676e-004 -5.99789963401819e-007 -1.72758052569985e-005 -2.25045612853444e-006 3.60596579040204e-007 1.07141595441246e-007 -5.35054236003429e-009 -2.92409149310849e-009 7.42269355812714e-011 
3.39101118032101e+003 9.19576634271899e-001 -2.26955678655338e-004 -1.17152560427227e-005 6.35334260398377e-006 1.26025652405445e-006 -1.08600010828760e-007 -4.27923511161269e-008 1.48191452380456e-009 1.04818462167661e-009 
6.38311548265755e-002 8.64431928227325e-004 -2.10397472567623e-004 -3.68519980787463e-005 9.38598285898544e-006 6.68015512937261e-007 -2.59104996164493e-007 -4.79583846786912e-009 4.70361180578424e-009 -2.64545473367554e-011 
3.99025121751990e-001 -1.68818687298296e-004 -7.97054679339212e-005 1.85216942730101e-005 2.11686441537862e-006 -6.40063762145193e-007 -2.60221874906935e-008 1.44640956812605e-008 1.90966434949382e-011 -2.14274501885016e-010 
3.39284944360237e+003 9.19079963269792e-001 2.04815606747235e-004 3.47489062608549e-005 -8.81168096596641e-006 -6.25173527730758e-007 2.38729846562907e-007 4.61984201914199e-009 -4.30218802636594e-009 1.81891162829692e-011 
