-5.80993525879416e+007 -1.77878610929822e+006 1.11251416824538e+006 -2.51076340511567e+004 -8.21382519110788e+002 1.01367716470607e+002 -6.38702315131059e+000 2.19319579640716e-001 2.02900732961951e-003 -9.79462506021173e-004 8.34762306935556e-005 -4.07946677589886e-006 5.58745281358491e-008 1.12594282714409e-008 
-7.43778458221517e+006 -1.41126505523694e+007 1.38870638373064e+005 4.12307818810126e+004 -1.94481052412252e+003 5.55271928364780e+001 9.73569388252209e-001 -2.60424890342920e-001 1.97321343287474e-002 -8.66204905893131e-004 6.29134602742640e-006 2.77591848015560e-006 -2.91403728626415e-007 1.68435405394698e-008 
1.99654048754286e+006 -7.35315362365248e+006 -4.12422061705995e+004 2.46279223630891e+004 -9.53591053609592e+002 1.91429500005296e+001 1.18265377498110e+000 -1.61857778375320e-001 1.03292952441138e-002 -3.61062763192960e-004 -5.29990794322091e-006 1.90598441824902e-006 -1.61450268070677e-007 7.82888948375524e-009 
-5.37950218026327e+007 5.80269156642919e+006 7.77748686401622e+005 -2.83902116448213e+004 1.30230978142421e+002 1.23194079961330e+001 -1.68710134628445e+000 9.36757910926117e-002 -4.08783867909995e-003 1.13259412959209e-004 4.42109830987844e-007 -3.27410433885272e-007 2.75296978305729e-008 -1.54170636106054e-009 
-3.33029997870310e+007 -1.14671981691327e+007 4.83293295749366e+005 1.87456048329470e+004 -9.28598173330965e+002 3.85148093319646e+001 -1.21759104459629e+000 9.94287273240917e-003 1.67483292371789e-003 -1.70544148426298e-004 1.00803227578490e-005 -4.39037410139102e-007 1.16108656571537e-008 1.51356252048839e-010 
-1.22647860433347e+007 -6.72665361962422e+006 1.77459050777992e+005 1.29581857587274e+004 -5.09514755633799e+002 1.92943102808909e+001 -4.75337608806207e-001 -4.40755888242867e-003 1.31869646373125e-003 -1.02845194293661e-004 5.33847356505891e-006 -2.00541921561404e-007 3.34581171433978e-009 2.40789979346847e-010 
-3.70159802300754e+007 1.07053149518642e+007 4.52470358987306e+005 -2.58635336184887e+004 1.22858514102233e+002 -7.98633909241392e+000 -3.44716113091983e-001 1.81364758321628e-002 -1.07937216240700e-003 4.64330332315139e-005 -1.49334202007963e-006 4.24510956885348e-008 -2.40416562362835e-011 -5.55404547821855e-011 
-5.18044722477362e+007 -6.90468811279295e+006 6.39777402471431e+005 8.61471845610097e+003 -4.13109312910443e+002 1.50404952452688e+001 -7.29184766854392e-001 1.46926126140599e-002 -4.74765990298688e-004 -7.68953898389464e-006 8.12968050438108e-007 -6.33894523635595e-008 3.04318533811013e-009 -1.24050851123434e-010 
-2.38870279617749e+007 -4.79825210895307e+006 2.94790070009691e+005 7.28471503541126e+003 -2.33405405276062e+002 8.86231467175427e+000 -3.53725790234915e-001 5.96636833359550e-003 -1.41612462133864e-004 -8.92453757835751e-006 5.89168963967599e-007 -3.82631486054452e-008 1.62799131226369e-009 -6.04989064081363e-011 
-1.29542676068071e+007 1.31026163226413e+007 1.47514354649575e+005 -2.55062542136766e+004 -9.33036902608203e+001 -1.28495490132155e+001 -1.31219215912628e-001 2.24822436946672e-003 -6.74672124876499e-005 2.01730010338825e-005 9.77920587863767e-008 3.38584788080989e-008 2.93513675262400e-010 2.97268562022735e-011 
-6.02360626450093e+007 -1.46808219707084e+006 7.10645737345992e+005 3.56768665539707e+003 -2.63448289003669e+002 6.30041708070401e-001 -5.49504836869736e-001 -2.25860690388234e-003 -5.72149108474109e-004 -4.04334536429043e-006 -2.22527633622620e-007 -2.45575803685105e-009 5.55914117745043e-010 4.27523567773856e-012 
-3.08860697862492e+007 -2.14304272000715e+006 3.64281689606704e+005 4.55181245096665e+003 -1.31039225514982e+002 1.66961576391544e+000 -2.79900449419190e-001 -1.43965902932370e-003 -2.98609594741103e-004 -4.25257844417472e-006 -1.29006773485692e-007 -4.82438957563871e-009 2.66486784181079e-010 -8.00448568978775e-013 
-9.25109101035245e+007 -1.19982041060445e+007 1.18457071662348e+006 2.53090966191509e+004 -1.29444526180781e+003 -1.63450006107216e+001 6.39804851464866e-001 5.43687088087718e-003 -2.39736987655193e-004 -1.23372648018053e-006 
4.58617437701618e+007 -1.94496269688891e+007 -5.88116022898967e+005 4.16051357868235e+004 6.23068428820170e+002 -2.84487562653922e+001 -2.74293575983648e-001 1.14954266925560e-002 7.35119821858697e-005 -4.44362688594454e-006 
2.64584134868601e+007 -7.98956128010448e+006 -3.39545160055589e+005 1.71139447877128e+004 3.62224003938600e+002 -1.17630255855719e+001 -1.63889006971156e-001 4.82738913091618e-003 4.81440306319700e-005 -1.90348755427131e-006 
-1.06330385758796e+008 -1.67812228246672e+006 1.35603118715010e+006 2.85295828736614e+003 -1.46002488082359e+003 -4.57607412234516e-002 6.82979651666454e-001 -2.23998576557090e-003 -2.18861751730295e-004 2.24200137651461e-006 
3.92855560850816e+006 -2.20330437791415e+007 -4.86682152095725e+004 4.67770803303790e+004 1.50833380437716e+001 -3.10503032468219e+001 5.67838872738783e-002 1.13583077174358e-002 -7.59975270249744e-005 -3.43748454316675e-006 
8.47029047960601e+006 -9.80495854079867e+006 -1.07728878630092e+005 2.08619941206737e+004 9.92037187881999e+001 -1.39650355609930e+001 -1.76876529700680e-002 5.25127970544838e-003 -2.03317326067392e-005 -1.68837795295294e-006 
8.81801614420513e+007 -1.67350815348661e+007 -4.34875398358435e+005 1.32823415619199e+004 2.01030926248629e+002 -3.16842808293621e+000 -5.14055131212288e-002 7.06216087102619e-004 1.74998687228547e-005 -1.74222623642829e-005 -1.17979414261770e-006 4.68035405923728e-007 6.63371370701645e-008 
1.08036746746209e+008 1.12642119416787e+007 -5.29668481096349e+005 -9.67053139917593e+003 2.10429700179975e+002 3.04938038010117e+000 -3.13973607404690e-002 -5.15342618815893e-004 -7.71558431327458e-005 -1.43875041747753e-005 2.17760395997481e-006 6.65448944783514e-007 5.83114684108871e-009 
4.68439568292025e+007 4.88381716574207e+006 -2.29656844918021e+005 -4.19291678611713e+003 9.12401019667824e+001 1.32256454443844e+000 -1.36790620643002e-002 -2.63599562152741e-004 -3.03354572830276e-005 -3.90958419513383e-006 9.33480284182787e-007 2.01605127297700e-007 -3.84264154064858e-009 
5.17708878775455e+007 -1.95270793056051e+007 -2.58483698841385e+005 1.59293902553669e+004 1.26354415015407e+002 -4.25129988609760e+000 -3.66898631977819e-002 8.82868461365763e-004 -1.13621988104196e-005 -1.72970693054491e-006 3.27130263843667e-007 -2.41409265597607e-007 2.52551412759338e-008 
1.26003608678131e+008 6.62424449600866e+006 -6.23655759288271e+005 -5.86479595177740e+003 2.61985384845461e+002 2.03227591643187e+000 -4.99814565808135e-002 -6.05529372661283e-004 -4.46035459541928e-005 2.49009554557334e-006 -1.81966740088660e-007 -6.68486008683863e-008 8.28553124005738e-008 
5.46337652278542e+007 2.87199663482574e+006 -2.70407304322623e+005 -2.54280200527126e+003 1.13593967286546e+002 8.81201666902590e-001 -2.17972320076899e-002 -2.66068349368117e-004 -1.32977767685550e-005 9.98319628545966e-007 -1.35940238368678e-007 -1.52588438815561e-008 2.86053953033577e-008 
1.67149172093001e+008 -1.96718440812180e+007 -1.04850094908596e+006 2.71604485617161e+004 3.74798431079072e+002 -1.88063895279327e+001 1.60302822804178e-001 8.24269045769798e-003 -2.85563127765587e-004 3.20449886114428e-007 2.16153903972133e-007 
1.24813627128285e+008 2.60167269862217e+007 -7.78340022156717e+005 -2.20602999338528e+004 6.83341279086140e+002 1.11907239516247e+000 -3.86658796033614e-001 7.59306173408733e-003 9.67641355410505e-005 -7.54057568021064e-006 1.24563263527154e-007 
5.27096837335107e+007 1.24656422933862e+007 -3.28625527018577e+005 -1.08534287469277e+004 3.03289128730335e+002 1.02185891580081e+000 -1.81659251315790e-001 3.25968745564499e-003 5.18800463122288e-005 -3.43556471159896e-006 4.97262396992427e-008 
3.61524763011766e+008 -1.60604492210504e+007 -5.41424642275725e+004 4.23046153564638e+002 4.86122185364314e-001 -4.69253062648658e-003 1.82936401995184e-006 -3.93720599332996e-008 
6.08193079648203e+008 8.63000469250533e+006 -9.09583469360090e+004 -1.77729067365910e+002 1.36796378809361e+000 4.97759298718991e-004 -1.43512784599791e-005 2.17761020933353e-008 
2.51881626208306e+008 4.09061952010072e+006 -3.76696080305320e+004 -8.64911174633901e+001 5.74527653059982e-001 3.28046885030652e-004 -6.20217413678334e-006 1.10301382508341e-008 
1.06860523926045e+008 1.25990874143502e+007 -2.00360955661888e+003 -3.92620205119080e+001 2.23197163392737e-003 1.93386032412297e-005 1.23041871118080e-008 
-1.38344005662570e+009 1.04101920064045e+006 2.58706227794964e+004 -3.04937116809913e+000 -3.39253472886966e-002 1.14430048098823e-006 -3.04610387766549e-008 
-5.75954512190383e+008 -1.11928897054475e+005 1.07704667959929e+004 4.29451536391784e-001 -1.41032394535464e-002 -3.77404406075670e-007 -1.19616436892507e-008 
5.08008877307397e+007 9.34192793785442e+006 -1.33511980951307e+002 -4.08448826761588e+000 4.95674755996443e-004 4.08603302037650e-007 
-2.64493503664689e+009 -2.01297979057152e+005 6.97165021927107e+003 -4.37819677792326e-001 -1.49380469123025e-003 3.15709221710256e-007 
-1.15912496191288e+009 -2.20369410112948e+005 3.05552727587525e+003 -1.34402007310517e-001 -6.62350521616325e-004 1.35599019086370e-007 
7.71265256229333e+008 7.35514259567765e+006 -5.30518410332603e+002 -8.44773976488866e-001 2.71200282816876e-005 2.51223312651606e-008 
-4.11570430700286e+009 1.29251695546832e+006 2.82890448062949e+003 -1.29898351580883e-001 -1.64046822123494e-004 -1.66292417217982e-008 
-1.70378740434792e+009 3.45962782821783e+005 1.17105383012078e+003 -3.21891093368357e-002 -6.77500296968460e-005 -7.31425804518363e-009 
-3.13126131253845e+009 5.56098241556246e+006 2.27568659618020e+003 -6.57402909620621e-001 -2.51473273026368e-004 6.81924402195822e-008 
-3.14358613870240e+009 -5.40759776717973e+006 2.28425660789798e+003 6.70656956680823e-001 -2.35857421303875e-004 -7.56344423883377e-008 
-3.75890460501021e+007 -3.36298554296088e+006 2.71268772132553e+001 4.07680697580241e-001 2.47453783682747e-006 -4.62583613537935e-008 
-2.88119265225504e+005 1.13559800556898e+005 1.42238155683225e+004 -8.22001400897240e+002 -6.51758476337934e+001 5.68585935065326e-001 1.46887571032925e-001 5.08118846573545e-003 -3.79199712601737e-004 -2.02885438647304e-005 1.33122726644117e-006 1.13401548046334e-007 -3.34589950971644e-009 
-2.11140299079044e+005 -1.10701359885278e+005 1.04382902132599e+004 9.91873101637193e+002 -2.89991048037338e+001 -2.85453163626219e+000 -4.20905042816606e-002 6.11393140306530e-003 3.00109966027168e-004 -1.94902047719610e-005 -1.26977290916204e-006 6.24955937800341e-008 7.99750944009878e-009 
-1.22226617667885e+005 -5.59973249570897e+004 6.07517979673701e+003 5.07969959375845e+002 -1.78157919047330e+001 -1.52015065866489e+000 -1.76599165491016e-002 3.46209587366353e-003 1.49380833590053e-004 -1.11695106387804e-005 -6.41119529148224e-007 3.73521601540039e-008 4.19840016430259e-009 
1.04722260060947e+004 1.72399656819546e+005 -8.37783574744537e+002 -1.56242511635630e+003 -1.51788005412968e+001 4.25159301898394e+000 1.08191510850233e-001 -5.29123224630666e-003 7.51683878789811e-006 1.50184340904028e-005 -2.17416680617963e-006 -1.56097578222921e-007 8.86595916225245e-009 
-3.19795155128456e+005 8.16507622355227e+003 1.76792032941398e+004 8.39509478946284e+001 -8.00456221781806e+001 -1.50273495879353e+000 1.41085573185233e-001 3.98711072985879e-003 -1.72533545970052e-004 1.75523596854287e-005 1.46445077627271e-006 -1.35794394386979e-007 -1.07881605014729e-008 
-1.71243039885533e+005 9.86435473914512e+003 9.48394751833697e+003 -6.20425235840049e+000 -4.36434100080224e+001 -6.65677397345422e-001 7.97881779146492e-002 1.97068401757975e-003 -9.34147369967592e-005 9.90946843721418e-006 7.17684219638898e-007 -7.81674794553789e-008 -5.51522648885564e-009 
2.90969176008606e+005 9.37033742017880e+004 -1.79180652397899e+004 -1.03466342501590e+003 8.33999691123445e+001 4.86673681665374e+000 -9.75767758182406e-002 -1.50401587195040e-002 -8.48224218997207e-004 -1.84836614546726e-006 6.61206777409920e-006 4.34977635096461e-007 -1.45466028504862e-008 
-1.74857753968549e+005 1.30939651396949e+005 1.07016079870430e+004 -1.21814316044162e+003 -6.77375327303668e+001 3.18917684816163e+000 2.56696633840673e-001 3.45467712339825e-003 -4.88347787812656e-004 -7.62776987605954e-005 -2.97870112361668e-006 3.38674092156189e-007 3.61770117832219e-008 
-8.44478588578930e+004 7.33156902834595e+004 5.16397611185712e+003 -6.89814431184798e+002 -3.36609006037110e+001 1.88298144059839e+000 1.34774806220867e-001 1.33480897644782e-003 -2.90915796884961e-004 -4.10059151006153e-005 -1.37928282092607e-006 1.96510226237538e-007 1.89514178262005e-008 
3.15552730772725e+005 -7.09206111788100e+004 -2.00097601262189e+004 7.73695500600342e+002 1.15099413765084e+002 -3.48728605684857e+000 -4.90885315282976e-001 1.01326415863338e-002 2.80615252707884e-003 2.83121449274569e-006 -1.89066594367096e-005 -4.18684669225985e-007 1.28448673065662e-007 
1.17860864460972e+005 1.46599838182379e+005 -7.28709879595948e+003 -1.48757979584471e+003 4.62375395807559e+001 6.53412395723651e+000 -1.68956275601520e-001 -3.16548875478448e-002 2.88129096963060e-004 2.01617382419742e-004 2.64724579910266e-006 -1.37316291542332e-006 -4.63549724093774e-008 
7.33836186944352e+004 7.62918929690600e+004 -4.58057685482133e+003 -7.73930892458711e+002 2.87599635477097e+001 3.39811026574363e+000 -1.07468453955251e-001 -1.66732559421014e-002 2.49398866154873e-004 1.08408452455099e-004 7.87307890159327e-007 -7.51717576500447e-007 -2.05940984674389e-008 
5.96725641579881e+004 -1.70931778136654e+005 -3.43809181580589e+003 1.65237460346712e+003 -1.27937595121953e+001 -5.81551940417933e+000 3.07267822311644e-001 1.34185119654022e-002 -2.35013835431517e-003 1.57879029110008e-005 1.38401277589381e-005 -6.95944931389584e-007 -6.30918267279534e-008 
3.10043860563198e+005 3.68150002649203e+004 -1.77186848625498e+004 -1.34032756029456e+002 9.23953529699381e+001 -2.27927255252910e+000 -2.63088933010577e-001 2.46939611543463e-002 3.94351420659117e-004 -1.62832732368889e-004 4.26500378874242e-006 8.72029803007966e-007 -6.69216392581932e-008 
1.67904383547133e+005 1.39881483431199e+004 -9.62970277302037e+003 -1.59309790180693e+001 4.92982919003186e+001 -1.42128862834654e+000 -1.31286441070961e-001 1.37203516876338e-002 1.33157908071347e-004 -8.69647525477852e-005 2.75543898837786e-006 4.45176600673133e-007 -3.80661648913639e-008 
-2.53474566756380e+005 -1.28726126248477e+005 1.26666011984715e+004 9.22917539808018e+002 -5.83883467721798e+001 1.65371991334578e-001 7.50231477129592e-002 -1.30018587583722e-002 4.63603950637168e-004 2.19012278613198e-005 -3.36367966947487e-006 2.01890742423164e-007 2.73311631507342e-009 
2.51549535189055e+005 -9.08415080434663e+004 -1.24815590306448e+004 8.47143977530350e+002 3.12695506344390e+001 -2.28668116063084e+000 1.24242197763384e-001 -1.12728666353317e-003 -6.52272151700500e-004 4.12103180417760e-005 -7.35964584555755e-007 -1.49601964609474e-007 1.67547185563163e-008 
1.25938793313051e+005 -5.30889476320693e+004 -6.26163762300418e+003 4.87589115319774e+002 1.48442253406769e+001 -1.22940031100410e+000 6.91111115472463e-002 -1.03940918614430e-003 -3.34901998274529e-004 2.28897513790880e-005 -5.06997350710035e-007 -7.35996721620777e-008 9.09209680024280e-009 
-3.85461519418574e+005 1.43341791392370e+003 1.83048131791149e+004 2.27738198919782e+001 -5.69118671183295e+001 -5.37326560998734e-001 -5.97100376310113e-002 2.98155067756215e-003 4.69083176698955e-004 1.54094844234070e-006 8.86651915521755e-008 -7.10028318365908e-008 -5.00520678721094e-009 
6.47608749780545e+003 -1.44123101181432e+005 -3.97841712000150e+002 1.10484028783139e+003 5.24888478120902e+000 -9.95639204404825e-001 -4.08392766820256e-002 -7.02003985820814e-003 9.40178527663110e-005 1.38270201227121e-005 6.38861853483436e-007 5.23445454031142e-008 -3.65208383970389e-009 
-9.88293068235153e+003 -7.71328131918614e+004 4.32993639399778e+002 5.94694487799239e+002 7.56747356818968e-001 -5.61534707013475e-001 -2.38990347537848e-002 -3.65310240873661e-003 6.73965407965628e-005 7.50947679020230e-006 3.43827214862674e-007 2.54828754900929e-008 -2.13947467220906e-009 
-2.46915921026197e+005 1.32425991765813e+005 1.26576752684593e+004 -9.93432046450739e+002 -6.68019532485276e+001 6.00083457131853e-001 1.99181426934178e-001 1.12909016879261e-002 -3.97544669739706e-004 -6.49690572061474e-005 -1.07241019201255e-006 2.62724066734061e-007 1.88659482416289e-008 
-2.43348543781365e+005 -9.49852387312710e+004 1.23836866532451e+004 9.23514068305785e+002 -3.59189667458804e+001 -3.33207309500700e+000 -8.26442805660463e-002 8.42900958795904e-003 8.17881542646210e-004 -4.79836072026134e-006 -3.76170609416426e-006 -1.62160567881879e-007 1.21006425615112e-008 
-1.38717389539670e+005 -4.61141433574679e+004 7.09507843117762e+003 4.59655736498063e+002 -2.17907623412217e+001 -1.76750594541877e+000 -3.67565631026242e-002 4.93774727969733e-003 4.24001569699867e-004 -4.97198753314756e-006 -2.05697449622313e-006 -7.72618760490617e-008 7.18167278267872e-009 
-4.23232545567599e+005 5.50276866008752e+003 1.12537828780994e+001 -1.15140495483053e-001 3.02870669384573e-003 -1.95176771910720e-004 3.72838400761712e-005 -3.62693385458276e-006 1.97867734008768e-007 1.86879965787034e-009 -4.02739430560831e-009 
1.46136181527438e+005 -4.36336280364567e+003 2.25106933891963e+001 -8.75874655732170e-002 1.46548379518347e-003 -2.12541358472151e-004 9.51871171372474e-006 1.40577528337150e-006 -3.32888280912710e-007 2.97511093694315e-008 -3.38965196654421e-009 
6.42534413371860e+004 -1.96865023366768e+003 9.61336303219260e+000 -4.22819549283942e-002 7.32607587160595e-004 -9.55698354208707e-005 1.10283666609746e-006 1.12857485890369e-006 -1.98330368725098e-007 1.63984905309664e-008 -1.37756843570802e-009 
-4.12140843653643e+005 5.58799283214852e+003 1.01259590300069e+001 -7.21041464695022e-002 3.09527422861613e-003 7.10994914120652e-005 5.18143233864598e-007 -1.44786914183780e-007 2.08081305587900e-008 -9.66075744363707e-009 8.91288657336275e-011 
1.37586344074425e+005 -4.18730666807750e+003 2.15094109484703e+001 -8.30597602174211e-002 -9.60629411199831e-005 3.03796129375139e-005 6.31171818052814e-006 -1.60120529084568e-007 2.27791384311535e-008 -1.27024427419436e-008 -2.08360180529693e-010 
6.03915059628868e+004 -1.89368681184810e+003 9.12962538272085e+000 -4.06022211160522e-002 -1.77563598043364e-004 4.43540192592908e-006 3.25824329828725e-006 -6.85724994525826e-008 9.99345058813417e-009 -5.01097298449138e-009 -1.05990573073331e-010 
1.98151055677284e-005 1.39100268800115e-006 6.48384219984893e-007 -1.50161097115016e-007 -5.11760468783284e-008 3.84647252390500e-009 1.75961825559968e-009 2.35261585841329e-011 -2.62233877368913e-011 -1.86179422155315e-012 
4.11991931717373e-005 -8.80758109222373e-007 2.35728064935165e-007 8.77558407122795e-008 -1.31357403269639e-008 -4.85236340476710e-009 8.59918042398423e-011 1.48673044695102e-010 5.07405000118937e-012 -4.35461237300117e-012 
2.14508722048982e-005 -5.82063547168152e-007 -8.17187781386185e-008 3.30455207989837e-007 1.92520083613095e-008 -2.10506612510384e-008 -1.74198776879263e-009 6.82013220070944e-010 1.05615074354675e-010 -1.08138415334076e-011 
4.06299673528140e-005 -3.41055242691363e-007 -4.07414998352318e-007 -2.26682890497365e-008 4.21083688951511e-008 2.58210399354820e-009 -1.86846367768211e-009 -1.91537472841533e-010 5.07772079958208e-011 9.75339032845796e-012 
2.34992108843610e-005 2.10502679869141e-006 -5.08966934824382e-007 -1.82145176444862e-007 5.29181406946080e-008 2.86570667460435e-009 -2.36380878445468e-009 3.33993248939159e-010 4.23332489344582e-011 -2.19688500099400e-011 
3.95439433818586e-005 -8.10704029881285e-009 2.91160905311213e-007 -7.87901481540155e-008 -1.51367252644208e-008 5.31759391060123e-009 -2.37809985084196e-010 -1.70556911485762e-010 4.18076726461689e-011 1.88598961200368e-012 
2.45320080050463e-005 -1.56593850366809e-008 5.96295496326937e-007 1.57103859535999e-007 -2.62594059702071e-008 -6.69795789550801e-009 -3.33499543959008e-010 1.03203211292146e-010 4.07287395543125e-011 1.63676775394083e-012 
3.92013804347124e-005 -7.77364914812918e-007 -1.89851177528270e-007 6.69412075654366e-008 1.53925903796334e-008 -9.85820298067828e-010 -3.65755601511419e-010 -6.56120682113163e-011 -5.37377754017473e-012 2.56366960989032e-012 
2.34131696603602e-002 -1.23720979498951e-003 4.42843537166868e-005 7.45899072707955e-005 2.18391464269806e-006 -1.56046557452229e-006 -1.27777342787367e-007 1.94510494188520e-008 2.92370657703946e-009 -1.32228253561158e-010 
3.83265262964341e-001 1.34860231586689e-004 1.48006847200128e-004 6.61264257384549e-007 -4.29847244282727e-006 -2.39198635534371e-007 6.89874688863879e-008 7.73291990845758e-009 -6.23282533826653e-010 -1.35433423360380e-010 
1.62855047007140e+003 9.21066962795615e-001 -5.21870743442367e-005 -6.98150221114440e-005 -1.85820779668484e-006 1.45087418069336e-006 1.17707443731016e-007 -1.79870988434040e-008 -2.69860725122265e-009 1.21946104521895e-010 
2.30740714174150e-002 1.10319208608857e-003 2.72423068378523e-004 -5.80573820624475e-005 -4.00780944699137e-006 2.07231320979934e-006 2.06585184933223e-008 -5.44551799277260e-008 -1.65581723346796e-009 1.07638046990466e-009 
3.84099305392756e-001 4.79884031989246e-004 -9.40319490099913e-005 -1.49334695425555e-005 4.24141463452282e-006 1.09322412101886e-007 -1.30021196669032e-007 -1.84072324159688e-009 2.98112025236605e-009 1.76188327706587e-010 
1.63039054384584e+003 9.18824144883888e-001 -2.54784325256240e-004 5.58962972757853e-005 3.82865843743484e-006 -1.94389195246965e-006 -2.32236524712033e-008 5.03813760962873e-008 1.64005962513092e-009 -9.84021973203795e-010 
2.56754303991608e-002 1.13449250765721e-003 -1.68512450068849e-004 -1.83549830803060e-005 -1.50035768630627e-006 -2.13359756208680e-007 1.65497819029742e-007 -4.15452022550092e-009 -3.23267369391943e-009 5.28766325395055e-010 
3.84262337700700e-001 -2.85181168548336e-004 -6.80262343273693e-005 4.90876024196788e-006 1.31890923603779e-007 2.88364594286623e-007 8.12394229043151e-009 -9.79374245535653e-009 8.23995501275887e-010 1.04061104433025e-010 
1.63222787622069e+003 9.18858634163707e-001 1.69007841993811e-004 1.63464567073255e-005 1.13899848643722e-006 2.19865961768361e-007 -1.51989318100614e-007 3.30229527565803e-009 3.03926428019049e-009 -4.82788351232186e-010 
2.59716534345550e-002 -9.32575111059180e-004 -2.56514423114502e-004 3.48895781360277e-005 8.84931092234416e-006 4.56392473701993e-008 -1.39143662581997e-007 -1.13397462652806e-008 1.63501132720801e-010 1.80005674372386e-010 
3.83536519161836e-001 -3.01710400917226e-004 9.67544063121650e-005 1.99925066191991e-005 -9.71050227846981e-007 -4.61868636442325e-007 -2.02462845608377e-008 4.01003570066790e-009 5.99518495881629e-010 5.22124348433574e-011 
1.63406747237061e+003 9.20809006289677e-001 2.32136984721280e-004 -3.38729329008634e-005 -8.09867057638309e-006 -2.75770325447369e-008 1.29209181805210e-007 1.04540661922387e-008 -1.79202885319737e-010 -1.67590446076322e-010 
