2.07995116413068e+007 -1.78940285959379e+007 -8.43929538343787e+005 1.10223107854478e+005 6.03740219465847e+003 -4.99813155662819e+002 -4.88425501853879e+001 2.43354509979123e+000 4.28792782473771e-001 -9.48143341989447e-003 -3.84503858547829e-003 -1.17156549989647e-005 3.41629242847028e-005 9.78605950723989e-007 
3.64793420287489e+007 6.74587052348768e+006 -1.44891870176092e+006 -5.84832033723745e+004 6.80565875756911e+003 4.52466185549518e+002 -3.33187729909691e+001 -3.93761350123823e+000 1.62733830429928e-001 3.56209772639050e-002 -5.09127731172944e-004 -3.23368798934360e-004 -3.45711402417426e-006 2.89762356993534e-006 
1.72186253148123e+007 5.45905191165007e+006 -6.86402533171737e+005 -4.26723466964143e+004 3.00900161603645e+003 2.93531288103710e+002 -1.27308847821245e+001 -2.35571567991269e+000 4.24461287075222e-002 2.00105306891224e-002 1.26893093040246e-004 -1.71512968799870e-004 -5.39033436679552e-006 1.44626339622159e-006 
-1.70386381157659e+007 -1.86963782447597e+007 6.27944106334635e+005 1.02608826405916e+005 -6.13512211205367e+003 -2.78808709889335e+002 4.89428581905364e+001 -5.13660038030871e-001 -3.23086575826538e-001 2.02829139286647e-002 1.49187449206542e-003 -2.43861369612730e-004 4.69407346218701e-007 2.07247926534408e-006 
3.76732018452412e+007 -5.50277650823851e+006 -1.39424400224976e+006 6.20576792191096e+004 4.85318570934972e+003 -5.10825650253290e+002 -5.23458683738734e+000 3.61595306600472e+000 -1.41753080726240e-001 -2.00232928391097e-002 2.15204034479523e-003 4.98194940433413e-005 -2.06524518431067e-005 6.95426264966861e-007 
2.17804446175781e+007 -1.00036197199667e+006 -8.09874841526235e+005 2.25046791532842e+004 3.22873452108897e+003 -2.43938004172391e+002 -7.87289000008520e+000 1.98475149204877e+000 -4.22040937028523e-002 -1.27994269899114e-002 9.94765757556850e-004 5.19068467074455e-005 -1.10802466241804e-005 1.56486061342970e-007 
-4.67511167319464e+007 -1.05020739513926e+007 1.24972170307687e+006 7.14667702743529e+003 -4.10467966797481e+003 2.54604942131829e+002 -3.22210072562714e+000 -9.31130586512306e-001 9.59193912031230e-002 -3.46966095061181e-003 -2.23558836104284e-004 4.04036096504144e-005 -2.39917784051549e-006 -2.04724161064528e-008 
1.83379608321606e+007 -1.30585235794247e+007 -4.78985240426038e+005 7.30296634788271e+004 -2.01136350604742e+003 -1.03862900172300e+002 1.67026031189104e+001 -8.99115512108145e-001 -7.12022924260855e-003 5.41654103098770e-003 -4.46074400138274e-004 9.39846038356669e-006 1.78247686757696e-006 -2.23494329179733e-007 
1.45337280873197e+007 -5.88627196803221e+006 -3.85483987240021e+005 3.82676439848089e+004 -6.48597616011747e+002 -8.18886882473866e+001 9.25596176396865e+000 -3.83678835404814e-001 -1.37529681373859e-002 3.25316458542901e-003 -2.15082007288957e-004 8.29158635610657e-007 1.20097995976472e-006 -1.17256419939420e-007 
-5.80511672787688e+007 -9.42381165707714e+005 1.08309883586308e+006 -2.62440112044756e+004 -6.39816475971528e+002 8.73388677125937e+001 -5.79632927026648e+000 2.21168191489583e-001 -8.54690191396331e-004 -6.90822428645487e-004 6.69834029450533e-005 -3.72082966041581e-006 9.68616578032716e-008 5.25915989115267e-009 
-9.26106983601445e+006 -1.39878428086593e+007 1.84830447901745e+005 3.83274366949101e+004 -1.83722260224308e+003 5.70806497621196e+001 3.48169506920403e-001 -2.04312327951351e-001 1.68120744898906e-002 -8.23958244517949e-004 1.55128983154772e-005 1.61546221398544e-006 -2.13819110669358e-007 1.42350189305016e-008 
9.62978939646241e+005 -7.37429122380119e+006 -1.36215500042153e+004 2.31949718918309e+004 -9.14988861828532e+002 2.14301311029668e+001 7.87226599088278e-001 -1.32075597982498e-001 9.06886551686582e-003 -3.68460475454703e-004 1.33808829182879e-006 1.24886312807767e-006 -1.24259398279793e-007 7.05813787599750e-009 
8.67621689639490e+007 -1.40988230489186e+007 -1.09329913654385e+006 2.85956108086602e+004 1.16963826371101e+003 -1.56879848993872e+001 -5.31801672545789e-001 1.99475818014641e-003 1.54709999123106e-004 1.22363379557718e-006 
5.97658481319259e+007 1.74155530963592e+007 -7.40096609861755e+005 -3.69054049923068e+004 7.28427152803874e+002 2.42797114090619e+001 -2.28245393019846e-001 -8.51297614641885e-003 -2.10528469407228e-005 1.74370959473297e-006 
2.13731022123395e+007 8.72677521371925e+006 -2.63745170410762e+005 -1.84125871547806e+004 2.53642306242944e+002 1.19157740839279e+001 -6.88407588133731e-002 -3.95164004334038e-003 -2.07792515124320e-005 5.19143295659967e-007 
5.11108590059074e+007 -2.11826999609868e+007 -6.50390032532366e+005 4.41356878614686e+004 7.35778666853951e+002 -2.71942297403775e+001 -4.02258717450823e-001 7.39282188788579e-003 1.77361249284663e-004 -3.62390744366553e-007 
8.74364978660963e+007 9.95602002597522e+006 -1.09819446849130e+006 -2.17448224199980e+004 1.13989454199579e+003 1.59512341699173e+001 -4.61482348561793e-001 -7.55921771433982e-003 8.62490366903434e-005 3.08331574169897e-006 
3.60771682779267e+007 5.81933833253080e+006 -4.52878037955874e+005 -1.25760857695404e+004 4.66237357187026e+002 8.89844676500336e+000 -1.82257185536755e-001 -3.87063435321923e-003 2.87399908649427e-005 1.34393179703790e-006 
1.17321789601958e+008 -1.28225758683728e+007 -5.69778200576307e+005 9.74497709969336e+003 2.50322736706321e+002 -1.88970591983115e+000 -5.45753514839579e-002 -4.49441040986211e-004 -7.76850350065493e-005 1.46782719889948e-005 7.08680404562473e-006 2.52884088394200e-007 -4.61071294942839e-007 
8.33813230382092e+007 1.48999294246348e+007 -3.99946822011222e+005 -1.24465399832584e+004 1.45299227755625e+002 3.58943165744475e+000 -1.44597519339064e-002 -1.05460473402042e-003 2.52962079250977e-005 2.55049257657721e-005 1.97985293173904e-006 -1.33632155540754e-006 -3.69803712569299e-007 
3.61505883048029e+007 6.46027716164525e+006 -1.73406035503643e+005 -5.39630085403286e+003 6.30119091255827e+001 1.55591730222071e+000 -6.25053508095336e-003 -4.43899574023329e-004 1.29256676221604e-006 9.05057232769387e-006 1.28255816392895e-006 -3.77718030819295e-007 -1.58119596814669e-007 
8.75345909751940e+007 -1.68483016599043e+007 -4.30291153611303e+005 1.33749515279532e+004 1.99213580419814e+002 -3.19591170861116e+000 -5.12923364926345e-002 1.16611398464485e-004 2.15961307238005e-005 4.94384698436415e-006 -3.92826632121463e-007 2.05232169583228e-008 -1.45129523194269e-008 
1.09540035775323e+008 1.11477433156992e+007 -5.33066104903146e+005 -9.57249962096495e+003 2.12181049374426e+002 3.02790486957103e+000 -3.43027780560821e-002 -8.21116290193063e-004 4.36673571163537e-005 1.73124340668779e-006 -5.21246172760851e-007 -1.60681228601925e-008 -9.82990935942248e-009 
4.74924498177915e+007 4.83344297227418e+006 -2.31119933136577e+005 -4.15011703036259e+003 9.19885021850243e+001 1.31238066580852e+000 -1.46923329271118e-002 -3.80556184768566e-004 1.45169724770718e-005 1.66263132990657e-006 -1.81038622077382e-007 -1.51124128362119e-008 -4.87895370799323e-009 
-3.83328326133802e+007 -3.17292631748824e+007 1.79346994220927e+005 2.38782984980073e+004 -2.58896228351693e+002 -8.60366788469584e-001 9.07547432087008e-002 -2.63935837320852e-003 4.52641363567798e-005 -3.42711769327470e-006 -8.25049787623155e-007 
2.13218230999045e+008 -2.61290639292555e+006 -1.00005160297158e+006 7.54279993171542e+003 2.84748825580710e+002 -5.45376516229719e+000 7.65748415218268e-002 3.36136365639962e-004 -5.03777549195763e-005 -3.65118962153438e-006 2.03698038238945e-006 
9.88045336406987e+007 -3.40324497986524e+005 -4.63539111733188e+005 2.81374486693042e+003 1.37607397704758e+002 -2.47810330084744e+000 3.26848597713277e-002 2.18926639183965e-004 -2.44881763381299e-005 -8.92677836734901e-007 8.37421264664063e-007 
-4.67902889985261e+008 1.44727427351385e+007 5.64743708732552e+004 -2.72260179793524e+002 -6.46408981335536e-001 5.88736487701257e-004 2.38513051810188e-006 -1.35272767010413e-007 
-6.07187020852598e+008 -8.73194988190231e+006 7.34144991411984e+004 2.00726154324005e+002 -5.57599846376722e-001 -1.32761884620939e-003 -1.79034168739790e-006 -1.26099750006160e-008 
-2.48864919845872e+008 -4.09547784867986e+006 3.00926844905178e+004 9.26738618564150e+001 -2.23262903395724e-001 -5.83566537107133e-004 -8.53528412781222e-007 1.49010330949700e-008 
1.37277264981733e+009 3.56095704966380e+006 -2.85369013162547e+004 -1.88532520939176e+001 4.09141023025553e-002 4.09346036806078e-005 6.82200682446626e-008 
-4.08055293358260e+008 1.17223157712686e+007 8.49484685812408e+003 -3.86842767146676e+001 -2.74251180697695e-002 2.28808284962696e-005 8.67991300090263e-009 
-2.27568386284407e+008 4.68817770174669e+006 4.73587144663584e+003 -1.51664045007411e+001 -1.30894327669209e-002 7.74076511854263e-006 -5.10930383730818e-009 
1.27689109407697e+009 8.41237961809582e+006 -3.17663128641614e+003 -3.30050659478383e+000 9.06482204136680e-004 3.48444579449970e-007 
-2.42263689040001e+009 3.38406290908927e+006 6.02755959550050e+003 -1.77729130471365e+000 -9.57123739750074e-004 3.21763487514664e-007 
-1.07911146876170e+009 1.36312114686694e+006 2.68488528447154e+003 -7.31621698549663e-001 -4.31936577490248e-004 1.33104963242701e-007 
1.74352663932152e+009 6.88170273166038e+006 -1.20422999483861e+003 -8.01078309014105e-001 6.07088842747841e-005 6.71700337502050e-008 
-3.83703409385164e+009 2.78937127672081e+006 2.65053945353762e+003 -3.03229093330420e-001 -1.46844186659706e-004 -9.09528929884687e-009 
-1.61392756426874e+009 9.70395079652727e+005 1.11481831292060e+003 -1.04159399434630e-001 -6.16306187465831e-005 -4.71499088461842e-009 
-2.29802151057650e+009 6.63533351578509e+006 1.64673655975382e+003 -8.59189497818164e-001 -1.22681501195848e-004 6.18286753581564e-008 
-3.78846204520624e+009 -4.03671923872589e+006 2.71489089654566e+003 3.69815592593810e-001 -3.16159526799299e-004 -5.21173017146266e-009 
-4.89879506302235e+008 -3.25889974699090e+006 3.50956319863045e+002 3.74479208499297e-001 -5.89215563626373e-005 -2.89493108377270e-008 
-6.03645716784919e+003 -1.63929014795124e+005 5.06074557420350e+002 1.27995262830453e+003 1.12012116446753e+001 -1.39353373217370e+000 -2.89785668742297e-002 -6.47188123704540e-003 -3.51868805184253e-004 4.16684448432987e-006 1.01230798049825e-006 7.85764453029256e-008 6.09344697808426e-009 
3.61433856299126e+005 -4.39155119517754e+003 -1.73352556646282e+004 -9.33874593626756e+001 5.60122968474726e+001 8.96502852502906e-001 4.02799866466798e-002 1.92861264951868e-003 -3.10485079244763e-004 -2.51609962664616e-005 -8.10872909636311e-007 -1.97127519292495e-008 2.37778604108759e-009 
1.28881060803901e+005 -1.29325511357804e+004 -6.17079284191485e+003 5.58657685354831e+001 2.08286941062237e+001 2.21587768085612e-001 1.24055011498539e-002 2.43043254613362e-004 -1.35567672085599e-004 -8.70755255333629e-006 -2.19385377453724e-007 -1.60009462369237e-009 1.27311196168912e-009 
-2.80838387434732e+005 -9.81386658784484e+004 1.56882520329651e+004 1.12036357634763e+003 -4.24742013867097e+001 -4.86486172817737e+000 -2.29050474065023e-001 3.07643853415697e-003 1.79894062739579e-003 1.30018924610983e-004 1.89260870198757e-007 -8.14233662214852e-007 -7.64299250111441e-008 
2.22269040538484e+005 -1.30651213476483e+005 -1.23427249772697e+004 9.84308171567227e+002 7.79642894428833e+001 3.89904618805964e-001 -2.05367676414542e-001 -2.36666680135471e-002 -8.33229698250383e-004 7.58592743896548e-005 1.15035846679980e-005 5.51131601483142e-007 -2.71356840117148e-008 
6.00372905600991e+004 -5.35484978294665e+004 -3.32599332511074e+003 4.30182864518336e+002 2.49147703592222e+001 -1.99651830378137e-001 -8.92844702616986e-002 -8.24820202092561e-003 -1.73003278721625e-004 3.61600938193412e-005 4.12654856893002e-006 1.40505350433168e-007 -1.50134686117963e-008 
-3.22834111388274e+005 6.10167430770171e+004 2.13228448667362e+004 -4.54069779966686e+002 -1.43809866641862e+002 -1.01132177806016e+000 7.77957264971214e-001 3.63580211356074e-002 -4.53186385995272e-003 -4.66843844127433e-004 2.14548790815964e-005 4.98251987670779e-006 -4.73526950540225e-009 
-8.67954196265090e+004 -1.63210386789520e+005 5.73527813877468e+003 1.81212902134099e+003 -1.01167149421311e+001 -9.85248820908727e+000 -2.66326302608326e-001 5.54339177507271e-002 4.12358107445931e-003 -3.00710971265530e-004 -4.66746896199786e-005 8.99747212152970e-007 4.62969263261560e-007 
-5.34279968267538e+004 -5.41395522568595e+004 3.53266187809643e+003 6.16521409358341e+002 -1.36267181523500e+001 -3.59272104330190e+000 -4.11150688742321e-002 2.23471472147252e-002 1.15951666452294e-003 -1.39972512049676e-004 -1.51994623645444e-005 6.67980745081003e-007 1.65226995390469e-007 
-7.18158771797550e+004 1.75917562874897e+005 4.71854932397718e+003 -1.93462482039671e+003 -1.98793231083004e+000 1.00638749889403e+001 -3.42069644447809e-001 -5.01887929045694e-002 4.77386860585073e-003 1.96233612263983e-004 -4.90547911956004e-005 4.67679610154809e-007 4.21497684704582e-007 
-3.09865283620110e+005 -4.73102156380736e+004 2.05342070478730e+004 3.21589426697334e+002 -1.35231079850027e+002 1.60686054732481e+000 6.77018030070360e-001 -3.94523014970899e-002 -3.29147630108910e-003 4.63536641848202e-004 7.51328392672500e-006 -4.40349778141021e-006 1.30886713460723e-007 
-1.15785421937339e+005 -4.70907165864908e+003 7.67082601984856e+003 -1.94505174375799e+001 -4.84890696783623e+001 1.27505105414806e+000 2.18288586614542e-001 -1.75991256718618e-002 -8.45166262972405e-004 1.79403077440508e-004 -7.22556621489838e-007 -1.54220943964478e-006 7.60973113094768e-008 
2.51418794021352e+005 1.31523518638283e+005 -1.40725583305301e+004 -9.85670754107193e+002 8.47613409302206e+001 -3.65174714096433e-001 -1.92856527701470e-001 2.17701014146483e-002 -9.54925592621367e-004 -5.33560565894980e-005 1.02278051501683e-005 -5.90646799414390e-007 -9.96341864212835e-009 
-2.50033727676293e+005 1.01664498017830e+005 1.41641699183101e+004 -1.12421018192257e+003 -3.81654356311778e+001 4.48949789067902e+000 -1.94110207804689e-001 -8.78860610235803e-004 1.38052361030827e-003 -1.15348041311658e-004 1.61370568830889e-006 5.50627561405647e-007 -6.18541399015831e-008 
-7.19580130589711e+004 4.54811786152383e+004 4.08816157396656e+003 -4.70304461716199e+002 -7.74328853572714e+000 1.57955059755177e+000 -8.28870529170862e-002 1.19944770579152e-003 4.27399528232719e-004 -4.49591038972478e-005 1.28796125518158e-006 1.55863985729622e-007 -2.28127108198564e-008 
3.79774381887183e+005 -6.74608848078289e+003 -1.84136052802419e+004 2.01547666086035e+002 6.17789610992866e+001 -1.19870530378901e+000 1.09014985708650e-002 -1.86823121190907e-003 -1.73492458959857e-004 2.71797506785297e-005 -9.69274363334422e-007 -2.66461655872612e-009 1.24695080902338e-009 
2.01309265128190e+004 1.55993525823252e+005 -7.43236879977628e+002 -1.22844387541166e+003 1.59207784213697e+001 1.62987530279082e+000 -3.41152950066531e-002 3.71968676224156e-003 -3.33497311359075e-004 2.41121868809053e-006 1.09967047793841e-006 -6.23609307310543e-008 3.38207406189332e-009 
3.35625391582136e+004 5.53211301210385e+004 -1.54110537565713e+003 -4.25007908520377e+002 9.97671058064716e+000 4.97857398177165e-001 -1.14596136747041e-002 1.20309524666202e-003 -1.31277011015460e-004 2.74886487407223e-006 3.25748571185511e-007 -2.24847762730219e-008 1.29697367291223e-009 
2.37288542042438e+005 -1.29408421440414e+005 -1.08651640918261e+004 9.92305872320055e+002 3.58011986908857e+001 -1.55637268420821e+000 -2.55328811405839e-002 7.43696044903399e-004 1.11268045345446e-004 -9.94015714428453e-006 -6.56519545893763e-007 3.33632882532269e-008 1.46215291209273e-009 
2.84059884678436e+005 9.76992536824686e+004 -1.29733415085161e+004 -7.40517696130181e+002 4.36502036255355e+001 1.13808397223388e+000 -2.88036570821146e-002 -9.33639603687558e-004 8.60111087470810e-005 9.88105890010724e-006 -6.26931947406217e-007 -3.11969952259876e-008 1.23335436129376e-009 
1.18096381710052e+005 2.59933573176371e+004 -5.38874538137185e+003 -1.95994394593265e+002 1.80561575960432e+001 2.97686855862953e-001 -1.20131994340098e-002 -2.79785166152803e-004 3.84541779648403e-005 2.84490667193071e-006 -2.69418347005648e-007 -8.83419146896591e-009 5.41284986601399e-010 
-6.55356636622900e+004 -1.61496929809149e+005 3.36955299326289e+003 1.29177856728395e+003 5.20014803563967e-001 -1.94400159780443e+000 -2.47895387497603e-002 -3.00620274275636e-003 -2.87281628163717e-004 -3.43925089769948e-007 1.12463336923535e-006 4.66832070406275e-008 1.88633285841054e-009 
3.56891044586342e+005 -2.82866567201191e+004 -1.70454397906601e+004 1.01266977068876e+002 5.96083765430592e+001 5.57062612420569e-001 -6.65440107243131e-003 1.27022397077614e-003 -1.47948918617204e-004 -2.23541190469324e-005 -6.33021268862986e-007 1.58480857992281e-008 7.31016539837110e-010 
1.23225316893627e+005 -2.12636984673003e+004 -5.86181089667406e+003 1.25102530611531e+002 2.13084803809928e+001 6.52949425220417e-002 -3.96001367466380e-003 2.50027403587779e-004 -7.26856274891936e-005 -8.01671912463208e-006 -1.49221731390073e-007 8.83433257546529e-009 3.89628249821153e-010 
-8.40290145649508e+004 -7.64863032375224e+003 -7.12196309268711e+000 -2.30657974294856e-001 -2.20698021920309e-003 3.46606491798222e-003 -1.18131342457428e-004 -8.82016775321866e-005 5.87828347145029e-006 2.44208179463493e-006 -2.48490673850459e-007 
9.97057077989597e+005 2.33208795984849e+003 -1.39787213440816e+001 9.90373197116620e-002 -2.26356309683303e-002 5.08873628092960e-004 4.74694192849482e-004 -2.79980406539371e-005 -1.29074289782031e-005 1.15245063365162e-006 3.64518409745039e-007 
4.31512653396930e+005 1.21866147138421e+003 -5.76051490727154e+000 6.44300124826708e-002 -1.18615630375391e-002 -7.94701912828301e-005 2.65830274707564e-004 -5.80841779394462e-006 -7.50423589336956e-006 3.62936802731334e-007 2.20487341530283e-007 
-9.93906010857186e+004 -7.71460456877263e+003 -9.10165407576089e+000 -9.76899409941512e-002 3.10906923494093e-003 -8.45058384705670e-004 8.02492528224685e-005 6.05379247872233e-007 -1.38495594738790e-006 2.33733525562071e-007 -1.85280588962751e-008 
1.00161044667232e+006 2.22130026395884e+003 -1.38980622163065e+001 -1.37742820996857e-002 2.41237718283493e-003 -1.20697510631641e-004 -6.59581872486526e-005 1.25280917490416e-005 -1.10198177921693e-006 -3.08230374833097e-008 2.30725925275382e-008 
4.33904738122568e+005 1.17348502597707e+003 -5.65534295306024e+000 -8.29288210040591e-003 1.13068335424562e-003 3.10933408989818e-005 -4.36055677161317e-005 6.62647024958273e-006 -4.44944011773187e-007 -4.00218389685945e-008 1.42536916370603e-008 
5.36434669155814e-005 -1.82891545897621e-007 -4.10421913549462e-007 -1.03028850739631e-007 2.43908006075915e-008 5.96510558180054e-009 1.09919808912504e-010 -5.24955917554939e-011 2.16907873597940e-012 -4.73215643768881e-012 
-3.03041424043903e-005 -4.61061249618618e-008 1.08746611111652e-007 -5.88443833551805e-008 -1.22488080357288e-008 6.29188902863268e-010 2.72513277734742e-010 9.08388726044901e-011 2.04704947676970e-011 -2.89370217103666e-012 
5.25073857388990e-005 3.13278729439347e-007 7.86346622001005e-007 -9.12334585852198e-008 -9.41652922056362e-008 6.39233973648502e-009 6.43375611491829e-009 -3.34959609969015e-010 -3.48293726508943e-010 1.45073785816839e-011 
-3.12949536288820e-005 -1.02769311534463e-006 8.23648661975958e-008 1.26922572349196e-007 -1.01324314819116e-008 -1.02903669711002e-008 6.41113376119461e-010 5.58797644542014e-010 -3.01896681662490e-011 -2.31663507696332e-011 
5.28547310610798e-005 -1.06157495110123e-006 -3.23702326857359e-007 1.74146678430455e-007 8.19789289676647e-009 -6.55927272915443e-009 5.05629518257173e-010 -4.59591660785486e-011 1.06410709702783e-011 6.71283243811319e-012 
-3.22042174249262e-005 -2.33452708420823e-007 -2.07481921644683e-007 -2.89187469282583e-008 1.64517376159892e-008 -4.97090240896760e-010 -1.71866462662193e-010 5.58413455092968e-011 -2.71562096678759e-011 1.62174837570584e-012 
5.22814388494559e-005 9.67250477984551e-007 2.14650043689996e-007 -1.32595332951794e-007 -1.22087672273449e-008 3.73339445688572e-009 1.91629716831430e-010 -2.12891571693085e-011 1.23409514090645e-011 7.40279396886502e-013 
-3.34275671614130e-005 -5.92465631709091e-007 2.08850804966474e-007 2.16397015920326e-008 -1.14452661196381e-008 -9.67623375956464e-010 1.40852548697923e-010 3.72431578506797e-011 3.75629270530744e-012 -2.98926621840625e-012 
4.71333512008941e-002 3.98911529515217e-004 -2.82773428558907e-004 -4.23836583510665e-005 4.88037841326363e-006 1.21934083279591e-006 1.53822687958005e-008 -1.23051115087549e-008 -1.43434354333910e-009 -2.02392874832035e-010 
4.28547753335911e-001 -4.14968045255275e-004 -7.40943820497657e-005 1.84314336697234e-005 3.23693035992285e-006 -1.37936753358435e-007 -6.21231343598335e-008 -3.36371072436399e-009 5.58950723811388e-011 4.93489467542175e-011 
2.12894540949241e+003 9.19557008896704e-001 2.42466512247407e-004 3.73933156371008e-005 -4.26223950296903e-006 -1.09005321865178e-006 -1.22261614617958e-008 1.13529192729531e-008 1.27420895440174e-009 1.74184702643226e-010 
4.57255373489363e-002 -1.52761075399353e-003 3.14756738083642e-005 6.76811294465242e-005 -5.84616548150320e-006 -1.87283631180973e-006 3.05071625633008e-007 5.77943037732158e-008 -1.17580938022316e-008 -1.96581618256427e-009 
4.28000766132999e-001 6.83232439262058e-005 1.44781619163535e-004 -7.98844187674410e-006 -4.60154884532909e-006 6.05975930667212e-007 1.30216512461195e-007 -2.55172392226820e-008 -4.25317902924849e-009 9.51628693522550e-010 
2.13078642250337e+003 9.21214609720502e-001 -2.84092588325838e-005 -5.80394754815019e-005 5.32194657278467e-006 1.61812209226090e-006 -2.77191674166198e-007 -4.99402681232307e-008 1.06716350252801e-008 1.69391788757499e-009 
4.40849861864359e-002 2.01691752722349e-005 2.17585918923997e-004 -6.57351676623469e-006 7.06124749712774e-007 -1.44095420720423e-007 -1.02725177814945e-007 1.06949826585480e-008 1.93511181464282e-010 -9.80487632257699e-011 
4.28733551883560e-001 5.19761391059849e-004 -2.01631720589835e-005 -8.01366346213130e-006 9.27859029380214e-008 -2.36927586646957e-007 2.25297922045660e-008 4.19459454354717e-009 -5.91601543345147e-010 6.19689949862207e-011 
2.13262765301509e+003 9.19908260115667e-001 -1.81626176035039e-004 4.96680248618266e-006 -8.25466394576921e-007 1.48019852401553e-007 9.18146705040283e-008 -9.56780453939828e-009 -1.48295910696753e-010 8.00087375820963e-011 
4.53713242626276e-002 1.05950033167086e-003 -4.19981601129711e-005 -5.05049205203940e-005 -3.13131700352771e-006 6.69001976117895e-007 1.03973294117312e-007 -4.62564335410134e-009 -1.06202170095522e-009 5.08381401123615e-011 
4.29261909104151e-001 -8.40130580625865e-005 -1.25390589797183e-004 -2.12122008884844e-006 2.67341047694440e-006 2.87506337271783e-007 -2.53163714388624e-008 -4.97605439696045e-009 1.71202499384444e-010 3.53606642692654e-011 
2.13446640579216e+003 9.19014304375530e-001 3.30991779723813e-005 4.39707038396796e-005 2.90469712322943e-006 -5.97751101453515e-007 -9.49873301180676e-008 4.18053684807890e-009 9.79328898650072e-010 -4.46474785244707e-011 
