5.20410191572085e+007 2.96794635500365e+006 -1.10128125160435e+006 -4.30402496857261e+004 3.08737191037018e+002 1.17112702544340e+002 9.05801455178718e+000 3.60315415799198e-001 -2.32465406252519e-003 -1.67925988148931e-003 -1.47677413389008e-004 -6.70096066143484e-006 2.10696772990383e-008 3.29138826178614e-008 
-1.61753486019398e+007 1.44582844169322e+007 3.49346875859761e+005 -4.03975910640177e+004 -2.49914124472556e+003 -8.25931754204825e+001 1.06741160905806e+000 3.89930735943841e-001 3.07295142384782e-002 1.24792842132029e-003 -1.33243811930104e-005 -6.74920376018464e-006 -5.91900071236519e-007 -2.66667593695693e-008 
-1.40884248881066e+007 7.41461194366739e+006 3.00843041608435e+005 -1.71137014172502e+004 -1.36694458123248e+003 -5.62656737891703e+001 -3.69457446085422e-001 1.70905154397085e-001 1.66553370205527e-002 8.40776793337101e-004 8.20181151002628e-006 -2.90998069421856e-006 -3.18349484096653e-007 -1.76583492502967e-008 
4.77638202187711e+007 -7.55703400430645e+006 -1.46608139311699e+006 -5.46318172326660e+003 5.18495828345551e+003 3.43078895578882e+002 -3.64144519757077e-001 -1.89188578513435e+000 -1.44501817423639e-001 1.96415684744691e-004 9.49214548942615e-004 7.69689887646799e-005 -1.11119238735649e-007 -5.50529355107607e-007 
1.34607871575306e+007 1.45454970510343e+007 -4.09646782437354e+005 -8.61860153510172e+004 -2.35130534761532e+003 1.97833959787010e+002 2.55779904033131e+001 8.51579746094631e-001 -8.32653468952980e-002 -1.18843995462262e-002 -4.27351178012916e-004 4.41880490792770e-005 6.62518816878037e-006 2.51378603486437e-007 
2.18459059580098e+006 8.55298422607697e+006 -6.67321144005396e+004 -4.54696115145321e+004 -1.79380357476001e+003 7.00845140464958e+001 1.37002768813391e+001 6.51123198329578e-001 -2.94866228052862e-002 -6.36843585039407e-003 -3.26734949333062e-004 1.56188460828523e-005 3.55037603472274e-006 1.91382203155742e-007 
2.19797419323808e+007 -1.77361360762976e+007 -8.73801402008578e+005 1.07989350161461e+005 6.25920931748135e+003 -4.72791357014920e+002 -5.02977213112156e+001 2.11942138239747e+000 4.35190810722753e-001 -5.99812078585766e-003 -3.81564841679523e-003 -4.83684956115779e-005 3.28154203015155e-005 1.34233231285870e-006 
3.58840758111866e+007 7.01012066849179e+006 -1.43265852189745e+006 -6.09280820548633e+004 6.59621446238855e+003 4.70007486120121e+002 -3.07799343002545e+001 -4.04590383842304e+000 1.33458824073342e-001 3.59440026585746e-002 -1.88381049754453e-004 -3.17809023115539e-004 -6.76985320479985e-006 2.74132063671970e-006 
1.68358312197106e+007 5.58386586977105e+006 -6.74613663103641e+005 -4.37468545841458e+004 2.87408553914154e+003 3.00098984299807e+002 -1.12235852166590e+001 -2.38097680910320e+000 2.61434284993460e-002 1.98217201036745e-002 2.95185259242999e-004 -1.64740515568102e-004 -7.02016836980378e-006 1.32503417105968e-006 
-1.58103408784508e+007 -1.88048742157084e+007 5.99456401132293e+005 1.04811523735387e+005 -6.00044689282126e+003 -3.05607871776581e+002 4.91776715279049e+001 -2.71770675919448e-001 -3.38989977639733e-001 1.88001402380450e-002 1.73530473052635e-003 -2.42873549551805e-004 -2.05790911561344e-006 2.20996935049634e-006 
3.76283024900212e+007 -5.24485655366897e+006 -1.41086481948065e+006 6.02332042932055e+004 5.08462408459206e+003 -5.07182675493389e+002 -7.57371229148819e+000 3.71172344532575e+000 -1.24454362223042e-001 -2.19481667854977e-002 2.08927429195324e-003 7.28203545683809e-005 -2.13336737742631e-005 4.99137616236857e-007 
2.16867527132032e+007 -8.51277418814713e+005 -8.15798187075416e+005 2.13011839582448e+004 3.33840096437541e+003 -2.39210344153687e+002 -9.14685771176269e+000 2.01081150798084e+000 -3.13129020295710e-002 -1.36738272457298e-002 9.35978864105913e-004 6.40910801861466e-005 -1.11819246910727e-005 3.73677070820366e-008 
-4.40882120344686e+007 2.17253312648568e+007 5.55571267949182e+005 -4.54619158246485e+004 -5.23901691332270e+002 2.84491598866907e+001 1.25739945599818e-001 -8.30465826827164e-003 5.25665970587989e-005 1.06027588502737e-006 
-8.92705392927569e+007 -8.68360704360597e+006 1.12566663593152e+006 1.72519950062624e+004 -1.17449464826961e+003 -8.51026402865797e+000 4.85494021040859e-001 -1.38339906054218e-004 -9.84043208720094e-005 1.76552037230396e-006 
-3.73729579213298e+007 -5.28170652469649e+006 4.71234115385349e+005 1.06385753150637e+004 -4.95211929445660e+002 -5.62889623591236e+000 2.10452264774174e-001 4.62111774821459e-004 -4.74681608422633e-005 7.19277297397789e-007 
2.00782539503654e+006 2.38891587584095e+007 -2.11657592876464e+004 -4.92038217753332e+004 5.75115899785672e+001 2.88897348175649e+001 -7.99032089883657e-002 -6.34189884340213e-003 6.11400942342958e-005 -4.30333552346510e-007 
-9.72083020821028e+007 8.21506819180711e+005 1.21635566039223e+006 -2.27545191132102e+003 -1.23008832871519e+003 2.79684850932388e+000 4.46797762376543e-001 -2.32392044883616e-003 -4.16461116773812e-005 1.21984500025458e-006 
-4.38618235717151e+007 -1.14264222164647e+006 5.48535818330745e+005 2.09061308914552e+003 -5.57017311410007e+002 -5.70182474948257e-001 2.06051192481576e-001 -6.43966159858233e-004 -2.25915425054264e-005 5.75645557499502e-007 
-1.06621064985175e+008 1.40869974966180e+007 4.95001031136988e+005 -1.13295136004473e+004 -1.69270006714868e+002 2.82161852118450e+000 1.14170284478474e-002 5.80692300278942e-005 -6.06138162549393e-005 -2.34098549071771e-005 4.61288771690713e-006 1.35679186966598e-006 -3.16434983674208e-007 
-9.60659393299759e+007 -1.34834322806842e+007 4.47877395936372e+005 9.95477459410839e+003 -1.82486929262228e+002 -1.70499051067999e+000 3.25895892969172e-002 -9.93805535596222e-005 -1.11222703997145e-004 2.83726966344046e-006 6.59145619672356e-006 -3.02153285749561e-007 -4.21478714463164e-007 
-4.16624453925385e+007 -5.84590315243479e+006 1.94186727402411e+005 4.31601798065962e+003 -7.91156860343614e+001 -7.39635595523718e-001 1.39961011599280e-002 -1.82827208035562e-005 -3.78517054947747e-005 -6.74175101544934e-007 2.23395253219677e-006 4.21378746771255e-009 -1.45012878082378e-007 
-7.49472033117317e+007 1.74615192671281e+007 3.44699436563765e+005 -1.35745868838917e+004 -1.10876414048549e+002 2.97970080264078e+000 3.53791162738054e-003 1.79635186563220e-005 -1.44462225498573e-005 -9.75169920248053e-006 -3.75628186557559e-007 3.08047355814819e-007 5.15911617644088e-008 
-1.19108084140063e+008 -9.47455034412927e+006 5.48820451369483e+005 6.80191030023372e+003 -2.09368888839771e+002 -9.94822551214256e-001 2.91890418531181e-002 -1.42449008881099e-004 -6.81183333120972e-005 -4.72420771622632e-006 1.92900017730799e-006 4.20516262218518e-007 -3.03367917441441e-008 
-5.16526089260568e+007 -4.10777067424429e+006 2.37952016076479e+005 2.94907557499766e+003 -9.07740706471712e+001 -4.31794822002373e-001 1.26061539954390e-002 -3.18971940121678e-005 -2.51566995231725e-005 -3.10766579273910e-006 5.78506258683549e-007 1.92407334501296e-007 -1.64192876793972e-009 
-2.37335730294755e+008 -8.26392125025662e+006 9.78661290567462e+005 6.45495890879200e+003 -2.34797274617278e+002 -7.80304301331788e-001 -4.14082997992184e-002 -2.80505121129087e-004 9.63930292200870e-007 -2.22450656182269e-008 1.85339721212659e-007 
6.25376033995881e+007 -2.66088612774409e+007 -2.54656816614004e+005 1.80446541584448e+004 8.51343655828103e+001 -4.53787169223636e-001 3.28897316639521e-003 -7.77640196896934e-004 -3.33923678611077e-006 2.85517573340811e-007 4.26749360632308e-008 
3.50831902782692e+007 -1.19813608590794e+007 -1.43275104133793e+005 8.10191895730720e+003 4.53999891383600e+001 -1.87022893544404e-001 2.62754036850107e-003 -3.50429323845085e-004 -1.84890858425505e-006 1.41945264447399e-007 3.08006427918990e-008 
-7.93843025383062e+008 3.87742260903106e+006 9.27148661176212e+004 -7.77297653810223e+001 -7.69265977840778e-001 3.23394884356707e-004 -6.34430114568080e-007 -9.74422637768760e-008 
-1.77210841614059e+008 -1.53613037243753e+007 2.07689357217472e+004 2.98621962405841e+002 -1.83309106551648e-001 -9.80226831053676e-004 -6.39380480537820e-007 -8.54612624566292e-008 
-5.66183748408503e+007 -6.67895118985312e+006 6.64341078063393e+003 1.29896858949100e+002 -5.98268240787890e-002 -4.28068926331930e-004 -3.06182421722110e-007 -5.06784404474746e-008 
1.18909761816614e+009 7.13325924676383e+006 -2.36810872394042e+004 -2.81573418074368e+001 2.78092910711521e-002 3.61489234685542e-005 1.98332464686030e-007 
-7.81195743128763e+008 1.00668620687589e+007 1.55699412656402e+004 -3.04629359815276e+001 -3.22363789953821e-002 8.78327864434671e-006 -8.30817507439007e-008 
-3.73775776960706e+008 3.85080807388654e+006 7.44908173106837e+003 -1.13699135080736e+001 -1.45131763806436e-002 2.12208210025887e-006 -3.13070555161733e-008 
9.84054554511096e+008 8.79750495041516e+006 -2.47899622692815e+003 -3.53539324223876e+000 8.24650205743131e-004 2.87423262231364e-007 
-2.52349025616030e+009 2.54090743721555e+006 6.36230451735067e+003 -1.49828268618194e+000 -1.09421875021287e-003 2.90500215176353e-007 
-1.11913978562140e+009 9.88389288036802e+005 2.82161640288850e+003 -6.06227660176514e-001 -4.90179799192756e-004 1.25098013544583e-007 
1.50689120202545e+009 7.03429463035966e+006 -1.03928302093280e+003 -8.15407327553675e-001 4.64959185533929e-005 3.80599196323048e-008 
-3.92569854752808e+009 2.42487754728168e+006 2.70828224786984e+003 -2.62582520059909e-001 -1.53073990430825e-004 5.26196775223183e-009 
-1.64432781349562e+009 8.17412836439206e+005 1.13434321331741e+003 -8.71570091005193e-002 -6.38259725620457e-005 1.84093671220965e-009 
-2.51968179235114e+009 6.39962028778788e+006 1.81839075883330e+003 -8.22552168481168e-001 -1.48464925212010e-004 8.69637066498634e-008 
-3.64499830627448e+009 -4.40042003805009e+006 2.63079128339989e+003 4.53825915793060e-001 -2.97873911287866e-004 -6.17010626627017e-008 
-3.78325024427622e+008 -3.30136426931151e+006 2.73027641061438e+002 3.89008344852574e-001 -4.73173728491807e-005 -3.67624657676108e-008 
-1.87298734970390e+005 -1.43308957774287e+005 1.12383963556150e+004 1.47941110226878e+003 -3.21452307431666e+001 -5.45589838632567e+000 -1.30319642623193e-001 5.51640831893182e-003 1.09142264352255e-003 7.85415168402691e-005 -7.49317821741257e-007 -5.33994745540134e-007 -3.41938940351034e-008 
2.85017757775315e+005 -8.81002796732120e+004 -1.68410093136809e+004 6.62172635167260e+002 9.32755266637432e+001 1.29776849786091e-001 -2.20792783628565e-001 -1.40331625154625e-002 -4.29633236426742e-004 4.82969411017791e-005 7.08651912181495e-006 2.25961109269748e-007 -2.29942667991029e-008 
9.69561441953134e+004 -4.88236663859406e+004 -5.71505978903102e+003 4.06006985132125e+002 3.44634621953389e+001 -4.66096249336200e-001 -1.00991684065688e-001 -5.10824324800295e-003 -6.96437355609025e-005 2.67917024390999e-005 2.77584855962656e-006 4.04049266190881e-008 -1.24614422427920e-008 
-3.39748828917344e+005 9.74004487779663e+001 2.21160390990368e+004 6.58682884063248e+001 -1.33891271845850e+002 -1.79830462969336e+000 5.69475589064165e-001 2.57620810470698e-002 -2.51740947832105e-003 -2.69804087740650e-004 8.63802285842866e-006 2.36069097885199e-006 1.66785468946234e-008 
1.57162055027814e+004 -1.67992893027444e+005 -1.13652015251533e+003 1.76516262530443e+003 1.65796939619356e+001 -8.07845256708490e+000 -2.30618983999826e-001 3.44760953002398e-002 2.60842487628121e-003 -1.39017832669275e-004 -2.41885669531396e-005 1.93454196716928e-007 1.94747499961189e-007 
-2.54957164254474e+004 -6.74458931633134e+004 1.62543931498398e+003 7.15662546141123e+002 -5.99932559500075e+000 -3.41623062224639e+000 -3.87834618631819e-002 1.62790040422518e-002 8.10017251872263e-004 -8.12778618522291e-005 -8.90035107054950e-006 3.00290265666722e-007 7.97909717035418e-008 
-1.84387932141902e+005 1.46173226007619e+005 1.14031505967068e+004 -1.60104690103006e+003 -3.93305158976291e+001 8.26601709358413e+000 -1.05339568909820e-001 -4.23516344349180e-002 2.21413347085846e-003 2.15269168887371e-004 -2.32849798113926e-005 -7.96004519511968e-007 2.08783799847634e-007 
-2.67228371181211e+005 -1.00113181407276e+005 1.64137402577562e+004 8.31448032358226e+002 -1.08362671900982e+002 -9.62494247489224e-001 5.47294639199292e-001 -1.60439425676516e-002 -2.92584412271202e-003 2.10203093370751e-004 1.38655551643811e-005 -2.06367776884744e-006 -3.38067271572352e-008 
-1.24469714782562e+005 -2.64238463949643e+004 7.66617374928105e+003 1.82806395020667e+002 -4.72690873530753e+001 3.94316843602734e-001 2.09994513993945e-001 -1.04418556162238e-002 -9.66474018639223e-004 1.04736440274858e-004 3.37364049656057e-006 -9.03955410272335e-007 6.10598654979899e-009 
1.37719141805926e+005 1.60237570390498e+005 -7.25118670096594e+003 -1.27218955278902e+003 5.47848891033080e+001 9.44396216309415e-001 -2.09702695497239e-001 1.72549398434810e-002 -1.10696450299869e-004 -7.83974690642529e-005 6.62757232928117e-006 -1.15413296952816e-007 -3.06884748237208e-008 
-3.24122666809791e+005 4.36144668512342e+004 1.70022844321311e+004 -5.88966727896050e+002 -5.57636870410791e+001 3.41313456932658e+000 -1.10715226736186e-001 -7.79385426327895e-003 1.27928103155604e-003 -5.00716168145341e-005 -2.54227014383085e-006 5.00150241221115e-007 -2.64365604535237e-008 
-1.16966852991671e+005 3.26018566255055e+004 6.13925226120842e+003 -3.56948304806088e+002 -1.72233430670543e+001 1.46250406716524e+000 -6.42485000604684e-002 -1.50607520937357e-003 5.03474466905558e-004 -2.75082979201071e-005 -3.96581035548621e-007 1.90023590121536e-007 -1.35114156369776e-008 
3.62625837386268e+005 5.64390129239772e+004 -1.71323743716338e+004 -3.79890234709307e+002 5.45504518479291e+001 7.28440140135439e-002 5.60385256597906e-002 9.15441494190306e-004 -4.50025888748561e-004 8.25163449447857e-006 -3.87962404274856e-007 4.28206734556184e-009 5.29318619178510e-009 
-1.31203178438721e+005 1.40335411275494e+005 6.31462436077146e+003 -1.09291820782450e+003 -1.52124278806596e+001 1.06153233679429e+000 -2.18436098030434e-002 7.11986685945116e-003 -3.22469724788780e-005 -1.23430456430042e-005 4.09440594499814e-007 -7.23431622138050e-008 2.30177953693609e-009 
-1.83841173857842e+004 6.15998123039112e+004 9.12056480489583e+002 -4.74709620921356e+002 -9.13532128906834e-001 4.34845303846070e-001 -3.56854221326316e-003 2.94213823273473e-003 -5.55341787270710e-005 -4.18145111217948e-006 1.28478882628805e-007 -2.86222093098504e-008 1.42393506297727e-009 
3.34816363355236e+005 -8.34969008812872e+004 -1.62096699828449e+004 5.60025636642264e+002 6.41003755404530e+001 3.32092689383065e-001 -7.99654348762063e-002 -8.62568501405561e-003 -2.18187271005866e-005 2.77582741225972e-005 9.73660819531309e-007 -5.25623224745708e-008 -7.63371244507380e-009 
1.56669964291625e+005 1.35993567152321e+005 -7.48326712096359e+003 -1.13432060455191e+003 1.46368876064948e+001 2.41130871918099e+000 9.63849311657683e-002 -1.22879947550207e-003 -4.98644268523394e-004 -8.24413555277254e-006 1.16330484046340e-006 8.98072045788738e-008 -1.10825750579063e-009 
9.43867927569577e+004 4.66107995798370e+004 -4.53619995099457e+003 -4.01756796289537e+002 1.19781728247982e+001 9.97854348230936e-001 3.09547630692463e-002 -1.30993081229724e-003 -2.01925819420397e-004 -6.64979946606877e-007 5.58760086208647e-007 3.09900428455891e-008 -1.16871581726241e-009 
7.14137815265944e+004 -1.69398908050915e+005 -3.65390102591595e+003 1.46384797658968e+003 3.58229309445162e+001 -3.58111734301441e+000 -1.78034609905100e-001 5.13959482875345e-003 5.41213706589298e-004 -2.35403572289584e-005 -1.99636117384594e-006 1.47657072950632e-007 1.26773377726301e-008 
3.31313954968231e+005 2.99538302191421e+004 -1.78006172144726e+004 -4.32047016986636e+002 7.43150603201875e+001 2.67541918829689e+000 -1.17542079588858e-001 -9.69181364641460e-003 2.53139414218808e-004 2.87573479840806e-005 -1.75903964125432e-006 -1.50608206744401e-007 8.86644418233653e-009 
1.39449974268233e+005 -4.03681776855125e+003 -7.48072810278961e+003 -3.41747305090105e+001 3.31936920390117e+001 7.30796915720970e-001 -6.40360585190108e-002 -3.39315505471623e-003 1.52923855058988e-004 9.29015298900181e-006 -8.94705998425920e-007 -4.63414282587878e-008 4.75713477731034e-009 
-2.38440959033659e+005 -1.25229811971329e+005 1.44274645916429e+004 1.30381047238187e+003 -6.07685126190519e+001 -5.09439403034677e+000 6.64494370203936e-002 9.63166760181035e-003 1.29691014374073e-004 2.58965295694608e-005 5.92993201583680e-007 -2.91272000488114e-007 -1.32396917972366e-008 
2.48495771642324e+005 -1.10271831683748e+005 -1.47794770696328e+004 9.62240376013307e+002 8.42003490331391e+001 -2.13531908723370e+000 -2.37657476109316e-001 -4.88443629260459e-004 1.02486177947302e-004 3.54505442887322e-006 3.21149765588749e-006 1.23390936878512e-007 -1.72018887847329e-008 
7.69252619523222e+004 -5.60403565463110e+004 -4.55337594566575e+003 5.09340770442942e+002 2.79584275314414e+001 -1.34019845168673e+000 -8.88490173638663e-002 7.22822010789127e-004 5.32870882761527e-005 3.86611609083479e-006 1.34281280062491e-006 2.17981726846244e-008 -8.14815922124938e-009 
3.01198716997928e+005 -3.25599219645913e+003 -2.25308278785029e+001 1.95751508607023e-001 -4.29165976003198e-003 -1.38316623914085e-003 -1.11043496728168e-004 4.90514527618443e-006 2.91006848211566e-006 4.03943552469492e-007 9.77608341828406e-009 
6.99685077454663e+005 5.86269670759383e+003 -1.00629121763777e+001 -2.38445946243152e-002 1.11449268494527e-002 2.85728393280288e-005 -1.21438623465928e-004 -1.97661008415627e-005 -1.07430203734271e-006 2.13783222926839e-007 5.91581592424661e-008 
2.92101519217138e+005 2.63395349813931e+003 -3.89548969783823e+000 -1.39266056954703e-002 6.20830097855706e-003 1.52755776351882e-004 -5.32532058093615e-005 -1.10663014438823e-005 -8.75786469069394e-007 7.26130631963254e-008 3.05789581666375e-008 
2.94511814616632e+005 -3.42990401797183e+003 -2.13230805948179e+001 9.09648419044875e-003 8.58909079402596e-004 3.36932797135263e-003 -9.17789507556617e-005 -9.00441099788561e-005 4.84839388803573e-006 2.54877227482247e-006 -2.11664841413348e-007 
7.11330262472652e+005 5.78259498577048e+003 -1.00049181573956e+001 -5.27166613948518e-002 -1.68903047202106e-002 4.48214217911941e-004 4.80707874012639e-004 -2.33662294223333e-005 -1.33515522174487e-005 9.96690936154315e-007 3.86462690983677e-007 
2.97338551516894e+005 2.60320457828211e+003 -3.78217710742302e+000 -1.38546992778614e-002 -9.39675701267328e-003 -1.13626201012923e-004 2.66399154292227e-004 -3.14058568859985e-006 -7.63472823080182e-006 2.68272842820942e-007 2.28381249656409e-007 
7.51795595107303e-005 -9.27477079223838e-007 -5.19433557652694e-007 1.68132632177465e-007 6.77317979940097e-008 -6.77475123538684e-009 -3.68508972314825e-009 -1.09758505783491e-010 1.15474012906941e-010 2.06183209416493e-011 
-1.13128263811882e-005 -1.65278131323268e-007 -2.32989031249924e-007 -9.51823465491660e-008 1.86912720124892e-008 7.34612890866048e-009 -3.40816135740707e-010 -3.40177236437779e-010 -1.97929212721864e-011 1.14151091520731e-011 
7.50801074532818e-005 1.32344179672281e-006 -5.61803354309829e-008 -2.45908977431193e-007 2.52839995496057e-008 1.10222019327020e-008 -2.76939899196005e-009 -2.36634739128811e-011 1.49027963879169e-010 -2.04082728738487e-011 
-1.26409669708997e-005 -5.58081960422775e-007 3.12429418288021e-007 -1.82302362519294e-008 -2.58389218557988e-008 3.80527356766547e-009 6.76793769525064e-010 -2.67738330990298e-010 7.57585449631603e-012 1.04171682180725e-011 
7.49253587334988e-005 -1.15743752097098e-006 2.21447776933279e-007 1.65037192265165e-007 -8.06008167527270e-009 -4.08473430303669e-009 -2.02737604684230e-010 -6.36953476588036e-011 1.69391693232904e-011 7.69282808742776e-012 
-1.33593016699273e-005 -6.66341981755514e-007 -2.24296727220023e-007 2.23107277621196e-008 1.29990985098801e-008 -2.04010817701258e-010 -1.03127799250021e-010 -1.85885264806176e-011 -8.26657352356822e-012 -4.90559325839241e-013 
7.56780583186265e-005 1.35299005579080e-006 -4.00887243501357e-007 -1.99566395304752e-007 3.03689983291848e-008 1.20042064195671e-008 -4.36984619433448e-010 -3.62787878849640e-010 -1.14878154003918e-011 6.95719973979064e-012 
-1.45535695620907e-005 -7.40641162632161e-008 2.24435461866711e-007 -6.37726858396011e-008 -2.23608433475924e-008 2.20937165570137e-009 8.99642742260005e-010 -1.84153481420521e-011 -1.52681906992988e-011 3.13682291238403e-013 
6.36424389956926e-002 -3.13856461616207e-004 -7.79573434404551e-006 -1.03271859446975e-005 4.49829556529305e-006 1.22060026585076e-006 -1.47893344589178e-007 -4.57953367135933e-008 5.26580318991481e-010 1.09370184049105e-009 
4.17025974560987e-001 1.57568041963324e-004 7.35222701713440e-006 5.18249705552271e-006 1.84838738619485e-006 -3.84026577721193e-007 -1.01507667260225e-007 6.60064619422755e-009 2.99027046578183e-009 1.18432081544107e-010 
2.00382695604654e+003 9.20107401500847e-001 -2.92324399462775e-006 1.14901968792391e-005 -3.82376368943520e-006 -1.13346216675168e-006 1.28738949038799e-007 4.14066179968639e-008 -3.84818833075049e-010 -9.74230518659589e-010 
6.33844778156054e-002 2.19567533563589e-004 1.47784288174747e-004 -1.17455949785374e-005 -8.22347068179579e-006 4.78414545568180e-007 2.22800228744137e-007 -2.85718576443414e-008 -2.19686219466983e-009 1.01397228164560e-009 
4.17477067466081e-001 2.64381782464604e-004 -3.10150816437926e-005 -1.55158610634730e-005 8.94442617805822e-007 5.94087559832970e-007 -5.01007076892715e-008 -1.08289882287433e-008 2.31798787229692e-009 -2.51505062812189e-011 
2.00566684383647e+003 9.19652236247031e-001 -1.20960522489578e-004 1.07870619035894e-005 7.18592990053719e-006 -4.10577877404781e-007 -2.00487447172531e-007 2.50619259930111e-008 2.05258613435645e-009 -9.04651667716314e-010 
6.39241188365431e-002 3.62297478333814e-005 -1.59168210989142e-004 2.90938502278249e-006 6.61309959334382e-006 -2.31918269979827e-007 -1.25296287694197e-007 -9.63055572606729e-011 8.49497580980941e-010 1.28366410951621e-010 
4.17595419010276e-001 -1.19779064762670e-004 -3.86835600183138e-006 1.48601395381209e-005 -5.35457559562346e-007 -4.09040388474116e-007 9.80295499142849e-009 4.99292958608701e-009 2.20173759533244e-010 -6.63020511686133e-012 
2.00750613394244e+003 9.19884368146563e-001 1.44708884860552e-004 -4.35649130890403e-006 -6.03477703071491e-006 2.18886725861051e-007 1.15227538915205e-007 2.18757315349263e-010 -7.97060135038839e-010 -1.18578434390473e-010 
6.34084786072056e-002 -3.66394251620383e-004 3.34231657371019e-005 -7.34552622175334e-006 -4.73410100290858e-006 7.60557286849981e-007 1.89043620601517e-007 -1.47067462214098e-008 -3.99159993796556e-009 1.26257756685593e-010 
4.17565954529548e-001 1.00175144755598e-004 1.22909328052917e-005 -6.71824058247606e-006 1.37367583256621e-006 4.23471300002605e-007 -4.88903974396091e-008 -1.19681303645028e-008 5.95522633777230e-010 1.95437890008787e-010 
2.00934638233080e+003 9.20184125759685e-001 -4.32677498308641e-005 7.04438034943507e-006 4.55971350776316e-006 -6.93223134880370e-007 -1.74576677858990e-007 1.34256725853612e-008 3.65506659629522e-009 -1.18371206657300e-010 
