5.16280603428824e+007 1.86236366957579e+006 -1.16362720073468e+006 -4.20922469450305e+004 6.31076316655021e+002 1.45473041632703e+002 1.02479793592503e+001 3.33626950659585e-001 -1.14756121241340e-002 -2.48684953181343e-003 -1.81796812781510e-004 -5.79188134057638e-006 3.09162896839266e-007 5.82996440547926e-008 
-1.40082160981241e+007 1.47599739524008e+007 2.85902361848116e+005 -4.54847263009662e+004 -2.69383778292544e+003 -7.71305401768560e+001 2.62733765121332e+000 5.20458101456472e-001 3.58810285759565e-002 1.07324536400228e-003 -6.00222535396908e-005 -1.06923100570087e-005 -7.45873403623511e-007 -2.07926057212136e-008 
-1.28126815887103e+007 7.69166056778832e+006 2.73398768790666e+005 -1.99307793522259e+004 -1.50439550989439e+003 -5.62873820401588e+001 3.40593698626454e-001 2.43408055686341e-001 2.03564278810039e-002 8.31200836749055e-004 -1.32072437476661e-005 -5.11074193006105e-006 -4.30480763872826e-007 -1.71529466433910e-008 
4.47706298554461e+007 -8.98001377071319e+006 -1.46531484989998e+006 5.50816354208324e+003 6.00756742435605e+003 3.31015112135673e+002 -7.78256209608811e+000 -2.43526994442282e+000 -1.31606680274300e-001 5.80569292135988e-003 1.33613653755113e-003 6.39702649312370e-005 -4.55004754711320e-006 -8.37248205123173e-007 
1.55109314878554e+007 1.40706955174235e+007 -5.38983162191401e+005 -9.01734569004040e+004 -1.76963439113078e+003 2.76141942409145e+002 2.77605079903291e+001 4.17394785827714e-001 -1.38758558345822e-001 -1.31741270261027e-002 -7.82861945864638e-005 8.59671339036696e-005 7.36599931187416e-006 -3.88235530417301e-008 
3.66769550401536e+006 8.44794531926252e+006 -1.35935400348140e+005 -4.87384973264583e+004 -1.56832357709956e+003 1.13174535881295e+002 1.56357447067315e+001 4.75521147958390e-001 -6.04704408072811e-002 -7.63923011827059e-003 -1.80389604803379e-004 3.92859443497096e-005 4.40652606983542e-006 6.60937117574180e-008 
1.66618905049721e+007 -1.84964616452886e+007 -7.07821176377499e+005 1.18897810462970e+005 4.94233945822363e+003 -6.05768819688950e+002 -4.03200311153254e+001 3.70205419989570e+000 3.68479384231475e-001 -2.42340785710849e-002 -3.53400406516409e-003 1.54595680197720e-004 3.45574447534746e-005 -8.43735668321409e-007 
3.59803849589591e+007 5.57229467511922e+006 -1.51135976194697e+006 -4.70654087942458e+004 7.61015427449706e+003 3.61369789420888e+002 -4.32758787889771e+001 -3.23084498528165e+000 2.82011848037183e-001 3.08474978171324e-002 -1.89153326571232e-003 -3.03298088779615e-004 1.19910088698061e-005 3.03506833095854e-006 
1.75180583660083e+007 4.89537933950369e+006 -7.33902697283044e+005 -3.74715985225793e+004 3.55247891115725e+003 2.55855108902465e+002 -1.89346719275667e+001 -2.10973836492603e+000 1.12424333550540e-001 1.89908682597742e-002 -6.43869560684318e-004 -1.78042969475882e-004 2.82122741682362e-006 1.70872107592396e-006 
-2.12145259134616e+007 -1.81498499164297e+007 7.44415983730846e+005 9.25666258721553e+004 -6.58049168511249e+003 -1.65480175246054e+002 4.62890998751613e+001 -1.41576439051872e+000 -2.43361511221780e-001 2.41882213928219e-002 4.70885402553309e-004 -2.19936087791554e-004 9.18762899528729e-006 1.28735662494191e-006 
3.48021468244185e+007 -6.58145004137298e+006 -1.31677515890324e+006 6.89955642627696e+004 3.84026351380592e+003 -5.12569670073255e+002 4.07649095085724e+000 3.07644952317941e+000 -1.98068906184479e-001 -1.13776826880556e-002 2.17672934185817e-003 -3.73494545628768e-005 -1.55580690265189e-005 1.25637269325875e-006 
2.08180528526706e+007 -1.63264296872955e+006 -7.80576314580448e+005 2.72546215604756e+004 2.73379571305294e+003 -2.56633187464468e+002 -2.62321585754198e+000 1.79015610387300e+000 -8.05612726582070e-002 -8.58619779553101e-003 1.11388777125590e-003 2.86114099207898e-006 -9.26343388928995e-006 5.37550327572234e-007 
2.55077352849970e+007 -2.33858603116283e+007 -3.33893949143449e+005 4.92867788184999e+004 4.02937013861622e+002 -3.17089320613717e+001 -2.61814722798381e-001 1.03566942411397e-002 1.47743541662991e-004 -2.33356776939451e-006 
9.39993382375562e+007 4.74561686067720e+006 -1.20846288372675e+006 -1.08037022927131e+004 1.28099239630829e+003 8.99379217023701e+000 -5.64515149816632e-001 -5.47411001050387e-003 1.49254232878004e-004 3.16855250188524e-006 
4.06683563653310e+007 3.61545026965408e+006 -5.22540997117155e+005 -7.97966358412665e+003 5.50800562229964e+002 6.05294393258724e+000 -2.37396472946691e-001 -3.11793557907992e-003 5.77887642077607e-005 1.56406838905145e-006 
-2.20177254921797e+007 -2.36315387515087e+007 2.74485587480707e+005 5.04259903385616e+004 -2.68213161675982e+002 -3.40710408598985e+001 7.87015373391258e-002 1.32415748409564e-002 -2.77642220531984e-006 -5.44634735437523e-006 
9.36641466244773e+007 -5.08356079472239e+006 -1.21169686155695e+006 1.03539246443589e+004 1.31617259933474e+003 -5.76001688384453e+000 -6.36629583720740e-001 6.40339380909458e-004 2.27908562641485e-004 6.96823906683186e-006 
4.35261742719177e+007 -7.91024414836101e+005 -5.62498580447244e+005 1.46676433586877e+003 6.09100666310396e+002 -4.35436455815739e-001 -2.91372242592377e-001 -5.33680718014982e-004 1.02403533888423e-004 2.41640379345660e-006 
-7.16035403142861e+007 -1.82947619699516e+007 3.53698896085329e+005 1.50651021655519e+004 -1.60961088281653e+002 -4.16916328743175e+000 4.08298419236704e-002 1.02630854540469e-003 -3.52566052408095e-005 -5.58469694400681e-006 1.12001033472642e-006 -1.85834242284373e-007 1.63920145417582e-008 
1.16872559081101e+008 -9.19962672163992e+006 -5.86237923565868e+005 7.81559037993534e+003 2.50852715801956e+002 -2.41275222254805e+000 -5.14739167060443e-002 3.27631454041270e-004 -2.89558931780168e-005 1.13933879111801e-005 -6.71834293625325e-007 -9.54896719428605e-008 7.61583493293965e-008 
5.06948716571219e+007 -3.98873238189367e+006 -2.54164204799115e+005 3.38846168542794e+003 1.08759067332079e+002 -1.04583001457721e+000 -2.24508174920189e-002 1.32091251547519e-004 -4.54580190565994e-006 4.73992271110579e-006 -4.84314608388831e-007 -6.82136676832615e-009 2.72701725653278e-008 
-1.04825840821210e+008 -1.47917818133047e+007 5.16468435467083e+005 1.18828422007533e+004 -2.32996228274787e+002 -2.98024818504901e+000 5.70170752675059e-002 8.53514168949025e-004 1.34047566657528e-005 -2.48558247309304e-005 -4.90818125338646e-006 7.50530976201216e-007 4.71548989563519e-007 
9.41258776100596e+007 -1.34502343197828e+007 -4.70168003506639e+005 1.13802941464208e+004 1.91360759638638e+002 -3.45464425224966e+000 -3.18350757258484e-002 5.89113823953668e-004 -9.77325521100547e-005 1.49159097661443e-006 5.88585268319613e-006 8.64278077587778e-007 -2.50931712586207e-007 
4.08325741664163e+007 -5.83158839440069e+006 -2.03841829396763e+005 4.93395928649735e+003 8.29673808426245e+001 -1.49777705888409e+000 -1.39737360020178e-002 2.55363632153478e-004 -2.96433351494608e-005 1.73281279868549e-006 1.93226894027312e-006 2.17126309171706e-007 -9.44932980393758e-008 
-2.36621839475370e+008 9.20371420961065e+006 1.03341106944102e+006 -2.64604528135323e+003 -3.16612021174327e+002 -3.07960442948044e+000 -4.15107994739890e-002 4.75345234964848e-004 2.08157865787392e-005 1.87056146232563e-007 9.09268072530739e-008 
-5.53142419959549e+007 -2.68430723437613e+007 2.39750022258980e+005 2.05013508726649e+004 5.07094675123771e+001 -1.68060087709206e+000 -5.75693688739164e-002 -1.36596210361461e-003 -1.20925957511223e-005 1.44181984760229e-007 7.21329456759087e-008 
-1.89495384662998e+007 -1.25605579707315e+007 8.20249895741205e+004 9.47479981048971e+003 3.18173828521303e+001 -6.87542815463168e-001 -2.52814171725659e-002 -6.40319721980088e-004 -6.28943333679345e-006 7.78406582562049e-008 4.07941427482228e-008 
2.40066851958834e+008 -1.73462205963080e+007 -3.52919411458488e+004 4.41747956629444e+002 1.49903723154698e-001 -4.38476606853786e-003 5.15294202432338e-006 -2.64034775389495e-007 
6.60039165846325e+008 5.91507138799244e+006 -9.69172765424833e+004 -9.78950696416700e+001 1.36656990098217e+000 -6.08128098763257e-004 -1.26729227785092e-005 -2.37868089623080e-007 
2.77070042659059e+008 2.95779948767649e+006 -4.06840827424702e+004 -5.27121450371263e+001 5.82161560093020e-001 -1.55736767661602e-004 -5.56470079439755e-006 -5.24911597843003e-008 
6.80428803951570e+008 -1.22658145627100e+007 -1.71670408802313e+004 4.89289608610605e+001 5.36616934098647e-002 -8.07870258395255e-005 -3.58138315334525e-007 
1.10022338242544e+009 5.95105827723927e+006 -2.76868473503442e+004 -2.85801773660672e+001 5.99860857041693e-002 5.04711588833836e-005 -9.69367061563269e-008 
4.25143314985103e+008 2.98590450485219e+006 -1.06937622158214e+004 -1.39280189090773e+001 2.23896435518237e-002 2.57409438884333e-005 -2.33363656472944e-008 
2.30873736568538e+009 5.90030178031793e+006 -5.50383247356543e+003 -2.14295450843567e+000 1.08796455277221e-003 1.87030573589556e-007 
-1.72228305967958e+009 6.29729595176290e+006 4.10422071263490e+003 -2.65454936791452e+000 -5.52697858556829e-004 1.55251704531028e-007 
-7.86970939894281e+008 2.67459784883991e+006 1.87543855138304e+003 -1.13232191260544e+000 -2.57842280212424e-004 6.71330266788484e-008 
2.66322368628450e+009 6.01058871235992e+006 -1.85028826319669e+003 -7.10051032487860e-001 1.01822279354368e-004 4.25814687552503e-008 
-3.33801828539134e+009 4.20762207190273e+006 2.31934753176061e+003 -4.69904859441993e-001 -1.36178593269584e-004 -1.90718652012598e-008 
-1.43257337029417e+009 1.57256466038710e+006 9.95373797170896e+002 -1.74643948035777e-001 -5.82613359538663e-005 -8.16138536933672e-009 
-1.29953350521750e+009 7.35518569812891e+006 8.81456602172215e+002 -9.06724106019069e-001 3.00865545057464e-005 7.95420929398739e-008 
-4.24896008801515e+009 -2.43337502171831e+006 2.88198178808430e+003 2.61316141890254e-002 -2.89837487531344e-004 5.87575454821400e-008 
-9.34424572051798e+008 -2.97546682633024e+006 6.33740490413743e+002 2.81553386689625e-001 -9.87881663136467e-005 -1.16186471757642e-008 
-3.13389647909393e+005 -7.80759887740176e+004 2.04189225128795e+004 5.95152246186575e+002 -1.35039566735109e+002 1.09777052507279e+000 6.38434117824562e-001 -4.15807733511067e-002 -2.29959072585916e-003 4.53560559093913e-004 -6.13834605630534e-006 -3.49490209419424e-006 2.51574635373859e-007 
1.11592777729487e+005 -1.53872489960863e+005 -7.23718427153545e+003 1.70285085729477e+003 1.39428254500534e+001 -8.69906453625137e+000 3.10205336091725e-001 3.71316995702176e-002 -4.33910554264521e-003 -5.26696511944767e-005 3.84297410342237e-005 -1.70492666381184e-006 -2.37921084021329e-007 
7.53153491648714e+004 -5.47140608172299e+004 -4.89668008845659e+003 6.31486754002900e+002 1.86901241773102e+001 -3.62427239281552e+000 6.37748153270964e-002 1.90297168107295e-002 -1.53294682593690e-003 -6.50695426637839e-005 1.61353352639162e-005 -3.52330914891653e-007 -1.20503464879764e-007 
-3.06245838575939e+005 8.21434353835325e+004 1.69020660611155e+004 -9.57980190970412e+002 -5.14693430846898e+001 4.06522380426054e+000 -1.48327280818462e-001 -6.71381834247882e-004 1.10993225811438e-003 -9.59200723683024e-005 2.07749800225928e-006 3.33313308405207e-007 -4.45220835928923e-008 
-1.93258933254050e+005 -1.36089842824099e+005 1.04804624980574e+004 1.05376114508002e+003 -6.65626136414686e+001 -3.23229114902995e-001 1.52888370833853e-001 -1.59505338706799e-002 7.56726404132487e-004 2.99268922498748e-005 -6.71414503517885e-006 4.41694482594238e-007 -3.61587324404677e-009 
-4.86830558870175e+004 -6.29621373713587e+004 2.61255699626333e+003 5.19050276078653e+002 -2.19535727104514e+001 -5.24801914514986e-001 7.60948187932411e-002 -6.38398500227640e-003 1.99035863616474e-004 2.13592730155603e-005 -2.91601565407319e-006 1.46471771225428e-007 2.83319159949519e-009 
-4.96596263269484e+004 1.62443782883733e+005 2.60511122546444e+003 -1.29146426979147e+003 2.92310487607593e+000 1.93263932013255e+000 -2.33026121647117e-002 2.57845847048661e-003 -2.91496918472493e-004 2.52411290803320e-006 1.08780003117514e-006 -4.55001482638334e-008 1.46318918702610e-009 
-3.54176853764941e+005 -1.95143658590778e+004 1.68748254077862e+004 3.46414764227864e+001 -5.83787089909667e+001 6.25074497487980e-001 8.50867815594850e-003 1.43914824466428e-003 1.06653616883709e-004 -2.15694217563076e-005 6.97794666343315e-007 1.58642146949703e-008 -4.97015284288547e-010 
-1.38462312818464e+005 -2.35069387705643e+004 6.58210794770805e+003 1.38735320008708e+002 -2.39341867301349e+001 6.43008730655303e-002 5.73236295779092e-003 3.37130960121027e-004 7.12348546572205e-005 -8.97325665360372e-006 1.77266601876371e-007 1.08306329665432e-008 -3.41362110216432e-010 
2.49401332463897e+005 1.24885339704371e+005 -1.14063495714099e+004 -9.56957229562693e+002 3.75472332124948e+001 1.48107710730267e+000 -2.89540289653438e-002 -4.98093481646169e-004 1.36099490300235e-004 8.64720937345331e-006 -7.60536694014010e-007 -2.88391787439772e-008 1.80995872661970e-009 
-2.67384291076476e+005 1.02360939912224e+005 1.21730021576488e+004 -7.74736892678804e+002 -4.08283972338052e+001 1.20163919161381e+000 2.45183532791949e-002 -1.19150001587857e-003 -6.48497581827687e-005 1.14567743631273e-005 5.34790856374474e-007 -3.63570517522448e-008 -9.09338129323396e-010 
-1.32033468596387e+005 2.94688222728661e+004 6.02876370304885e+003 -2.21784661244780e+002 -2.01996475784449e+001 3.43141225899516e-001 1.28292705999496e-002 -4.32132114230985e-004 -3.93552401402481e-005 3.81041506186508e-006 2.90069247066653e-007 -1.19532171634344e-008 -5.44180467885412e-010 
3.80105824928134e+005 -6.26017955055729e+001 -1.84184477071625e+004 -1.51555005726136e+002 6.19707246168290e+001 1.15391009114729e+000 1.55542233879385e-002 1.83470561038331e-003 -2.14422018452999e-004 -2.85655569857533e-005 -9.38611617764380e-007 2.00150773143139e-009 1.52106027937642e-009 
-1.25566493710103e+003 1.53432635913120e+005 -1.75520336443604e+002 -1.21363750294036e+003 -1.29339960224686e+001 1.60237001528088e+000 3.45337570121705e-002 4.20138139941525e-003 3.35337221263244e-004 2.12735793214912e-007 -1.16551779389222e-006 -6.46423046555060e-008 -3.82942609288358e-009 
-3.67739028900821e+004 6.21658153743741e+004 1.69612990343847e+003 -4.77845445762522e+002 -1.12392070356629e+001 5.40623125974314e-001 1.26954858477219e-002 1.52956823181348e-003 1.56480053582683e-004 2.81973166517202e-006 -3.83632969713748e-007 -2.64774125032792e-008 -1.69908079505002e-009 
2.40002225605489e+005 -1.35961869255759e+005 -1.34772937818464e+004 1.03420057362884e+003 8.41951471886365e+001 2.45106608688396e-001 -2.10405142295870e-001 -2.30289746820571e-002 -9.15229334665170e-004 6.60516364380763e-005 1.11604509817725e-005 5.92554216095352e-007 -1.73106452576310e-008 
2.57559781416862e+005 9.32576697556206e+004 -1.46246135103068e+004 -1.06194420568949e+003 4.14271313915278e+001 4.54150966229803e+000 1.91664173500412e-001 -2.33623548137530e-003 -1.51399330051478e-003 -1.16719426329730e-004 -8.28507518203611e-007 6.43714861569044e-007 6.56537350973663e-008 
8.14884156333323e+004 5.07833396403024e+004 -4.64296508439632e+003 -5.30381193652919e+002 8.74816441014687e+000 1.82379205860539e+000 9.79882175307023e-002 1.24548448857050e-003 -5.27495006325449e-004 -5.37023952119100e-005 -1.40168223719324e-006 2.04850868437700e-007 2.83109565638203e-008 
-8.58417384739454e+004 -1.73774820597033e+005 5.67682506537225e+003 1.92941394847098e+003 -9.04715973573774e+000 -1.03765612140758e+001 -3.02796771272858e-001 5.55774586017212e-002 4.64767292922199e-003 -2.59280243395009e-004 -5.07825317348470e-005 1.26918081394481e-007 4.69393992831806e-007 
2.99867524819997e+005 -5.55617804602733e+004 -1.99633162245041e+004 4.21612940443144e+002 1.34307527000505e+002 9.61732155797320e-001 -7.11212976335085e-001 -3.57083823538115e-002 3.85283996839401e-003 4.54451886468609e-004 -1.38745605807579e-005 -4.63315517688129e-006 -7.39269075766593e-008 
1.29696577260573e+005 -5.99108147421991e+003 -8.64585355222260e+003 -1.34656013247890e+001 5.54322715341347e+001 1.38420514311481e+000 -2.59971180301146e-001 -1.98117474866448e-002 1.12079381988085e-003 2.09289680462173e-004 -7.85813471052815e-007 -1.89337246152443e-006 -7.48226663268789e-008 
-3.26475335033491e+005 -5.33763854801755e+004 2.15735045679045e+004 3.59457577059291e+002 -1.44172520483151e+002 1.70474219173790e+000 7.55858508932820e-001 -4.18785904915098e-002 -4.08550380005658e-003 5.05901690063464e-004 1.50574046475059e-005 -5.13113795678104e-006 7.17989295613444e-008 
6.78180385807148e+004 -1.63349353835529e+005 -4.47586497509012e+003 1.80359270067030e+003 7.74648315530100e-001 -9.58552574839258e+000 3.27959790667529e-001 5.09105712177327e-002 -4.54836286492938e-003 -2.38730530559692e-004 4.86499334351633e-005 1.59729056772186e-007 -4.53815203635116e-007 
5.84141371530862e+004 -6.12444775691947e+004 -3.87571631295592e+003 6.98412684032125e+002 1.41383091325674e+001 -4.05577717737434e+000 6.08069471121089e-002 2.46710396840391e-002 -1.45643103714871e-003 -1.45236495973054e-004 1.83149456717391e-005 5.54719197279091e-007 -1.91109671123884e-007 
-6.71262510487778e+005 9.82443881623924e+003 1.06156859786298e+001 -1.87374585689487e-001 -8.31705553721701e-003 -1.36112858448078e-003 -9.55424109016540e-005 1.14213750505108e-005 3.79005860790046e-006 3.85982733763534e-007 -1.49374550469845e-008 
-6.94230157954870e+005 -4.00454592931304e+003 2.97479233565657e+001 1.06540267894780e-001 3.57159160852371e-003 -2.15233605766801e-004 -1.53207537914122e-004 -2.11224433500420e-005 -4.32038117441218e-007 3.59347888580734e-007 7.25215594608054e-008 
-2.76242806952516e+005 -1.97687065189027e+003 1.23882067310808e+001 6.12325756458594e-002 3.13067603601946e-003 3.17789727753470e-005 -7.20489453472911e-005 -1.24698587893148e-005 -6.23846973153790e-007 1.53015951356193e-007 4.03047692361779e-008 
-6.51538433952971e+005 9.89665322214266e+003 7.05690085685894e+000 -3.74674231171164e-001 5.94536040358822e-003 3.31609663819009e-003 -2.31367679845410e-004 -7.63064658742828e-005 9.75688763264703e-006 1.84831872344242e-006 -3.74577050396346e-007 
-7.01997747486662e+005 -3.76237169510063e+003 3.04834916057185e+001 -7.02613015080109e-002 -2.35354496865795e-002 1.12510896199972e-003 4.26443435745789e-004 -4.60091345222119e-005 -1.02774623553998e-005 1.73438515608995e-006 2.41257977300300e-007 
-2.80095054271637e+005 -1.87482803267111e+003 1.30065982385551e+001 -7.30072919560063e-003 -1.27496587785369e-002 2.59150830758595e-004 2.51619949215055e-004 -1.66639477766741e-005 -6.50174701669694e-006 7.35926535087002e-007 1.67741720390505e-007 
-7.55802367049695e-005 -5.95028096269168e-007 -1.03075227323203e-007 2.68800768644320e-007 -2.31476056134787e-008 -1.32635133970231e-008 2.97751351930792e-009 1.89999153384297e-011 -1.42386350288759e-010 2.74034936773239e-011 
-1.27612449611087e-005 5.54541730596011e-007 -3.21416725678569e-007 1.27060724147961e-008 2.99134639603387e-008 -4.33043204547254e-009 -8.46281792827373e-010 3.59560221961350e-010 -1.26109285724286e-011 -1.60225435191750e-011 
-7.47610060427394e-005 1.17254897783011e-006 -2.62473924724411e-007 -1.42288446388301e-007 1.48693763123667e-008 3.99151816152488e-009 -2.24150452531008e-010 -3.18341454916149e-011 -1.20295984833386e-011 1.86168979564198e-012 
-1.20594977378742e-005 6.72191661641984e-007 2.27788381657581e-007 -2.68850996563327e-008 -1.23526288033588e-008 1.15688758842932e-009 1.35320879988341e-010 -4.14961559718787e-011 5.59531285203239e-012 3.18465925597116e-012 
-7.51492843137779e-005 -9.74694774674574e-007 3.94287309525003e-007 1.90249311505063e-007 -1.10124450806513e-008 -7.53796723343309e-009 -6.39119215988631e-010 -5.11987504619969e-011 -7.97762286573443e-013 9.95689640971009e-012 
-1.07270321274401e-005 2.26111620126810e-007 -2.26402563093290e-007 3.58577490769252e-008 1.86201332866006e-008 5.31828210373501e-010 -2.27608187059895e-010 -7.69435076751991e-011 -3.03268358108092e-011 -8.15426351338339e-013 
-7.44052365230876e-005 4.41826549014204e-007 -8.83839565653195e-007 -7.74127769702701e-008 1.06180032149761e-007 4.76107477061940e-009 -7.18289956007944e-009 -2.05194064600902e-010 3.81325545465437e-010 6.75521318382712e-012 
-9.72172490896056e-006 1.14883679830447e-006 7.19967461900047e-008 -1.45222556566110e-007 -8.59389144988854e-009 1.18199712593605e-008 5.13348458744333e-010 -6.43585698859453e-010 -2.30371042380529e-011 2.66836248187360e-011 
-6.32409122535584e-002 -9.28283825915298e-004 -1.95016131772794e-004 3.13328092105801e-005 -2.46600657098956e-006 -2.73723902347615e-008 2.06199471281972e-007 -2.74942991529918e-008 -2.16520239960400e-009 1.08672299123635e-009 
4.16403873805989e-001 -5.21097117698894e-004 8.45320889619882e-005 5.80712565461867e-006 -1.33610085926100e-006 4.24805814784049e-007 -3.31799469813619e-008 -1.15951203220751e-008 2.48659926467603e-009 -6.77736895708510e-011 
2.65154054255897e+003 9.20731497744249e-001 1.95076428972493e-004 -2.77320604055062e-005 1.86280369929968e-006 4.68573159993373e-008 -1.85169995612122e-007 2.38915451594525e-008 2.10180493130411e-009 -9.73765877149095e-010 
-6.55641929935897e-002 -1.08386261745567e-003 1.88380437772568e-004 4.42829355606042e-005 3.64304938795841e-007 -7.60203684686588e-007 -7.93778642252085e-008 8.48805459441629e-009 1.03286568479193e-009 -4.40473035862798e-011 
4.16167165490834e-001 3.04092391629820e-004 1.04118004234166e-004 -7.27228069537785e-006 -2.50052398623042e-006 -1.69943054673636e-007 3.38002403425832e-008 4.11610799743975e-009 -2.77351547662672e-010 -4.16373724236973e-011 
2.65338254886298e+003 9.20979688415467e-001 -1.67560726365222e-004 -4.25277361407130e-005 -3.62149805185173e-007 7.08106643215354e-007 7.24262515877628e-008 -7.84879998241743e-009 -9.54717210894614e-010 4.30945484873267e-011 
-6.53262173880841e-002 1.36396257884781e-003 2.18135976883812e-004 -6.49503731504469e-005 -7.94575863975976e-006 9.84655746925902e-007 1.66099355653665e-007 -8.11133714428907e-010 -1.09316459865394e-009 -1.76510219208149e-010 
4.16915027121920e-001 2.20098490110076e-004 -1.51244637159791e-004 -1.86858453981328e-005 3.63345382022848e-006 5.09241869914316e-007 -3.02528504919908e-008 -7.29787404803172e-009 -3.90730367348159e-010 -3.00289329305390e-011 
2.65522227346669e+003 9.18688885186116e-001 -2.15496210097659e-004 5.83620519810470e-005 7.41564061890215e-006 -8.82806706425841e-007 -1.48992799792847e-007 9.43358728783694e-010 9.52309245018701e-010 1.50644444586398e-010 
-6.33674538008915e-002 7.18583766640673e-005 -3.65312371139950e-004 2.07448771013834e-005 7.78790491599329e-006 -1.90803498135972e-006 -1.16790400460930e-007 8.19545162611282e-008 2.91444541763589e-009 -3.02652219264281e-009 
4.16273548634493e-001 -7.17260210804824e-004 5.78809882597509e-006 2.48122357274226e-005 -3.02935271851715e-006 -3.91878001081063e-007 1.66124993283334e-007 7.37362435477417e-009 -6.36202489036336e-009 -2.30655671681281e-010 
2.65706023965019e+003 9.19768724846212e-001 3.34021279568629e-004 -1.52455450584793e-005 -7.11195934010268e-006 1.64938179774344e-006 1.06135684401963e-007 -7.19446710444625e-008 -2.64767044869032e-009 2.66093072110409e-009 
