-3.39383313429097e+007 -1.55109198816808e+007 1.06419687292262e+006 5.34844607149781e+004 -6.54801151665001e+003 1.47759508616103e+002 2.37554721288318e+001 -2.51248039951565e+000 3.34072422847954e-002 1.40313780605787e-002 -1.28657673540213e-003 -1.18523196358976e-006 9.49238169500940e-006 -7.39447322789195e-007 
2.91768874998248e+007 -9.94295483286135e+006 -9.84113858339996e+005 8.13525820714334e+004 5.09092566329770e+002 -3.79509242797874e+002 2.26761183547103e+001 6.01483794656091e-001 -1.83877514424048e-001 9.62806570252721e-003 5.35517966347057e-004 -1.09348871063214e-004 4.54885992270096e-006 4.58666279814754e-007 
1.90557111777760e+007 -3.70323150658708e+006 -6.36014644100602e+005 3.79151924721619e+004 9.50633168851082e+002 -2.18048977557604e+002 9.65145217467795e+000 5.81722047853120e-001 -1.01690145114922e-001 3.68903052574090e-003 4.19422983114007e-004 -5.82915061180315e-005 1.44616328727263e-006 3.21661069912736e-007 
-5.54569443217320e+007 -5.88370329908687e+006 1.22215425106893e+006 -1.53753394201006e+004 -2.04863445980991e+003 1.80584421393482e+002 -8.22700332213436e+000 1.17209285728595e-002 3.27532456902116e-002 -3.06353694987221e-003 1.37405557333861e-004 1.40465522476892e-006 -8.04875860213603e-007 7.14708278677848e-008 
4.34515342449309e+006 -1.41623383247917e+007 -1.17456100356391e+005 5.63794421294017e+004 -2.31816653608407e+003 2.08948218964578e+001 6.27873574167479e+000 -6.23896894249660e-001 2.98570280772763e-002 -1.95764595782306e-005 -1.34484170300427e-004 1.28909761105622e-005 -5.88471766101209e-007 -6.53394996862074e-009 
8.02221053517231e+006 -6.95505459855233e+006 -1.89416710248224e+005 3.17115584640915e+004 -1.02603394957202e+003 -7.55476336952331e+000 4.20680535850804e+000 -3.34501477737645e-001 1.25548977898248e-002 3.07064322832003e-004 -8.60830955869866e-005 6.74079981732609e-006 -2.30939662682981e-007 -1.08980960803422e-008 
-5.82842120454347e+007 2.80882539396713e+006 9.28707943597449e+005 -2.87039959011592e+004 -7.83550773041569e+001 3.76769997398075e+001 -3.24536453772153e+000 1.61994777345286e-001 -5.33807385479311e-003 2.39392867433562e-006 1.55260656702642e-005 -1.41302008900694e-006 8.06610951690884e-008 -2.92263318643601e-009 
-2.31810849488091e+007 -1.29636512833712e+007 3.64867561566785e+005 2.66101212766115e+004 -1.32466327994517e+003 5.12169105730213e+001 -1.08814503702527e+000 -4.11064899446846e-002 6.23718078627113e-003 -4.33550001846380e-004 1.99929310452097e-005 -4.85757654637429e-007 -1.86958465630879e-008 3.28542356247026e-009 
-6.38798239424531e+006 -7.21566107689946e+006 9.86558000545479e+004 1.71902300262137e+004 -6.99514407108409e+002 2.34550120472608e+001 -2.44929813069186e-001 -3.87493966846928e-002 3.88525143707173e-003 -2.31846491686218e-004 9.07063991717895e-006 -1.13096257460264e-007 -1.83466919965888e-008 2.05856291672546e-009 
-4.63183815279133e+007 8.87548872506125e+006 5.91328187903705e+005 -2.69404914776444e+004 1.73071291247165e+002 -2.76093297709818e+000 -6.87349431544353e-001 3.96789287943386e-002 -2.06118838433098e-003 7.93790456813767e-005 -2.16564114333339e-006 1.44866904292897e-008 3.69408477602507e-009 -3.25663139238056e-010 
-4.53875817190402e+007 -9.05989727554568e+006 5.85825361663346e+005 1.20664246538646e+004 -5.82806109274421e+002 2.38407995875664e+001 -9.45890208473258e-001 1.97283500438375e-002 -1.62957090201887e-004 -3.76077876689057e-005 2.90580565010355e-006 -1.66339140141212e-007 7.09497237768657e-009 -2.29729661181208e-010 
-1.94896085103667e+007 -5.75905563233039e+006 2.51660023964834e+005 9.23818896841917e+003 -3.29275288007853e+002 1.30218326599582e+001 -4.34045266616162e-001 6.42682721108218e-003 1.26496913524725e-004 -2.83185829137995e-005 1.77749825428806e-006 -9.03761846748292e-008 3.40107261955601e-009 -8.85924769905898e-011 
-1.06073750449976e+008 3.75748583234196e+006 1.33794782539955e+006 -8.78263252190951e+003 -1.41975712588739e+003 7.89757514901203e+000 6.28185063450541e-001 -5.36035662658180e-003 -1.68761317049065e-004 3.18231328250998e-006 
-1.85604677578776e+007 -2.16663001085770e+007 2.31324800090516e+005 4.56534666655957e+004 -2.90354516038022e+002 -2.94345359126153e+001 2.05329406954158e-001 9.68406995556674e-003 -1.26771888371195e-004 -2.12380526467596e-006 
-1.67486144129703e+006 -9.98637957842197e+006 1.94404189012885e+004 2.10981417652421e+004 -4.08254967888756e+001 -1.37442712164089e+001 5.26372970480629e-002 4.69618579428968e-003 -4.62635320988997e-005 -1.12817485775647e-006 
-8.84504422598486e+007 1.36703615346984e+007 1.10396271788025e+006 -2.94765273852430e+004 -1.12586363014364e+003 2.06790261432822e+001 4.21619455316141e-001 -8.72044077596274e-003 -4.74502133617254e-005 2.32589964236012e-006 
-5.83915260147129e+007 -1.77458909425229e+007 7.32963397845013e+005 3.66492748484857e+004 -8.10392486690880e+002 -2.17606828990494e+001 4.12214728886320e-001 4.92305987334239e-003 -1.59739247905506e-004 5.25905974889597e-007 
-2.07115700114448e+007 -8.84948695973197e+006 2.59964039289226e+005 1.83557957716989e+004 -2.93418890077021e+002 -1.10995511037766e+001 1.58828221473849e-001 2.75832843505304e-003 -6.96071013510522e-005 3.43861080041517e-007 
-3.09978269672986e+007 -2.04366251915507e+007 1.48946063832272e+005 1.69878934165287e+004 -6.42721709278242e+001 -4.87136370233502e+000 1.32552419350542e-002 1.11473346519899e-003 2.45172176686749e-005 -5.98792346047226e-008 -3.21484028829826e-008 -1.80204394845143e-007 -4.76335277004364e-008 
1.31067693706692e+008 -3.91607400430294e+006 -6.56850191086963e+005 3.23052760766003e+003 2.86454273627176e+002 -9.11554393484300e-001 -6.27679563911811e-002 3.59737443185340e-004 -2.78952484390551e-005 -5.32252345570254e-006 -4.79202278771736e-007 -1.08787651109451e-007 6.23572388701933e-008 
5.68505751698630e+007 -1.69749476796310e+006 -2.84737757021804e+005 1.40028848657230e+003 1.24175631878352e+002 -3.94865443134302e-001 -2.73195445138440e-002 1.37505346830997e-004 -7.49035436776240e-006 -1.64091647370105e-006 -2.05354160842801e-007 -4.41925101356118e-008 2.08385909545220e-008 
-7.00510871804547e+007 -1.84543591000776e+007 3.43500382602173e+005 1.52077492706898e+004 -1.56145153412497e+002 -4.22385403120688e+000 3.87031077999184e-002 1.11689884019706e-003 1.12090237905540e-006 -1.58372383911548e-005 1.34562294247204e-006 3.53364275723367e-007 -1.33390070502062e-007 
1.18157259908823e+008 -8.93980422429897e+006 -5.91446844342450e+005 7.58760590270612e+003 2.53547883430089e+002 -2.34085267207591e+000 -5.18487857194637e-002 4.79303160982510e-004 -8.85499159295684e-005 1.21701803706082e-005 2.70581345914131e-006 -9.07146726314394e-007 6.77227146263751e-008 
5.12541971259948e+007 -3.87523510696693e+006 -2.56387409273705e+005 3.28904055696902e+003 1.09911769014515e+002 -1.01491571098288e+000 -2.26124899293683e-002 2.31247080393392e-004 -3.02759783944923e-005 3.42260559167908e-006 9.89679907683110e-007 -2.95102113756260e-007 1.92829767942336e-008 
-2.34606778487572e+007 3.44931658973300e+007 1.32518178717921e+005 -3.35479785377601e+004 -4.14405308854399e+002 8.75699915013976e+000 3.89896980696894e-001 4.02618788508946e-003 -1.54568157560866e-004 -6.46472337607803e-006 -5.30357654626356e-008 
-1.98041532644552e+008 -1.47344934845837e+005 1.18768882303924e+006 8.14616881843357e+003 -5.88708504052461e+002 -1.27109487228078e+001 2.44840954942277e-002 8.12079672462045e-003 1.76139119295048e-004 -1.31366094060126e-006 -1.37143656687263e-007 
-9.01914542778984e+007 -9.97639114615739e+005 5.41190117826477e+005 4.64159094208714e+003 -2.58847413248554e+002 -6.06656903818568e+000 7.05867811175361e-004 3.61624105180173e-003 8.49736317120099e-005 -4.11649092032920e-007 -6.10072627484962e-008 
5.13055121373933e+008 -1.32898060401059e+007 -7.85322392785616e+004 3.63193672550239e+002 9.55593105004775e-001 -4.52576630142450e-003 -4.53690652505118e-006 -5.25615824542687e-008 
5.00609456704545e+008 1.21059652266691e+007 -7.65264522106069e+004 -2.84488436751536e+002 1.23136844524278e+000 2.14659734353049e-003 -1.47000295844518e-005 -9.38578631138834e-009 
2.02089554525895e+008 5.51252196278847e+006 -3.08898340339162e+004 -1.30779929817348e+002 5.04545628424596e-001 1.02986029190648e-003 -6.25705838797144e-006 8.75955767260952e-009 
1.34727738294929e+009 4.29078183256373e+006 -2.77002558113018e+004 -2.10705085643805e+001 3.77050909124966e-002 4.08090892164957e-005 -1.43930950140708e-008 
-4.85832226184837e+008 1.14758399677125e+007 9.98788098951013e+003 -3.70892456346785e+001 -2.87510741154625e-002 1.69135078993585e-005 1.06651358186932e-007 
-2.58702473540987e+008 4.55530007427306e+006 5.31849726339837e+003 -1.44140470360404e+001 -1.34908204523556e-002 5.17259169331741e-006 4.55132487769753e-008 
1.82987774868436e+009 -7.42598239905785e+006 -4.60497996040796e+003 2.80294675184818e+000 1.22271635353956e-003 2.84929349853049e-007 
2.10877853018905e+009 4.94042577076439e+006 -5.30689685832252e+003 -2.42020173835752e+000 8.72475206466486e-004 3.57260150969068e-007 
8.97706349016657e+008 2.26879131220946e+006 -2.25917652679527e+003 -1.09967177820107e+000 3.65884387569691e-004 1.53237752463809e-007 
4.46350484401644e+009 3.93369087970847e+005 -3.16769131452804e+003 -6.28144086250752e-002 1.86002803863767e-004 -3.49769962889614e-008 
-2.03126719426419e+008 6.98800272485138e+006 1.44175770322958e+002 -8.25859431855883e-001 -1.93722343482929e-005 5.18429402441858e-008 
-1.94264995378710e+008 2.85043483832769e+006 1.37869513244822e+002 -3.36487535031273e-001 -1.26468673673404e-005 2.20139847702705e-008 
2.57758863780537e+009 6.72796001247471e+006 -1.14699776280134e+003 -3.19933916122204e-001 1.39254401771682e-004 -1.16158749605282e-008 
-4.05984562984184e+009 2.75450338298478e+006 1.80671656527079e+003 -4.87168698285837e-001 1.60639855848104e-005 2.20373408802538e-008 
-2.04357441280970e+009 -1.16752111263805e+006 9.09435468880873e+002 -5.57657061514509e-002 -3.63489703942647e-005 1.23495341356681e-008 
-1.09625732442360e+005 -1.63120986913900e+005 5.46614613700262e+003 1.30638030792570e+003 -3.82425358826349e+001 -2.25195758226410e+000 1.68792944095727e-001 -1.42307952949061e-003 -6.03051698419368e-004 1.54482406617918e-005 2.04042152798805e-006 -1.20948866707314e-007 -6.20809160540811e-009 
3.15905680838689e+005 -3.97760869928619e+004 -1.57417372177751e+004 4.60978176850432e+002 5.64749975813314e+001 -2.34872117481575e+000 -2.96666415808059e-002 9.02781964147955e-003 -1.75439701319557e-004 -3.06094831412885e-005 1.21165747048865e-006 1.01339343207376e-007 -9.25857506548473e-009 
1.72620343504429e+005 -1.53235979832985e+004 -8.63668672861742e+003 1.99060950343757e+002 3.17952714388507e+001 -1.17623002352227e+000 -2.24425308688927e-002 4.89583871334452e-003 -7.16520182884917e-005 -1.70013014653175e-005 5.73986545023738e-007 5.88608475817572e-008 -4.73233299002147e-009 
-3.51310636355918e+005 -6.92734345848865e+004 1.65879626229199e+004 5.11404068118515e+002 -5.39337077546888e+001 -5.79691549168935e-002 -8.44956854244075e-003 -6.57760670745742e-003 2.19228257798444e-004 1.25526474178893e-005 -4.50621778647166e-007 5.77806522029642e-008 1.98426187036857e-009 
1.36481492799102e+005 -1.31695793089567e+005 -6.27679052089340e+003 1.01564922544249e+003 1.67640918941172e+001 -1.26683153238537e+000 6.03740917586220e-002 -3.13761080827405e-003 -3.30866517796345e-004 8.74232250091135e-006 -1.42170909824544e-007 -2.51384394420967e-008 4.35571531270939e-009 
8.53690347791953e+004 -6.79983031038247e+004 -3.96226655230637e+003 5.27082669680501e+002 1.10152513115888e+001 -6.83551893315186e-001 3.24352627561441e-002 -1.43995546154443e-003 -1.85617943413727e-004 4.24357496029520e-006 -5.74965502878431e-008 -1.55548212381232e-008 2.26360979826774e-009 
-3.48323658221368e+005 7.29127093879660e+004 1.73475979125756e+004 -4.15044153613820e+002 -6.62143769902478e+001 -1.26013700130673e+000 -2.29724014785373e-002 8.78316380219741e-003 8.37953636347561e-004 2.06357955184520e-005 -1.31757379175932e-006 -2.53880435508219e-007 -1.64505770430101e-008 
-1.36393781488506e+005 -1.30237146810887e+005 6.81322748613767e+003 1.11190190704788e+003 -6.25602786285628e+000 -1.79925016567538e+000 -1.29797337067196e-001 -8.10888488305391e-003 1.92903945436961e-004 4.23589002089569e-005 2.85730832067534e-006 7.31140264075735e-008 -1.03030695899646e-008 
-6.07608070363221e+004 -7.22759118303895e+004 3.04311196728222e+003 6.12111463124462e+002 -1.06071566184242e+000 -9.29837961703463e-001 -6.88137980282217e-002 -4.64488348287057e-003 7.49409149223261e-005 2.20507401217100e-005 1.57735708640948e-006 4.78148497583766e-008 -4.96836686777884e-009 
-9.31998726695037e+004 1.72291879845478e+005 5.44296734960426e+003 -1.56826036517677e+003 -6.20340555481366e+001 3.78497433777534e+000 4.72833487597829e-001 9.68823278197318e-003 -2.44103479244895e-003 -2.02003982806497e-004 4.85145321136593e-006 1.72515215570594e-006 6.88413184030255e-008 
-3.03960443137525e+005 -2.81434489825222e+004 1.76928468372915e+004 5.15066761040670e+002 -7.97172939069579e+001 -4.90572321380331e+000 6.40161692377259e-002 3.18295203016244e-002 1.50348373402723e-003 -1.24144595885440e-004 -1.73858399863023e-005 -1.60264409675095e-007 1.18722525681641e-007 
-1.59305638606753e+005 -2.09887596218731e+004 9.30203905496883e+003 3.30746021995930e+002 -4.07412221758541e+001 -2.76514341915504e+000 1.84979615549477e-002 1.67574770773898e-002 8.89701886120034e-004 -5.97674012745800e-005 -9.49440486433421e-006 -1.44561998351608e-007 6.13651440761372e-008 
2.29528037767201e+005 1.33078412843798e+005 -1.50738813513999e+004 -1.45015772166371e+003 9.09305700868608e+001 7.46683392570311e+000 -4.64016617022583e-001 -4.08409177338695e-002 3.40458151281162e-003 2.67245673872330e-004 -2.91109552190044e-005 -1.90543214943849e-006 2.60072759594242e-007 
-2.18032190001333e+005 1.11127628798048e+005 1.41270897664192e+004 -1.14936716998949e+003 -9.20368055984697e+001 5.60299484950856e+000 4.66026368838162e-001 -3.43818802822979e-002 -2.81869606225156e-003 2.79041032620686e-004 1.93683220286029e-005 -2.44572925455212e-006 -1.39820550717986e-007 
-1.24259832391365e+005 5.50481316953708e+004 8.09003266573319e+003 -5.67889563377527e+002 -5.25674379236002e+001 2.75560482015406e+000 2.66151340540048e-001 -1.70644605784082e-002 -1.62879917386330e-003 1.40640847686251e-004 1.13834745155681e-005 -1.24750457445343e-006 -8.38670973331758e-008 
3.41891209425280e+005 -2.58648985741225e+004 -2.12299973770529e+004 4.56963426707016e+002 1.07018372828140e+002 -4.34690414497153e+000 -1.75693356654922e-001 2.79311540882305e-002 -1.22859052121154e-003 -9.07648139498412e-005 1.48894268318415e-005 -3.88818396580815e-007 -7.40824888994801e-008 
6.28260562600570e+004 1.54490951494335e+005 -3.88560658521772e+003 -1.49938334894530e+003 4.31624413102439e+001 4.55882482606341e+000 -3.27642083246623e-001 2.52749767693607e-003 1.59037321934867e-003 -1.39504316592653e-004 -1.13152333600459e-006 1.02493402406790e-006 -6.22535338785961e-008 
2.24575758011140e+004 8.36575454138407e+004 -1.37710680436366e+003 -8.21178341728051e+002 1.95467536871159e+001 2.60122382269311e+000 -1.69846502725459e-001 3.91192225041012e-004 8.95184323103172e-004 -7.17483934930990e-005 -1.11398626098812e-006 5.63182015653862e-007 -3.08789945695380e-008 
1.53529105406188e+005 -1.51800319057769e+005 -8.57167281623784e+003 1.42216842617517e+003 1.63090390089347e+001 -3.82559545079032e+000 8.07223624765048e-002 -7.60258583983566e-004 -1.96983180166922e-006 3.13154814640434e-005 -2.96906143850273e-006 1.69109075668456e-008 9.38694692418126e-009 
2.95068117848223e+005 6.76846007977925e+004 -1.59097198514027e+004 -4.30738655292132e+002 7.45593191519892e+001 -4.22426641024797e-001 -9.77892044968432e-002 4.01550341457329e-003 -3.51198828918325e-004 2.29824833975130e-005 1.06358483367912e-006 -1.85609990296275e-007 6.50863247539186e-009 
1.53098933157492e+005 4.12130753950580e+004 -8.26583678909388e+003 -2.79170087306369e+002 3.95882061057892e+001 -9.40659534848000e-002 -5.55440792877511e-002 2.17645580656314e-003 -1.87749270269909e-004 1.12785324843216e-005 6.70687300472346e-007 -1.00263503832761e-007 3.17252466759175e-009 
-1.64881589993910e+005 -1.52816797298046e+005 7.87066667718755e+003 1.17517428152998e+003 -4.07470852818261e+001 -1.79570928682439e+000 9.76821386938420e-002 4.42076004010396e-004 -1.86872271538977e-004 -1.25352890255218e-005 9.52111379040974e-007 4.99048876906778e-008 -5.18075044318655e-009 
3.00243275192952e+005 -6.13261565211914e+004 -1.45408528120577e+004 5.92690680754190e+002 4.85164542534882e+001 -1.92755143832977e+000 -2.57724289793408e-002 3.61540485204346e-003 8.19391692975955e-005 -1.05598157091694e-005 -8.24607317432371e-007 6.68558070994044e-008 1.63383177293552e-009 
1.66044193567729e+005 -2.80876434751530e+004 -8.07335096440743e+003 2.80530966456004e+002 2.75286830647509e+001 -9.77692284857236e-001 -1.73345959724130e-002 1.93494209292441e-003 5.01732540901794e-005 -5.28569006864830e-006 -4.74488087406851e-007 3.43240570477863e-008 1.05101136317962e-009 
-1.19040676925869e+006 5.85071002488505e+003 1.65312046906348e+001 -8.84900110493395e-002 1.50495098735356e-002 -1.24871717668358e-003 -1.99555855604456e-006 2.34989046895080e-005 -3.83308803981194e-006 1.23340788478071e-007 6.19431744841541e-008 
-4.13267367121505e+005 -7.70849046581414e+003 1.90858530036956e+001 -1.82031147848077e-001 4.08361871337173e-003 7.92981422421100e-004 -1.81702797531544e-004 1.53099113611853e-005 1.14149878350197e-006 -5.25742089089050e-007 6.17266610111936e-008 
-1.44910790532783e+005 -3.40201545965395e+003 7.96512805476609e+000 -8.91866243256993e-002 8.12935234860917e-004 5.47444502980099e-004 -9.69021490650933e-005 5.74525166861575e-006 1.00704012546132e-006 -2.93204276375143e-007 2.65651993520065e-008 
-1.17857455936155e+006 5.98133177246057e+003 1.63070470786944e+001 2.16062761171824e-002 2.87395998493016e-003 -1.00570674858268e-004 1.61507983146833e-005 -1.87296994503684e-006 1.63305249050002e-007 -1.38850733012962e-008 -2.64888193392224e-010 
-4.28537565753738e+005 -7.56310684856425e+003 1.74033925658221e+001 -1.02754270430990e-001 3.55593401609939e-003 -1.36186206026533e-004 1.15169470659142e-005 -1.95786552831346e-007 -6.77016186511987e-008 4.86463159029642e-009 -1.70935529412234e-009 
-1.51654114820792e+005 -3.34203744257493e+003 7.09073102350454e+000 -5.61179497428411e-002 1.67561160234245e-003 -6.82444963084749e-005 4.49398041070714e-006 9.10313705389680e-008 -5.31660977638878e-008 4.53712212892740e-009 -8.73147495729394e-010 
-2.69552507322604e-005 1.22193076141519e-006 -7.27952226043339e-007 -1.03048702043184e-008 4.40121191215174e-008 -2.21436906495723e-009 -7.38767334197395e-010 1.89657527876669e-010 -1.78766523411726e-012 -7.95797544472206e-012 
3.86286751063605e-005 7.75308499693480e-007 6.30089702922435e-008 -9.08097100270611e-008 5.23048970706732e-010 2.77546770581162e-009 -2.53388170840325e-010 9.57719573999547e-012 7.22809072630439e-012 -3.30450419311101e-012 
-2.58924259074081e-005 1.31973595085301e-006 8.55872034381124e-007 2.24679268665568e-008 -6.00496789823737e-008 -8.21139783426516e-009 6.48967174946906e-010 4.89841901197460e-010 9.06029566291052e-011 -8.13118090173096e-012 
3.90591228874469e-005 -3.83470269690408e-007 3.89902436160635e-008 1.14213555155718e-007 8.73300298404935e-009 -4.11068955149289e-009 -1.06944975141211e-009 -6.13913281340562e-011 4.61478935456768e-011 1.01319963372146e-011 
-2.28332457083691e-005 7.29566655746186e-008 -6.51806890417320e-007 2.81127376918137e-007 5.76373557655722e-008 -2.30708218846340e-008 -1.79489190027439e-009 1.19782794685357e-009 -1.58019879438080e-011 -4.71941919301845e-011 
3.98383620907292e-005 8.13778776031601e-007 -3.21625312447936e-007 -9.76663061633813e-008 3.92902761340209e-008 5.35275962791807e-009 -2.37879012981449e-009 -1.14501095845128e-010 1.05460633769670e-010 -1.17225220455404e-012 
-2.12282605321669e-005 2.01626427611366e-006 -8.49195930006142e-008 -2.29273646643968e-007 1.21485510796633e-008 8.34098166910582e-009 -7.72844417648264e-010 -5.90598679934918e-011 1.15231110753556e-011 -3.36411919981906e-012 
4.03191032494030e-005 3.66286297922570e-007 3.37140501984520e-007 -9.65443045228476e-009 -2.33846745673613e-008 1.72066213339700e-009 5.53689950953483e-010 -5.59201186370757e-011 -1.31825068242694e-011 -3.06288162656384e-013 
-2.50950136762289e-002 -2.77845555299954e-004 -1.99408394710802e-005 2.78946385788214e-005 -3.74521003473043e-006 -5.41424608879716e-007 1.27920459506244e-007 8.35211681941022e-010 -1.55081895001175e-009 1.74392511459776e-010 
3.83732978407548e-001 -1.27051082856620e-004 5.23852532944257e-005 -3.59090137633939e-006 -1.61159656256527e-006 3.06947369269949e-007 1.75221348089608e-008 -5.87785808167179e-009 2.60838150399423e-010 4.13604768679155e-011 
4.57958122612327e+003 9.20217297751341e-001 2.30362819461062e-005 -2.74075799636298e-005 3.38477251567089e-006 5.10812605797318e-007 -1.18361262599285e-007 -8.08141711414948e-010 1.44685105290599e-009 -1.60099480458728e-010 
-2.54357124236026e-002 -3.42537292694354e-005 3.47361494842731e-005 6.47622479877859e-006 4.63670716876804e-006 3.79546982111471e-007 -1.45655970149685e-007 -2.32531976381758e-008 -1.87825604676174e-010 4.87760838402656e-010 
3.83728143277118e-001 9.27400871153877e-005 2.16107913435596e-005 4.11075753879430e-006 1.93570748598851e-007 -3.77916241034287e-007 -4.23083058191913e-008 4.72173110734751e-009 1.43300396520924e-009 1.39872163803175e-010 
4.58142143331799e+003 9.19946922340716e-001 -4.67633652476878e-005 -6.79154354050095e-006 -4.02988337380895e-006 -3.18707705466340e-007 1.35177575500404e-007 2.09251145881773e-008 6.57249530171186e-011 -4.53355877020910e-010 
-2.46460291346615e-002 9.28066713576780e-004 1.18778069409043e-004 -4.05127890173822e-005 -7.96555825982529e-006 1.44816076744193e-006 2.68338319889735e-007 -5.11391517441081e-008 -5.17808464995951e-009 1.72421846624600e-009 
3.83975742929826e-001 7.51211974632958e-005 -6.92395108073390e-005 -1.28438606280099e-005 2.83375520040589e-006 5.93164964135526e-007 -1.00809205777802e-007 -1.53750128655401e-008 3.52257794899877e-009 2.06879975303723e-010 
4.58326044813784e+003 9.18988572329315e-001 -1.05169394334266e-004 4.01652977984946e-005 7.16038700441473e-006 -1.38301829867732e-006 -2.40074773057330e-007 4.77014484982103e-008 4.51883154864509e-009 -1.58550297712739e-009 
-2.33394830982552e-002 1.08114949398822e-004 -1.78468952201710e-004 2.53813405120255e-005 4.35329861448069e-006 -1.14741023430269e-006 -3.14525894582121e-008 2.14490451739339e-008 -4.42425872362963e-010 -1.82695930727745e-010 
3.83673906359776e-001 -2.83790970535925e-004 2.80839125107571e-005 1.16355201731544e-005 -2.28619286861304e-006 -1.71623157504382e-007 6.47734195346103e-008 -1.35712221494514e-010 -8.15862676922627e-010 2.49502616922891e-011 
4.58509902256958e+003 9.19841953426510e-001 1.77348157407217e-004 -2.45071332847485e-005 -4.15667784465585e-006 1.06927206153664e-006 2.85419337798509e-008 -1.97276656352579e-008 4.06090127827523e-010 1.67111376514046e-010 
