-3.45053909741009e+007 -1.49850986117481e+007 1.10156648946626e+006 4.71702882788883e+004 -6.35058378620286e+003 1.79747620814052e+002 1.95330718252892e+001 -2.42172053737815e+000 6.09957302789407e-002 1.09183599497247e-002 -1.25744804355150e-003 2.33048322123268e-005 7.13316776127281e-006 -7.49627326706819e-007 
2.78696514811618e+007 -1.04060669640938e+007 -9.24388435398527e+005 8.16679035580374e+004 6.40479128708693e+001 -3.45794451419672e+002 2.34352582717987e+001 2.62642510480113e-001 -1.61656823245371e-001 1.06122391538202e-002 2.60838873699893e-004 -9.43065085242272e-005 5.65595065694133e-006 2.30234600863609e-007 
1.85322229177287e+007 -4.00616596057850e+006 -6.07975263735006e+005 3.87391898296267e+004 6.92349048828210e+002 -2.03353928568904e+002 1.04950112151814e+001 3.91277231412944e-001 -9.26795163374572e-002 4.53763045357517e-003 2.69655969247095e-004 -5.27944206697323e-005 2.28221621284787e-006 2.00679690368801e-007 
-5.48611648671563e+007 -5.28763089401173e+006 1.21033905137980e+006 -1.72992591999487e+004 -1.83403859636555e+003 1.68558333109609e+002 -8.16193231839281e+000 7.00251941336014e-002 2.63559787998172e-002 -2.72574085314069e-003 1.38490863821292e-004 -6.55227285065893e-007 -5.93479044050247e-007 6.10564218780021e-008 
2.54756053278933e+006 -1.42060990937221e+007 -7.66182131463271e+004 5.41237473595691e+004 -2.28828248244601e+003 2.94489526969244e+001 5.25566432167995e+000 -5.65775169481710e-001 2.95107252941247e-002 -3.10753237399397e-004 -1.02017433079999e-004 1.11498775224141e-005 -5.93249631826780e-007 4.09103903889886e-009 
7.11425541804515e+006 -7.04116041710901e+006 -1.66362413748680e+005 3.07061072428133e+004 -1.03234969556518e+003 -1.73645742850861e+000 3.65346619551508e+000 -3.09498366438813e-001 1.30334901967760e-002 1.16471527480634e-004 -6.88507968103142e-005 6.02425338246170e-006 -2.55414128446852e-007 -4.14203163581695e-009 
-5.66334787841136e+007 3.26018919456162e+006 9.07542306089391e+005 -2.87669165147919e+004 -3.45482249380639e+001 3.30803074688832e+001 -2.97588520155777e+000 1.51581911661222e-001 -5.29740666794753e-003 3.63055356359944e-005 1.20056375845398e-005 -1.18892228590782e-006 7.15028810249072e-008 -2.84672529748817e-009 
-2.48148808485807e+007 -1.27740982601777e+007 3.84144666345502e+005 2.53356745865496e+004 -1.26284957827383e+003 4.95805868729851e+001 -1.14988339332562e+000 -2.97050640268925e-002 5.33054072088001e-003 -3.86182020351438e-004 1.86285356687741e-005 -5.27001247185807e-007 -9.39867593712338e-009 2.51053422013433e-009 
-7.31956300225136e+006 -7.16202046129087e+006 1.11160615007239e+005 1.65157365211846e+004 -6.71043423041131e+002 2.30580889713994e+001 -3.05874733200287e-001 -3.15776454498658e-002 3.39660448867393e-003 -2.10063853512998e-004 8.70731907419331e-006 -1.58315835195723e-007 -1.24309440380054e-008 1.63616294334508e-009 
-4.39316702157235e+007 9.16126659169281e+006 5.71470842619526e+005 -2.67752133971133e+004 1.69181502253259e+002 -3.73243769130797e+000 -6.22228711463774e-001 3.57916921238093e-002 -1.89193523464739e-003 7.41604307988801e-005 -2.11271083600954e-006 2.37119931290841e-008 2.74776826702970e-009 -2.62537986152805e-010 
-4.65263642870265e+007 -8.76314002067089e+006 5.94593418056511e+005 1.15046284394499e+004 -5.54331239418870e+002 2.24714503701606e+001 -9.12471595481168e-001 1.93383439260045e-002 -2.38985446400784e-004 -3.09647057194066e-005 2.48142321331022e-006 -1.46570599445468e-007 6.40176099679307e-009 -2.16826374757854e-010 
-2.02346102807968e+007 -5.63088968484893e+006 2.58412325233687e+005 8.92067928171515e+003 -3.13660895962972e+002 1.23912207109790e+001 -4.22965412179875e-001 6.62146611058842e-003 6.84000503915760e-005 -2.42270900537299e-005 1.54454286928871e-006 -8.07564932893469e-008 3.13510876548039e-009 -8.86225664182950e-011 
2.74888919730358e+007 2.31065535856246e+007 -3.39295696071263e+005 -4.73552918903920e+004 3.65531860116465e+002 2.72753750539696e+001 -1.69149895014770e-001 -5.41824957599125e-003 4.85518920526798e-005 -7.48487293588278e-007 
-9.46512254657146e+007 6.05150657563646e+006 1.16672690931438e+006 -1.28124793078720e+004 -1.16904756351133e+003 8.40459813791581e+000 4.07872527186080e-001 -2.87059551747364e-003 -2.44782764812297e-005 6.20202317398489e-007 
-4.43075025580537e+007 1.26124619376380e+006 5.46467197562154e+005 -2.76937339143215e+003 -5.49172430360325e+002 2.05628489432918e+000 1.94235546823387e-001 -9.48877453563339e-004 -1.40903494970169e-005 3.26459792508094e-007 
6.92845927844479e+007 1.82583397989393e+007 -8.55314937656673e+005 -3.74120468840729e+004 8.58952658992369e+002 2.15450154399723e+001 -3.03293236528012e-001 -4.30431864770719e-003 2.23869922667827e-005 -5.33208385876532e-007 
-7.39152167244409e+007 1.44684309418818e+007 9.07940405460679e+005 -2.96693683855306e+004 -9.09973792007585e+002 1.71536760285102e+001 3.18403260217047e-001 -3.50295278848223e-003 -2.10318585109824e-005 -3.74000186440610e-007 
-3.76208823773002e+007 5.35540188127053e+006 4.62665112383823e+005 -1.09836866363445e+004 -4.63811470272352e+002 6.35572716360582e+000 1.62462997950241e-001 -1.30395121689019e-003 -1.08800407389283e-005 -1.34516860222259e-007 
9.87928531430875e+007 -1.55891861745662e+007 -4.82708320233935e+005 1.22276921513569e+004 2.19460807450069e+002 -2.76046868274124e+000 -5.32690437288998e-002 -8.12894828751698e-005 -2.30759942579604e-005 6.98872802731827e-006 2.24706731897864e-006 1.69235146752486e-007 -9.97870374618964e-008 
9.99814252341333e+007 1.25498880187275e+007 -4.91520332590855e+005 -1.06718294596039e+004 1.90599929216258e+002 3.27361154037765e+000 -2.73710164636095e-002 -9.86852026958577e-004 2.53027665674396e-005 1.30351779150160e-005 1.08615292612106e-006 -3.90305864036771e-007 -1.35896938350755e-007 
4.33472981672945e+007 5.44008271188854e+006 -2.13059520294881e+005 -4.62606341575154e+003 8.26188739395422e+001 1.41868858094068e+000 -1.17999413202293e-002 -3.95846524321040e-004 8.93285465354566e-006 4.10862456901310e-006 3.52500730422230e-007 -1.27040556345408e-007 -4.38550699563463e-008 
6.42565552987350e+007 -1.88088729109954e+007 -3.16951661011208e+005 1.52294178808562e+004 1.51961712954897e+002 -3.93800918836788e+000 -4.28981816600646e-002 2.76131083997314e-004 4.06716602208957e-005 1.16908585322551e-005 -2.17022625332628e-006 -3.07654433725429e-007 1.05746881006826e-007 
1.20783218194543e+008 8.16203182693851e+006 -5.99257486581567e+005 -7.14046179928405e+003 2.48038021225778e+002 2.39807671895913e+000 -4.75329689519897e-002 -7.03267263372112e-004 9.71776714489660e-005 -1.97047573935279e-006 -3.66393969793857e-006 3.56437165547538e-007 1.29308263927773e-007 
5.23644097126012e+007 3.53807009101855e+006 -2.59762072963327e+005 -3.09531509412016e+003 1.07516763709525e+002 1.03950693233431e+000 -2.04565691448177e-002 -3.07063243720030e-004 3.26275082751184e-005 -2.24966298138507e-007 -1.19958919827355e-006 9.96961257624457e-008 4.33938961660672e-008 
5.06923134431555e+007 3.36839581928706e+007 -3.31108269711754e+005 -3.83866741607560e+004 -1.18026041249164e+002 1.92828688108843e+001 3.92142873094651e-001 -5.36540106353914e-003 -3.97519366766135e-004 -1.36905818393203e-006 4.73825424496030e-007 
-1.87439214398936e+008 1.02070195077635e+007 1.21836175631038e+006 -3.99167577462374e+003 -8.26994346866127e+002 -8.40724762385377e+000 3.35310171093374e-001 1.16267247579163e-002 -6.39707527964708e-006 -6.59831472065517e-006 -6.05397357698412e-007 
-8.73187716685136e+007 3.77312648253087e+006 5.67768184334347e+005 -7.95734236665095e+002 -3.76141591969645e+002 -4.37605690277312e+000 1.43143846008268e-001 5.47948008924716e-003 9.51338333768626e-006 -3.16853014578129e-006 -3.16708350052870e-007 
-7.76146339772930e+008 -5.35654099900838e+006 9.25812471054936e+004 8.11701750899384e+001 -8.43312809513560e-001 2.77574677608768e-004 1.08759800943317e-006 -1.54060868675734e-007 
2.04832834960797e+008 -1.51878329762881e+007 -2.44862278535238e+004 3.08828310225440e+002 8.69489238691360e-002 -1.26194586120091e-003 1.40043607532560e-006 9.35455515540406e-009 
1.06698532874502e+008 -6.37948545535519e+006 -1.27491811076624e+004 1.30396081002014e+002 5.77937132973021e-002 -5.47662426769226e-004 5.82577560181173e-007 -4.79351393283536e-009 
1.26005641125592e+009 -6.39435495018156e+006 -2.95615773861067e+004 1.78493380175490e+001 6.87767967385185e-002 1.03251318263778e-005 -8.29942106198837e-008 
5.65980665784191e+008 1.10494022824648e+007 -1.32865395835623e+004 -4.64026240468636e+001 1.11999736401474e-002 7.54032555877918e-005 1.00977313051914e-007 
1.79503987423266e+008 4.83933204498988e+006 -4.21467981561152e+003 -1.99342123239015e+001 1.66262648763250e-003 3.07488579997445e-005 4.47563174209271e-008 
1.11329160668874e+009 -8.76032919683138e+006 -2.90642105890626e+003 3.59894856249140e+000 1.00229155030826e-003 -2.45876924644210e-007 
2.45517686886664e+009 2.86731447646299e+006 -6.41241346843165e+003 -1.73412681429633e+000 1.15585257746374e-003 4.58091656309924e-007 
1.05955313127441e+009 1.37968715907084e+006 -2.76741158801469e+003 -8.10655320888629e-001 4.91590882841216e-004 2.06187589590046e-007 
4.44897805248780e+009 -7.23428593352887e+005 -3.16596699366729e+003 7.11454089377229e-002 1.96501506539152e-004 2.90458185951528e-009 
4.11794131784766e+008 6.96182201499397e+006 -2.92925856409577e+002 -8.26251091524180e-001 1.24327550291987e-005 3.16244511144705e-008 
5.77870339363525e+007 2.86751954908843e+006 -4.10829963658232e+001 -3.39930109360360e-001 2.36758422205631e-007 1.30228819103759e-008 
3.15107751466277e+009 6.29743080682831e+006 -1.29115883942665e+003 -2.28849245991015e-001 1.16798681707096e-004 -3.13624685483233e-008 
-3.79078591797122e+009 3.34562454702259e+006 1.55337369341998e+003 -4.70638513484954e-001 3.18522419050568e-005 1.73171831418544e-008 
-2.13239954081128e+009 -8.53325271247954e+005 8.73808817232152e+002 -7.79538498010260e-002 -2.56935197989582e-005 1.36221020676243e-008 
1.77419869968210e+005 1.46713479991250e+005 -8.56032790614690e+003 -1.09990752790662e+003 3.50992695753402e+001 6.17952604036996e-001 -2.79164213248893e-002 9.15569902694676e-003 -2.27573431307482e-004 -1.24588906895574e-005 1.09872756026673e-006 -1.11930736505135e-007 5.03499705461038e-010 
-3.10731294862202e+005 6.01641375832803e+004 1.48855895844892e+004 -5.29404618940145e+002 -4.34010566651050e+001 1.19041655386326e+000 -7.72959802785755e-002 9.68035506083142e-004 4.52681477735421e-004 -1.62434647129944e-005 5.64822631985956e-007 3.97698042496182e-008 -7.50619969952351e-009 
-1.40068030424981e+005 4.15800433718110e+004 6.71419641873833e+003 -3.52819694347383e+002 -1.88014731538424e+001 6.50092057585743e-001 -4.06176027475473e-002 1.20850891743835e-003 2.07326794099925e-004 -9.12149600991678e-006 3.67670604144076e-007 1.09229881324843e-008 -3.69927784072874e-009 
3.67996866444350e+005 3.60436810753624e+004 -1.79060000426147e+004 -4.07487860609761e+002 5.59505645191880e+001 1.88875238701992e+000 7.42870831552394e-002 -4.12079914765923e-003 -6.76767953194843e-004 -1.70314993755136e-005 7.10946184407275e-007 1.61830834080343e-007 8.39218878113540e-009 
-9.89005080885378e+004 1.43333127406862e+005 4.90957043581071e+003 -1.10084843904116e+003 -2.92210202536782e+001 9.03241739479315e-001 9.10770652053731e-002 9.06917799765677e-003 4.39152319906742e-006 -2.77168041012489e-005 -1.90463619499102e-006 -4.86523066534230e-008 7.56247602024547e-009 
-1.97156144649158e+004 7.39894716345442e+004 9.90143049326242e+002 -5.80610354620347e+002 -9.90681818620352e+000 6.08257467684458e-001 5.10490716062792e-002 4.15942391146254e-003 -5.31503329866793e-005 -1.51506138635266e-005 -8.85012167946332e-007 -1.09225737860859e-008 4.43539287418330e-009 
2.94151762200655e+005 -1.08428870105288e+005 -1.60832504584069e+004 8.01433016256519e+002 8.91824787036178e+001 -1.25799726135042e-001 -3.04195334905874e-001 -1.46821153615117e-002 9.19004246542657e-004 1.08333721757644e-004 -1.03475564069695e-006 -6.55272394405437e-007 -1.96472897912921e-008 
1.81220005846759e+005 1.24339022124404e+005 -9.92400137457059e+003 -1.23507035229150e+003 2.57264649165835e+001 4.78829710486785e+000 1.19092263950552e-001 -1.49416912128623e-002 -1.21771906298642e-003 3.41567438549130e-005 7.72786702826557e-006 1.01553237662158e-007 -4.23727912856725e-008 
1.13195818598658e+005 5.28575414583814e+004 -6.22942907903338e+003 -5.47493100442574e+002 2.01283771725887e+001 2.36511115552034e+000 3.39547207496593e-002 -8.61119488666258e-003 -5.28626097934728e-004 2.58019379364555e-005 3.74733522129776e-006 -3.21456283011272e-009 -2.26144144669720e-008 
-5.75060694901448e+003 -1.77465930158093e+005 5.64371545621262e+002 1.76437065058299e+003 7.59098706246213e+000 -6.97602902829090e+000 -5.14730529766237e-002 2.61026823666006e-002 -1.98505302074379e-004 -1.30766468621849e-004 4.44433133141568e-006 7.63339542864051e-007 -4.17168320086580e-008 
3.13386429896397e+005 2.76047850283131e+001 -1.91226270624969e+004 -9.11287836594008e+001 1.04607306344981e+002 9.94255159875486e-001 -3.69456044297401e-001 -1.92105606125487e-003 1.61214833499789e-003 -2.96286313347403e-005 -9.06242056214792e-006 3.76547459155925e-007 5.36881037699173e-008 
1.54391886478180e+005 -1.43835578249170e+004 -9.42930032720371e+003 9.96179215015651e+001 5.25362955173290e+001 -8.18540027230448e-002 -1.87610996682678e-001 1.18725296752392e-003 7.83640668888188e-004 -2.53695525398268e-005 -4.13088181144957e-006 2.49046490564834e-007 2.32105833681789e-008 
-2.94287179452788e+005 -9.61900415698558e+004 1.82088749239989e+004 9.01712069356413e+002 -1.00018464558511e+002 -2.50449834234963e+000 2.82968575126593e-001 -6.72356647828897e-004 -2.46534612095492e-004 4.37655307709319e-005 -3.72340019071402e-006 -2.22525144168198e-007 3.03060098908354e-008 
1.76250895157489e+005 -1.30251464643105e+005 -1.09351871809280e+004 1.31868782342953e+003 5.21380109461353e+001 -4.97857956455892e+000 -8.00055796269029e-002 1.04300805891971e-002 -3.44050257462612e-004 1.70720698745994e-005 3.27471557597807e-006 -3.32056940432707e-007 -1.01869899461674e-008 
6.31036669422795e+004 -7.22545073311335e+004 -3.91954026491807e+003 7.27980538516469e+002 1.76041522575269e+001 -2.67909664975103e+000 -1.63623949861313e-002 5.13540305219550e-003 -1.90852230744806e-004 1.19893694380471e-005 1.31765028752474e-006 -1.82755713200102e-007 -2.56293175198573e-009 
-3.26974132970636e+005 6.40825894279023e+004 1.89323201249124e+004 -7.45038572118668e+002 -8.61547507288318e+001 3.55124827052837e+000 1.85956242586719e-001 -9.43394615894728e-003 -5.91784766749124e-004 4.60563440284442e-006 4.14010711786569e-006 6.17547203795868e-008 -2.58024755583533e-008 
-1.16760487443773e+005 -1.48060932004366e+005 6.51092605264941e+003 1.33938752054912e+003 -4.59889259397366e+001 -3.86320662954199e+000 1.72057343452885e-001 8.50591607623657e-003 -2.78730440449404e-004 -4.35329192456733e-005 -5.93235869798757e-007 3.02911567071483e-007 5.24111208290914e-009 
-8.43601441996679e+004 -6.78773710678063e+004 4.78545544442282e+003 6.01929883192778e+002 -2.99589440522931e+001 -1.62278001537122e+000 1.00870696727221e-001 3.43369450220422e-003 -1.87750640453162e-004 -2.11511527629120e-005 5.00336847806156e-008 1.55052143529627e-007 4.58010091385169e-010 
-8.79959684235503e+004 1.62754066764382e+005 4.53667725307736e+003 -1.42936915695635e+003 1.22025045956709e+000 3.77695429808169e+000 -1.50759229666548e-001 -5.88723227071027e-003 8.10883231133663e-004 6.60062749950289e-006 -3.60320209867382e-006 6.66541568435770e-008 1.66997288014623e-008 
-3.21512597448264e+005 -4.83341324068549e+004 1.64885316944489e+004 2.57174473075777e+002 -7.27578150101115e+001 1.06355397506391e+000 1.41242324586854e-001 -1.04567623217993e-002 -2.29250952591615e-004 4.77870304981210e-005 -5.71062628383799e-008 -2.24693291811967e-007 7.24625695756237e-009 
-1.65742860446200e+005 -1.03739491185869e+004 8.53234703913170e+003 8.27123980316318e+000 -3.59938901822129e+001 8.41387224217271e-001 5.76381682080816e-002 -5.66993305536954e-003 -4.62044060825917e-005 2.42204624789465e-005 -3.27674630987352e-007 -1.05728293233638e-007 4.97306171440436e-009 
2.22653591936559e+005 1.35155205403821e+005 -1.06782214413244e+004 -1.01016268361265e+003 4.06012174351181e+001 6.27259757850649e-001 -4.56720372999828e-002 8.23060366843707e-003 -4.06264845842254e-005 -1.88031287958836e-005 9.42076924643878e-007 -3.72012569578443e-008 -5.02055289084111e-009 
-2.88950862327287e+005 7.84492999852745e+004 1.36194110286268e+004 -6.49561600388254e+002 -3.99599319080526e+001 1.37309473903330e+000 -6.60050367571677e-002 -9.21963144846793e-004 4.41970049407206e-004 -6.79417133093702e-006 -2.26452895081963e-007 7.29648249865077e-008 -3.69895128069908e-009 
-1.23831054558472e+005 5.00083286057942e+004 5.83872388269133e+003 -4.06556349892126e+002 -1.64151391653427e+001 7.37444963843969e-001 -3.63216237389251e-002 2.25911164289787e-004 2.15489365414676e-004 -4.94121455434049e-006 -3.52295589721189e-008 3.30009101903242e-008 -2.24879980694325e-009 
9.89769800417896e+004 3.74937688775377e+003 -1.83350393485625e+001 5.74909713541737e-002 9.17488583112967e-003 -1.29970170172203e-003 1.89679115865711e-005 1.98788986931599e-005 -3.65416209816133e-006 2.08653940987709e-007 4.44816271405046e-008 
-4.91211470289021e+005 5.35161378893893e+003 5.93651245755124e+000 -6.51271933377699e-002 7.01261473743764e-003 5.59685117292339e-004 -1.69221082192181e-004 1.62740099934595e-005 6.10695704904430e-007 -4.44999417800983e-007 6.24524991539257e-008 
-2.04666129744356e+005 2.21809163951105e+003 2.98108652957716e+000 -4.28736130990305e-002 2.51110646738631e-003 4.34567726844004e-004 -9.22564422144039e-005 6.63290967947984e-006 7.04936475466959e-007 -2.58221787961666e-007 2.87384602271493e-008 
1.06332009043883e+005 3.60647309276862e+003 -1.73718309359652e+001 7.40788296671608e-002 -2.85952848301335e-003 -9.14902463115447e-005 1.66060887835434e-005 -1.73001660508703e-006 1.53295508039358e-007 4.05462946800489e-009 -1.95088553209207e-010 
-4.80461826530885e+005 5.39794667167347e+003 5.82760049189643e+000 3.61129315544241e-002 3.77118537625583e-003 -2.36847552084189e-004 1.15597113536806e-005 -2.35470064669944e-007 -5.42481841861241e-008 1.09921351844155e-008 -1.35520952423471e-009 
-2.00207112667338e+005 2.24075267038131e+003 2.77134137136549e+000 5.22287358009650e-003 2.06968654271722e-003 -1.13688087538657e-004 4.54883280131808e-006 5.26826632888200e-008 -4.48335835814301e-008 6.50284057911178e-009 -7.18407667481430e-010 
5.95579855757984e-005 -5.48542341274165e-007 -5.79200098910682e-007 7.01168610226981e-008 3.34994101644349e-008 -7.41246762018694e-010 -1.21055155479149e-010 -5.03415181863202e-011 -1.78790473511018e-011 1.56335835972182e-014 
2.67670431189457e-005 5.17373503634654e-008 -1.06563206545544e-007 -7.79677222309581e-008 4.93814893779832e-009 1.81954349398580e-009 2.99616807419604e-013 2.32575378589011e-011 2.34412691909224e-012 -5.65004770435307e-013 
5.93338643296227e-005 1.61322775826855e-006 6.92763874117281e-007 -1.92150541152588e-007 -6.84915675965926e-008 7.68122222152632e-009 3.57718941041933e-009 -1.06084830241154e-010 -1.33742271076050e-010 -1.17117570901098e-012 
2.55489533408916e-005 -9.45203346906094e-007 2.59028978919708e-007 9.98820488602507e-008 -1.95840353044394e-008 -7.10042328292542e-009 5.15736479652580e-010 3.06099490989613e-010 -7.04842474020295e-012 -9.97484167826536e-012 
6.10790907341280e-005 -6.27231738905497e-007 -2.55394676935010e-008 3.00643376187834e-007 -7.25194214762969e-009 -1.70249600783687e-008 8.01395562922986e-010 4.67995431613090e-010 -2.24826217939129e-011 -7.70202186973060e-012 
2.48153855267807e-005 -4.61510119726059e-007 -3.66782216437275e-007 8.78022906065369e-009 3.52690219466808e-008 -1.56564807027890e-009 -1.33778583813031e-009 7.69765394922208e-011 2.73199548815349e-011 -9.47279295691839e-013 
6.27670964342172e-005 1.89373767582058e-006 -3.60715310350967e-007 -1.64099621480304e-007 3.22273069096252e-008 3.74404423471029e-009 -1.25671469897915e-009 8.10683363827788e-011 3.25717913723776e-011 -4.08688488781160e-012 
2.36249939188524e-005 -9.91618570740789e-008 2.66715013628504e-007 -5.38204218332940e-008 -1.37226694320421e-008 2.71240165801430e-009 2.41272908138649e-011 -4.84487559066695e-011 1.23498790574169e-011 -1.29070733770254e-012 
5.68100746874486e-002 -6.99120152241765e-004 1.70296554263472e-005 1.27965491671995e-005 -2.32075236899678e-006 4.53169985479972e-007 5.75708283670837e-008 -6.12722469338194e-009 -3.34670550339741e-010 -9.40950483110053e-011 
3.93356617123735e-001 6.82666192364150e-005 5.97592233268488e-005 -3.12838447413643e-006 3.79471173178688e-007 1.59711741575646e-007 -2.76452335965872e-008 -2.20824780169393e-009 -4.86059484440924e-012 -4.46625845320385e-012 
4.90330432183754e+003 9.20584089259712e-001 -1.66347241158608e-005 -1.36448076516537e-005 2.17250585313473e-006 -4.03182279495638e-007 -5.31795935062402e-008 5.77218456409049e-009 3.02343910156722e-010 8.40609703950336e-011 
5.60682761747386e-002 1.30860517282543e-004 2.27880078788719e-004 2.41717303914891e-005 -3.55659845356802e-006 -1.47297543254608e-006 -3.97623646922885e-008 4.06378694178074e-008 3.38795742205699e-009 -8.01699398927499e-010 
3.93901939122847e-001 4.51933819076884e-004 2.13909123976786e-005 -1.32870163757689e-005 -2.69623583348845e-006 5.61035400922422e-008 1.00837540280932e-007 5.84445449467681e-009 -2.23893457136182e-009 -2.54609691301802e-010 
4.90514482831822e+003 9.19754147882835e-001 -2.20469572282151e-004 -2.14425950193675e-005 3.50422040479605e-006 1.34507119367686e-006 3.35851343796333e-008 -3.72639404321176e-008 -3.05443148160039e-009 7.35874345999774e-010 
5.76655985583568e-002 1.12898375201610e-003 -1.50743562968436e-004 -5.47821493852281e-005 7.11885940189927e-006 1.42098042341227e-006 -2.17816410615489e-007 -2.48289430174584e-008 4.37908271794684e-009 2.74273188495283e-010 
3.94378967223157e-001 -9.53170839249236e-005 -1.05540407519622e-004 1.33034797220297e-005 3.58557200184239e-006 -5.02921918835327e-007 -7.64963130765629e-008 1.27917360950737e-008 1.06850895974898e-009 -1.99882006188410e-010 
4.90698307779420e+003 9.18822676715540e-001 1.47339092536264e-004 5.18654768989293e-005 -6.69048379844774e-006 -1.32275523631546e-006 2.00513645317477e-007 2.29189138298573e-008 -3.98881344199427e-009 -2.53310425423833e-010 
5.82257403261634e-002 -4.97764220262394e-004 -9.47448172917670e-005 2.91086657646554e-005 -2.82411091141352e-006 -3.98801580043160e-007 1.30958860720961e-007 -3.55601002334012e-009 -1.57619308279010e-009 2.46868825787013e-010 
3.93990302850051e-001 -1.45072989942501e-004 6.13664724244517e-005 5.35908239199317e-007 -1.48886773484229e-006 2.98228102280036e-007 6.94953070624253e-009 -6.31033087946448e-009 4.93203246191968e-010 3.58392788767553e-011 
4.90882237294896e+003 9.20405867224792e-001 9.44123854789556e-005 -2.84075625086365e-005 2.48726515889438e-006 3.85524793082349e-007 -1.20617245965165e-007 3.06540766831353e-009 1.47260603049400e-009 -2.24749763192219e-010 
