-4.21022280230730e+007 -1.22392611472170e+007 1.22033214497085e+006 2.00227999066142e+004 -5.00673828789940e+003 2.55863612449430e+002 2.81046953018420e+000 -1.51767198697126e+000 1.09870386450206e-001 -5.98608272270694e-004 -6.06724930194130e-004 5.69418865386723e-005 -1.18031130829359e-006 -2.64698817337954e-007 
2.29799170003283e+007 -1.22638416824836e+007 -6.38785826935407e+005 7.79745887087458e+004 -1.50480480423142e+003 -1.83412718165174e+002 2.08067266593571e+001 -7.39280412427068e-001 -5.16887611300891e-002 8.60712061608624e-003 -4.33445821187041e-004 -1.53523256923170e-005 4.12875598173071e-006 -2.71851980769692e-007 
1.65432368227225e+007 -5.28108997463352e+006 -4.67819128290522e+005 3.95712065999798e+004 -2.84260561708718e+002 -1.24515485293959e+002 1.08219398001467e+001 -2.37398568481423e-001 -3.90089479067935e-002 4.65945855035420e-003 -1.68563178915729e-004 -1.41085393350375e-005 2.32777492073296e-006 -1.17739658485339e-007 
-5.67757963953086e+007 -2.51109130201792e+006 1.13601822008650e+006 -2.39198229285531e+004 -9.95418117304205e+002 1.14159280987853e+002 -6.86784274649868e+000 2.09721378599738e-001 5.29428172914931e-003 -1.27155524257421e-003 9.80868112881014e-005 -4.17873658624742e-006 -5.96513297487536e-009 1.82582468634013e-008 
-4.08075696622495e+006 -1.41826236544871e+007 9.76021454961771e+004 4.37904900543124e+004 -2.03144735595102e+003 5.29708897707902e+001 1.62301477581714e+000 -3.14448945456649e-001 2.22366634501041e-002 -8.66769349141550e-004 -5.77413241757444e-006 4.04208004281823e-006 -3.64869443397257e-007 1.83187008868449e-008 
3.61073379952504e+006 -7.31537677221586e+006 -6.57415329010414e+004 2.58718940491971e+004 -9.81777123280419e+002 1.64481871418702e+001 1.57952106901175e+000 -1.89718467115556e-001 1.13279927382675e-002 -3.31031956203397e-004 -1.32617571059103e-005 2.59259853901180e-006 -1.94269822177981e-007 7.89012353219594e-009 
-5.37260236327462e+007 5.28355033784947e+006 8.05271220480124e+005 -2.85361065623903e+004 1.07256008809333e+002 1.58056646031343e+001 -1.91067853565159e+000 1.04605278336812e-001 -4.40950165962886e-003 1.09581219828647e-004 1.81366247463848e-006 -4.47187794185880e-007 3.45835767703502e-008 -1.83189886681183e-009 
-3.03357243825517e+007 -1.17683518691600e+007 4.64429684185096e+005 1.99877139428558e+004 -9.92477464416042e+002 4.08748689455190e+001 -1.23374652881904e+000 4.90279291804108e-003 2.22027655094892e-003 -2.05602469657185e-004 1.17088094547439e-005 -4.81667152431773e-007 1.04452290877352e-008 4.02007812295535e-010 
-1.07304009849077e+007 -6.83461151027723e+006 1.64511860316897e+005 1.36370380474882e+004 -5.41244013100222e+002 2.01925916856235e+001 -4.60730356262637e-001 -8.23522336907988e-003 1.64345791060914e-003 -1.21189322242489e-004 6.06587256516787e-006 -2.10873538531580e-007 1.99070775317802e-009 4.04805586713022e-010 
-3.77724738335610e+007 1.03969402275506e+007 4.77628309108336e+005 -2.60269497078971e+004 1.35011231843552e+002 -7.27285690379304e+000 -3.89095405649094e-001 2.11010942425735e-002 -1.22117030258311e-003 5.14726975592853e-005 -1.64248713656513e-006 4.19848387172080e-008 2.64512377065066e-010 -8.20208063784174e-011 
-4.95532824078792e+007 -7.31118872928238e+006 6.31105315191136e+005 9.16754374860707e+003 -4.38513234635748e+002 1.64827657506599e+001 -7.63530689505882e-001 1.58755910033461e-002 -4.47890951170055e-004 -1.07100184919174e-005 1.06009630290688e-006 -7.62067321372142e-008 3.60105176650648e-009 -1.42800418336375e-010 
-2.26515258141536e+007 -4.98446071288239e+006 2.87535424499787e+005 7.59727291190420e+003 -2.48233529608348e+002 9.55862178502962e+000 -3.67453831394395e-001 6.29020239932324e-003 -1.12523243098888e-004 -1.10614430783372e-005 7.36658764943223e-007 -4.50609163210032e-008 1.89599417579092e-009 -6.77638283826395e-011 
6.04195412155273e+007 -1.99931088447988e+007 -7.59047434412263e+005 4.14556100238682e+004 8.46383044714603e+002 -2.50377218826445e+001 -4.42587770363646e-001 6.18957835186089e-003 1.77835948233005e-004 8.30295901628488e-008 
8.31085479800704e+007 1.17624183222387e+007 -1.03827715822074e+006 -2.54821144405859e+004 1.06748642001784e+003 1.81726411473747e+001 -4.14233900728463e-001 -8.04539811387472e-003 5.79150710078285e-005 3.19401377553868e-006 
3.35426084849384e+007 6.55624006508472e+006 -4.19001596946943e+005 -1.40868629360738e+004 4.26615500065044e+002 9.75943910583183e+000 -1.58316705942342e-001 -4.01088556214755e-003 1.47821817701327e-005 1.43319638434362e-006 
1.60715193709541e+007 -2.38868707120907e+007 -1.98533178283257e+005 5.04849086747249e+004 2.56709750730238e+002 -3.29539639463359e+001 -1.93124950416144e-001 1.13639230616542e-002 1.27238783573505e-004 -2.94449959076573e-006 
9.75795831410465e+007 2.54716877339835e+006 -1.23153678585769e+006 -6.10630171512623e+003 1.31482052567281e+003 5.84620161854964e+000 -5.95820121533879e-001 -4.31087219405618e-003 1.73127163798842e-004 2.78470137653706e-006 
4.28585074441145e+007 2.65740691302699e+006 -5.41416993908254e+005 -5.94253485313317e+003 5.75199568125595e+002 4.71576685047438e+000 -2.55792694630364e-001 -2.65856122291565e-003 6.98251931097929e-005 1.43910068430745e-006 
1.36854451016355e+008 -8.46697857706100e+006 -6.53834117968050e+005 6.00533938586855e+003 2.73705209063081e+002 -7.41539708161814e-001 -5.10279650221376e-002 -5.06254832190067e-004 -2.43418061249670e-005 4.56874794700460e-006 4.38720108014615e-007 2.17812347065754e-007 -4.63909786065531e-009 
5.50558645047760e+007 1.72422915263108e+007 -2.58259706944117e+005 -1.40488595499529e+004 8.01337954396518e+001 3.70414822910104e+000 1.74138651923337e-003 -7.04844908196991e-004 6.52089501430237e-006 3.16785393226680e-006 4.18871419194802e-007 3.77130164344528e-008 -3.72235055342257e-008 
2.38401769120444e+007 7.47636972930746e+006 -1.11982000473170e+005 -6.09148032355310e+003 3.47452524405774e+001 1.60656598446560e+000 7.19272161943476e-004 -3.34152769006621e-004 4.10766341334730e-006 2.20298425410622e-006 2.07632147985754e-007 1.95625999817477e-008 -2.10047249114598e-008 
1.14969547552704e+008 -1.33365268760220e+007 -5.56209868182352e+005 1.01958873704927e+004 2.45911051181802e+002 -2.04322425295356e+000 -5.50404615002275e-002 -4.57796374048785e-004 -1.26309054280976e-005 2.80894231443110e-005 9.87783385363692e-007 -1.46573493873622e-006 -8.16864675351763e-008 
8.69596025482362e+007 1.45292819151359e+007 -4.16716394696152e+005 -1.21772868408454e+004 1.53347176140050e+002 3.55330132070035e+000 -1.65456944866925e-002 -9.60848106105692e-004 6.56898677253826e-005 1.50353211305072e-005 -3.65948333182290e-006 -8.28443057694492e-007 1.76924998375796e-007 
3.76738611526365e+007 6.30000894694552e+006 -1.80687614452279e+005 -5.27997760183981e+003 6.64917143350670e+001 1.54093678058819e+000 -7.32072778955537e-003 -4.37429720825192e-004 3.98914023047800e-005 7.75983984269985e-006 -2.25281886544236e-006 -4.28862495200613e-007 1.11501473933260e-007 
-1.89366326373421e+008 -2.01457287300509e+007 7.89346944528159e+005 1.25744091704695e+004 -2.33008665193346e+002 5.41529583824092e-001 -2.22564142102983e-002 -5.92229590325190e-004 9.18869843804482e-006 -1.01788179382360e-006 2.79079321488620e-007 
1.43111135131244e+008 -2.09562994231921e+007 -5.90010396176205e+005 1.55170192594752e+004 1.10043259337595e+002 -1.26813864422823e+000 3.69192848962355e-002 -7.05764788212246e-004 -3.46732293086009e-006 9.44260414569272e-007 -3.46519119471018e-008 
7.07176920029930e+007 -9.06657685347618e+006 -2.91983114682742e+005 6.77659507051533e+003 5.67819308033846e+001 -5.96253425914733e-001 1.75297990644275e-002 -3.06883970174452e-004 -1.54859990467755e-006 3.27290260301867e-007 -3.82445211287448e-009 
-1.62461824384440e+008 1.74375081290375e+007 2.06208168640322e+004 -3.58314206720575e+002 -4.66879210740204e-001 1.41578630832271e-003 4.63531123668768e-006 4.48837245117686e-009 
-7.14433261203841e+008 -2.48387309993659e+006 9.06195723764990e+004 9.65041451930167e+001 -8.34181220116973e-001 -1.53918936102011e-003 9.37170360276121e-008 8.63988591098520e-008 
-3.02293157832147e+008 -1.48962831412666e+006 3.83418798029629e+004 5.00943372225549e+001 -3.46182342245817e-001 -6.94098442672225e-004 -2.49966890411627e-008 3.58185961901771e-008 
-1.16686747750433e+009 7.37122230424075e+006 2.34353028938599e+004 -2.94432370035708e+001 -2.67245453205096e-002 3.51754734176645e-005 6.09504621176936e-008 
-8.38627033184438e+008 -9.73627284577001e+006 1.68240481452895e+004 2.92600614261778e+001 -3.44842213964362e-002 -6.71567133815612e-006 8.72783538154275e-008 
-2.96170248898642e+008 -4.33803533128947e+006 5.93992633995704e+003 1.33566166316274e+001 -1.31279228841001e-002 -4.16502218900058e-006 3.42096330577279e-008 
-1.01038176942991e+009 8.72619472233880e+006 2.80866905175433e+003 -4.25373817447875e+000 -2.41286953613629e-004 5.33751268237106e-007 
-2.43347213808263e+009 -3.42899361626624e+006 6.76720514864469e+003 1.06470615795470e+000 -1.80485112374212e-003 4.54625800684540e-007 
-1.05148494693672e+009 -1.62541408990401e+006 2.92427017887258e+003 5.26787056116969e-001 -7.87571709126342e-004 2.00061905798943e-007 
-9.09053828654840e+007 7.46403205822650e+006 6.17486369503074e+001 -8.50569553011388e-001 -6.20683341265692e-006 -1.06269350963937e-008 
-4.18892448129880e+009 -3.31393924678842e+004 2.86806545014373e+003 1.91051468623828e-002 -1.69343635319306e-004 -4.41660600351682e-008 
-1.71229790180142e+009 -1.99334394104482e+005 1.17235887266756e+003 2.89612182440418e-002 -6.90068762532596e-005 -1.68507640674929e-008 
-3.71137116234474e+009 4.41228224272970e+006 2.64545438691248e+003 -3.97908728600679e-001 -3.03264983510834e-004 5.49121935032085e-008 
-2.45933165994142e+009 -6.34868551474814e+006 1.75270518684688e+003 8.37436785172972e-001 -1.15068887322284e-004 -8.69036852401392e-008 
3.50720435701132e+008 -3.31051076236061e+006 -2.50318685931767e+002 3.81762241302989e-001 5.48580192817244e-005 -5.44587068680902e-008 
-9.37780160191189e+004 1.60691253466720e+005 4.98140882848469e+003 -1.46195823803756e+003 1.05202553039766e+001 3.35788589786540e+000 -2.74856982039467e-001 8.51879999251996e-003 9.99389928358515e-004 -1.15606589454283e-004 3.40781275958846e-006 4.08830602949985e-007 -5.49910820892212e-008 
-3.27535334683591e+005 -4.39038558135940e+004 1.75137728122731e+004 1.45084740745727e+002 -7.59693726081341e+001 2.52874289356795e+000 3.47536971338053e-002 -1.77801336293786e-002 1.18266163437243e-003 1.21514395709334e-005 -7.30967518296814e-006 5.26334689536107e-007 3.20317327073764e-009 
-1.40334105447508e+005 -3.53996077371254e+004 7.49096382031833e+003 2.07820445200734e+002 -3.55208659515704e+001 8.20505812648019e-001 4.21692328888641e-002 -8.89383418961539e-003 4.41035616047381e-004 1.66528632568410e-005 -3.64838526048711e-006 1.99792785149510e-007 6.74627928191307e-009 
2.16142745702466e+005 1.36537333406707e+005 -1.02023688392763e+004 -1.00604120510060e+003 3.77962789047221e+001 5.96519990172621e-001 2.27459967374851e-002 6.01391998067952e-003 -4.23395722805893e-004 7.38188404071399e-007 1.00353070843411e-007 -6.50187787526741e-008 6.72255563769513e-009 
-2.81924801349875e+005 8.60962912648947e+004 1.34865507933888e+004 -7.19623356576877e+002 -3.77753704792956e+001 9.99975866149475e-001 -5.65633263653664e-002 5.26384860367622e-003 2.08182726624510e-004 -1.69999622812883e-005 7.95887541695475e-007 -6.25953045819122e-008 -1.47796223105615e-009 
-1.49265999155264e+005 2.61459990727941e+004 7.13402527350834e+003 -2.29704424939761e+002 -2.09062047330869e+001 3.91309704810757e-001 -2.78284022724480e-002 1.82107580349766e-003 1.35766380586273e-004 -7.77972620734820e-006 3.51155922770176e-007 -2.22615776610832e-008 -1.32081582131316e-009 
3.77451881805269e+005 1.81812452581291e+004 -1.80662427197097e+004 -2.46384623521102e+002 6.09389750688485e+001 1.63630877937053e+000 2.16219356015383e-003 -7.27553945666869e-003 -3.40050293091555e-004 1.53152666795221e-005 1.41712966619924e-006 2.76288524207583e-008 -5.87542079645466e-009 
-3.55663702713699e+004 1.50494954617949e+005 1.80177778726417e+003 -1.18026724804663e+003 -1.75424823878474e+001 1.68968768668627e+000 1.06709388690092e-001 3.49252348787678e-003 -3.62817924622299e-004 -1.94794953098138e-005 2.94779130835737e-007 8.72220801093969e-008 3.55813787788543e-009 
-5.23328669197929e+004 6.69770823959662e+004 2.57379853854313e+003 -5.14506059534853e+002 -1.40111389997020e+001 6.10478936118337e-001 4.87542295100396e-002 2.30435419318077e-003 -1.32559665493864e-004 -1.03981735167891e-005 -3.92685201067038e-009 3.71998453419028e-008 2.19775405997543e-009 
2.73029785726597e+005 -1.19494150753452e+005 -1.43046204443809e+004 9.11949581714067e+002 7.47679672761731e+001 -1.14239220249459e+000 -2.10091079529205e-001 -2.24843448928419e-003 6.02063229453336e-004 2.68554014518258e-006 -2.82111898867789e-006 -1.42652150255756e-008 1.53414408646933e-008 
2.33912599124537e+005 1.07004379811591e+005 -1.24590435221714e+004 -1.04772487976298e+003 4.11843356167440e+001 3.73964135438543e+000 -3.25860154655294e-003 -9.92549567420406e-003 -8.50825032035460e-005 3.56356703146807e-005 -7.12490830072264e-008 -1.93361124264444e-007 -1.95868291127002e-009 
8.08799048617010e+004 6.04616592770120e+004 -4.30557813902087e+003 -5.67808571705811e+002 1.14816152766976e+001 1.82280183491731e+000 1.91751255704983e-002 -4.31826181578951e-003 -9.77368657819356e-005 1.60136600367138e-005 2.42183931507663e-007 -8.69933882692810e-008 -2.39047736961012e-009 
-3.36311603955042e+004 -1.73300401486165e+005 2.20025832463509e+003 1.66403522667962e+003 5.75283030527908e+000 -5.26166461708918e+000 -9.42130010030448e-002 6.55008836739390e-003 4.15062248364443e-005 1.72481977751306e-005 3.20680987908120e-006 -7.38471240028643e-008 -2.11563345778577e-008 
3.19799061314495e+005 -2.65475158282400e+004 -1.88679067742388e+004 1.17421346863699e+002 9.49188195931589e+001 8.46129965894096e-001 -2.04614402344665e-001 -4.14975585458062e-003 9.49024900338424e-006 -2.00218209913685e-005 1.49685944665604e-006 2.66180462204997e-007 -1.78064097253707e-009 
1.49788027693352e+005 4.61010982667396e+003 -8.84715625945829e+003 -1.08871220598371e+002 4.28504851950179e+001 9.04925860850403e-001 -8.43270471900938e-002 -2.54955436929022e-003 -3.45497115957157e-007 -1.08314846870196e-005 3.73891795559138e-007 1.29036066193183e-007 1.25248161920089e-009 
-3.03846415350925e+005 -8.26918504683653e+004 1.90546183098700e+004 8.69120489419505e+002 -1.02214483495090e+002 -4.17563187687747e+000 2.61922004764411e-001 2.09499381706323e-002 7.54216762759213e-005 -1.08113492969394e-004 -7.26584763913823e-006 3.85383815668002e-007 6.47248094367066e-008 
1.38080808992013e+005 -1.46684583251160e+005 -8.76246272603608e+003 1.46489667104382e+003 5.35791605207438e+001 -5.26701692017065e+000 -2.55366834309242e-001 8.77172141350572e-003 1.40247994797548e-003 4.59527770725266e-005 -6.66551462703892e-006 -6.55670365123008e-007 1.50031557101902e-008 
9.27000181893110e+004 -5.92045297193951e+004 -5.86954645871060e+003 5.85627427172856e+002 3.45477326788851e+001 -2.00088881553945e+000 -1.42720952404577e-001 1.96162286495204e-003 6.35653121992234e-004 3.16381312286830e-005 -2.34497749416944e-006 -3.38117250026734e-007 5.47316403926562e-010 
-3.05672582985828e+005 8.03543616890263e+004 1.84605954856500e+004 -9.42381525082460e+002 -9.15815605827040e+001 5.38494819884075e+000 2.71754483846939e-001 -2.93901572928673e-002 -1.10147320329477e-003 1.80217181216686e-004 5.79502786884744e-006 -1.24825931843416e-006 -2.89101363402033e-008 
-1.65605376960645e+005 -1.41287292256043e+005 9.84574504141313e+003 1.31597517273824e+003 -6.96961820023135e+001 -4.38505887006586e+000 3.68470695701478e-001 1.38120783193112e-002 -2.10319705081073e-003 -6.58042966272278e-005 1.37398345352721e-005 3.32947299455362e-007 -9.79448410071261e-008 
-4.63793125431647e+004 -7.26285858014809e+004 2.71001364702774e+003 6.95048096506771e+002 -2.29302599286807e+001 -2.53555845548527e+000 1.42087591585405e-001 9.20481490409578e-003 -8.55816470137397e-004 -4.77838345533725e-005 5.72938836512919e-006 2.74614048976225e-007 -4.20560266413647e-008 
-4.46947992630782e+004 1.66962811200559e+005 2.28768330694757e+003 -1.46983435789766e+003 1.77483642057571e+001 3.35848299593271e+000 -2.56956630771331e-001 3.86808439173274e-003 1.16112188653055e-003 -8.17427922405131e-005 -1.05230361534373e-006 5.17616327066757e-007 -2.64995239752293e-008 
-3.35144134972733e+005 -2.17488941390101e+004 1.76473659404542e+004 -1.96172368829318e+001 -7.39231532028089e+001 2.54607648490096e+000 5.87787650729526e-002 -1.72956745178404e-002 7.48399821340321e-004 4.58644110346526e-005 -6.43633665551943e-006 1.55023984147469e-007 2.82371447280000e-008 
-1.49611654657148e+005 -2.62857231031672e+004 7.86942864485373e+003 1.35286802255437e+002 -3.55873980768756e+001 8.35395194753586e-001 5.19828998800071e-002 -8.29956181962753e-003 2.29321053715677e-004 2.90045692620313e-005 -2.84587687081612e-006 2.04434371096641e-008 1.55287382821247e-008 
5.46803842581005e+005 -9.65375972946445e+003 -3.90979028374008e+000 -6.73305723564088e-002 4.36064497468287e-003 -1.01364422848850e-003 7.21182919017964e-005 5.71991062575961e-006 -2.22397892781165e-006 2.84151609251134e-007 -8.63662277770234e-009 
1.24089195150241e+006 2.67141664274557e+003 -1.93276709444350e+001 1.00137039893800e-002 2.95385544198683e-003 5.19906170529521e-005 -1.00390965492959e-004 1.52914454645420e-005 -8.75264613926781e-007 -1.46551769904088e-007 3.99281859579874e-008 
5.05870206496873e+005 1.37505178941815e+003 -8.02333607338606e+000 1.61427167436339e-003 1.19742367874565e-003 1.40532785604988e-004 -6.11311861556132e-005 7.57166690274207e-006 -2.36740173616082e-007 -1.06351282373113e-007 2.22322613625463e-008 
5.27462683093426e+005 -9.68803253050382e+003 -4.67934734691930e+000 -7.47156117678772e-002 -1.76854564368943e-003 8.17893797616780e-005 1.04607208033533e-005 -1.13800057397863e-006 1.08113603315378e-007 -9.10298053522149e-009 2.27847974838381e-010 
1.24608091888847e+006 2.51778065657342e+003 -1.90624427279031e+001 2.07163863170449e-002 -1.84918619952857e-003 -1.71383671671674e-004 1.23337371580306e-005 -3.70611197129199e-007 -9.35533537844824e-009 -9.74579498359300e-009 -8.33635692238399e-010 
5.08556385826669e+005 1.31121837433283e+003 -7.91870108940271e+000 1.04103354818321e-002 -5.91657922288698e-004 -9.38313572512612e-005 5.41286534346080e-006 -8.22372368878647e-008 -1.61973171739489e-008 -2.81117937240566e-009 -4.58002578349601e-010 
-8.58414068499815e-005 5.20234930258479e-007 -1.67937484904093e-007 -1.79315671936423e-007 2.13806767986613e-008 3.70171842533945e-009 -8.62822640251042e-010 1.37635119237092e-010 -1.09578219926144e-011 -2.44137322128359e-012 
1.10887569711882e-005 -3.49780508446213e-008 2.67633228060203e-007 -2.29136465977401e-008 -1.53159490421270e-008 2.05178887985182e-009 -1.65178213013100e-010 -2.88620266299016e-011 3.21321878531296e-011 -3.74616511578725e-012 
-8.75508468126848e-005 -1.76899120788390e-006 3.42142218863354e-007 2.03411685755255e-007 -9.03665746610570e-009 -8.69006975932153e-009 -4.54727992927999e-010 1.77144390226786e-010 1.96706860731231e-011 -2.59304087629665e-012 
1.11566471013427e-005 -4.10557345807431e-007 -2.74850940954512e-007 2.65194660727496e-008 1.99408136339644e-008 2.89551457801105e-010 -4.80417816021347e-010 -6.66411755253916e-011 -1.73911390614149e-013 2.66432026781194e-012 
-8.76594646472707e-005 7.09663038910842e-007 -6.49516576561805e-007 -1.77424774923591e-007 6.25577047653039e-008 1.20228906438935e-008 -2.03125112956199e-009 -4.30724129192542e-010 2.06110992542542e-011 6.75953357707121e-012 
1.05668385852689e-005 3.28900810569344e-007 2.01860851468448e-007 -1.04592500519144e-007 -2.28319831533308e-008 5.30641395928530e-009 1.11369406360017e-009 -1.08053538128046e-010 -3.06859208886368e-011 -2.85907219320728e-013 
-8.81229761614207e-005 3.29690339367584e-007 7.21357813302181e-007 -9.51455029840474e-008 -6.02153288992394e-008 1.06049365305285e-008 1.79449900536313e-009 -6.30220521005460e-010 -1.33756548847254e-011 2.48630015690842e-011 
1.02187494373129e-005 -8.16089205868925e-007 5.97489438856238e-008 1.10758047150904e-007 -1.37021389809330e-008 -5.36333037208246e-009 1.14334904710600e-009 1.24693299882082e-010 -5.42340838413814e-011 -1.69331980821977e-012 
-6.77866767430310e-002 -1.93939107250424e-003 6.63190747333845e-005 8.48586261926911e-005 2.36143219678605e-006 -1.48923400237646e-006 -6.40972944027598e-008 1.90257916910498e-008 -7.97152292490449e-010 -4.37669270713692e-011 
4.04031508017349e-001 8.30397012592143e-005 1.95577999987339e-004 1.02646996727560e-007 -4.64727767693440e-006 -2.04785971550459e-007 6.80509674490706e-008 9.17135486052413e-010 -5.91645498474064e-010 8.68118770148786e-011 
1.20180827177107e+003 9.21700646917168e-001 -4.99169076220322e-005 -7.96058040845905e-005 -2.26552323674100e-006 1.39504629215450e-006 5.65293330453225e-008 -1.75150010230836e-008 7.75250755270262e-010 3.35425870871242e-011 
-6.88483840486807e-002 1.22286739151909e-003 4.49657924231090e-004 -5.97463752714691e-005 -1.12268651706410e-005 1.18029418907586e-006 1.82714576590101e-007 -1.03384247853331e-008 -2.65916036539482e-009 -7.73792726001564e-011 
4.05003874419171e-001 6.06270232591447e-004 -1.26300446519340e-004 -3.11584639199036e-005 3.60531108152723e-006 5.81830337817634e-007 -5.00291841581383e-008 -9.10602998979795e-009 1.28725563444343e-010 1.25082984112309e-010 
1.20364910868882e+003 9.18803028867471e-001 -4.21125800496096e-004 5.37868271677616e-005 1.04140070571095e-005 -1.07764562919223e-006 -1.67212414321429e-007 9.50154153370779e-009 2.42574723008588e-009 7.10422570271207e-011 
-6.56792035279611e-002 1.24235547654970e-003 -3.51030804138163e-004 -1.90037231235770e-005 7.19061251158146e-006 -1.06153566977470e-006 -1.15454459676886e-007 3.60841770275974e-008 2.98716634486335e-009 -4.49242987293951e-010 
4.04889504631827e-001 -6.82383401380831e-004 -9.21752110633298e-005 2.24975006065272e-005 -8.24183044370533e-007 -3.41011783450844e-007 9.05116009263064e-008 7.01640839745014e-009 -1.82426464368117e-009 -1.80132429663662e-010 
1.20548597144831e+003 9.18707636663381e-001 3.16123892235080e-004 1.91313977803540e-005 -6.41439506336535e-006 9.63130763693244e-007 1.03042070362609e-007 -3.33618152471478e-008 -2.73445933679581e-009 4.19587126240974e-010 
-6.60800452034953e-002 -1.58633062952519e-003 -2.74449431326382e-004 4.10976307979033e-005 8.97175038532723e-006 3.13663105093698e-007 -2.44149727436297e-007 -1.08372298343405e-008 6.33534574783462e-009 -1.91775378601244e-010 
4.03516367003267e-001 -5.03308824033039e-004 1.37773167010010e-004 2.08018276104073e-005 -8.01144935866097e-007 -5.76097948656710e-007 -3.31272290170715e-008 1.56234075562109e-008 1.06832439420918e-010 -3.72865525335918e-010 
1.20732606027026e+003 9.21346557742273e-001 2.65656355511063e-004 -3.76639177073997e-005 -8.56819213253251e-006 -2.77744559176411e-007 2.29563777063011e-007 9.44939011275120e-009 -5.90176346001883e-009 1.92211891219138e-010 
