2.69038437237870e+007 1.17306121230101e+007 -3.89335744268631e+005 -3.33170912915215e+004 -5.28249245042672e+002 -1.14137135471686e+001 5.38501290642706e-001 5.32971064428542e-002 3.22106558048247e-003 1.45113466369673e-004 4.58330993807143e-006 5.01285324871483e-008 -7.01147404300861e-009 -7.15539623760888e-010 
-5.13747813706348e+007 7.56806684319752e+006 7.01868913412618e+005 -6.02791813403882e+003 -6.57795682293500e+002 -3.09905585662989e+001 -1.39480934470471e+000 -3.69007969369001e-002 -4.09793442758505e-004 5.69109959926062e-005 5.33355621449241e-006 3.20847252531155e-007 1.42525506006848e-008 4.35942020312133e-010 
-3.02450322070386e+007 2.82767560562655e+006 4.15291675492227e+005 2.33012677613279e+002 -2.96645932983052e+002 -1.53722761273494e+001 -8.00922576604551e-001 -2.52362622547810e-002 -5.52744460857783e-004 1.53618812988730e-005 2.37409718634193e-006 1.66196580289988e-007 8.34048022556176e-009 3.07066667721887e-010 
4.58765343302014e+007 6.86385735569338e+006 -8.43061243940498e+005 -4.21024459156077e+004 -4.21416602442689e+002 3.70305159739046e+001 4.46880231501839e+000 2.64219624350056e-001 9.52302346451314e-003 -7.42789015221712e-006 -3.31343234464377e-005 -3.06171319128676e-006 -1.68896838115972e-007 -4.76810135133613e-009 
-3.10185913118820e+007 1.26541308106126e+007 5.39111436366567e+005 -2.36620898937492e+004 -1.68735383358766e+003 -7.40348950135204e+001 -1.77960203520873e+000 6.60076388970415e-002 1.10780464645321e-002 7.86292949791086e-004 3.42616040835725e-005 4.23843238500779e-007 -8.45692101197310e-008 -9.62404392998205e-009 
-2.13359093724136e+007 6.04906877875621e+006 3.75372483216342e+005 -8.27664995804260e+003 -8.57710513728774e+002 -4.33875363517844e+001 -1.41382682365488e+000 7.87655407503721e-003 4.93087493690757e-003 4.20808330865527e-004 2.17369692613470e-005 5.43752006417250e-007 -2.76731844312939e-008 -4.64705962567086e-009 
5.12487415174723e+007 -1.90750229589370e+006 -1.33738535028557e+006 -3.41211834154034e+004 2.10549087320129e+003 2.48853417634352e+002 1.20384923467998e+001 -8.99075336099887e-002 -6.51227668836327e-002 -5.38769578472059e-003 -1.49518263842635e-004 1.55091858313109e-005 2.30001037670862e-006 1.30318265373046e-007 
-2.69977448763431e+006 1.52521452310365e+007 4.11537070731018e+004 -6.30593291094331e+004 -3.09805470504590e+003 -2.08897146421396e+001 1.05518735174636e+001 9.86965314391994e-001 3.59257151000805e-002 -1.75103966482940e-003 -3.49522003326883e-004 -2.29362372456078e-005 -1.95246509540376e-007 1.12675011438166e-007 
-6.76352948169269e+006 8.34603180772714e+006 1.60596473377377e+005 -3.01499341707524e+004 -1.87320733549400e+003 -3.69514729548528e+001 4.38910479213108e+000 5.36556553702410e-001 2.59411833317275e-002 -3.77004710024589e-004 -1.71218590481909e-004 -1.38600014699161e-005 -3.42683089884682e-007 4.66843506085339e-008 
3.61385169152962e+007 -1.32206816132248e+007 -1.34697197022087e+006 4.78370460401775e+004 7.87191698057792e+003 1.27359863141741e+002 -3.81515889698671e+001 -2.92208457184252e+000 9.61240979166754e-002 2.69005892572383e-002 8.72828765000681e-004 -1.59051494502069e-004 -1.67975676219843e-005 2.70468868516195e-007 
2.52084536527887e+007 1.18192900032384e+007 -9.54996917320799e+005 -9.24601294549811e+004 1.21789450400843e+003 5.08763760537131e+002 1.98718664796708e+001 -2.14273196013718e+000 -2.58851725612602e-001 4.58544478148442e-004 1.99583739810078e-003 1.17370938697048e-004 -8.96850218482114e-006 -1.53640701780570e-006 
9.71239644385999e+006 7.68473940841913e+006 -3.70555160051725e+005 -5.43503745178077e+004 -1.65276953712443e+002 2.58582238595135e+002 1.45697689319988e+001 -8.41793419645507e-001 -1.48241674460599e-001 -2.54313436406848e-003 9.75715652961495e-004 7.91844853553575e-005 -3.05001688048546e-006 -8.48783373879481e-007 
-1.06189983121620e+008 3.29093936091183e+006 1.34225966919116e+006 -7.78497263464807e+003 -1.42626973455391e+003 7.22979662295208e+000 6.34400908736593e-001 -5.11130436933512e-003 -1.72784441317476e-004 3.17346920831694e-006 
-1.68593501905832e+007 -2.17405164853605e+007 2.07305167271237e+005 4.58456102302437e+004 -2.64413426769688e+002 -2.96394063258689e+001 1.93218359719715e-001 9.85658999839585e-003 -1.22819734848237e-004 -2.27452665922396e-006 
-8.89535899327117e+005 -9.99024523400956e+006 8.35939169361243e+003 2.11214966689773e+004 -2.87409591368423e+001 -1.37941347586623e+001 4.68049754180802e-002 4.75851411063321e-003 -4.43325212130305e-005 -1.22420946023502e-006 
-8.94292419438970e+007 1.32834742777884e+007 1.11921255574518e+006 -2.86797417570711e+004 -1.14376643617807e+003 2.02251849766984e+001 4.32213445254540e-001 -8.67437408516075e-003 -4.95828838065970e-005 3.24469134574631e-006 
-5.70189806221470e+007 -1.79963906514669e+007 7.13558360725779e+005 3.72097081162281e+004 -7.91021756128926e+002 -2.21911443428628e+001 4.05659618451997e-001 5.14667472856550e-003 -1.55699566963011e-004 3.47507921577258e-007 
-2.00194953722892e+007 -8.93771473325785e+006 2.50267651289346e+005 1.85575879406723e+004 -2.83569971016803e+002 -1.12648467134400e+001 1.55188463115369e-001 2.86462092209665e-003 -6.69279291679161e-005 -4.93921281235081e-008 
1.16843841972783e+008 1.24974658239616e+007 -5.38445698197319e+005 -9.87141753601824e+003 1.86228294448132e+002 2.31753536194666e+000 -1.32537937008041e-002 -4.84439408166381e-004 -6.05998935694946e-005 2.72601627392493e-006 2.68767544369881e-006 5.93375853873940e-007 -1.50594148213482e-008 
-8.70081282461153e+007 1.46482424198764e+007 3.94761010539167e+005 -1.08609717288313e+004 -1.55568933111445e+002 1.92550820032968e+000 2.23876164756494e-002 9.55532594189955e-006 5.12883779796462e-005 6.74017216979111e-006 -4.15306491385564e-007 -4.58172455374708e-007 -1.06884816071579e-007 
-3.76859519085608e+007 6.34961357183110e+006 1.71126352327473e+005 -4.70802638261114e+003 -6.74379282530570e+001 8.35090569570970e-001 9.72454768648159e-003 -2.91317511975155e-005 1.87042778597558e-005 3.98845348996754e-006 1.09673973823753e-007 -1.73925510200528e-007 -5.69180447961871e-008 
1.37194088163370e+008 7.77011512149574e+006 -6.37562611944629e+005 -6.54211913818809e+003 2.28582079716841e+002 1.89692031806359e+000 -2.18708266000494e-002 -6.77805999368059e-004 2.61811514820447e-005 1.05960234778272e-005 -1.68659299186692e-006 8.61837925256396e-009 1.81570724866341e-008 
-5.49940872680141e+007 1.72458143819120e+007 2.50864928669326e+005 -1.30111258832909e+004 -1.11338436215813e+002 2.49761288982927e+000 2.31200691627959e-002 1.29144359867847e-004 2.45505530822255e-005 -7.89775958380312e-006 1.57509668358990e-007 1.38526904906407e-007 -3.37248531838276e-008 
-2.38086764948598e+007 7.47565084555418e+006 1.08749967430852e+005 -5.64010650520849e+003 -4.82644049387668e+001 1.08292301800282e+000 9.91884113428095e-003 3.78916317886100e-005 1.76064732348153e-005 -3.09782198499742e-006 -1.74598905038565e-007 7.73664493947926e-008 -1.34931727158287e-008 
1.62319564197126e+008 -2.05422010867091e+007 -1.01427591493084e+006 2.77767882165019e+004 3.36676598472338e+002 -1.84126685482439e+001 1.82936604161445e-001 7.37725815823826e-003 -2.81403303689612e-004 -7.51231838115120e-007 -7.18472407145562e-007 
1.29428142019051e+008 2.53521202767350e+007 -8.05799349406277e+005 -2.09309313253369e+004 6.85528587688306e+002 1.93417640634944e-001 -3.64972910027852e-001 7.87604800599798e-003 6.20101478694152e-005 -9.91875627852778e-006 -1.20013535546843e-007 
5.50064101718689e+007 1.21830849159605e+007 -3.42243173389185e+005 -1.03500389433749e+004 3.05355818099104e+002 5.85658210091866e-001 -1.72339156443593e-001 3.40967149406117e-003 3.47990308949443e-005 -4.59109225154842e-006 4.36924182059113e-008 
3.00471007188929e+008 -1.67636559291982e+007 -4.45490929972290e+004 4.33715077866398e+002 3.03897075491617e-001 -4.52648915058048e-003 4.47287595448142e-006 1.66936759945542e-007 
6.37357674575325e+008 7.26476801831162e+006 -9.42906889121738e+004 -1.35937469527234e+002 1.36811848546109e+000 -1.16779999758130e-004 -1.12319684819778e-005 1.15975839443606e-007 
2.65879287181037e+008 3.52200635094741e+006 -3.93312539644638e+004 -6.88235877107794e+001 5.79022299161626e-001 6.03277956470679e-005 -4.96326330449932e-006 2.81323813902128e-008 
1.39626974599271e+009 2.69345376159640e+006 -2.92836116074697e+004 -1.65180995944342e+001 4.36354730583319e-002 4.22089150624305e-005 -1.43444471219055e-007 
-3.21672632588729e+008 1.19454565972780e+007 6.74127560158327e+003 -4.01567797387729e+001 -2.58554704391918e-002 2.38571463733933e-005 8.25174426300634e-008 
-1.93006373657189e+008 4.81806593024840e+006 4.04556750492041e+003 -1.58762087829228e+001 -1.25511681303809e-002 7.94492984325280e-006 3.50447969459788e-008 
1.72414010728100e+009 -7.67716062434119e+006 -4.36374002996851e+003 2.94111185291273e+000 1.23491535361687e-003 -8.26283907467436e-008 
2.17583779481267e+009 4.63762472226198e+006 -5.50603766056301e+003 -2.32085592090213e+000 8.94551777505795e-004 1.01055815412578e-007 
9.28571828572886e+008 2.13972349632467e+006 -2.34980598953726e+003 -1.05801222326460e+000 3.75004928165004e-004 4.00696996349054e-008 
4.46776964169572e+009 2.15846916989269e+005 -3.17209744891075e+003 -4.21256226635185e-002 1.84471146267164e-004 3.35972827334180e-009 
-1.05247269207258e+008 6.99413261950605e+006 7.47249453694788e+001 -8.27583206513198e-001 -1.14886157445490e-005 4.34711109328254e-008 
-1.54308573923148e+008 2.85736307609717e+006 1.09550436196296e+002 -3.37712578573552e-001 -9.28132213876838e-006 1.75910855827620e-008 
2.67132697294221e+009 6.66298785435117e+006 -1.17322023125448e+003 -3.04450906130857e-001 1.36999146326096e-004 -2.01410616175437e-008 
-4.02057971207458e+009 2.85453515504911e+006 1.76587372127743e+003 -4.85237705174062e-001 1.83727791575742e-005 2.37202684240631e-008 
-2.05956383530413e+009 -1.11672705112026e+006 9.04582446405224e+002 -5.97564207025560e-002 -3.49287608562263e-005 1.37193759826363e-008 
-3.85025873297498e+005 -1.67732011747723e+004 1.80015871071024e+004 9.42853145849033e+001 -5.90992398419793e+001 5.17478653619648e-001 1.27873587450388e-003 -5.35557621871240e-003 1.80275730410546e-004 1.39309085595831e-005 -4.36339221819256e-007 1.21754433657612e-008 3.13721202108099e-009 
2.83610900592834e+004 -1.43508817840761e+005 -1.18225263540950e+003 1.10524611910483e+003 -6.56233490213042e-001 -1.46893233845851e+000 5.89190526719036e-002 -2.52660262752905e-003 -2.81130179167509e-004 7.04547754002829e-006 2.72961863325109e-007 -3.29423508534761e-008 1.75931328559141e-009 
2.03972148726128e+004 -7.77861174816042e+004 -8.97299822285637e+002 6.00714716026223e+002 5.53070756142403e-001 -8.11026503689495e-001 3.18618145795016e-002 -1.29389768817838e-003 -1.55742594947948e-004 3.63150177845066e-006 1.55952061255268e-007 -1.80641849501622e-008 9.11416582819718e-010 
-2.81913844026773e+005 1.16300227509192e+005 1.37066838135312e+004 -8.00929262039043e+002 -5.55212326537946e+001 -2.02365569794323e-001 -3.69909779378464e-003 7.27975686680741e-003 6.24585395059112e-004 1.25264498892027e-005 -6.82146876277795e-007 -1.42317328269443e-007 -1.15137604599426e-008 
-2.27508792992980e+005 -1.02009016523877e+005 1.11947882981219e+004 8.97652368017650e+002 -2.57190042616738e+001 -1.64011586530815e+000 -8.99488792406128e-002 -5.87742349168939e-003 1.81724668887243e-004 2.96159610531200e-005 1.81435862755344e-006 7.15491808276089e-008 -3.73070893730821e-009 
-1.20120866482217e+005 -5.70387288136256e+004 5.90953087618310e+003 5.00701866627347e+002 -1.32581313970244e+001 -8.97136429560022e-001 -4.89706715398147e-002 -3.29384020153235e-003 9.08281840648672e-005 1.60027250484930e-005 9.98335503487821e-007 4.08074911810896e-008 -1.88532585858606e-009 
1.93322141728700e+004 1.72580700176655e+005 -1.09524957147080e+003 -1.61660611433142e+003 -3.26651864273482e+001 4.17345785938611e+000 3.97816254169153e-001 9.41192650700096e-003 -1.83021124444086e-003 -1.86387119181726e-004 -1.63138054966103e-006 1.13592140868167e-006 9.74545851417091e-008 
-3.15025086672612e+005 2.02161542753207e+004 1.79487902080815e+004 8.00691058732809e+001 -8.39961471493727e+001 -3.64186068142791e+000 7.55794973443709e-002 2.65789555393539e-002 1.49806338355255e-003 -6.31140646333653e-005 -1.41326977618661e-005 -6.29995823432384e-007 5.20538226384954e-008 
-1.71662852320219e+005 8.78744080842718e+003 9.79549702285356e+003 6.54171008917340e+001 -4.54225051741399e+001 -2.04301802488897e+000 3.62277653420318e-002 1.43766782593306e-002 8.40521589245522e-004 -3.20231531003520e-005 -7.68657009184843e-006 -3.58157693111189e-007 2.71336474396299e-008 
2.94187762241931e+005 8.67923230784773e+004 -1.93716767630331e+004 -1.04071199148228e+003 1.15765572703530e+002 6.79200743815295e+000 -5.28087481202759e-001 -4.96269651827142e-002 3.08207860969606e-003 4.16183992028304e-004 -2.00765631368020e-005 -3.74090996047601e-006 1.27943226225634e-007 
-1.46456195801531e+005 1.41344571011622e+005 9.54958463672969e+003 -1.46311884920091e+003 -7.32883074219122e+001 6.78080896428151e+000 4.94328903806772e-001 -3.47116663372059e-002 -3.92506438457111e-003 2.19792582672554e-004 3.42968227130293e-005 -1.43660428579114e-006 -3.14212725021005e-007 
-8.33329674539891e+004 7.59252043381358e+004 5.45663912518441e+003 -7.84460018455142e+002 -4.15201702741752e+001 3.61127144284652e+000 2.76568009252602e-001 -1.82912929361045e-002 -2.18045176675408e-003 1.14492874608900e-004 1.89619448679858e-005 -7.35208794035813e-007 -1.72993178112959e-007 
2.98723733501769e+005 -8.19858808783940e+004 -1.90968739013347e+004 1.02465370030406e+003 9.48823143326447e+001 -6.87884617495473e+000 -1.24618578173707e-001 4.18350271894337e-002 -1.78834159854707e-003 -1.85196004132099e-004 2.40411897191032e-005 -2.24294271047386e-008 -1.83087434482323e-007 
1.51060621476093e+005 1.39884874052435e+005 -9.68822669301441e+003 -1.34929891972331e+003 7.63825252040093e+001 3.92890071267135e+000 -4.80251537844120e-001 6.38292401234990e-003 2.60978444102799e-003 -2.02710615477009e-004 -7.20960397018951e-006 1.94692399805827e-006 -6.04986965018002e-008 
7.87669814742589e+004 7.72854834044729e+004 -5.04228452961966e+003 -7.49620431514334e+002 4.04262525630247e+001 2.23525788007174e+000 -2.60261563095067e-001 2.93297080725804e-003 1.44621925294330e-003 -1.08141067784422e-004 -4.24170451318241e-006 1.06193847350634e-006 -3.06283133088137e-008 
3.24352432245273e+004 -1.69881850694049e+005 -2.01298127994010e+003 1.53608649745134e+003 -1.80612092540618e+001 -3.40429220782206e+000 1.75085075727526e-001 -6.96704411733566e-003 -5.67528510793955e-005 5.76074267950105e-005 -4.59997377769262e-006 6.51850008052028e-008 1.56346503336316e-008 
3.18513385732269e+005 2.09900196629244e+004 -1.75906445722282e+004 2.31492154540009e+001 7.62367938346918e+001 -2.05025926037177e+000 -4.13642956306121e-002 7.31126522738237e-003 -7.53867472114879e-004 3.25923663984553e-005 1.79040652485450e-006 -3.00969303377770e-007 1.61577506756281e-008 
1.73346024039898e+005 1.35162469167013e+004 -9.57696716078657e+003 -7.24092859611956e+000 4.18719676262784e+001 -1.07205209720125e+000 -2.49773586003032e-002 4.07309670179990e-003 -4.10132493381763e-004 1.70346600735854e-005 1.03572973744525e-006 -1.64972979068108e-007 8.60685151683583e-009 
-2.71184508074143e+005 -1.21149371964056e+005 1.30208195036310e+004 8.74723827053154e+002 -5.66828217484226e+001 -8.49754775104840e-001 7.32861771570276e-002 -5.29923708902601e-004 2.76531243022491e-005 -1.72390898927887e-005 4.51207346534278e-007 6.36837500687285e-008 -3.06516118551267e-009 
2.33133361364951e+005 -1.01155165394649e+005 -1.14167551362766e+004 8.96646921685414e+002 3.27717024048048e+001 -2.15960678182412e+000 6.56516234929118e-003 8.77753661558438e-004 1.02459755054236e-004 -6.71313885066957e-007 -1.12840618932347e-006 4.33127083310794e-008 1.79803768177726e-009 
1.30388902591401e+005 -5.37867040908466e+004 -6.39782535336288e+003 4.78777641577492e+002 1.86669249312328e+001 -1.16882079909812e+000 2.48815957425471e-003 4.90129933111234e-004 5.56829081425457e-005 -1.58688837323911e-007 -6.21852554939411e-007 2.28302273807295e-008 1.02316923689481e-009 
-3.87443144794772e+005 8.87806382870063e+003 1.78030940835791e+004 -8.12262450816819e+001 -5.84651756289153e+001 4.66971166396852e-001 2.05934058318459e-002 -3.34767055892527e-003 -3.31857178825256e-006 1.33445465785457e-005 3.02469371616430e-007 -3.09304354960756e-008 1.26917543550806e-009 
-2.22384069342315e+004 -1.43702716614144e+005 1.12516399480242e+003 1.09654340710465e+003 -5.82241965033430e+000 -1.56255166682798e+000 3.66201691680236e-002 -5.73809865332046e-004 -2.03210932408869e-004 -3.98283606262317e-006 5.79780056381587e-007 1.27875518894071e-009 -1.45274866417203e-009 
-7.72691630558723e+003 -7.86323837969016e+004 3.97395634917867e+002 6.00670808879763e+002 -2.42238550175734e+000 -8.62166378610753e-001 1.96668613970513e-002 -2.69485117359777e-004 -1.11114404697011e-004 -2.34379650384694e-006 3.13413809419658e-007 1.10445011336391e-009 -8.09469542086111e-010 
-9.99463272724904e+005 7.68229538379004e+003 1.19667852091083e+001 4.71901261662102e-002 4.37221398356429e-003 -4.67435493811980e-005 -2.19284021144356e-005 -2.87205405539144e-006 -2.80626509899884e-007 -2.08420792843215e-008 4.02562930070521e-010 
-6.00423195787190e+005 -5.54441778141926e+003 1.99086129885284e+001 -4.19057285696248e-002 3.93568238153859e-003 3.39239595885355e-004 1.89292593327209e-005 4.08802857702555e-007 -1.13165241389624e-007 -4.04553144540934e-008 -3.08262603026436e-009 
-2.28674498056031e+005 -2.52527612520113e+003 8.28779750778224e+000 -2.34388796342145e-002 1.63676557707487e-003 1.79124480422601e-004 1.23726781252161e-005 5.18539322424101e-007 -3.13223359061869e-008 -1.82156790731961e-008 -1.67446976706323e-009 
-9.84000604967254e+005 7.78101950154521e+003 1.27139383911056e+001 3.86539537082821e-002 -1.15505320329707e-002 -1.66920827876405e-003 3.44645779414517e-005 3.92126013114484e-005 4.96127065761516e-006 -2.16293600692597e-007 -1.53145243462030e-007 
-6.11353203358138e+005 -5.38549167934107e+003 2.00374764426002e+001 7.64853845979431e-002 7.28183531601618e-003 -1.07341639243471e-003 -2.49774631926284e-004 -1.19323390412452e-005 3.88857594331683e-006 8.39096901557854e-007 3.33248097027072e-008 
-2.33659089764396e+005 -2.45929644696862e+003 8.31949252202248e+000 3.93891560466357e-002 4.93876769664158e-003 -4.06805778117559e-004 -1.36947101667625e-004 -1.04365252010381e-005 1.56303392731972e-006 4.71963182284869e-007 3.36904809650034e-008 
-7.61484297684404e-006 -1.23493043280147e-006 3.94860301534925e-007 1.71228180695418e-007 -1.89422597667085e-008 -4.31491935025741e-009 4.29590844436047e-012 -1.18821414156955e-011 1.88707781916162e-011 -7.82539534291596e-013 
4.40600507037338e-005 6.26591818742606e-010 -2.46031081510694e-007 4.83741467961599e-008 1.43608885297475e-008 -1.06764605404527e-009 -1.83637560269356e-010 2.11761564039349e-011 6.13516596667825e-012 -2.32323983461248e-012 
-6.96513228703327e-006 8.28701472251031e-007 -7.64171934312785e-007 -2.03369000740678e-007 6.87920257325291e-008 2.04411889264545e-008 -1.86089351517880e-009 -1.31076014369153e-009 -3.54838710021308e-011 6.01312336195165e-011 
4.45926006323304e-005 1.00081297633149e-006 1.90990785281161e-007 -1.27816101240043e-007 -3.04480886071176e-008 6.33077919043854e-009 2.35263737277187e-009 -1.02165591279804e-010 -1.18611427875646e-010 -3.08757725010024e-012 
-7.33850147494779e-006 4.78095986535693e-007 7.04763837366414e-007 -1.67738320905198e-007 -6.03272093283974e-008 1.49216052471269e-008 7.43694945854759e-010 -6.32657918173974e-010 9.04257632230989e-011 8.20231282875129e-012 
4.52894121946373e-005 -3.26139523380089e-007 1.59118627874850e-007 1.21229553169745e-007 -2.50408222449487e-008 -4.56741616970487e-009 1.62851695359885e-009 -7.45611715640726e-011 -5.81246132502060e-011 1.25840964447637e-011 
-7.48030909333049e-006 -1.73336747023620e-006 -4.85018367444604e-007 1.64289637073494e-007 2.22400540481692e-008 -5.69828193296926e-009 -1.77220557213841e-010 9.44075598117610e-011 4.86057843441709e-012 -2.14824142419933e-012 
4.60596308038590e-005 6.72332852755109e-007 -2.39622757215763e-007 -5.39416883653178e-008 1.51800745992714e-008 9.03810576231791e-010 -3.27087081192397e-010 5.36392429188667e-011 3.88154132066263e-012 -4.72765872886227e-012 
-1.07897487556057e-002 -5.82517693578264e-004 -1.29555253622214e-004 1.28438535799324e-005 4.53869081348271e-006 4.90713653164384e-007 -6.71937932271257e-008 -8.15781022633524e-009 3.87045795209713e-010 -6.11442384061447e-011 
3.82073733758350e-001 -1.78255832145071e-004 5.75528864526350e-005 1.01539797111386e-005 4.08533786858348e-007 -2.26499453602434e-007 -3.04749063757454e-008 2.12646936714133e-009 1.04180894768738e-010 -1.21309781303739e-011 
4.63108123343828e+003 9.20453011926855e-001 1.15073707012896e-004 -1.38343954200124e-005 -4.17816375445743e-006 -4.41571186833514e-007 6.25685637062168e-008 7.67585834008611e-009 -3.40322765499397e-010 5.56231590040414e-011 
-1.16906604074728e-002 9.71240940148491e-005 3.35666103875461e-004 2.18797060788501e-005 -1.15248624733272e-005 -1.31394346374922e-006 2.41832264859942e-007 5.64272188082117e-008 -1.72460372840639e-009 -1.87179679017003e-009 
3.82344186874790e-001 4.30846067116690e-004 2.80086125121378e-005 -2.46669425297207e-005 -2.14296571821928e-006 6.45577230077428e-007 1.04898340447822e-007 -9.66233549269071e-009 -3.91009433913712e-009 -9.99658475175928e-011 
4.63292180478019e+003 9.19725856854934e-001 -3.24059172997577e-004 -1.85762977332466e-005 1.10845932648646e-005 1.20426761468758e-006 -2.33970446062276e-007 -5.28693878225283e-008 1.83581259182223e-009 1.77403767744243e-009 
-9.84383800917327e-003 1.31252812162881e-003 -1.31110642919993e-004 -3.06443762031568e-005 8.20887867197934e-006 -3.35866619007070e-007 -2.17282594711977e-007 3.16235773273195e-008 1.11450699708749e-009 -7.97535395814595e-010 
3.82741984439445e-001 -1.33140726096919e-004 -8.60524283813874e-005 1.33410512265838e-005 6.46533328485938e-007 -5.50212359371773e-007 5.09818854617123e-008 8.80651460309968e-009 -2.05827967899064e-009 9.93671309556568e-011 
4.63475971719112e+003 9.18616638213359e-001 1.36713379013370e-004 2.92544430640394e-005 -7.90823164735173e-006 3.27688973302824e-007 2.02866098086129e-007 -3.00892010654540e-008 -9.34804801105892e-010 7.46003080025700e-010 
-8.58267634431326e-003 -7.35239003165863e-005 -1.78174736164815e-004 -2.47510592086008e-006 -1.22817636026848e-008 5.86687790076961e-007 6.19690054861266e-008 -1.26028016939551e-008 -6.26101401009540e-010 1.38571894069997e-010 
3.82182856993256e-001 -3.43334066343643e-004 1.58443110224234e-005 6.49896298091388e-006 9.01467480844403e-007 1.18696081508916e-007 -3.58907408454943e-008 -2.69991135146315e-009 5.15025709115283e-010 1.65865513248905e-011 
4.63659832576124e+003 9.20004408250669e-001 1.71066691820088e-004 4.35135335140203e-007 -6.07558541017395e-008 -5.33377569318997e-007 -5.70228059194473e-008 1.16363294949710e-008 5.69749395493188e-010 -1.26551226778122e-010 
