4.50653582657238e+007 -9.56373707875934e+006 -1.46013433575918e+006 1.04402318405689e+004 6.32885221421998e+003 3.19268713391822e+002 -1.13211903146847e+001 -2.63234096983575e+000 -1.18474226159185e-001 8.59217724614649e-003 1.45967690369260e-003 5.02611698273194e-005 -6.80572818234364e-006 -9.11326149896210e-007 
1.72571330126540e+007 1.38480567828831e+007 -5.93238398329271e+005 -9.14315885269124e+004 -1.47563537001435e+003 3.09447371518883e+002 2.81469732463247e+001 1.76183005673286e-001 -1.62212549477093e-001 -1.31032246934406e-002 1.29771302386267e-004 1.03113816926204e-004 7.00679103036503e-006 -2.21219741775766e-007 
4.62301118587173e+006 8.38870162960725e+006 -1.65472075248310e+005 -4.99224626278111e+004 -1.44454541334498e+003 1.32188275200345e+002 1.62092210557531e+001 3.67087682397951e-001 -7.43627984566163e-002 -7.89033617373102e-003 -8.20503392061227e-005 4.98679312878276e-005 4.44856183432513e-006 -2.36626910805153e-008 
1.60477958375031e+007 -1.87642998632669e+007 -6.35916115982899e+005 1.22548427935242e+005 4.31847858286870e+003 -6.50190643605355e+002 -3.47854249795241e+001 4.24517046269062e+000 3.19081281409066e-001 -3.08057243857784e-002 -3.10740680997101e-003 2.33030443839724e-004 3.11558546920773e-005 -1.77156752511553e-006 
3.68819908674458e+007 4.97372922731553e+006 -1.53735765335422e+006 -4.08901287316754e+004 7.93931419991933e+003 3.07309120851145e+002 -4.73971707496848e+001 -2.74106725328094e+000 3.32961122777781e-001 2.64528903188068e-002 -2.51118801500104e-003 -2.65518553064992e-004 1.93798191472426e-005 2.73768293893140e-006 
1.81146169277847e+007 4.60242455365768e+006 -7.55262384618457e+005 -3.45505911702042e+004 3.79309355519600e+003 2.31580003867471e+002 -2.17107507744293e+001 -1.90441775393012e+000 1.44768028616793e-001 1.73248646842836e-002 -1.01915412366844e-003 -1.65996924533464e-004 7.12117709336424e-006 1.64609489430075e-006 
-2.17797367241114e+007 -1.78491686247448e+007 7.98191959793960e+005 8.72949850898134e+004 -6.71980764613308e+003 -1.11622011759822e+002 4.40852814236270e+001 -1.76845302130860e+000 -1.99679630967674e-001 2.46769889234571e-002 1.72523434299665e-005 -1.94568467860720e-004 1.19532051162921e-005 8.49333651014456e-007 
3.45373029712683e+007 -7.09136332890560e+006 -1.27497955933427e+006 7.18633614945064e+004 3.33518177068217e+003 -5.05417188669755e+002 8.13043164212644e+000 2.74890177181688e+000 -2.14699422725695e-001 -7.16702155543622e-003 2.05876999695248e-003 -7.05106286994448e-005 -1.22002873393953e-005 1.35798106249610e-006 
2.07843917541899e+007 -1.93726477200511e+006 -7.63827148573419e+005 2.93344849722153e+004 2.47839717311778e+003 -2.58402048958815e+002 -2.28661969145322e-001 1.65176450492536e+000 -9.39786821142850e-002 -6.38743344150326e-003 1.09794028060147e-003 -1.74872642669680e-005 -7.75654548393756e-006 6.37309980418790e-007 
-4.90063181226401e+007 -9.00278321126473e+006 1.25512695490752e+006 -1.81281076821425e+003 -3.36935234477523e+003 2.37545721824577e+002 -6.24887266800026e+000 -5.21466319385652e-001 7.51027221446606e-002 -4.14035008022392e-003 -1.35914186718413e-005 2.37035183197462e-005 -2.15966860689035e-006 7.13971757816640e-008 
1.31092672431332e+007 -1.35589938724893e+007 -3.52451736657825e+005 6.79667446751350e+004 -2.24326020103873e+003 -5.06328209225492e+001 1.29729762569470e+001 -8.76666251121089e-001 1.53731557751425e-002 3.00379218959357e-003 -3.55686634869401e-004 1.68533733367990e-005 3.94271962522676e-007 -1.33390296114597e-007 
1.21611142927879e+007 -6.30945153836052e+006 -3.18427359381279e+005 3.64936355126170e+004 -8.48869099938355e+002 -5.16802228553469e+001 7.57773611667952e+000 -4.14208521550803e-001 4.23865303542544e-004 2.03385566322696e-003 -1.88589599841335e-004 6.54502796876472e-006 4.34590744578240e-007 -7.86671981878771e-008 
-5.54333060447864e+007 -2.05025415744557e+007 7.20692770865281e+005 4.38450399419652e+004 -7.74698830189308e+002 -2.99074556141366e+001 3.60880682998201e-001 1.20171056146387e-002 -1.16322574357189e-004 -4.63199882767961e-006 
8.05159780160601e+007 -1.21685564725122e+007 -1.04047189845022e+006 2.58485107936178e+004 1.13527075983029e+003 -1.71536228822318e+001 -5.58543320838397e-001 6.30028490862242e-003 2.07552987012977e-004 -1.95813554217805e-006 
3.97607825553860e+007 -4.17714853678371e+006 -5.13717859194320e+005 8.85443852333951e+003 5.59784695207325e+002 -5.82462000179635e+000 -2.74124519985519e-001 2.07371781377925e-003 1.00649761818639e-004 -6.03339330494475e-007 
-8.91831950616086e+007 -1.28850266842856e+007 1.15453797540494e+006 2.72402759318142e+004 -1.26174648154998e+003 -1.77646569906308e+001 6.24160052628712e-001 6.19169282450237e-003 -2.42365853571501e-004 -4.57751528253968e-006 
4.90353491168668e+007 -1.89732658094683e+007 -6.34790247640290e+005 4.06123898144351e+004 6.75971407460049e+002 -2.77756223612011e+001 -3.03802391796437e-001 1.11989455394381e-002 7.92480540774190e-005 -2.63001832186232e-006 
2.77334658324705e+007 -7.72066928571468e+006 -3.58658451278642e+005 1.65475407936186e+004 3.83968556163070e+002 -1.13721357718292e+001 -1.76143422036471e-001 4.65683357625435e-003 4.97513336189049e-005 -1.46907841738089e-006 
-1.47127911075037e+008 -1.87723271045909e+006 7.12511448510349e+005 7.24229517628319e+002 -2.91640980730780e+002 5.77326350207614e-001 5.01778609859443e-002 1.29907514256473e-005 5.24960175760243e-005 -2.48125060838016e-005 -1.80999746569072e-006 9.99496508656630e-007 4.23457274697707e-008 
9.89725580189100e+006 -1.88555673848529e+007 -4.93741242833559e+004 1.51923291243214e+004 -5.00690858555473e+000 -3.84002989745945e+000 1.82023799691001e-002 6.05065766312293e-004 -6.64785130729347e-005 -2.85051366912073e-006 2.50232835381015e-006 2.34195068422396e-008 -7.19530522199372e-008 
4.27923214708704e+006 -8.17484908492890e+006 -2.14050808870259e+004 6.58650983862877e+003 -2.17076034182438e+000 -1.66526061899699e+000 7.91227939525901e-003 3.06441465923855e-004 -3.12417599469686e-005 -3.73052923007468e-006 1.27166564499618e-006 1.09292244001774e-007 -3.97170060233140e-008 
-1.45209918010170e+008 3.77958965738912e+006 6.93792347715948e+005 -3.78656745485487e+003 -2.68758407298696e+002 1.64715407454638e+000 3.67975452847112e-002 -1.85341583883787e-004 5.79287212045358e-005 -6.28851732031698e-006 -3.26595265358696e-006 -4.93735913652985e-007 9.31568148688599e-008 
-2.76362644378663e+007 -1.85283552759184e+007 1.30005275489681e+005 1.45249951972811e+004 -7.66380277435691e+001 -3.28523585499005e+000 2.85537597109420e-002 4.05576305380609e-004 -2.64675209210530e-005 -7.88306534098693e-006 -8.83384933419858e-007 2.21561150643474e-007 1.07862045610910e-007 
-1.19934574166691e+007 -8.03298368165968e+006 5.63633836482094e+004 6.29719599607545e+003 -3.32262177255844e+001 -1.42459565602636e+000 1.24685108345158e-002 2.04663380339068e-004 -1.50484926209108e-005 -5.00174196557025e-006 -4.78206855635851e-007 1.44518271410439e-007 6.47808909783917e-008 
-1.60477729624998e+007 -3.20537171149651e+007 7.90524298450181e+004 2.52532378614622e+004 -2.50290279108166e+002 -1.69757948900906e+000 1.17512262376258e-001 -3.03547855987760e-003 2.55947414014163e-005 8.11289668629618e-006 -1.88871678371683e-007 
2.12759345879668e+008 1.54945396523231e+005 -1.02723480766178e+006 5.89053151245187e+003 3.23526785479194e+002 -6.05493024626542e+000 7.19242155399216e-002 7.24854630353166e-004 -1.88142244435482e-005 7.35013451828146e-007 -3.32662918327250e-006 
9.80313970047733e+007 9.36721834342147e+005 -4.73301501189641e+005 2.01941058065347e+003 1.55155203577742e+002 -2.73127017302845e+000 2.98275678392292e-002 4.20023325421744e-004 -1.16535412359665e-005 -5.09952417715535e-007 -1.23467703501170e-006 
-7.83997174280681e+008 -4.76606192437880e+006 9.32948756803633e+004 6.96032836659246e+001 -8.38064031370949e-001 3.02963141581133e-004 -4.33559703746397e-008 2.78825769105454e-007 
1.80267252756715e+008 -1.53255619617167e+007 -2.14622732117969e+004 3.09733107433829e+002 6.20791634032196e-002 -1.21672968176923e-003 2.88812715048195e-006 1.29382706630621e-007 
9.63553684962146e+007 -6.45305063784154e+006 -1.14708660284352e+004 1.31067477492921e+002 4.70098123408707e-002 -5.30001524350330e-004 1.18260043462277e-006 7.98561462735191e-008 
-2.99064007517250e+008 -1.37346757470680e+007 7.67339518280097e+003 5.85676312314831e+001 -2.32421115494209e-002 -1.08607333727435e-004 3.28206866987152e-008 
1.21346244149722e+009 -2.97729031922261e+006 -3.11855010037717e+004 1.41724457004322e+001 7.66154350614827e-002 -3.55680497651565e-005 -3.12183975516381e-007 
5.14081627957170e+008 -6.38471021523342e+005 -1.32114046909039e+004 3.33337150035263e+000 3.26511670739449e-002 -1.00784062853105e-005 -1.14925468483249e-007 
2.67353245817996e+009 4.19508411797641e+006 -6.29160836694266e+003 -1.49984783666037e+000 1.13426265248838e-003 3.04544417002544e-008 
-1.23040164201220e+009 7.30801038932751e+006 2.89479337051115e+003 -2.92986756319360e+000 -3.99848462759789e-004 1.78592444852426e-007 
-5.76698894360970e+008 3.14139393211294e+006 1.35685157151957e+003 -1.26208415324117e+000 -1.91072743781279e-004 8.20879636974887e-008 
3.07576487643823e+009 5.43481495897988e+006 -2.14351249144164e+003 -6.45935033393916e-001 1.18014153463693e-004 4.09453767794405e-009 
-3.01175351884116e+009 4.84473312664329e+006 2.09940918886067e+003 -5.47847061435013e-001 -1.31249969241665e-004 1.68833779121238e-008 
-1.30930203550820e+009 1.84766970252121e+006 9.12661070936970e+002 -2.08131459848905e-001 -5.66837603925337e-005 7.03536738085612e-009 
-7.62166015289751e+008 7.55318135243113e+006 4.96017167606211e+002 -8.71964255522736e-001 9.01236639024616e-005 8.79165889793427e-008 
-4.39430425529117e+009 -1.60507524604637e+006 2.85901068570735e+003 -1.27697713193779e-001 -2.40731159764306e-004 8.56262686073350e-008 
-1.14168874973623e+009 -2.77663844504969e+006 7.42773535492515e+002 2.22779809996536e-001 -1.03507224347008e-004 1.44563836837360e-009 
-3.06666368365282e+005 8.78345341417446e+004 1.85851444704243e+004 -7.80894846234572e+002 -1.06378684632661e+002 2.41126168596361e+000 3.77571304689420e-001 -1.03968908402682e-002 -1.35065141457369e-003 8.88940935941694e-005 5.56874100515383e-006 -7.02938958649849e-007 -2.40265353766884e-008 
-1.56971391754340e+005 -1.35049386831924e+005 9.73902899472091e+003 1.38321450719231e+003 -4.47499709301339e+001 -5.70246713165290e+000 1.34572979103667e-001 1.95565875213459e-002 -8.81659308197812e-004 -7.33960762638092e-005 7.34032779712121e-006 3.09845140714086e-007 -5.34252996809486e-008 
-6.00293057281346e+004 -7.54279914397590e+004 3.73296134962867e+003 7.65926469789820e+002 -1.56478432129940e+001 -3.10425930651935e+000 4.30226278558932e-002 1.07847196352741e-002 -3.59933562159888e-004 -4.38845901269397e-005 3.39112948881974e-006 2.07847972229772e-007 -2.58255779610821e-008 
-2.84110188499238e+004 1.76258703235283e+005 1.79733208709303e+003 -1.75027684620019e+003 -2.85271695897696e+000 6.18404314621761e+000 -4.69109045651952e-002 -1.03484892227924e-002 3.36099179592999e-004 -3.47020849075224e-005 -7.46305290781604e-007 4.11724087536768e-007 -5.77200043573083e-009 
-3.09786205938504e+005 -9.79750237027348e+003 1.91895687675465e+004 4.78566306515894e+001 -1.01692324147999e+002 4.12443486403104e-001 2.57595222730912e-001 -4.34287341450747e-003 -5.88362622667706e-005 1.64859868357299e-005 -4.11369717134061e-006 2.09579204182357e-008 2.64048567464373e-008 
-1.57567537180955e+005 -1.70292858320276e+004 9.75855634987955e+003 1.45584511653433e+002 -5.21847449708663e+001 -2.18820513598312e-001 1.35952752267151e-001 -1.50509802391903e-003 -5.37233050961954e-005 1.08261815826244e-005 -2.06579968503185e-006 -1.75180399534133e-008 1.39917779675694e-008 
2.77102921919486e+005 1.14408240964798e+005 -1.58388231657741e+004 -9.55603695173958e+002 8.89031209442160e+001 2.08052173549880e+000 -2.74503418740904e-001 -3.77008531808952e-003 6.85787912501813e-004 3.97426684292439e-005 -2.24227142136014e-006 -3.24442914253872e-007 1.20674965540733e-008 
-1.91919380054674e+005 1.20940994740825e+005 1.12368478804222e+004 -1.22415622165771e+003 -4.33294560371695e+001 4.68019060987984e+000 5.86363356497478e-002 -1.24552433267623e-002 -3.06875014522948e-004 3.34125019974694e-005 3.33558499222508e-006 -1.52763454038120e-007 -2.20797167768801e-008 
-1.17589792942269e+005 5.45679366170694e+004 6.87847961458656e+003 -5.65018211968062e+002 -2.85077797194033e+001 2.26711519525365e+000 4.93706297099053e-002 -6.16141135658783e-003 -2.05995393138435e-004 1.45121868791984e-005 1.87474212292670e-006 -5.64704684810284e-008 -1.22151807414989e-008 
3.60602264148817e+005 -3.31197042125485e+004 -1.85304310817622e+004 4.57927413467530e+002 7.09375655279917e+001 -2.96553372562248e+000 -5.71661766427162e-002 1.34839324599152e-002 -2.51280979060611e-004 -4.93538246264366e-005 2.31273117155070e-006 1.61044887919688e-007 -1.74002681020840e-008 
8.96540671738636e+004 1.47297709613986e+005 -4.60638109924502e+003 -1.21144664890523e+003 3.67692362473832e+001 2.30196306154492e+000 -1.86798894831857e-001 1.34633624527638e-003 7.31690227495666e-004 -2.37790688343533e-005 -2.50115020327870e-006 1.87946433335650e-007 6.62502868457994e-009 
2.19735743392861e+004 7.82714906881157e+004 -1.10588805465959e+003 -6.56671312721386e+002 1.40252239459746e+001 1.39310071399710e+000 -9.22406199984160e-002 -2.38575110645720e-004 3.94692332106468e-004 -8.85472696889586e-006 -1.44957431837324e-006 8.58273526591415e-008 4.61507970607568e-009 
1.74183440066570e+005 -1.44559256639310e+005 -8.14374753025271e+003 1.14220379574193e+003 1.95305058433127e+001 -1.62022311006235e+000 8.50493555180784e-002 -3.57456170882707e-003 -3.96826745715942e-004 1.62820984729150e-005 -3.43335385696620e-007 -4.25013470756390e-008 6.26995234477956e-009 
3.09859361279577e+005 6.44248013511452e+004 -1.47637085981910e+004 -4.51695363725923e+002 5.01228643424549e+001 -1.70801646902835e-001 1.87601785928320e-003 6.49062411042973e-003 -2.63787752953646e-004 -9.67261002480635e-006 7.52407259951958e-007 -6.82855428232408e-008 -1.21417502669845e-009 
1.48355560077437e+005 4.31273236132931e+004 -7.06725135089229e+003 -3.12366960027069e+002 2.45162098863136e+001 2.78907800033269e-002 -4.80811054263573e-003 3.59216267027718e-003 -1.08714054142259e-004 -6.12489095765081e-006 4.10757228804632e-007 -3.23084657768433e-008 -1.05807531510637e-009 
-1.34254290482557e+005 -1.51566339275444e+005 6.58539481820365e+003 1.25240950543250e+003 -6.05936319772715e+000 -1.76886938874306e+000 -1.21197197275332e-001 -8.50762905603541e-003 1.80909641089279e-004 3.61144894811708e-005 2.35294370010629e-006 6.98567571981398e-008 -8.09618901421812e-009 
3.13036352238009e+005 -6.17506586887338e+004 -1.53565385611397e+004 3.66824755025484e+002 5.58926521796342e+001 8.51336320420417e-001 2.38001999325540e-002 -6.69834172541806e-003 -6.12110926785016e-004 -1.18290300373024e-005 8.21736582221358e-007 1.62832536166990e-007 1.00062542692669e-008 
1.70993845250457e+005 -2.16004086650774e+004 -8.39211032401752e+003 1.03147889812438e+002 2.93553315653648e+001 5.65975129465369e-001 2.05262290525021e-002 -2.88617854586294e-003 -3.29287086497797e-004 -8.61536655886417e-006 2.64764268939730e-007 7.95363183685090e-008 5.73595109189055e-009 
-3.40869250605253e+005 -4.44128775372513e+004 1.92062557752746e+004 6.66599069465893e+002 -7.91803810369034e+001 -5.12616931542962e+000 1.34451690916788e-002 2.76454850749529e-002 1.55556468096989e-003 -7.99389314128217e-005 -1.39941800770253e-005 -3.05385236918254e-007 7.62232781884428e-008 
9.20434609974874e+004 -1.50776247767663e+005 -5.19651081043989e+003 1.32547031585347e+003 5.25940784442225e+001 -2.76024847045185e+000 -3.52299238551245e-001 -9.13971412749002e-003 1.54368430708908e-003 1.38654248362401e-004 -1.64536293494088e-006 -9.89728042523289e-007 -4.76301686885413e-008 
7.07503788471259e+004 -7.49962944221529e+004 -4.00572300160724e+003 6.40148120288270e+002 3.27099613116217e+001 -1.07689462444920e+000 -1.83488644894970e-001 -6.62967228312145e-003 6.92741560219853e-004 7.72905372687043e-005 1.07898527821599e-007 -4.91602706659730e-007 -2.98926959583917e-008 
-2.70069795951799e+005 1.13513808774447e+005 1.70982472508400e+004 -1.10538211639172e+003 -1.09632653606484e+002 4.48489114621121e+000 5.36539616716267e-001 -2.23687874921897e-002 -3.15844880625524e-003 1.65133591012298e-004 2.17139122254564e-005 -1.33401965226281e-006 -1.61414628075308e-007 
-1.95197455405905e+005 -1.21481951492469e+005 1.25388873395344e+004 1.31653270898143e+003 -6.80895118273689e+001 -6.64374784864094e+000 2.78472083019277e-001 3.50966480805834e-002 -1.75977172908080e-003 -2.25086718931317e-004 1.37571283738412e-005 1.61837451275033e-006 -1.12294548808350e-007 
-8.27699179391032e+004 -7.06504352327197e+004 5.32103531959859e+003 7.57726776732522e+002 -2.77097070636075e+001 -3.75009586675673e+000 1.07311097209960e-001 1.97128212831524e-002 -6.94464224392945e-004 -1.27887446085315e-004 5.63428891362504e-006 9.29549513497623e-007 -4.70792072908364e-008 
5.55474430399285e+005 4.16369846811283e+003 -2.58352023378356e+001 -2.12594306415445e-001 -1.61913124486391e-002 5.46036073421015e-004 4.66360657426911e-004 2.71797028752982e-005 -1.03829158417756e-005 -1.61994793382523e-006 1.59579601542983e-007 
-3.17892950515146e+005 7.51189312804261e+003 1.10316293411819e+001 -4.25590727099568e-002 -1.11419937598719e-002 -2.58455551455664e-003 -2.06933963235993e-005 6.46204267227035e-005 6.19220973389393e-006 -1.30054446596033e-006 -2.93585927906397e-007 
-1.49535462240343e+005 3.07366469159327e+003 5.42451675697344e+000 7.79824615707341e-003 -3.86588717778519e-003 -1.43915489627486e-003 -5.95770970604198e-005 3.16994632208105e-005 4.38441612467313e-006 -5.25560216214456e-007 -1.73383304622493e-007 
5.63586140314399e+005 3.94575276430565e+003 -2.84579656586684e+001 -1.16695174037513e-001 1.88776393250708e-002 -9.38912060130309e-004 -1.45559245712953e-004 4.12625917159514e-005 -2.86866308954763e-006 -5.50062496891352e-007 1.54514193439256e-007 
-3.02785934029522e+005 7.59327487187553e+003 8.84580971552768e+000 -2.83457354368400e-001 -5.89329604063179e-004 1.55777933117575e-003 -2.18551566682205e-004 4.66478360150035e-007 4.87066555561057e-006 -7.32752130960511e-007 -7.82918552469499e-009 
-1.43346088113300e+005 3.11507215718881e+003 4.66783396539341e+000 -1.24833582559095e-001 -1.94152793333978e-003 9.23976152947355e-004 -1.01776018182025e-004 -4.02825020246521e-006 2.89925416228978e-006 -3.33275896047937e-007 -2.02171444217947e-008 
-5.47380949943564e-005 1.24526445801787e-007 8.48614255030865e-007 -1.12640999702049e-007 -8.43584442633099e-008 6.62638097341777e-009 3.50499417332350e-009 -2.88656820944822e-010 -7.93853587280409e-011 1.17426922453556e-011 
3.47222680520976e-005 -4.11127871560274e-007 1.05945661619367e-007 1.38716066185931e-007 -1.13329761296369e-008 -8.46644567433954e-009 5.60063009866834e-010 2.72511630980564e-010 -2.49379786198088e-011 -5.32972591153624e-012 
-5.51865899734804e-005 -1.88669188657050e-006 -4.42236725899992e-007 2.43227687469118e-007 1.98681845680549e-008 -1.35791526723494e-008 1.58607242367906e-010 4.03984709307957e-010 -2.60391643763750e-011 -7.91784011021041e-012 
3.52501078965309e-005 4.72237665718865e-007 -3.17770314088077e-007 -5.04716114426466e-008 2.82090807630730e-008 8.07117744403209e-010 -1.15369365366915e-009 5.08510796230406e-011 3.35337909630861e-011 -2.31323209385336e-012 
-5.71113037374248e-005 4.68492281681636e-007 1.54098466435426e-007 -1.73230933884960e-007 -9.27749878538728e-009 3.76979905514698e-009 1.01112883108407e-010 6.05090071769471e-011 -2.04834035488556e-013 -2.85945853740454e-013 
3.50048081568306e-005 -1.37319083934787e-007 2.76897742125125e-007 2.23669867274051e-008 -1.54445848706095e-008 -7.26062121338621e-010 9.89358699125395e-011 -1.14302708511555e-011 -7.01637221051221e-013 9.24706076860524e-013 
-5.84229141064232e-005 -1.75321083108471e-006 3.00788926765229e-007 3.13532278793161e-007 -4.58121572025082e-009 -2.20448584308557e-008 -1.49372379636459e-009 9.78354295926219e-010 1.29196428710966e-010 -3.53745068533796e-011 
3.52514607568062e-005 -2.70714807193473e-007 -3.89740823165516e-007 1.87186559442531e-008 4.01736929538380e-008 1.47515735258916e-009 -2.01543002822380e-009 -2.10995743677013e-010 7.20593022677722e-011 1.13620846102356e-011 
-4.85969733699327e-002 3.52143072157801e-004 -2.32078808203165e-004 -1.30848586229211e-005 1.05817135394269e-005 5.39587184512464e-007 -3.13131724882753e-007 -1.29455760311462e-008 6.74203930645457e-009 8.94514445230642e-011 
3.90113762154185e-001 -3.66135445096696e-004 -1.90597642283753e-005 2.04927841421813e-005 1.03280864884078e-006 -7.24244699834170e-007 -3.32414292492906e-008 1.81413932590830e-008 5.15791509806128e-010 -3.42760843171453e-010 
2.91645418566917e+003 9.19517677368616e-001 2.11767346763034e-004 1.38925819931429e-005 -9.74642790500199e-006 -5.18233609687056e-007 2.90111093003343e-007 1.20214773773716e-008 -6.26959654370167e-009 -8.06832754985230e-011 
-4.89149655121011e-002 -3.62326541742596e-004 9.03564769391575e-005 9.96447231990138e-006 -6.63640889028058e-006 5.09686761613375e-007 1.80213003107682e-007 -2.38962588258367e-008 -2.38948976452022e-009 5.68068253250244e-010 
3.89697626635675e-001 1.73844550431911e-006 4.26622125878163e-005 -1.10276615792825e-005 2.71981653678761e-007 4.58641784764268e-007 -4.79145051298120e-008 -8.50870305931136e-009 1.45035554032221e-009 8.28138288953363e-011 
2.91829420209372e+003 9.20226441557798e-001 -7.21474005731666e-005 -9.33704669906613e-006 5.90899687577857e-006 -4.70329653707363e-007 -1.64113214556333e-007 2.21254294904214e-008 2.16502106782137e-009 -5.26416844691972e-010 
-4.90207516789875e-002 2.26340962657918e-004 7.43554126960507e-005 1.25829803444331e-005 1.87394339988319e-006 -5.81583169616981e-007 -7.29221983708129e-008 5.78502155337738e-009 9.98597982550845e-011 4.13061302588354e-011 
3.89832610270297e-001 1.07637077320496e-004 6.90176440468116e-006 -8.31042793025972e-007 -1.24050685582634e-006 -1.85038830747270e-007 2.73914129761954e-008 2.47640215511148e-009 -5.05279619614905e-011 3.10449759214430e-011 
2.92013413606798e+003 9.19721823709468e-001 -7.31190910643661e-005 -1.33905122094076e-005 -1.68992390456669e-006 5.49051654989304e-007 6.72973755574963e-008 -5.17517093342513e-009 -8.27196594836489e-011 -4.08279337286681e-011 
-4.78482418499868e-002 8.63341673078297e-004 -4.00947875849196e-005 -4.88883252781072e-005 -1.93741951451228e-006 1.73120469984769e-006 1.80895823481365e-007 -3.91811713548808e-008 -7.89340591579845e-009 5.33072318994970e-010 
3.89853069084233e-001 -1.68671137288621e-004 -7.96944117282157e-005 5.08755245488257e-007 3.73151038950434e-006 2.56753037323449e-007 -1.05692415309228e-007 -1.48734863669962e-008 1.94019422524799e-009 5.61290653397163e-010 
2.92197283473085e+003 9.19046742631567e-001 2.53123517549451e-005 4.65032387546932e-005 2.09412351740127e-006 -1.61354181161670e-006 -1.73606730751186e-007 3.61085179537499e-008 7.45834170418142e-009 -4.80399234967724e-010 
