-4.40449845848465e+007 9.14405354974661e+006 5.72709828554912e+005 -2.67861249239642e+004 1.69483608735236e+002 -3.67432573334534e+000 -6.26153880252896e-001 3.60295470721152e-002 -1.90243718911535e-003 7.44929734099635e-005 -2.11675949568504e-006 2.31877297923771e-008 2.80209667799937e-009 -2.66087068505777e-010 
-4.65170409368187e+007 -8.78160572523836e+006 5.94065306182786e+005 1.15387777475519e+004 -5.56088026350831e+002 2.25571824772064e+001 -9.14606677679094e-001 1.93685244714974e-002 -2.34610711473752e-004 -3.13556451783089e-005 2.50683485139003e-006 -1.47781561655678e-007 6.44613662499605e-009 -2.17708285328611e-010 
-2.02153669176352e+007 -5.63891933249562e+006 2.58001351192515e+005 8.94005560719454e+003 -3.14630631194197e+002 1.24309937839403e+001 -4.23698848579907e-001 6.61292226851491e-003 7.18267971769975e-005 -2.44704884405911e-005 1.55854404860687e-006 -8.13494850761865e-008 3.15323247561849e-009 -8.87512473194847e-011 
-2.21667593357867e+007 1.24765024296734e+007 2.63174824438412e+005 -2.52329878619070e+004 5.01141986089554e-001 -1.15085913966990e+001 -1.65534579815907e-001 4.80103602209309e-003 -3.54930936439856e-004 2.29353613317429e-005 -4.56392501137711e-007 3.34162221471848e-008 -2.12908967359164e-010 1.99612914328438e-011 
-5.89778003661041e+007 -3.59911715611164e+006 6.90618527171182e+005 5.21848434608995e+003 -2.87590236286366e+002 5.67999013535653e+000 -5.62035290083414e-001 4.50759880446395e-003 -5.36992084738171e-004 -1.39259590161942e-006 -9.09115364168023e-008 -1.38758487373522e-008 7.96459378781120e-010 -2.91523933405678e-011 
-2.91395003670258e+007 -3.21575468982009e+006 3.41659163318039e+005 5.40274900041602e+003 -1.53684903168491e+002 4.22696848269717e+000 -2.83088431316907e-001 1.91044018541449e-003 -2.50082358654783e-004 -3.12081570359596e-006 -1.26768377110153e-009 -1.08756501388985e-008 4.47540240798841e-010 -1.76421767263920e-011 
3.92057295945876e+006 1.33521232906851e+007 -4.77786283960255e+004 -2.72504952826107e+004 -2.62137886180112e+002 -1.44442752507052e+001 -7.45596729816910e-002 6.01004525680675e-003 5.02792145496391e-004 3.57845495941684e-005 1.27287754696673e-006 5.77998028477325e-008 1.32122887435689e-009 2.73915496015102e-011 
-6.05052654812061e+007 2.10203366152208e+006 7.27037478800542e+005 7.99919163318047e+002 -3.09043546100661e+002 -8.32661491865862e+000 -6.93100700599899e-001 -1.48201549973121e-002 -7.16059436041083e-004 -8.01254634512489e-006 2.12236888003086e-008 2.62333902928174e-008 1.80195694185140e-009 8.61521500704703e-011 
-3.26592018148874e+007 -2.60905882438406e+005 3.93339776971993e+005 3.25139801203119e+003 -1.37927213375068e+002 -2.95122864369912e+000 -3.62532726989734e-001 -8.53988521935034e-003 -4.34630578444922e-004 -7.98885080358742e-006 -1.20575311530123e-007 8.02406051409012e-009 8.25695158384632e-010 4.31844351491826e-011 
2.91421611615636e+007 1.15684655724504e+007 -4.09520555311000e+005 -3.37432701703473e+004 -5.39099110602652e+002 -1.07094545767639e+001 6.17310219724696e-001 5.86730829596836e-002 3.49005274845513e-003 1.54306440977297e-004 4.66839602653175e-006 3.06971334342090e-008 -9.05706229605317e-009 -8.49813114627523e-010 
-5.05264247603160e+007 7.85324188751366e+006 6.98041425218058e+005 -6.57116544052991e+003 -6.89727421733956e+002 -3.26935003079934e+001 -1.44651536378859e+000 -3.74402911009540e-002 -2.95834052260286e-004 6.83633585140411e-005 6.07851338598195e-006 3.56293109952201e-007 1.53745388079307e-008 4.36236303065293e-010 
-2.99424373514607e+007 2.99627537145107e+006 4.15338572214964e+005 -1.34232503720779e+001 -3.12588939979499e+002 -1.63552572444617e+001 -8.36713689866932e-001 -2.60814019306100e-002 -5.19724158391829e-004 2.05288611349745e-005 2.76338446633802e-006 1.87153259323265e-007 9.15181808330099e-009 3.21110573962105e-010 
-1.06042856974228e+008 9.26525376190540e+005 1.35595608722531e+006 -2.74506197355095e+003 -1.45011924977986e+003 3.82977757391549e+000 6.61298324628052e-001 -3.83656572985900e-003 -1.95973228639585e-004 2.82240717972087e-006 
-7.26926644132133e+006 -2.19854778384404e+007 8.59270675303773e+004 4.65349820183673e+004 -1.32799146543639e+002 -3.04761271735488e+001 1.30705674729321e-001 1.06338634000308e-002 -1.03308363826103e-004 -2.84898106080375e-006 
3.45998056742137e+006 -9.95153232909216e+006 -4.71213110658161e+004 2.11134159033680e+004 3.19869595914366e+001 -1.39559303193563e+001 1.69772912888721e-002 5.02771272603819e-003 -3.40845217229571e-005 -1.46053505073131e-006 
-9.37176653645623e+007 1.12591738534995e+007 1.18899723270341e+006 -2.45198341887710e+004 -1.22673768443551e+003 1.78076227710575e+001 4.83336733830279e-001 -8.22970826857686e-003 -7.49918447154318e-005 3.43801087023658e-006 
-4.88395253107380e+007 -1.91452482680975e+007 6.12294134834316e+005 3.97979364908784e+004 -6.89099970956624e+002 -2.42158896002180e+001 3.70496645364146e-001 6.21519612450738e-003 -1.56406456834328e-004 -1.28216801550698e-007 
-1.60253581512362e+007 -9.32720089590287e+006 2.00295460527767e+005 1.94594955344245e+004 -2.32469522210640e+002 -1.20232731678922e+001 1.36137252973385e-001 3.31738232451842e-003 -6.56354178585260e-005 -2.75213267769107e-007 
1.44836833367540e+008 5.06970272754176e+006 -6.72008495545986e+005 -4.58498445189454e+003 2.46599236418227e+002 1.59591744742954e+000 -2.51802685038854e-002 -4.87595229173700e-004 -6.09539475244008e-005 9.80298361134184e-006 -3.46052224662080e-007 -3.06370657439879e-007 1.40619924227188e-007 
-3.67331967098697e+007 1.81195303926128e+007 1.67949359648374e+005 -1.38187006686883e+004 -8.41354888883627e+001 2.79556171199490e+000 2.27736797529195e-002 -2.40123201888833e-004 2.54489682539876e-005 4.51910401142047e-007 -1.00223243623682e-006 3.24855777175836e-007 -2.85725111344950e-008 
-1.59147893116114e+007 7.85425925698932e+006 7.28066345598823e+004 -5.99006752932601e+003 -3.64716238091232e+001 1.21214553481309e+000 9.79484402433782e-003 -1.28258076586212e-004 1.66321669925956e-005 5.88115506486595e-007 -6.44657027118838e-007 1.83207268976788e-007 -1.44854300528810e-008 
1.49474736233939e+008 -4.57184885777992e+005 -7.02423048332132e+005 -4.22340755539801e+002 2.71235677466122e+002 8.27986939339901e-001 -3.56941991859603e-002 -5.00393418341096e-004 -1.26784315371062e-004 -2.89081213021460e-006 5.95397929238148e-006 8.68724987464904e-007 -1.59872751637569e-007 
3.11113177256372e+005 1.87813788088485e+007 -4.01405315960946e+003 -1.46890017290579e+004 -2.30058307134611e+001 3.30559577995389e+000 1.83005057848216e-002 -5.22411550059757e-004 -7.54703270186315e-006 1.35394095913611e-005 1.48207271944726e-006 -4.33754815032370e-007 -1.48502673858205e-007 
1.42822375248185e+005 8.14119164591263e+006 -1.73541484046189e+003 -6.36734620205481e+003 -9.97305933556141e+000 1.43306229574695e+000 7.79231886074508e-003 -2.46515253910876e-004 6.28933600953430e-006 7.64856817125836e-006 2.86584676435801e-007 -3.12914899652202e-007 -6.44261534674320e-008 
-8.49390307795792e+007 3.21817356001388e+007 4.71251779131030e+005 -2.64697170171305e+004 -5.05843614674003e+002 1.44816823498139e+000 2.48604347093897e-001 5.93434146189068e-003 9.39922193428596e-006 -2.79929807001821e-006 2.47312467973352e-008 
-1.89902881094404e+008 -8.56164932215404e+006 1.05308871597247e+006 1.52208246515090e+004 -3.57013786126049e+002 -1.13968617242202e+001 -1.20208642298173e-001 2.93735318161888e-003 1.46616476951281e-004 2.88892247862212e-006 -1.02264253355924e-007 
-8.47901102169494e+007 -4.79518911427126e+006 4.70322724161856e+005 7.69536264355869e+003 -1.50113991411588e+002 -5.26657876657860e+000 -6.18638928541685e-002 1.18615795354799e-003 6.76042700161440e-005 1.36607035920322e-006 -7.33778911734809e-008 
-7.51781277883970e+008 -6.82049646762282e+006 9.03079594369435e+004 1.08325291086379e+002 -8.53783384747308e-001 2.56768896969742e-004 2.66859360244805e-007 -7.51947450372021e-008 
2.64718067836604e+008 -1.47369666541118e+007 -3.18580727435400e+004 3.05215846814876e+002 1.39551896339351e-001 -1.36658491553503e-003 1.53446111117984e-006 6.60050701288228e-008 
1.31773699155351e+008 -6.15059465673608e+006 -1.58536105769535e+004 1.28186607036168e+002 8.05989468350925e-002 -5.91540681899245e-004 6.28293674194180e-007 2.80430771793279e-008 
1.28468323519640e+009 -5.91808545603049e+006 -2.99636101265246e+004 1.56561491617553e+001 6.82479362788086e-002 1.68768796404268e-005 -1.32899268371982e-007 
5.21370347587551e+008 1.12530559108459e+007 -1.21689586149684e+004 -4.67137289189935e+001 8.26027649862659e-003 7.28870864190803e-005 5.83937136916654e-010 
1.60017135074562e+008 4.90293674435332e+006 -3.73577601602116e+003 -1.99682011131943e+001 4.71567284589437e-004 2.93081155368514e-005 8.18479021851448e-009 
1.14823895579785e+009 -8.71313755134485e+006 -2.99240981007083e+003 3.56673778396996e+000 1.01082735387894e-003 -2.40320054585805e-007 
2.44350288112942e+009 2.96957774552126e+006 -6.37035304654762e+003 -1.77079835594043e+000 1.13502570245876e-003 5.78726749950322e-007 
1.05394604385133e+009 1.42380908065429e+006 -2.74776819031228e+003 -8.26245748824771e-001 4.82334908366865e-004 2.57997400639047e-007 
4.45177043730326e+009 -6.72759870355756e+005 -3.16759899638067e+003 6.48526566871703e-002 1.96793798127842e-004 3.36473965771410e-009 
3.83937691560695e+008 6.96635016328218e+006 -2.73091208189797e+002 -8.26631424970809e-001 1.15070950199986e-005 1.34230385588613e-008 
4.63157321856667e+007 2.86811161023132e+006 -3.29246463536182e+001 -3.39930436370105e-001 -1.36662592017696e-007 4.57230945218201e-009 
3.12584653595387e+009 6.31804516566126e+006 -1.28562146460963e+003 -2.32604184311533e-001 1.17901140647870e-004 -3.28819292489682e-008 
-3.80411858199695e+009 3.32068013944128e+006 1.56468115944126e+003 -4.71645909790078e-001 3.10026804196995e-005 2.83433557722812e-008 
-2.12895825701197e+009 -8.67321125739261e+005 8.75669774452260e+002 -7.71227410264482e-002 -2.63081038338114e-005 1.95932940416259e-008 
-3.40531619009644e+005 -1.87260204676623e+004 2.19161469602775e+004 -2.88151293154283e+001 -1.34955626640614e+002 3.51840690129557e+000 5.95435356159966e-001 -4.52292670337946e-002 -2.55281669409469e-003 4.41314270574606e-004 4.40015791829036e-006 -3.86126013967519e-006 1.08324416051651e-007 
2.81240942490190e+004 -1.60221891606723e+005 -1.84473125951293e+003 1.70429334595505e+003 -1.54492668502497e+001 -8.15318483238610e+000 3.60924596764360e-001 3.70900504577909e-002 -3.98045330054577e-003 -1.39952235896888e-004 3.72081613418242e-005 -2.21931259901627e-007 -3.12620294043119e-007 
-1.20784965404416e+004 -8.26046958438452e+004 7.74563307237698e+002 8.60880488314308e+002 -1.84054661786030e+001 -3.85574306661008e+000 2.29464440126141e-001 1.52606781982593e-002 -2.21595521585490e-003 -3.64608448926937e-005 1.91937616232021e-005 -4.13713718204601e-007 -1.49926321736564e-007 
-2.24333257242977e+005 1.26654574324892e+005 1.22239734282399e+004 -1.28965107217640e+003 -2.24820795268461e+001 4.25500717687436e+000 -2.51527903038305e-001 2.58889507547838e-003 1.37649564927123e-003 -1.21952104568438e-004 2.26712797851600e-006 5.45900236896224e-007 -6.35724317794613e-008 
-2.51060143328412e+005 -1.05970902185648e+005 1.36379645009021e+004 7.34887723575619e+002 -7.44266622663910e+001 1.01052419696725e+000 1.36666878176153e-001 -2.02447965852253e-002 9.02143744566152e-004 4.46753327904844e-005 -8.78352971633073e-006 5.01094710628251e-007 1.24009864771292e-008 
-1.44423013171178e+005 -4.38096356583532e+004 7.85470394438980e+003 2.70836474800573e+002 -3.94703478851992e+001 8.47217342066381e-001 4.96977380214261e-002 -1.00573093686594e-002 5.64452544923448e-004 1.31160273208024e-005 -4.27356077403245e-006 2.96466090347527e-007 1.32400678865351e-009 
7.65693662006207e+004 1.61101610097829e+005 -3.47393701396099e+003 -1.22392085191827e+003 2.05259073172156e+001 1.08819742760277e+000 -6.23468742510362e-003 6.36647146259313e-003 -3.68258184267403e-004 -2.06237465578172e-006 5.57934611942914e-007 -6.48853427666574e-008 6.10932161177362e-009 
-3.38952763121186e+005 2.01542850431549e+004 1.61793240019136e+004 -2.46856664152260e+002 -4.97880564489418e+001 7.87223874092297e-001 -4.68065003569817e-002 2.77891246464797e-003 2.76648221388760e-004 -1.96192861303128e-005 6.90677576170528e-007 -3.37293589906866e-008 -1.80040644557548e-009 
-1.65580206693708e+005 2.26710550726096e+004 7.90867406792574e+003 -2.20963885526186e+002 -2.35536006398702e+001 4.87912519235382e-001 -2.42243414812127e-002 1.89820152607221e-003 1.11185476872257e-004 -1.01035107929980e-005 3.94122491605397e-007 -2.21168907461036e-008 -4.36056498486464e-010 
3.29595657558753e+005 8.19497013937872e+004 -1.53906869592676e+004 -6.92814095198611e+002 4.84001315838182e+001 1.76872865105038e+000 1.36864462176923e-002 -4.12259108831093e-003 -2.00400186984822e-004 1.37436919683458e-005 5.37613620669377e-007 -2.07344239375703e-008 -3.66057443644633e-009 
-1.87501452988201e+005 1.25176932159207e+005 8.85927687701221e+003 -9.41164892547337e+002 -3.61148208517065e+001 1.06456793019082e+000 7.06942032390428e-002 3.06741945953985e-003 -2.12216409016686e-004 -8.80134665194689e-006 5.52910050122995e-007 4.00968254034154e-008 -3.14676222253743e-011 
-6.94632193187663e+004 6.95704494799475e+004 3.27455734447872e+003 -5.29617280634858e+002 -1.43923860669657e+001 6.78053255212903e-001 3.66039114608434e-002 1.22325767949594e-003 -1.22904175851047e-004 -3.36465539694020e-006 3.21471823583855e-007 1.85942549543422e-008 -3.01600811580833e-010 
3.55043855103044e+005 -5.86864621353004e+004 -1.79570644494505e+004 3.36763327825410e+002 7.61533926446282e+001 4.98927297398158e-001 -1.10604437973405e-001 -2.66826961788662e-003 1.36362914052646e-004 -1.07933958806778e-005 -1.34927128369438e-006 4.12040446089572e-008 7.14167556292057e-009 
9.25231676954723e+004 1.43351058508287e+005 -4.85807708439755e+003 -1.24281342567812e+003 4.65350508749670e+000 2.94417998798270e+000 5.68371847820113e-002 -2.76185650243416e-003 3.98751230946786e-006 1.21867446738589e-005 -7.59609163041984e-007 -9.96770974421242e-008 5.04486169773982e-010 
7.38749833940867e+004 6.77949531656223e+004 -3.84877189911276e+003 -6.00376247744221e+002 8.36037342731181e+000 1.52276200521675e+000 1.97921197791083e-002 -1.60576017123993e-003 1.28171731253425e-005 5.32147744564067e-006 -4.88046323489691e-007 -4.70293342027779e-008 8.14202154836035e-010 
1.21273494766214e+005 -1.65756840124959e+005 -6.80596100522454e+003 1.46743080445888e+003 5.37922352969018e+001 -3.09898429602202e+000 -2.09265489597823e-001 -6.03871450558713e-003 -1.33448448513465e-005 4.80829175149152e-005 4.81860139392803e-006 5.69977091948062e-008 -1.93693424958526e-008 
2.97206231032672e+005 5.09320349017315e+004 -1.72086385119396e+004 -6.47495630033818e+002 7.13813055506586e+001 3.42219587596487e+000 -3.14193961631504e-002 -7.14028879428649e-003 -6.49446871410206e-004 -3.81783807574445e-005 1.38286980984018e-006 3.27962380148827e-007 1.51191693374459e-008 
1.59054045385810e+005 1.28725852449688e+004 -9.20072611053141e+003 -2.11275722035167e+002 4.01856601867464e+001 1.47706187104719e+000 -3.23439126968415e-002 -4.05643273645297e-003 -3.27309843053148e-004 -1.54706450938054e-005 1.07088863216899e-006 1.69458371567705e-007 6.09274943867410e-009 
-2.02933479411757e+005 -1.41802331002196e+005 1.29463021607500e+004 1.53248782740169e+003 -6.16927013346567e+001 -7.62411314170216e+000 3.96012890648126e-002 3.62640893354227e-002 1.62085928038260e-003 -1.52434153979889e-004 -1.91879868639326e-005 1.67160045208350e-007 1.49071662624413e-007 
2.53438827457716e+005 -9.40019481213452e+004 -1.63032963611448e+004 8.84841663442444e+002 1.02547316272747e+002 -2.17021683148627e+000 -4.70449068451095e-001 -9.44314128311602e-003 2.14662052238854e-003 1.75258732411171e-004 -6.29044224181575e-006 -1.58045808526264e-006 -3.05964926483611e-008 
1.12016280231304e+005 -5.82565026554362e+004 -7.19945245758301e+003 5.65305721963697e+002 4.67693383918087e+001 -1.69120800561761e+000 -2.33513755619568e-001 -1.91266131243618e-003 1.20604178001722e-003 7.62664933721007e-005 -4.65954110424071e-006 -7.81977635951178e-007 -3.77422746738375e-009 
-3.42903604828995e+005 9.09774081875187e+003 2.15321546835940e+004 -2.71213584880198e+002 -1.25327176944198e+002 3.51141784832577e+000 5.27083335268721e-001 -3.19251926922640e-002 -2.70588273300595e-003 2.71111406106914e-004 1.49043177065026e-005 -2.35295179955623e-006 -7.21498449795943e-008 
-1.62130849304044e+004 -1.61083501323618e+005 9.15649807520311e+002 1.64993375940610e+003 -2.53927421484619e+001 -7.33129554560995e+000 2.89552828954419e-001 3.40546574412803e-002 -2.54308092021442e-003 -1.89211641489818e-004 2.20745242428640e-005 1.03032988206227e-006 -1.93861745825539e-007 
-3.44098666004444e+004 -8.02713232198089e+004 2.13684537419995e+003 8.08792955395778e+002 -2.26204638615255e+001 -3.41530565782941e+000 1.86989898275879e-001 1.46440915784635e-002 -1.49057017332875e-003 -7.40501309891725e-005 1.22668511325502e-005 3.34959693109175e-007 -1.03146169848001e-007 
6.66030054723995e+004 4.36054416445983e+003 -2.08567553231746e+001 4.19974437497046e-002 2.59923308936043e-003 3.13410041040371e-005 1.77495180454377e-006 -3.22321354884066e-007 4.03709340908949e-008 1.07817878214177e-008 9.51156708137086e-011 
-5.33235550979652e+005 5.15077176270708e+003 7.52379724439050e+000 -1.17924518759725e-001 1.62093203272735e-003 -4.52810005581853e-006 7.01325696014041e-006 -2.95471314764828e-007 2.07520770077930e-008 -2.40781060778339e-009 -7.30306599645853e-011 
-2.22015175632806e+005 2.11698729789794e+003 3.82615719730768e+000 -5.76018250256434e-002 6.14217301151252e-004 -1.19828774413945e-005 3.53760755010065e-006 -1.21952179123743e-007 6.90329425185808e-009 -1.01939281425021e-009 -6.20340288498890e-011 
7.51593704202137e+004 4.19646728216360e+003 -2.00795342193970e+001 8.93791578581238e-002 3.31689728616215e-003 2.84233675002212e-005 -2.48449574086776e-006 -4.68913966486929e-007 -6.54466522717622e-008 7.33424992870054e-009 -4.92652631564342e-010 
-5.22877959119235e+005 5.20578711482912e+003 6.28676938374886e+000 -8.49122660179785e-002 2.97144795018261e-003 1.49289771226664e-004 9.70286230845443e-006 5.61656672637406e-007 3.25731183111795e-008 -3.51190508189253e-009 -2.47487092768205e-010 
-2.17752657910819e+005 2.14500718065101e+003 3.19923738895059e+000 -4.56106185465995e-002 1.13520935196715e-003 7.07897724216216e-005 5.48777545604524e-006 3.50568019745066e-007 2.41593034222290e-008 -1.31243357535611e-009 -9.68631182596811e-011 
6.63395261322347e-005 -1.27388595626238e-006 6.05704357342905e-007 1.31450464248369e-007 -8.00473225316956e-008 1.36474912573735e-009 4.20182487601141e-009 -7.83089462447278e-010 -1.15529002673314e-010 5.50512348644770e-011 
3.08614081120387e-005 -4.23935536333441e-007 -2.06285538203153e-007 1.25212164439998e-007 7.72967929457255e-009 -9.06269418797621e-009 8.08228156622615e-010 3.62897480739159e-010 -8.33788936818635e-011 -8.98845249390050e-012 
6.57113016459769e-005 -5.99933802982527e-007 -6.49061076171580e-007 -3.21973398652759e-008 3.47702171785818e-008 1.38575968611938e-009 -2.90381362255293e-010 -2.29802605875915e-011 -2.00528386096758e-011 -1.96559808785942e-012 
3.08577187842427e-005 6.21329801188669e-007 4.37822316427939e-008 -8.10596772738483e-008 -2.98959017843275e-009 2.16863403969100e-009 4.53836874614825e-011 -2.38333607516854e-011 5.27407513658942e-012 2.21353591113684e-012 
6.31887879443248e-005 -5.16213688423340e-007 8.27328129127830e-007 1.21875104447767e-008 -5.96989960067078e-008 -4.32597430659632e-009 1.36987351298543e-009 2.12869345849457e-010 -7.76255100796106e-013 -4.56611961111649e-012 
3.08250144891579e-005 -7.03181757526568e-007 1.67101604898842e-008 1.12160110545158e-007 3.86514599327273e-009 -4.82745506383578e-009 -3.92295258885795e-010 6.92011630232335e-011 1.81962403467956e-012 -7.10863957573729e-016 
6.27845376867752e-005 -1.45819685377198e-006 -6.26101274424762e-007 2.49742213253207e-007 6.87136472926941e-008 -1.87066921883973e-008 -4.07357673498510e-009 8.22832417847204e-010 2.01430718240889e-010 -2.59117291550980e-011 
3.06815683016828e-005 2.34306144074687e-007 -3.22761436141420e-007 -9.84524417047909e-008 3.50619638989555e-008 7.10176733382660e-009 -1.90399825504104e-009 -3.51019182644917e-010 7.32853430753175e-011 1.42475941687121e-011 
5.53410594531511e-002 7.47948623784765e-004 -3.27088197181645e-004 -1.84907302476151e-005 1.20858834386223e-005 -2.83812205868764e-007 -2.75636915886640e-007 3.51227486320101e-008 2.48637548254483e-009 -1.34766703865719e-009 
3.92652296509813e-001 -3.51488917869758e-004 -5.29216092949736e-005 2.56734769049613e-005 4.66638962511603e-007 -7.39660316756324e-007 4.91748541177150e-008 1.27219500426571e-008 -2.84235438898344e-009 4.80847751949034e-011 
4.88858754902637e+003 9.19144414418788e-001 3.18147152449655e-004 1.79246854218407e-005 -1.15569457033326e-005 2.77357770756500e-007 2.60009849536278e-007 -3.36204019310350e-008 -2.28353090855837e-009 1.27908826506423e-009 
5.49363943770677e-002 -8.47409747420363e-004 2.93567919849266e-006 2.79268470795685e-005 -3.91581674427136e-006 1.12529977104061e-008 1.04841727935127e-007 -1.97791755690118e-009 -9.38023369352060e-010 -7.67934553609957e-011 
3.92196999516185e-001 9.25369480008150e-006 8.20777423887505e-005 -4.55762380625137e-006 -7.47233432121086e-007 2.84861710194121e-007 -7.74559847922815e-009 -4.27269586574567e-009 -5.55250698905121e-011 2.32759578973664e-011 
4.89042770094227e+003 9.20714303649289e-001 5.37705876979318e-007 -2.77704178192631e-005 3.61243960864274e-006 2.89946881053692e-009 -9.68073546214547e-008 1.82457277080209e-009 8.49739870154865e-010 7.18714610117673e-011 
5.39266115911059e-002 -6.91291117120948e-006 2.03547682135963e-004 2.19996353501799e-005 2.98636451715238e-007 -8.16686196931577e-007 -1.36438510617130e-007 9.56595221300980e-009 2.60059394169683e-009 2.66702443020111e-011 
3.92703169687408e-001 4.55417932984163e-004 2.93995517472611e-005 -7.75653599423864e-006 -1.86431353018444e-006 -2.24326860149997e-007 3.93968483430694e-008 8.27268487408080e-009 -1.58640611626259e-010 -8.62839335260120e-011 
4.89226845904634e+003 9.19886234293086e-001 -2.01175805108708e-004 -2.06222543906046e-005 -9.70311773201192e-008 7.59749076225837e-007 1.26418968716435e-007 -8.73537268006727e-009 -2.41857081555989e-009 -2.89509107406675e-011 
5.54967288331672e-002 1.36634489064618e-003 -5.61337105403400e-005 -7.15931643155086e-005 1.02903031101135e-006 2.32773878471033e-006 -6.68698663030188e-009 -6.81435444966361e-008 -5.07703375650036e-010 1.93429558965289e-009 
3.93305942665155e-001 -5.57033683327450e-008 -1.29760774401345e-004 2.96636448795229e-006 5.03767062957755e-006 -2.89282666362364e-008 -1.53137947340527e-007 -4.22255998701779e-010 4.38412631375554e-009 7.66021489733640e-011 
4.89410669089016e+003 9.18553600838750e-001 5.45319859676970e-005 6.87387084278703e-005 -9.67071691687272e-007 -2.20250153609253e-006 4.25573059933336e-009 6.41481045366529e-008 5.72774655482732e-010 -1.81907872767649e-009 
