3.61157536592070e+007 -1.33424196098822e+007 -1.34025414920060e+006 4.92747690825506e+004 7.89914280943378e+003 1.16785368486593e+002 -3.90734668243870e+001 -2.88467152505276e+000 1.07211598444425e-001 2.72750428213369e-002 7.90763241554011e-004 -1.68165047258648e-004 -1.65998693785336e-005 3.74126716814722e-007 
2.53474891100920e+007 1.17326106402518e+007 -9.67612447680098e+005 -9.22212566273027e+004 1.33446926545064e+003 5.14055616849977e+002 1.91712490267415e+001 -2.23670860879237e+000 -2.58438504146040e-001 1.38005898686163e-003 2.05296568005923e-003 1.12207440711212e-004 -9.87248451551346e-006 -1.54653221718818e-006 
9.82569236133321e+006 7.65090804212937e+006 -3.77994357882269e+005 -5.43717715331237e+004 -1.05808575315269e+002 2.62505853094448e+002 1.42909915237407e+001 -8.95881131446412e-001 -1.49170128072814e-001 -2.08961744530490e-003 1.01474267515723e-003 7.73704973447038e-005 -3.55345615039658e-006 -8.64936642988970e-007 
1.96167728341299e+006 -1.97756390127821e+007 -1.14257094739242e+005 1.32928469829960e+005 -5.52553124845223e+002 -7.42657615544956e+002 1.31897225568817e+001 5.11869753955084e+000 -1.73789515645193e-001 -3.92642979239005e-002 2.05951606321128e-003 3.15774920723433e-004 -2.34126933783882e-005 -2.58675111216598e-006 
3.83474936489061e+007 7.17892296326128e+005 -1.61152235470614e+006 4.59922924965236e+003 8.58235384041871e+003 -1.23537050429292e+002 -5.32073887866203e+001 1.60433817923059e+000 3.87316613234339e-001 -1.86584764418918e-002 -3.02551222050822e-003 2.09783813388967e-004 2.42329821528396e-005 -2.33423200761448e-006 
2.03110894100870e+007 2.43356863670724e+006 -8.49037768513153e+005 -1.13200942731760e+004 4.64198221883940e+003 1.09769614187710e+001 -2.97905289604421e+001 3.26527680493251e-001 2.24917413873917e-001 -5.89796044293836e-003 -1.82968889717117e-003 7.93393748751515e-005 1.53718628075022e-005 -9.78855481566590e-007 
-3.41320301890185e+007 -1.53143507783491e+007 1.07882466665893e+006 5.10970574033997e+004 -6.47980315463155e+003 1.60540525176701e+002 2.21614082098365e+001 -2.48594655604694e+000 4.45837424406077e-002 1.28642247881156e-002 -1.28436945644622e-003 8.81793976899155e-006 8.62081943795789e-006 -7.52894321184761e-007 
2.83895227579551e+007 -1.01199340878841e+007 -9.61781139302815e+005 8.15319997210070e+004 3.37215519832605e+002 -3.67094081298694e+002 2.30379026344988e+001 4.69495981733376e-001 -1.75898022478545e-001 1.00826817987284e-002 4.28110116092688e-004 -1.04180763802410e-004 5.05367703129267e-006 3.69397265600047e-007 
1.87333003946815e+007 -3.81840658820638e+006 -6.25598173322217e+005 3.82587770747110e+004 8.51723268793455e+002 -2.12741341347380e+002 1.00100433939207e+001 5.08455154351286e-001 -9.85859091955382e-002 4.05291478575226e-003 3.61812475760230e-004 -5.65675256500321e-005 1.80620472373616e-006 2.75364612892671e-007 
-5.52121337542635e+007 -5.65747187077903e+006 1.21792684023042e+006 -1.61269512979706e+004 -1.96636800110439e+003 1.76094873162481e+002 -8.21761969122365e+000 3.51911993029228e-002 3.02726191881767e-002 -2.93859640885072e-003 1.38579054600204e-004 5.55777471098676e-007 -7.22060965567058e-007 6.76766082559882e-008 
3.36816874923363e+006 -1.41809296116560e+007 -1.01906836909855e+005 5.55320835145070e+004 -2.30865668575927e+003 2.43056923706376e+001 5.88371556881608e+000 -6.02213513704283e-001 2.98200557860649e-002 -1.38767698314414e-004 -1.21794087840058e-004 1.22474719385631e-005 -5.94874901284381e-007 -2.08535967883030e-009 
7.55256343919464e+006 -6.98866514942265e+006 -1.80668068459338e+005 3.13368120422891e+004 -1.02949102819600e+003 -5.26672508586261e+000 3.99478836248235e+000 -3.25351208046318e-001 1.27924208262170e-002 2.30432925915243e-004 -7.94253491422208e-005 6.48502678915987e-006 -2.42947524569187e-007 -8.12816451905685e-009 
3.46530220760959e+007 2.25668904182666e+007 -4.37571777549043e+005 -4.61882768693312e+004 4.59843022493063e+002 2.64846660922851e+001 -1.95371784157678e-001 -5.13225846514868e-003 4.40584553388650e-005 -7.98938354255935e-007 
-9.25174222402571e+007 7.65524638080674e+006 1.13629604709072e+006 -1.60440699190185e+004 -1.13611981115499e+003 1.00937305639080e+001 3.92658113065273e-001 -3.00745549064701e-003 -2.05554622397156e-005 4.28966783336079e-007 
-4.38282175380691e+007 2.01732867503850e+006 5.38984120986070e+005 -4.29718122586496e+003 -5.40315316705544e+002 2.86633863814839e+000 1.89043549343833e-001 -1.02859539035542e-003 -1.20365062375807e-005 2.45033962505338e-007 
7.46447175163218e+007 1.70127255992817e+007 -9.31158883771912e+005 -3.48943393058236e+004 9.31718325721066e+002 2.02043499823154e+001 -3.23555540051536e-001 -4.15811686233577e-003 1.91249197225740e-005 -4.19103106899362e-007 
-6.89322512624871e+007 1.56849967256651e+007 8.42938963502128e+005 -3.21248198749308e+004 -8.47177878188555e+002 1.84398138415746e+001 3.00146688867239e-001 -3.61426017657392e-003 -2.29883438051083e-005 -5.05630809807158e-007 
-3.57448712143858e+007 5.98187805833007e+006 4.38209501648102e+005 -1.22476022765530e+004 -4.40153195369432e+002 7.01913775667704e+000 1.55527250042220e-001 -1.36318760782950e-003 -1.15583227951033e-005 -2.00889059378240e-007 
-5.83504320280267e+007 1.86602727838746e+007 2.63101602095446e+005 -1.43291267699743e+004 -8.17460424293616e+001 3.00486481236804e+000 1.73805615683897e-003 -1.64515052569934e-004 -8.83751972506484e-005 8.14675560740314e-006 5.04071829109290e-006 -1.13337975167857e-006 -2.32923405848511e-007 
-1.28712980114978e+008 -7.27401545107804e+006 5.83856905599845e+005 5.13743370788064e+003 -2.17636755212331e+002 -6.77390839283353e-001 2.69451103055251e-002 -5.69739988528862e-004 -3.24935062107026e-005 3.14921999348656e-005 -8.97235421421608e-007 -2.01009093443859e-006 2.90677411252483e-007 
-5.57682402867822e+007 -3.15343701686168e+006 2.53089813256905e+005 2.22707247737321e+003 -9.43399728186434e+001 -2.93883107018909e-001 1.15575175052016e-002 -2.20999077251979e-004 -5.37904783314038e-006 1.11903413711255e-005 -7.44878586608170e-007 -6.67408923149827e-007 1.28418274709250e-007 
-1.94822643544398e+007 2.00596203198377e+007 8.52871911141561e+004 -1.51567927027217e+004 -2.18454926011484e+001 2.97049166874458e+000 -2.03878743226969e-003 -5.37596742432092e-006 -3.45359565056999e-005 -5.32931199188437e-006 4.59554427273262e-007 1.66551472481368e-007 1.05490296569352e-008 
-1.38437264749613e+008 -2.41657842407305e+006 6.24271167815111e+005 1.57920614047306e+003 -2.25262698388666e+002 -8.80176383609292e-002 2.36739665409198e-002 -3.99359476923962e-004 -4.38416458909277e-005 8.54938992248231e-006 2.12338753968782e-006 3.90792871226901e-009 -3.94841416959432e-008 
-5.99841168882002e+007 -1.04783433731868e+006 2.70609761751987e+005 6.84653400206702e+002 -9.76467834493958e+001 -3.85514119607576e-002 1.02085023104683e-002 -1.45400718187777e-004 -1.45991028961940e-005 2.78177744371953e-006 6.99854445343580e-007 6.72656083019837e-009 -1.18411125447711e-008 
-2.46830771968426e+008 1.82337614443758e+005 1.03412186602762e+006 2.33153912727295e+003 -2.62094888635023e+002 -1.88229390183754e+000 -4.68234310788409e-002 -6.69457722401992e-005 1.53589992847105e-005 9.89600802708021e-007 -1.76998954995909e-007 
4.15780920811014e+006 -2.77770524566407e+007 -2.02276459485986e+004 1.93724096461298e+004 7.40980894095765e+001 -6.65043197882187e-001 -2.17554736172394e-002 -9.77252682487889e-004 -6.78523820237446e-006 -5.97803036753526e-007 -1.44821449105122e-007 
8.59108381015974e+006 -1.27453748393798e+007 -3.71740247597506e+004 8.82283016763718e+003 4.10558382383781e+001 -2.54304264864489e-001 -8.72648793284023e-003 -4.45552515509197e-004 -2.85048591044589e-006 -2.77433923735874e-007 -8.84488896990362e-008 
-1.98771767020430e+007 -1.82642389289507e+007 2.68683405930502e+003 4.24419404006898e+002 -3.85472732547058e-001 -2.96316834352333e-003 7.86059990241273e-006 -2.56580545726189e-007 
7.04984877220983e+008 1.97888496379612e+005 -9.86560260742257e+004 4.99901929181189e+001 1.16021803323681e+000 -1.93008064112843e-003 -6.39912349864949e-006 3.90000245510199e-007 
3.02665224439737e+008 5.29469856502273e+005 -4.23521404189540e+004 1.10961374271338e+001 5.06677015923418e-001 -7.55207917554004e-004 -2.76296324985701e-006 1.66361713739165e-007 
1.42542807448033e+009 5.29318400094608e+005 -3.07083981431280e+004 -9.68224409445374e+000 5.12927341315267e-002 4.35145624417204e-005 1.31385914955575e-007 
-1.03246048340449e+008 1.22700967065599e+007 2.21613116669381e+003 -4.35113072089845e+001 -2.03816674114451e-002 3.70621024589718e-005 -5.92630669429500e-008 
-1.04041202932474e+008 5.04535413972965e+006 2.23778308855838e+003 -1.75552141675977e+001 -1.06213994283673e-002 1.35142932862068e-005 -3.51546838344818e-008 
1.58319331952969e+009 -7.97968589598192e+006 -4.03660168924029e+003 3.11558050079354e+000 1.17832535080705e-003 -5.02757247984436e-007 
2.25569361828750e+009 4.23233393845781e+006 -5.74971375022524e+003 -2.19134200924727e+000 9.08995376233702e-004 1.21661443925058e-007 
9.65539756056311e+008 1.96649406503518e+006 -2.46114818902802e+003 -1.00374676170076e+000 3.80948658526350e-004 5.72992304122253e-008 
4.46959853809382e+009 -1.26733777452492e+004 -3.17520863441598e+003 -1.54151612494327e-002 1.87120827187150e-004 3.61969930687425e-008 
2.06761809890863e+007 6.99629344902279e+006 -1.47201350645404e+001 -8.28606631779298e-001 -3.09121663265920e-006 4.92589661235140e-008 
-1.02812953465878e+008 2.86393612405778e+006 7.30149954967565e+001 -3.38787025189503e-001 -5.81153859466238e-006 2.07174368807716e-008 
2.79049350416212e+009 6.57735772713027e+006 -1.20504438131006e+003 -2.84977887439939e-001 1.33287205669033e-004 -2.69185586163363e-008 
-3.96806512292765e+009 2.97979502229125e+006 1.71361814016622e+003 -4.82392098474288e-001 2.11059175230579e-005 8.71404669810272e-009 
-2.07908017923310e+009 -1.05183588847778e+006 8.97861717429283e+002 -6.46589100745882e-002 -3.31699398295393e-005 7.09085949570062e-009 
3.43446688230379e+005 -2.22921406082854e+004 -2.18865608154331e+004 -9.73583596179204e+000 1.25806195173401e+002 3.67997687128119e+000 -3.80671113383549e-001 -4.23600459692249e-002 -2.45853027713613e-004 2.88598125625554e-004 1.96570604155191e-005 -9.87384219234083e-007 -2.16697145314203e-007 
2.09417147403162e+004 1.56596198976606e+005 -1.31741311474692e+003 -1.62198255303793e+003 -2.05775128307449e+001 6.48696960097814e+000 3.80531948111682e-001 -1.20322712650060e-002 -3.25312282675647e-003 -1.17962701109795e-004 1.70002616118275e-005 1.96106709394048e-006 -9.76063873876285e-009 
1.45381875410692e+004 8.47592803417679e+004 -9.33143307987205e+002 -8.82041006428182e+002 -9.85837449039436e+000 3.56711025923674e+000 2.02658111539517e-001 -6.98472396286342e-003 -1.76935234976388e-003 -6.10640453467676e-005 9.43684539145692e-006 1.05480780484942e-006 -7.54504411905295e-009 
1.48240261155143e+005 -1.62837164613199e+005 -9.93649948461560e+003 1.81662711876943e+003 5.29458008491062e+001 -1.03108929674206e+001 -1.74448357783480e-001 6.83143206876412e-002 5.31964913089371e-004 -5.48505027155684e-004 1.05038499720681e-006 4.77322376483315e-006 -5.94419630918933e-008 
2.65696273180882e+005 7.42899920565122e+004 -1.76651899742870e+004 -7.26367406290472e+002 1.20781600549175e+002 2.75056545020916e+000 -7.11216293838521e-001 -9.04128609152017e-003 5.29983874906928e-003 1.82950788607500e-005 -4.46533006679915e-005 3.01674268317846e-007 3.97281552272215e-007 
1.45368781501352e+005 3.86371594276643e+004 -9.69563412958817e+003 -3.75729883545492e+002 6.62376220999802e+001 1.38797422667708e+000 -3.88379236796659e-001 -4.20539971430562e-003 2.88447335359301e-003 4.26916249446299e-006 -2.42420738707050e-005 2.13113166763033e-007 2.15153515240771e-007 
-1.87314540423909e+005 -1.55150557290347e+005 1.08699678830959e+004 1.29722509453836e+003 -8.46394905909226e+001 -1.19700106669173e+000 4.10074535317756e-001 -2.65994504990943e-002 -6.67417136226190e-004 2.22000748558873e-004 -1.16841216654327e-005 -6.74469301831797e-007 1.37021167404332e-007 
2.67928753584403e+005 -7.01718648437187e+004 -1.55464122602501e+004 8.97473379741817e+002 5.52447385026758e+001 -5.43130751750751e+000 1.38183202544106e-001 1.95681156723670e-002 -2.38312525371656e-003 4.09495544190162e-005 1.29855367180234e-005 -1.26676303819042e-006 2.04553759713536e-009 
1.43084420561862e+005 -3.97090800454503e+004 -8.32184961747119e+003 5.02042114896778e+002 2.91689983389266e+001 -2.96745513787835e+000 7.91436286872248e-002 1.03613512584761e-002 -1.30130834872178e-003 2.45192550348135e-005 6.93342992029064e-006 -6.94930169853346e-007 2.51846310192657e-009 
-3.77361951556787e+005 -2.84987469468857e+004 1.85961108300011e+004 5.10361695481730e+001 -6.37549796882895e+001 1.41701495870018e+000 -5.92121707394348e-002 -2.24875407009644e-003 6.61575734541397e-004 -3.45098670988931e-005 6.88280603071587e-007 8.15237638628495e-008 -1.33161305030221e-008 
4.34778365435786e+004 -1.43109478317279e+005 -2.26356898494965e+003 1.15862740383671e+003 -8.63013078267450e+000 -1.34090763722967e+000 8.05613772127962e-002 -8.72541912253034e-003 1.98032269350189e-004 1.94336048509509e-005 -2.14824651250901e-006 1.45532580342970e-007 -3.28990874664975e-009 
1.93511229883018e+004 -7.78795626303085e+004 -1.01352683181860e+003 6.30674496163972e+002 -5.42948350591156e+000 -7.19938947934113e-001 4.31868343512512e-002 -4.75545680669523e-003 1.14563854928315e-004 1.02125658669333e-005 -1.16015188751101e-006 7.98312615536587e-008 -1.92374323833316e-009 
-2.94774800074077e+005 1.07055252486546e+005 1.37908752270046e+004 -8.10297389856964e+002 -4.63815540134146e+001 7.16284299634054e-001 3.26305446915653e-002 5.08965105621918e-003 -7.42497171948124e-005 -1.33556064049984e-005 1.28465388193150e-007 1.22215877455425e-008 2.70965898170030e-009 
-2.19603116575987e+005 -1.09650559634761e+005 1.00809073336067e+004 8.45296259081268e+002 -3.08345105159479e+001 -1.33393462644513e+000 -3.55108498472259e-002 6.68851282546469e-004 2.75965093791086e-004 -4.85974386286283e-006 -3.66380601854555e-007 -1.69439507521326e-008 6.14240388186854e-010 
-1.22197986063070e+005 -5.81066258138913e+004 5.64005205405261e+003 4.49389501625650e+002 -1.74054667756743e+001 -7.19207701885798e-001 -1.86120506887628e-002 4.28824039271874e-004 1.49036989994410e-004 -2.80864262007241e-006 -1.98364392571468e-007 -8.98093572336261e-009 3.66986225821946e-010 
-9.01733053115307e+003 1.67440746973971e+005 3.35078144666812e+002 -1.35655046568315e+003 -1.56527128391359e+001 2.58710936654836e+000 8.98586810917919e-002 -1.66123484635813e-003 -1.78197059706180e-004 1.27267187394806e-005 5.63958956341905e-007 -6.50083185625915e-008 -4.41660260629866e-009 
-3.33525568816513e+005 9.49384607857150e+002 1.62877837424470e+004 1.13336724995707e+002 -6.04614173037099e+001 -1.23724668320717e+000 5.89528747632804e-002 3.91609849481766e-003 -1.01383478168691e-004 -6.80054467804358e-006 9.18321057537116e-007 4.72405972953688e-008 -2.77508576816643e-009 
-1.80343540091805e+005 2.65295799471400e+003 8.83917320156756e+003 4.35388902983361e+001 -3.31167320190130e+001 -6.36170727405533e-001 3.34638560324010e-002 2.10686961058255e-003 -5.74275846085351e-005 -3.53729482513796e-006 5.05662617785520e-007 2.47658652009003e-008 -1.56723960145513e-009 
2.76997930538906e+005 1.05337142049000e+005 -1.54180042139485e+004 -1.09775767472865e+003 5.23388829077510e+001 3.93750167723964e+000 2.02259049985457e-002 -3.18976381414413e-003 -2.30464946154842e-004 -3.55934950921882e-005 -1.82781384892168e-006 1.00950049431801e-007 1.34086545685789e-008 
-2.09455397451125e+005 1.19022169051469e+005 1.13614097227658e+004 -9.44478780214658e+002 -6.39713884913725e+001 1.18880804809926e+000 1.42471752948600e-001 4.13436908971122e-003 2.21088692308751e-004 3.75468636519597e-006 -2.18588358931692e-006 -1.72508260123003e-007 -4.25777123596189e-010 
-1.09435682852735e+005 6.58489316113131e+004 5.94957525346064e+003 -5.28110261604552e+002 -3.40287320047171e+001 7.05478894609503e-001 7.78395678821108e-002 2.19057171652224e-003 1.15838481639102e-004 1.51493428972093e-006 -1.21111304262791e-006 -9.21034497922481e-008 -3.24258634060390e-011 
3.36553083491129e+005 -5.05775070678973e+004 -2.10384446309690e+004 3.33862917315694e+002 1.18933416802246e+002 1.28460887336811e+000 -3.51695171897929e-001 -2.37942591901775e-002 7.87258641639046e-005 1.54618062248578e-004 1.00054575239567e-005 -4.03758264831149e-007 -9.22028080420410e-008 
7.34015932613329e+004 1.50426411397107e+005 -4.59823437721815e+003 -1.54507586377542e+003 4.87024320008475e+000 6.03425849933307e+000 1.97242751013354e-001 -1.19731249510416e-002 -1.82689351729957e-003 -5.92069267709902e-005 8.31321946202015e-006 9.31165771560751e-007 3.34646079232386e-009 
4.44540596683383e+004 8.06948292894408e+004 -2.79268263122879e+003 -8.33725858397532e+002 4.38669108760727e+000 3.29727280569622e+000 1.01715378954221e-001 -6.85917172849385e-003 -9.89325670864471e-004 -2.97829908004708e-005 4.65605205794670e-006 4.98848112802238e-007 4.41383572344040e-010 
-6.96575190596981e+005 8.70534303822029e+003 2.65568517480435e+000 -2.97015885545498e-002 -1.51304711955450e-002 2.26313605978729e-003 4.33796622828543e-004 -4.33904465396706e-005 -1.43048194286067e-005 6.73189286990271e-007 4.65844797825366e-007 
-7.40417578807679e+005 -2.20911044996037e+003 1.98347361680870e+001 9.03180114612919e-002 -1.29720726809206e-002 -2.09292870263112e-003 3.02149711405129e-004 6.76611725971325e-005 -5.68758694534579e-006 -2.23631840824308e-006 7.49728522324972e-008 
-2.94734193531772e+005 -1.12558405709358e+003 8.32480048104501e+000 5.50892973877708e-002 -5.67261220023760e-003 -1.35429505842160e-003 1.16557615738364e-004 4.06409917435505e-005 -1.55574993631481e-006 -1.26214370934897e-006 -8.22076808896280e-009 
-6.79144640578994e+005 8.72501463019193e+003 2.47680348243926e+000 6.59096318232652e-002 8.96478633296886e-003 -1.30347712779441e-003 7.81245035746744e-006 2.21284142463000e-005 -3.77661268980342e-006 1.60313383867740e-007 5.53594808839541e-008 
-7.44676277989280e+005 -2.04966444365363e+003 1.98012277929353e+001 -2.70667237708331e-002 7.16060514547407e-003 6.24285679349441e-004 -1.77448773958697e-004 1.57655459445123e-005 9.32939205790648e-007 -5.09478214163396e-007 6.24044598262775e-008 
-2.96918087134823e+005 -1.05831785073079e+003 8.34007044891050e+000 -2.26350848123995e-002 2.57679357303525e-003 4.69432011392845e-004 -9.55012794186890e-005 6.12746122879225e-006 8.89778298225494e-007 -2.86464167032045e-007 2.76114523148897e-008 
3.89087517596119e-006 6.69215089104171e-007 9.80688865162863e-007 1.28140312106950e-007 -1.07736186389168e-007 -1.48410830052927e-008 6.00059099410605e-009 1.11030433671315e-009 -2.41018469898083e-010 -6.15480341755825e-011 
4.23045134918127e-005 -9.73991085176912e-007 -1.44427592814888e-007 1.60889067671010e-007 2.21124212709855e-008 -1.17919336492204e-008 -1.76040660588245e-009 5.47197588631382e-010 9.93247345416804e-011 -1.94649442673323e-011 
6.73615409608871e-006 3.07387153842408e-007 -7.69311983119062e-007 1.55382886109561e-007 3.82884376699867e-008 -1.03240776737331e-008 6.90387675407155e-010 1.17652654206804e-010 -8.73396767770083e-011 1.94819383634817e-011 
4.17816426787215e-005 3.81246407948187e-007 -1.52293570565041e-007 -9.00138213364610e-008 2.01334265838236e-008 1.06836446011365e-009 -8.11267839398269e-010 2.06824842045547e-010 -4.82851093200489e-012 -1.23574105681274e-011 
7.50187077196300e-006 1.68240482935094e-006 5.61340209079296e-007 -1.15287860988974e-007 -3.62337372805543e-008 2.38181236390243e-009 9.02659704128000e-010 4.28155992894311e-011 -2.26832709150005e-011 -1.07163927633970e-012 
4.11986234716609e-005 -6.14163227695204e-007 2.06654041867767e-007 7.13826430640788e-008 -9.34649899374356e-009 -2.50711445319479e-009 -5.87676638788062e-011 1.02476478410723e-011 1.45312006619333e-011 2.37261491563674e-012 
9.88940051962617e-006 -2.15716527862740e-007 -3.01914536874681e-007 2.62648932164163e-007 4.88921416715756e-008 -1.06246325288810e-008 -2.70974111262499e-009 1.30139285198766e-011 5.98381329670479e-011 9.69086150126718e-012 
4.12866945895320e-005 1.83169676993100e-007 -3.44132907544881e-007 -6.95348147003271e-008 2.76845206267189e-008 5.70446222148681e-009 -4.82419191753540e-010 -2.13789371661376e-010 -2.38543428434749e-011 2.69468647976364e-012 
7.06705440703328e-003 1.77633665731575e-003 1.64399246125876e-004 -6.29838860700192e-005 4.39555713590783e-006 1.25505305013985e-006 -3.49998298699509e-007 -3.94212304267060e-008 1.12454997851205e-008 1.72040820575374e-009 
3.82782043287763e-001 3.56398173012296e-004 -1.35913161868839e-004 -2.34036022569460e-006 3.24752424091647e-006 -5.85116166975923e-007 -7.52884605720056e-008 2.48625747931600e-008 3.02333939882733e-009 -7.00697263562752e-010 
4.69729688986384e+003 9.18142171438435e-001 -1.57534682492534e-004 6.16301112959671e-005 -3.86041955641190e-006 -1.22954933996044e-006 3.15084814914869e-007 3.78846946069499e-008 -1.00427311428678e-008 -1.61939150247416e-009 
1.02488899936223e-002 1.01524216391466e-003 -3.23555730935427e-004 -3.96171023116854e-005 1.41362221371505e-006 1.12239253933104e-006 5.41965624035933e-008 -2.45322822770478e-008 1.56808828413338e-009 1.46721446741601e-010 
3.82528661987911e-001 -5.61306553380840e-004 -7.61711357306206e-005 1.34046165237076e-005 2.57729308372352e-006 1.02563858128217e-007 -6.65752498913999e-008 -1.21789051988092e-010 1.01027975876098e-009 -1.68429422462589e-010 
4.69913357655281e+003 9.18924443310914e-001 3.15706833572334e-004 3.58154292999337e-005 -1.55077732481822e-006 -1.00758863556826e-006 -5.20673891949710e-008 2.23993796346046e-008 -1.34466091203966e-009 -1.46345044026859e-010 
9.38702354532008e-003 -1.71142050158614e-003 -1.14035142219397e-004 8.75366125570989e-005 5.35721651663537e-006 -1.43315302310009e-006 -1.25846101799173e-007 1.18501754015570e-008 1.75811950133036e-009 5.37900978410560e-012 
3.81618163999101e-001 -1.18367470952596e-004 1.85100607107686e-004 1.03124504135356e-005 -4.49093822483077e-006 -3.27020737157579e-007 5.30672010968714e-008 5.70324404800703e-009 -2.21055971325541e-010 -6.49153498120340e-011 
4.70097417464965e+003 9.21502806746533e-001 1.01290033548925e-004 -8.29142014925260e-005 -4.90647022374849e-006 1.33791661835049e-006 1.16716632440962e-007 -1.10263197023737e-008 -1.63567964883780e-009 -3.03513857772242e-012 
7.83306303763581e-003 6.69306219116985e-004 4.61519825385304e-004 -3.94752746680577e-005 -1.05427712422253e-005 1.51249696879254e-006 1.97912058586443e-007 -2.60747272131779e-008 -4.30183430288785e-009 -9.82462823215341e-012 
3.82425856011990e-001 7.12557503886709e-004 -5.38606125467149e-005 -2.84625035517737e-005 3.14117483653099e-006 5.20446696274674e-007 -8.29174466270477e-008 -1.13497460363214e-008 7.61959130564802e-010 2.10325650160514e-010 
4.70281536585705e+003 9.19205735796972e-001 -4.41705273103513e-004 3.72661824111804e-005 1.00326047437209e-005 -1.38927949450905e-006 -1.84171794783898e-007 2.36784730151025e-008 3.90824967337572e-009 1.07320760289480e-011 
