-4.50344649047229e+006 1.33395535010300e+007 5.33004780054983e+004 -2.61528565519523e+004 -1.73644942904810e+002 -1.37323615187317e+001 -1.11231152273733e-001 2.71372859325131e-003 1.70007048572680e-004 2.42612362104986e-005 5.93439032277860e-007 4.17097267164672e-008 7.97473081283488e-010 3.37833686461566e-011 
-6.00479561346893e+007 2.73703979797991e+005 7.21236139226906e+005 2.26499685094000e+003 -2.72033160720886e+002 -3.50107008657530e+000 -5.92901076778871e-001 -8.06182311928377e-003 -6.30838026594023e-004 -6.68129268964268e-006 -1.95215254922399e-007 7.21617683232537e-009 8.49817157290617e-010 3.47461594279789e-011 
-3.16857056219094e+007 -1.23736395384444e+006 3.79738167492724e+005 3.92174155940681e+003 -1.27307468578248e+002 -4.46241950053287e-001 -3.05177533591075e-001 -4.58779356040224e-003 -3.54604618149857e-004 -6.08465611656699e-006 -1.65813080754919e-007 -4.70269471451120e-010 3.71251483685546e-010 1.50620431813843e-011 
2.15606925734947e+007 1.24417894965476e+007 -2.86612381743839e+005 -3.12237532542999e+004 -4.61302504216440e+002 -1.37996615209365e+001 2.30019356395825e-001 3.12084348888916e-002 2.05602302692873e-003 1.01031396447284e-004 3.68241246662154e-006 9.29488670414621e-008 -7.14732586701233e-010 -2.54230744788545e-010 
-5.37038291391620e+007 6.06741664190776e+006 7.17170462723573e+005 -3.54176972538973e+003 -5.15460087526017e+002 -2.29622168695726e+001 -1.13922071444540e+000 -3.18222106339163e-002 -7.40478547251412e-004 1.67622045947816e-005 2.50521728928460e-006 1.75810103496022e-007 8.80991732178874e-009 3.41592644758875e-010 
-3.10002145259672e+007 1.95057278757063e+006 4.12812603485237e+005 1.34573092878676e+003 -2.27511662253488e+002 -1.08348682511747e+001 -6.32391256335456e-001 -2.02346038903030e-002 -6.08735807651596e-004 -1.52220801291061e-006 9.56382486720745e-007 8.42748786960345e-008 4.78012654707903e-009 2.08830983411447e-010 
4.28650292747732e+007 8.50785128857177e+006 -7.12468397270305e+005 -4.00274873791645e+004 -5.54448094397803e+002 1.41551481721379e+001 2.80201335516461e+000 1.87058572362407e-001 8.44721203971001e-003 1.95629365342731e-004 -8.18984685972577e-006 -1.36132967521216e-006 -9.92201946530171e-008 -4.73742221710202e-009 
-3.60952753254865e+007 1.14483732843553e+007 6.04311158220640e+005 -1.72816978321419e+004 -1.32752363663836e+003 -6.18699176551394e+001 -1.99658671690263e+000 -1.02564282539028e-003 5.18473698289058e-003 4.64863702456790e-004 2.57361114692664e-005 8.84264757749919e-007 -1.98820990813197e-009 -3.10405233717227e-009 
-2.38040158794312e+007 5.23285297241909e+006 3.96684011487111e+005 -5.08089016460633e+003 -6.51635074519494e+002 -3.45169680947705e+001 -1.35706700219021e+000 -1.99442931430011e-002 1.89363773700583e-003 2.28032226899720e-004 1.45967396933577e-005 6.13508406303417e-007 9.22626260476223e-009 -1.16686781613435e-009 
5.25894137359205e+007 7.92426715445985e+005 -1.21858867272422e+006 -4.06248598480824e+004 9.87352419112137e+002 1.74074266035138e+002 1.11898192744888e+001 2.72115788722491e-001 -2.31476206858447e-002 -3.34724680955768e-003 -2.03981937407693e-004 -3.07614396555788e-006 7.26927748830348e-007 8.63781470610474e-008 
-9.34694706657156e+006 1.49835539466486e+007 2.21601081217392e+005 -5.04182475340046e+004 -2.85374026029243e+003 -6.76164430229038e+001 4.45794056885614e+000 6.54509202947691e-001 3.94003748451716e-002 6.70374011596254e-004 -1.22564794197031e-004 -1.49014112625384e-005 -8.19445987851427e-007 -3.65193112954834e-009 
-1.05248473778364e+007 7.92127911138331e+006 2.44731274107773e+005 -2.27195809642932e+004 -1.62676966370962e+003 -5.41688873458308e+001 1.22101751862533e+000 3.21404608188157e-001 2.34468090118327e-002 7.05176970222808e-004 -4.43195002892594e-005 -7.64095220019379e-006 -5.13101800835295e-007 -1.09074563430712e-008 
-1.03320212786546e+008 -5.52989966332562e+006 1.32582484956300e+006 1.11629701671773e+004 -1.43821256725566e+003 -5.96119689684150e+000 6.91777985155680e-001 3.91196157153337e-004 -2.40369958187154e-004 1.15605459496262e-006 
2.00210649904237e+007 -2.16019454331380e+007 -2.48214365135856e+005 4.60467586635886e+004 2.37627959680294e+002 -3.10234479184616e+001 -6.01503685492646e-002 1.19389044886106e-002 -2.77338995357209e-005 -4.07247623899731e-006 
1.55249971686897e+007 -9.36937099898972e+006 -1.95572943561454e+005 2.00105509172873e+004 1.97922598449829e+002 -1.35805711326753e+001 -7.08384934120317e-002 5.34668559402218e-003 2.73322984977057e-006 -1.90541540439663e-006 
-1.03627664192140e+008 5.21808494756238e+006 1.32067379963886e+006 -1.19113536696354e+004 -1.39477364020047e+003 9.96328668712591e+000 6.05420627930863e-001 -6.07825334904543e-003 -1.50456455867241e-004 3.40376304208716e-006 
-2.34042095275465e+007 -2.13598950964358e+007 3.06732128796114e+005 4.49168537246229e+004 -3.71248842070550e+002 -2.86789471769872e+001 2.42233367439289e-001 9.08239831175339e-003 -1.36654454501534e-004 -1.74368576465936e-006 
-3.99375912172393e+006 -9.94060504593702e+006 5.44296497683934e+004 2.09623532008225e+004 -7.87668054784224e+001 -1.35334667902380e+001 7.06720788667733e-002 4.47091823187409e-003 -5.19605538610846e-005 -9.99912912427592e-007 
9.77008437216974e+005 -2.08813621361211e+007 -4.68618399075390e+003 1.73213462201306e+004 9.01972084137991e+000 -4.93443288154583e+000 -5.72475513356936e-003 7.86231734561026e-004 -7.28028173743895e-005 1.13394819157556e-005 4.88500119954337e-006 -5.82162445326172e-007 -3.50997312233277e-007 
1.35026348865695e+008 5.10151895474817e+004 -6.70398974724028e+005 -2.22166287014079e+002 2.91528990253552e+002 2.52510137949094e-001 -6.56568876529499e-002 -6.22231071934834e-004 9.53942049598082e-005 3.30090821767394e-005 -4.65030453280881e-006 -2.27289428668714e-006 2.29123511772272e-007 
5.85263895294994e+007 2.23071090176714e+004 -2.90638640795047e+005 -9.63568226738236e+001 1.26385913700312e+002 1.09263763122592e-001 -2.83144861553115e-002 -2.46533815451904e-004 2.90456686597182e-005 1.25426269463669e-005 -1.22922475467985e-006 -8.49836851177470e-007 5.13350842914107e-008 
-4.01682146493926e+007 -2.00924852722385e+007 2.00775742733345e+005 1.66765148927029e+004 -8.90913130284487e+001 -4.76328107096990e+000 2.18741864780310e-002 8.66771989399283e-004 -4.66358620900528e-005 -9.15580464456399e-007 1.15276440107256e-006 2.11401059665501e-007 -2.24341434481301e-008 
1.29812619619928e+008 -5.24371964063567e+006 -6.45189673172265e+005 4.39711297811648e+003 2.80921723900922e+002 -1.29705531198713e+000 -6.36224330271275e-002 3.84876511619526e-005 5.33106387534191e-005 1.06283827246231e-005 -3.41469771221685e-008 -3.64266386515264e-007 -5.08062465337357e-008 
5.62664563607491e+007 -2.27312578424270e+006 -2.79710115105684e+005 1.90624441457829e+003 1.21787366179948e+002 -5.62165457122723e-001 -2.74493637975230e-002 1.00220948878805e-005 1.57963883553641e-005 4.44685499753956e-006 2.04274631056804e-007 -1.24470982224917e-007 -2.57445616642808e-008 
-2.05763500549392e+007 -3.20386562532188e+007 9.80334748167440e+004 2.50187692701643e+004 -2.52262246541465e+002 -1.53946179763291e+000 1.12088298301867e-001 -2.94376654850934e-003 3.61607701995828e-005 7.16243254836711e-007 -1.98572730142978e-007 
2.13710589628558e+008 -3.74358950876093e+005 -1.02306821883682e+006 6.20986692405133e+003 3.16684182735833e+002 -5.95612844803310e+000 7.23989687689380e-002 7.29979848495235e-004 -4.62402952073075e-005 -1.02139580036839e-007 2.40126089069306e-008 
9.85502763286714e+007 6.93663621068246e+005 -4.71898288977923e+005 2.17237448754623e+003 1.52077386520789e+002 -2.69041435884244e+000 3.00862457789381e-002 4.19224703479280e-004 -2.09944855741783e-005 -1.78374089316602e-007 3.15723880001095e-009 
1.99592166649151e+007 1.78321239021420e+007 -2.61572239108064e+003 -3.91114931145258e+002 -2.93807813747530e-001 2.13602614284749e-003 7.18248751043314e-006 3.19351868764518e-008 
-7.20464642860825e+008 1.36731481578025e+006 9.44803989934590e+004 2.19688061478749e+001 -9.93931447725238e-001 -1.45726646381816e-003 1.76891763209857e-006 -9.52658655215828e-008 
-3.09306557676338e+008 1.51843432122422e+005 4.05608909195122e+004 1.89388176815961e+001 -4.18874897279835e-001 -6.77311763747888e-004 5.28513842784109e-007 -3.64601277183729e-008 
-1.23503412645396e+009 -6.76934391185768e+006 2.94161655751578e+004 2.01910487050933e+001 -7.07829626671001e-002 6.40157911932408e-006 1.11843073452576e-007 
5.61668760658262e+008 -1.11363082622296e+007 -1.33677633852551e+004 4.72422743160028e+001 1.28855871270143e-002 -8.09249406408746e-005 -2.28264693622722e-008 
2.85157035798555e+008 -4.30832329691453e+006 -6.78772939387571e+003 1.86429911763921e+001 8.36568285330536e-003 -3.36441060752420e-005 -1.01595262074488e-008 
2.93792465101646e+009 1.92075209513190e+006 -6.86424909909983e+003 -7.21427335341676e-001 1.12023345076563e-003 -6.32407649619046e-009 
-5.66705994647654e+008 8.03663482993992e+006 1.32346274878178e+003 -3.13812424735711e+000 -2.00691262033509e-004 2.52117286246279e-007 
-2.89755997538717e+008 3.49268188426954e+006 6.76726621869424e+002 -1.36423210958859e+000 -1.03892260168563e-004 1.08674025789830e-007 
3.50986106761920e+009 4.64257176709894e+006 -2.45523283607766e+003 -5.60376733039257e-001 1.37571709722318e-004 5.77809417108003e-008 
-2.56550149481992e+009 5.51575221760340e+006 1.79482570636245e+003 -6.29582887703311e-001 -1.05519682509913e-004 1.54159172801904e-008 
-1.13745599323974e+009 2.14204487827737e+006 7.95754984515177e+002 -2.43755836745570e-001 -4.65563536592850e-005 5.13833797973805e-009 
-1.07428498304637e+008 7.64860530493180e+006 6.60059491316232e+001 -7.88765362507761e-001 1.39159260105692e-004 1.25653911446468e-008 
-4.49047557518375e+009 -6.37530295929970e+005 2.75345856179271e+003 -2.76847298817493e-001 -1.95939459939199e-004 9.01114324256421e-008 
-1.36897096485402e+009 -2.50345720065480e+006 8.39372166025592e+002 1.51643858297997e-001 -1.02731145304767e-004 1.10524356823254e-008 
3.29812423285804e+005 6.18246997446864e+004 -1.86400710065945e+004 -7.74632932558436e+002 7.02834902783619e+001 3.82859572689728e+000 3.05318164059324e-002 -4.98351897255877e-003 -8.43428822622747e-004 -6.16995815106773e-005 1.55238114682169e-007 3.32767745031394e-007 2.52493932972603e-008 
-1.37699075929781e+005 1.41107580009041e+005 7.56754258560232e+003 -1.18668702633444e+003 -5.41069721283647e+001 1.76869065931586e+000 1.68289322548659e-001 9.04396415479607e-003 3.03413131015172e-004 -3.47612882331607e-005 -4.93686801924223e-006 -1.89032668550835e-007 8.02118725893708e-009 
-5.61196652321255e+004 7.75858927866479e+004 3.06851404781730e+003 -6.67552301807151e+002 -2.51055268950912e+001 1.13623516770675e+000 9.07009306632690e-002 4.51579502467625e-003 1.17074886642743e-004 -2.15148811061624e-005 -2.60240330310724e-006 -8.29408904971600e-008 5.53585117056762e-009 
2.92082473270225e+005 -9.98095479988720e+004 -1.88357743792692e+004 8.82162636732606e+002 1.21885875938583e+002 -1.12356166253359e+000 -5.62763187522890e-001 -2.29871150191015e-002 2.19383828469119e-003 2.89317146543278e-004 -2.16890999488163e-007 -2.21899348863316e-006 -1.22371253147390e-007 
1.52496620453699e+005 1.34495621453011e+005 -9.76752027588822e+003 -1.47328727709569e+003 3.76851398121719e+001 7.39080977440784e+000 1.09093665678877e-001 -3.21338749029059e-002 -2.54687015478348e-003 8.14227666299967e-005 2.35237936730301e-005 6.81465792402459e-007 -1.44796446330086e-007 
9.51525244169404e+004 6.59484383887423e+004 -6.11803093824453e+003 -7.34886067143544e+002 2.61840194005820e+001 3.85550520762126e+000 2.87535509900964e-002 -1.81733935949769e-002 -1.23407225969239e-003 5.78468852834460e-005 1.24250625969128e-005 2.46815656185195e-007 -8.28035428041712e-008 
-5.55855084321599e+003 -1.81665112776839e+005 2.71041878707172e+002 1.92612122271866e+003 -2.17745037424233e+001 -9.54243395060830e+000 2.97474854430583e-001 5.28000948844674e-002 -3.00145821191650e-003 -3.53262758101430e-004 2.97567253543388e-005 2.45692803164312e-006 -2.97090788533880e-007 
3.01432938922866e+005 6.15319236414530e+003 -1.95339125961901e+004 7.33890212057143e+001 1.22539213252922e+002 -2.23432666017328e+000 -6.12092740374511e-001 2.56361907044269e-002 3.84166657393768e-003 -2.56853322543691e-004 -2.67091171847325e-005 2.58701062669655e-006 1.85959708385314e-007 
1.58606889980303e+005 -6.05529147166519e+003 -1.03119190123310e+004 1.37273073222765e+002 6.37590019440241e+001 -1.66927904307856e+000 -3.08669396153358e-001 1.62544304866616e-002 1.87800678125763e-003 -1.53853290358873e-004 -1.26004701272894e-005 1.49321141385182e-006 8.31311231362823e-008 
-3.04776005368495e+005 -1.03488210390364e+005 1.70126398433894e+004 6.86803166084638e+002 -9.40929396802197e+001 1.67059078319238e+000 2.21798630275330e-001 -2.88762099459961e-002 7.86582123590842e-004 1.20353661957340e-004 -1.37610259286341e-005 2.70016521868120e-007 7.42971963799728e-008 
1.79347411968644e+005 -1.20090141833561e+005 -9.97610233585709e+003 1.23766003157729e+003 1.66890789384854e+001 -4.59466401225710e+000 2.59986582289155e-001 3.44645568680322e-003 -1.90623472603719e-003 1.13215203134678e-004 3.47666963231458e-006 -1.01679530273541e-006 5.52484705856778e-008 
7.87504809147587e+004 -6.87679213230691e+004 -4.39568548353928e+003 6.90502871867953e+002 4.04169862218820e+000 -2.34870494845657e+000 1.48689590263691e-001 3.52933233219521e-004 -9.67747982068344e-004 6.59993748231632e-005 1.13610890766160e-006 -5.23752515588218e-007 3.30001708361578e-008 
-3.65418501674461e+005 4.33340304375473e+004 1.76850894802665e+004 -4.63621733330593e+002 -5.16807373815657e+001 1.40863980773604e+000 -8.86592135314948e-002 2.82298869320673e-003 4.44533098826684e-004 -2.95456320462068e-005 1.36584104418707e-006 -2.38246212883432e-008 -7.42417183059146e-009 
-9.37272160235986e+004 -1.40909774578669e+005 4.43723505905091e+003 1.06375956629733e+003 -2.55446177691565e+001 -6.58634308718215e-001 2.72905686333929e-002 -8.18224020997741e-003 3.56616827678250e-004 4.36854553516970e-006 -1.02331938976087e-006 1.27075037296256e-007 -6.75159671426310e-009 
-6.85843169697514e+004 -7.21480842947571e+004 3.27072384617978e+003 5.39340193460053e+002 -1.62289038714002e+001 -2.81710849707105e-001 9.94485348041269e-003 -4.17538805852305e-003 2.11525062978387e-004 8.16561560297458e-007 -4.71693663775000e-007 6.59071740914204e-008 -3.95004116040291e-009 
-1.63740750399180e+005 1.50109985276362e+005 7.83697467747246e+003 -1.13466813926400e+003 -3.32191995411581e+001 1.12138921592796e+000 7.85842353139101e-002 5.95772678948048e-003 -2.05647087330514e-004 -1.94871299641364e-005 -2.00507838322793e-007 4.51082920774390e-008 4.99888607791041e-009 
-3.05223339517237e+005 -6.23598145953249e+004 1.42749646134574e+004 5.31113576504741e+002 -4.38950524509091e+001 -1.43011167006352e+000 -3.77685886636042e-002 3.52006304207097e-003 3.49313633175700e-004 -5.23791599531023e-006 -7.94678445018177e-007 -4.70783775708792e-008 1.88868906409160e-009 
-1.69652332936080e+005 -2.49942330338531e+004 7.96502684401070e+003 2.21386110152834e+002 -2.50648853009859e+001 -6.99776642245619e-001 -1.55778746538466e-002 2.18073188947803e-003 1.74033288196992e-004 -3.81688207917341e-006 -4.32190358863982e-007 -2.24640673877430e-008 1.26601068974093e-009 
1.51345818487018e+005 1.51876230827430e+005 -7.79032198718378e+003 -1.34863500457863e+003 1.52596868998090e+001 3.71165733039893e+000 7.23455874393367e-002 -7.19821414507194e-003 -3.02219644854819e-004 2.76286819370824e-005 1.10948344071627e-006 -1.36032381956020e-007 -8.35902600465362e-009 
-3.05476012714659e+005 6.31431858650615e+004 1.54672049202921e+004 -3.97843892506999e+002 -6.87429713053632e+001 -3.24822646631218e-001 1.38269817298319e-001 5.01244368908739e-003 -3.50277945043286e-004 -1.48363472573079e-005 1.73244938474742e-006 8.80269601799696e-008 -7.42158410842456e-009 
-1.53020133750691e+005 4.14785335071280e+004 7.76551603682596e+003 -2.82804529271619e+002 -3.56302609235092e+001 2.87493100957554e-002 7.72580944851536e-002 2.26679875287788e-003 -2.01749514936410e-004 -6.38362409296073e-006 9.76508491909693e-007 3.93049506278947e-008 -4.37760413198091e-009 
3.48332542085146e+005 3.48469735141568e+004 -1.99616926079378e+004 -4.92407192754272e+002 8.87931033115773e+001 2.82043961767365e+000 -1.32896548803001e-001 -5.61080611627741e-003 -2.23435050811457e-005 -3.02443210038590e-005 -7.66070216363212e-007 2.38931773218599e-007 1.10810109701861e-008 
-8.32706447339931e+004 1.49902291085195e+005 4.53564334311990e+003 -1.34561535988708e+003 -3.74253849872154e+001 3.42995768434980e+000 1.39580363946994e-001 -2.14223261854508e-003 4.27247525693911e-005 5.34747002832613e-007 -2.86057942365481e-006 -1.10589476155753e-007 1.15861449465413e-008 
-2.50524575756394e+004 8.10877716097104e+004 1.32370357748091e+003 -7.39055024468351e+002 -1.50366513045117e+001 1.97197136709174e+000 6.68089939420951e-002 -1.44653758594095e-003 2.08444836561818e-005 -1.34762758597730e-006 -1.55432831221962e-006 -4.56016508938356e-008 6.73532006539224e-009 
3.28974913962594e+004 -7.62335013680337e+003 -4.80503390804265e+000 2.39416465583163e-003 4.35908912335757e-003 1.06448906245057e-004 -1.51806152810250e-006 -2.39549770336500e-007 -3.44816315951439e-008 -1.38745693342877e-009 -1.45525724944717e-010 
6.83137129788869e+005 7.59510863328915e+002 -1.93585507751918e+001 -1.16547691382393e-001 -4.59815089427485e-004 1.39107109695704e-004 8.84475848715085e-006 3.89835690985408e-007 3.18412734198917e-008 -2.04922539904616e-008 -1.82457151477591e-010 
2.84412061041765e+005 4.71275839970670e+002 -8.05995247527966e+000 -5.55282220432961e-002 -4.23738484901537e-004 5.90773142499374e-005 4.78238301371774e-006 2.34422299305573e-007 2.06984753935594e-008 -8.42507187479074e-009 -7.46834803065963e-011 
1.76133591991641e+004 -7.66037133857188e+003 -4.31204998303471e+000 7.96131854853316e-002 3.86861925022774e-003 -4.05385024927810e-004 -7.15193424924764e-005 -6.67457073684965e-006 -2.21216159494200e-007 6.29714326706783e-008 1.42380488802891e-008 
6.84496967692540e+005 5.99234306775297e+002 -2.06583447063433e+001 -8.50772887564936e-002 5.60380477964138e-003 4.88801818093082e-004 5.23608720807289e-006 -4.42180425298248e-006 -8.43917253970275e-007 -1.08926935490256e-007 -3.24081270369988e-009 
2.85288036401671e+005 4.04162460207634e+002 -8.69849851200387e+000 -4.31206255098758e-002 2.76367919605044e-003 2.97326064934574e-004 1.01762357660318e-005 -1.66826015948611e-006 -4.27812944519526e-007 -6.22892132954019e-008 -3.19629732165880e-009 
3.79616296300417e-005 -7.47718310763727e-008 2.46283794727983e-007 3.16420931830292e-007 5.33523216826016e-009 -1.81241712737005e-008 -2.19700976134142e-009 3.47535882369230e-010 1.30576330005260e-010 1.05628178591509e-011 
3.62433335917535e-005 -3.33538060156821e-007 -3.76970396233752e-007 1.43865367372859e-008 3.80669604543466e-008 2.48401320115396e-009 -1.37059557057079e-009 -2.90008568883889e-010 1.04633587686586e-011 1.43253815882985e-011 
4.13517032843663e-005 2.24002655202472e-006 -8.91657869534712e-007 -1.24114815649375e-007 9.53659329501475e-008 -1.16944535509061e-009 -5.16804364659230e-009 6.73130197405320e-010 1.89461088095916e-010 -4.79076814697921e-011 
3.58221072468674e-005 5.50795771846484e-007 1.94096319224294e-007 -1.38234692416963e-007 -7.25163221304883e-009 1.01143487148307e-008 -6.47982320984969e-010 -4.43599332239217e-010 6.86033554237988e-011 1.38957443373178e-011 
4.28244740341362e-005 7.49548883721618e-007 6.46385969859795e-007 1.95761176131976e-008 -3.64522404787899e-008 -3.37495430909188e-010 1.68545683541900e-010 5.80129616784092e-012 2.07997689111420e-011 3.52301009498737e-012 
3.59892969244071e-005 -5.23003639760813e-007 3.54034708823959e-010 8.42353602818655e-008 1.34281742313184e-010 -2.10268138165382e-009 -2.97577399074222e-011 1.20856017638291e-011 1.47485275091795e-012 -2.44623966811429e-012 
4.54665986505776e-005 5.49276514478888e-007 -7.36013844345961e-007 3.71821015367241e-008 6.27894469797273e-008 1.82837722179113e-009 -1.86659062316999e-009 -1.56494426592296e-010 2.08078174418118e-011 4.03241502142455e-012 
3.63109587272746e-005 7.93115191776182e-007 -7.96988725297584e-008 -1.15008802679000e-007 9.05822327336624e-010 5.56979246032207e-009 2.79930910417502e-010 -1.36355373855412e-010 -6.85773175444943e-012 3.28759464717492e-012 
3.26272131210325e-002 8.65662318335099e-004 4.31683619139803e-004 -4.52794838432223e-005 -4.31152788129093e-006 1.69480755792207e-006 -2.08792908179294e-008 -4.36139735480826e-008 -2.19831385616145e-009 5.75741045182604e-010 
3.85883078739390e-001 7.88139996436314e-004 -7.12713560654206e-005 -2.11404246417588e-005 3.40356213699799e-006 2.17036600195844e-008 -1.08566957966002e-007 -1.02579204631731e-009 2.17880889679193e-009 2.50374180736467e-010 
3.23281877046914e+003 9.19075023803231e-001 -4.14019530722524e-004 4.30633943850663e-005 4.33856094352889e-006 -1.55636188650863e-006 1.56493445508687e-008 3.94071620176596e-008 1.97162229041862e-009 -5.15091497521872e-010 
3.60300820686252e-002 2.06342622392061e-003 -1.50579038302001e-004 -6.51415570109480e-005 -4.02616897202957e-006 8.96640641706740e-007 2.76828111358632e-007 -3.20138762728523e-008 -6.14380895534179e-009 1.51347487879581e-009 
3.86480181798749e-001 -2.62477593854342e-004 -1.61361520823484e-004 1.54562027897321e-006 2.92439430316460e-006 5.14824734216082e-007 -5.66032160212915e-008 -1.73136202737394e-008 2.77952629788693e-009 2.53650825146055e-010 
3.23465534639647e+003 9.17965323130004e-001 1.53965425446841e-004 6.15101723079142e-005 3.29086365272623e-006 -8.24250141183786e-007 -2.46536755536227e-007 2.84999761238387e-008 5.50517545722592e-009 -1.35125081639817e-009 
3.70662324685052e-002 -1.30653814274313e-003 -4.47605641355861e-004 6.32121393164170e-005 1.22076461715705e-005 -9.09290808467316e-007 -1.66797088137053e-007 5.38960693188637e-009 8.56690058588262e-010 8.47475031000252e-011 
3.85366028089017e-001 -5.88231652520480e-004 1.40477114708905e-004 3.09896442597977e-005 -3.09374529462358e-006 -5.76386563478807e-007 3.19776840754266e-008 5.18880009967792e-009 -7.47338038910916e-013 1.66396722745937e-012 
3.23649424224761e+003 9.21179515484807e-001 4.18408248292862e-004 -6.03156827842552e-005 -1.13187756742780e-005 8.48008815378547e-007 1.54615619660166e-007 -4.77477367135016e-009 -8.22371349949746e-010 -8.00034453783268e-011 
3.41542135399158e-002 -7.67839175579892e-004 4.98593809667703e-004 2.06011538416661e-005 -1.35213617922416e-005 3.40656874541799e-007 2.50687595055864e-007 -8.56229040413303e-009 -3.83659308269155e-009 5.29052304657650e-011 
3.85614068019244e-001 7.77375301885903e-004 7.61963414573939e-005 -3.35613858872387e-005 -1.05201273634534e-007 7.02335777069103e-007 -2.48005750782348e-008 -1.20565166766022e-008 2.28346957245049e-010 1.60933076821499e-010 
3.23833684782467e+003 9.20636143060225e-001 -4.74461699636967e-004 -1.95344015642772e-005 1.27087770442856e-005 -3.07759316152157e-007 -2.32643471855702e-007 7.97702613894265e-009 3.55252828679202e-009 -5.28107452887632e-011 
