2.22986131913535e+007 -1.76817219978348e+007 -8.83625090808126e+005 1.07218776560844e+005 6.33021717478179e+003 -4.63512522946154e+002 -5.07331351181953e+001 2.01280487693443e+000 4.36605556404481e-001 -4.83648401650814e-003 -3.79658963446864e-003 -6.02871313789655e-005 3.22586514668553e-005 1.45622714247301e-006 
3.56467825885441e+007 7.09721570404766e+006 -1.42703521777936e+006 -6.17260334768772e+004 6.52379485423577e+003 4.75520059801026e+002 -2.99097270088409e+001 -4.07669972422565e+000 1.23567787364576e-001 3.59784095957084e-002 -8.22046753844490e-005 -3.15044885279569e-004 -7.83509419543829e-006 2.67893203292203e-006 
1.66930845595197e+007 5.62480462193213e+006 -6.70589115890046e+005 -4.40930977201464e+004 2.82802767980541e+003 3.02080504010680e+002 -1.07135508291826e+001 -2.38636234868146e+000 2.07131644294870e-002 1.97195582982666e-002 3.49922693254375e-004 -1.62027354056761e-004 -7.53140185973801e-006 1.27989521386940e-006 
-1.54719556450995e+007 -1.88396140292817e+007 5.89769159725491e+005 1.05535881331932e+005 -5.95202842418273e+003 -3.14614992196356e+002 4.92148139212590e+001 -1.87762805527137e-001 -3.43987942300250e-001 1.82466088862920e-002 1.81637212980691e-003 -2.41830943822448e-004 -2.94232691686600e-006 2.24990129074981e-006 
3.75741389757654e+007 -5.15830560899562e+006 -1.41629762983820e+006 5.95995150168912e+004 5.16168024261224e+003 -5.05615999007544e+002 -8.37305180663079e+000 3.74041193468080e+000 -1.18253485124426e-001 -2.25766524814334e-002 2.06233220564433e-003 8.06935535130596e-005 -2.15017539570148e-005 4.27651327179080e-007 
2.16399379673764e+007 -8.01366927553479e+005 -8.17693781183575e+005 2.08874604688713e+004 3.37453275059961e+003 -2.37438487393239e+002 -9.57767614938054e+000 2.01741646023947e+000 -2.74820463528386e-002 -1.39520877922643e-002 9.13175490499242e-004 6.81883252619049e-005 -1.11799322766490e-005 -4.95988157235835e-009 
-4.56587186796199e+007 -1.08034366018738e+007 1.24652317144125e+006 9.20529411878529e+003 -4.26058780969951e+003 2.56539355723409e+002 -2.37534428445540e+000 -1.02674177804048e+000 9.95059719209693e-002 -3.15555833045564e-003 -2.80408085699502e-004 4.38604502131498e-005 -2.33597273792987e-006 -5.19367969260078e-008 
1.87109330320761e+007 -1.29346449257604e+007 -5.05997799024332e+005 7.39857091682764e+004 -1.94267777363457e+003 -1.16441869063985e+002 1.74626805971602e+001 -8.88278268536299e-001 -1.34267660538337e-002 5.96697066975188e-003 -4.56328569607055e-004 6.48368898034275e-006 2.15013725409048e-006 -2.39618139488637e-007 
1.46948232606020e+007 -5.78871735335778e+006 -3.99584883305466e+005 3.85645325864276e+004 -5.95715290798293e+002 -8.88090408322928e+001 9.57408433542138e+000 -3.67966093139386e-001 -1.74939821816225e-002 3.51459085020482e-003 -2.14660022562819e-004 -1.08652970896819e-006 1.39081294937154e-006 -1.22604242782898e-007 
-5.75344392139905e+007 -1.20624024807610e+006 1.09264774748316e+006 -2.59100024340132e+004 -6.95069712787310e+002 9.16787629454348e+001 -5.98523266233043e+000 2.21472355711807e-001 -3.66281634814182e-005 -7.76337829327340e-004 7.20793141499205e-005 -3.85391815742686e-006 8.68616727957655e-008 6.92898569229577e-009 
-8.81576137267525e+006 -1.40286620614076e+007 1.70499287262187e+005 3.92386610716231e+004 -1.87189361408243e+003 5.67303069780704e+001 5.32435677273898e-001 -2.21294478776779e-001 1.77276411865440e-002 -8.40983163804081e-004 1.30726674785279e-005 1.94852219481827e-006 -2.37182133168144e-007 1.51172473469167e-008 
1.22263855200865e+006 -7.36863851331443e+006 -2.22722928779014e+004 2.36470433198854e+004 -9.27768973042957e+002 2.07923203457448e+001 9.05268057864615e-001 -1.41178388946307e-001 9.47301038428197e-003 -3.68678668467452e-004 -4.94265983802400e-007 1.44058191714724e-006 -1.35701255974262e-007 7.35615413576478e-009 
1.05273987832256e+008 4.87954024465981e+006 -1.30240152134450e+006 -1.06227400029544e+004 1.30968666053960e+003 7.63469839553240e+000 -4.64099596943874e-001 -3.30894776161932e-003 3.34936562239352e-005 1.10154451884814e-006 
-1.73532293831177e+007 2.14824927777358e+007 2.22458434256791e+005 -4.41043559351976e+004 -2.54204589244686e+002 2.55962209454436e+001 1.39929712727954e-001 -5.28983919957108e-003 -5.62485133211157e-005 -5.92358634163210e-007 
-1.44695652623020e+007 9.35514349790308e+006 1.82505709552848e+005 -1.91684673277337e+004 -1.97249176171354e+002 1.10315252203760e+001 9.23200494425936e-002 -2.17014433263906e-003 -2.74213517983404e-005 -3.35930074977350e-007 
1.04466736402527e+008 -5.68580147523629e+006 -1.30114559406426e+006 1.09198319943583e+004 1.34430027264348e+003 -4.45042374454397e+000 -5.34340558670813e-001 -1.40472477732382e-003 9.07585322964359e-005 1.95681951057966e-006 
2.56928832336954e+007 2.11158336583456e+007 -3.13859763033857e+005 -4.39479839975329e+004 2.78190751910958e+002 2.69596879670488e+001 -3.54194913103726e-002 -7.25681837741152e-003 -5.97963184821582e-005 5.58408644450459e-007 
4.94597291872248e+006 9.85889076398288e+006 -5.88420720280789e+004 -2.04615927486843e+004 4.00635695606117e+001 1.24097607855414e+001 1.78855102382870e-002 -3.17563133613105e-003 -3.26473163343810e-005 1.27615835422338e-007 
6.45503002560316e+007 -1.88106912297601e+007 -3.17248810352252e+005 1.52289702179144e+004 1.52088209121867e+002 -3.94361703296740e+000 -4.39812587943335e-002 5.66117942747569e-004 7.96719405054736e-005 -6.39019530095379e-006 -2.29024397275214e-006 6.54566108286261e-007 3.52186784526130e-008 
1.21809146084793e+008 8.17052770511295e+006 -5.99164387672115e+005 -7.14636589753892e+003 2.48066447789887e+002 2.39339991117661e+000 -4.69102656093770e-002 -2.84798696814297e-004 3.38064302484201e-005 -1.81469804852631e-005 9.80242577390951e-007 7.48828782906393e-007 -1.57742889147385e-007 
5.28005354724098e+007 3.54257165712463e+006 -2.59781077716803e+005 -3.09847322864573e+003 1.07555057880798e+002 1.03816677436001e+000 -2.03760246940062e-002 -1.61570083656837e-004 1.91891515987870e-005 -6.26757159088286e-006 5.15141460152913e-008 2.98134395090443e-007 -4.54039303967755e-008 
2.49946652772259e+007 -2.05826533159593e+007 -1.22668915013867e+005 1.69815625467491e+004 6.44610014185177e+001 -4.73442309518189e+000 -2.29700616277550e-002 7.57722824950999e-004 7.57882490194623e-005 8.77843463356298e-006 -3.23638607968558e-006 -5.30623424434283e-007 1.67887682680940e-007 
1.33135090494707e+008 3.10488403841916e+006 -6.59734932876013e+005 -2.85942437332624e+003 2.83662857702916e+002 1.10036572734461e+000 -6.13008945579575e-002 7.08767052906269e-005 8.41157120868579e-005 -2.24206400944380e-005 -4.62602068346808e-006 1.07432932387940e-006 2.60471122098364e-007 
5.77112654558339e+007 1.34624872973041e+006 -2.86042830010561e+005 -1.23976953411687e+003 1.22989705993198e+002 4.77382126595358e-001 -2.67123063788366e-002 -2.10166552794230e-007 4.55984831302180e-005 -7.49258532271216e-006 -2.45044954031110e-006 3.32888154069962e-007 1.34502733225898e-007 
-3.97911729143207e+006 -3.21395963230123e+007 2.01205717206712e+004 2.60076716840403e+004 -2.42582690276504e+002 -2.27588744480809e+000 1.33383053809107e-001 -3.04938404900124e-003 3.20326275003030e-005 -4.37052546332231e-006 3.23102476793678e-007 
2.13296450268355e+008 1.73515863844697e+006 -1.03959972763410e+006 4.85881374044387e+003 3.47296488547846e+002 -6.37286783137467e+000 6.75107871261963e-002 1.16687409886078e-003 -8.25358155551031e-005 -6.58897355722103e-007 2.27313482080495e-006 
9.79218545228636e+007 1.66497164418610e+006 -4.77375133071849e+005 1.52500185502078e+003 1.65852743761622e+002 -2.86125807341243e+000 2.74050487846760e-002 6.13258719260974e-004 -3.82871592834592e-005 3.92991088341096e-007 8.43830414357628e-007 
-8.13824331662733e+008 1.00487369669105e+005 9.55070017499921e+004 -1.49215786920956e+001 -8.01316325319470e-001 3.32430899636482e-004 -2.56504080547877e-007 2.78247001069216e-007 
-2.06608034102156e+007 -1.58286210519751e+007 2.49009633055899e+003 3.09347870135994e+002 -8.36550040028981e-002 -1.03289264206834e-003 1.45055794765908e-006 3.27613044669380e-008 
1.09721594787578e+007 -6.78723558399885e+006 -1.25975923629698e+003 1.32964107738276e+002 -1.63376235198039e-002 -4.51221991175343e-004 6.85188072040144e-007 2.75137088599031e-008 
1.11314449445836e+009 8.04584943736184e+006 -2.19276401844643e+004 -3.02459503531057e+001 2.44244550178353e-002 3.22451139079108e-005 1.27487819601121e-009 
-8.78630254135365e+008 9.40854955349159e+006 1.73197248979190e+004 -2.78544840376609e+001 -3.29155073891393e-002 5.84776693003456e-006 9.20703162087259e-008 
-4.10749408085250e+008 3.53966799195842e+006 8.09630469607399e+003 -1.02025373762420e+001 -1.46471126801174e-002 9.90345339861268e-007 3.15240460898630e-008 
8.95598020207568e+008 8.89239610059503e+006 -2.26491530070908e+003 -3.60032629685218e+000 7.99508478969125e-004 2.67490816782891e-007 
-2.54762092148195e+009 2.28465274005618e+006 6.44954279489955e+003 -1.40910006911925e+000 -1.13473955489375e-003 4.24132677453299e-007 
-1.12845695239524e+009 8.74813019537104e+005 2.85679979405595e+003 -5.66312553167886e-001 -5.07440449356600e-004 1.77786779012488e-007 
1.43634368894068e+009 7.07488600009042e+006 -9.90249730024395e+002 -8.19001703877243e-001 4.36323368416837e-005 2.75232783202180e-008 
-3.94940462087187e+009 2.31623608847007e+006 2.72366774169826e+003 -2.50228787628371e-001 -1.55674908256340e-004 2.95800291294904e-008 
-1.65227472719638e+009 7.71936574191602e+005 1.13941868261100e+003 -8.20108164402315e-002 -6.47907260922246e-005 1.05921794086744e-008 
-2.58331101444967e+009 6.32590242828722e+006 1.86738033810684e+003 -8.10298761146468e-001 -1.58285326977847e-004 1.01922984805453e-007 
-3.60046980072944e+009 -4.50509760777019e+006 2.60285335301528e+003 4.77333925483411e-001 -2.90122981505668e-004 -7.91288791001813e-008 
-3.45258347707130e+008 -3.31181707847534e+006 2.49576771309667e+002 3.92630172354002e-001 -4.31168462642288e-005 -4.45564216178529e-008 
-3.46888304524193e+005 2.28556926814043e+003 2.14492978943888e+004 -7.08799271127701e+001 -1.16304432181289e+002 3.44707757411715e-001 3.60874781976939e-001 4.74805094162056e-003 -9.62927459028609e-004 -7.95201354128090e-005 1.73273122123398e-006 6.38975594060084e-007 7.92395454852004e-009 
5.38827091410075e+003 -1.64208363222546e+005 -5.01395167383496e+002 1.63614806885488e+003 -1.23421833696104e+000 -6.18869254865821e+000 -2.20103022162766e-002 1.73513157518622e-002 6.97777077380935e-004 -3.93281188499973e-005 -7.02989591288262e-006 -9.99927283946402e-009 4.59050083603191e-008 
-3.18302609334134e+004 -6.84349926761981e+004 1.90539435231185e+003 6.77941339195816e+002 -1.20296828401835e+001 -2.55759601009893e+000 2.65976612485440e-002 7.73300037892847e-003 1.96329140252107e-004 -2.43136693424972e-005 -2.76905265866892e-006 5.89609769716342e-008 1.99893494975559e-008 
-1.93535672052750e+005 1.42317115078209e+005 1.11113629514263e+004 -1.44343254831968e+003 -3.58782406882924e+001 6.02629823159855e+000 -4.04143859472082e-002 -2.35897778125953e-002 6.81207739957943e-004 1.12172597345346e-004 -5.35847603604055e-006 -5.85347855208490e-007 4.38314954323858e-008 
-2.70873002584494e+005 -9.87142188935930e+004 1.53300154930258e+004 7.76714387000699e+002 -8.85981721666850e+001 -9.68444747147455e-001 3.41840867806271e-001 -5.68813254091222e-003 -1.49848252894641e-003 5.16733925195646e-005 7.67124441892591e-006 -4.29777544710500e-007 -4.02960872572268e-008 
-1.32202209123685e+005 -2.72192247245765e+004 7.50943411669003e+003 1.82227125133921e+002 -4.06451438838132e+001 1.91400040581976e-001 1.39128131116885e-001 -4.71582854427567e-003 -5.59635488685879e-004 3.27188470436857e-005 2.67941482059051e-006 -2.37688907257758e-007 -1.25248377132426e-008 
1.23563580670548e+005 1.60154206363009e+005 -6.28894922782067e+003 -1.25773961674330e+003 4.28374828332044e+001 1.35724520442591e+000 -1.76711470878808e-001 1.03256933553586e-002 3.13238935387703e-004 -5.73191304469288e-005 2.09734964684569e-006 1.35183692311096e-007 -2.03618766565769e-008 
-3.32635696640307e+005 3.79839543206302e+004 1.66401317013025e+004 -4.67945806305631e+002 -5.55049640861613e+001 2.60495837282579e+000 -4.96802607499903e-002 -8.76566395837713e-003 7.89588881934450e-004 -2.19520530785606e-006 -3.02848566450726e-006 2.20153232956213e-007 2.15164071502677e-009 
-1.26699789085128e+005 3.17053427797719e+004 6.33487100749867e+003 -3.20414843060848e+002 -1.89851049641444e+001 1.22611340098606e+000 -3.82453666151572e-002 -2.64879773568970e-003 3.61386926848048e-004 -6.58802672660484e-006 -1.05998253329584e-006 1.05473347852754e-007 -1.11245131636995e-009 
3.54716545087325e+005 6.21942252445022e+004 -1.68429291509624e+004 -4.85037716453540e+002 5.10791866689460e+001 4.41679294572733e-001 6.48538275451380e-002 3.57063009469428e-003 -4.15679168123313e-004 -6.66361532495384e-006 -5.32742154070463e-007 -4.23287348175414e-008 5.39370076075278e-009 
-1.49779977317320e+005 1.36860316456934e+005 7.08923644116939e+003 -1.04185461506317e+003 -2.24528669220463e+001 8.24542499093125e-001 -2.72187741428286e-002 6.96922950628030e-003 2.14428489050991e-004 -9.03030210762046e-006 1.85251034017730e-007 -7.44682393168790e-008 -3.25066971515733e-009 
-2.74344486966340e+004 6.33360362751068e+004 1.29361912248966e+003 -4.83777295418412e+002 -4.30259590336544e+000 3.90283992546111e-001 -5.02674339863301e-003 3.26525812197316e-003 4.84216718673578e-005 -4.44629358630082e-006 2.50396307042271e-008 -3.52985594261556e-008 -8.23982377157229e-010 
3.36555009311047e+005 -8.06723629403462e+004 -1.71758278821378e+004 4.90083463014640e+002 7.43348534430145e+001 1.33821690085190e+000 -8.01473280762724e-002 -1.55551726792890e-002 -5.87855527595310e-004 3.55852938848615e-005 4.93155475700499e-006 1.83362768661957e-007 -1.49471349997028e-008 
1.37659380618941e+005 1.38850896447999e+005 -6.93454830491104e+003 -1.22917754567074e+003 5.63443349068347e+000 2.85391169769105e+000 1.82182855466501e-001 2.75254942279183e-003 -8.24375657192565e-004 -5.83204153598165e-005 -2.19833852687608e-007 2.88715306822652e-007 2.20161734580181e-008 
9.08381812670001e+004 5.00030488704288e+004 -4.60105160825153e+003 -4.64935149927904e+002 9.75610717339894e+000 1.32473566026826e+000 6.80539597213018e-002 -3.93951990480794e-004 -4.02647318144437e-004 -2.08200749261758e-005 3.98057211454380e-007 1.38773368617098e-007 7.71022229750507e-009 
7.11270649556802e+004 -1.73775977783652e+005 -4.04968919781207e+003 1.63155037369614e+003 4.55904580903853e+001 -5.44199469555936e+000 -3.44530304762472e-001 1.45650072465793e-002 2.22523241654481e-003 -3.60073394848448e-005 -1.44793329404518e-005 -9.65010427886362e-008 9.53008527426596e-008 
3.17997983142673e+005 3.16298644633158e+004 -1.85913714952224e+004 -4.91219979558497e+002 9.14703614692932e+001 3.99570845462457e+000 -2.45018790564442e-001 -2.63510944167826e-002 6.31455274650793e-004 1.66868843406001e-004 -3.17673894145485e-007 -1.08968853468730e-006 -2.38377164700546e-008 
1.39845610723704e+005 -4.02335945520439e+003 -8.16719543387729e+003 -4.31356820669753e+001 4.27347135451177e+001 1.12709670930367e+000 -1.36557838374868e-001 -9.55552374528982e-003 4.84766920293194e-004 6.61114797210609e-005 -1.57085127790910e-006 -4.64670793458257e-007 -4.90676368995233e-010 
-2.44681291974368e+005 -1.25526940232987e+005 1.54870793299316e+004 1.27752818342432e+003 -8.76140653736839e+001 -4.83475788245297e+000 3.60046333123384e-001 9.18355186451012e-003 -1.91225152821121e-003 3.88936673204242e-005 1.08509471480404e-005 -6.81514724874511e-007 -5.00023649831570e-008 
2.33575179879570e+005 -1.12682695359359e+005 -1.45672499478161e+004 1.13621621647709e+003 8.13836401324058e+001 -4.91596610125159e+000 -2.34076008037027e-001 2.32485405791620e-002 1.30994141055901e-004 -1.36384947051905e-004 5.23730756725086e-006 7.36538506895763e-007 -6.06753055288196e-008 
7.32684502699107e+004 -5.95075050944531e+004 -4.54675776592395e+003 6.01296006796035e+002 2.52738078031018e+001 -2.53362726586590e+000 -6.19255386490952e-002 1.06236449285896e-002 -1.35336450135428e-004 -5.31025823766489e-005 3.26497942479669e-006 2.39930761600878e-007 -3.03057490727133e-008 
-3.43008825301360e+005 3.16015653289088e+004 2.07463435317538e+004 -4.32490360393863e+002 -1.01715884681385e+002 2.63631064159941e+000 1.94654233192500e-001 -7.88335174545308e-003 2.30466419743337e-004 -1.82778209546801e-005 -3.17152539031106e-006 3.28714447297610e-007 6.67603672415141e-009 
-5.50933030730431e+004 -1.61008447970360e+005 3.18584414376842e+003 1.53845860718737e+003 -2.96874754202948e+001 -4.72435699883742e+000 1.44501740411886e-001 3.97181911144714e-003 -1.70529603855104e-004 3.61829000278906e-005 -2.93323801537630e-006 -1.83343363116034e-007 2.30637784260481e-008 
-5.70311742104838e+004 -6.41019293789354e+004 3.38741709424228e+003 5.99286829857748e+002 -2.25018446240232e+001 -1.70972250883388e+000 7.97343965868766e-002 8.71818348101379e-004 -4.85007477839588e-005 1.33045249384728e-005 -1.53934459972742e-006 -4.39274550598171e-008 1.02927791764224e-008 
3.46861082846440e+005 -1.43305316332537e+003 -1.69556891930961e+001 -1.81962862983148e-001 -3.26049747471654e-003 3.44956476517938e-003 -8.12845221119754e-005 -9.05824345208491e-005 4.49248117578470e-006 2.58241477274490e-006 -1.98651050578017e-007 
5.79123593964431e+005 6.03138973069409e+003 6.46752707144615e-001 9.23987582383099e-002 -2.07117806951163e-002 3.39022454222486e-004 4.83924405638710e-004 -2.17591451944081e-005 -1.34829765917147e-005 9.38642908621273e-007 3.93111540745644e-007 
2.38485783650532e+005 2.66160085680247e+003 6.78934905520996e-001 5.70780295160257e-002 -1.08750328544418e-002 -1.70254099190432e-004 2.66994366723632e-004 -2.22730282591976e-006 -7.66799450209280e-006 2.34154650856193e-007 2.30578623339377e-007 
3.43853682656343e+005 -1.57556542109377e+003 -1.84184232323842e+001 -5.90745669120100e-002 2.32527386473739e-003 -9.24301966433987e-004 7.99295976052048e-005 1.33888311231099e-006 -1.52646786341803e-006 2.61046103341008e-007 -1.56112952547610e-008 
5.91192617549874e+005 6.03771099240128e+003 7.97331145328916e-001 5.28084073746663e-003 4.28705946363391e-003 -1.15417489334577e-004 -7.23457062297259e-005 1.30064344106675e-005 -1.10468168545478e-006 -1.72516857962860e-008 3.13263606578402e-008 
2.43815128627314e+005 2.66779175690679e+003 7.67434276765657e-001 -3.48053459085145e-003 2.04346763007147e-003 4.20489117425349e-005 -4.69065234247762e-005 6.81209048789903e-006 -4.28999417383495e-007 -3.84409746981908e-008 1.75449131560364e-008 
7.67389521951438e-005 6.42859207018007e-008 7.14793224424555e-007 7.93006738174050e-008 -7.31060507654800e-008 -2.66694864132849e-009 3.43718269647467e-009 2.22073702523335e-011 -1.13871251433182e-010 -8.86434335413103e-013 
-6.72178158081138e-006 -1.04896181238099e-006 -9.90738144308430e-008 1.14527031217019e-007 6.37130092883260e-009 -7.17690384746113e-009 -1.97082019087333e-011 2.69916050672279e-010 -6.34367320718879e-012 -8.07456952417142e-012 
7.84615109057425e-005 3.29348220122901e-007 -6.00750393396112e-007 4.23985232172379e-008 3.30862010110395e-008 -2.97636370947778e-009 -5.52327053492628e-011 9.25405829364413e-011 -2.51477529428296e-011 -2.34376239266009e-013 
-7.70431989094398e-006 1.00092167263701e-007 -2.87447321914657e-008 -7.42244708666782e-008 5.13194547031349e-009 1.78987949259344e-009 -2.59683331966102e-010 1.44230534651344e-011 4.27799197203731e-012 -9.22294139706679e-014 
7.89309103135830e-005 1.40431270957452e-006 7.27577159238539e-007 -6.53332762261199e-008 -6.10545126442191e-008 -2.36802183815122e-009 2.21452316421927e-009 3.90968940960886e-010 -3.48561268465659e-011 -1.87719729816451e-011 
-8.57532356497258e-006 -8.36212533695401e-007 1.33578071113795e-007 9.67847767755852e-008 -3.09877203129760e-009 -5.53132985667654e-009 -4.99926970259493e-010 1.72237987346152e-010 3.75202968215607e-011 -3.64748291334535e-012 
8.13688484147185e-005 -1.16173953108482e-007 -3.23455059331986e-007 2.66499932217461e-007 2.54623730439941e-008 -1.70756710603187e-008 -4.40806035653015e-010 5.51953410832789e-010 -2.48826877013689e-011 -8.45744531283586e-012 
-9.00814362260349e-006 -5.21653731170222e-008 -3.03177301729375e-007 -3.96489385577836e-008 3.23604522063965e-008 1.57387144261283e-009 -1.40775427363087e-009 7.41014329819171e-012 3.54307802087829e-011 -2.59669541696433e-012 
6.62001823747229e-002 1.03024900971854e-004 8.33463331108335e-006 1.65062592873850e-005 2.57220955240172e-006 -1.35734467053356e-006 -9.09308742606313e-008 4.31184930868548e-008 1.54101448321623e-009 -9.76599722756544e-010 
4.13421846175319e-001 1.62084398943069e-004 2.35518304426264e-006 2.50195905459377e-006 -2.30190956765041e-006 -2.20818742036115e-007 1.03764682602071e-007 4.85960829208341e-009 -2.66038422212964e-009 -7.91178333996360e-011 
1.96702834690856e+003 9.19777890345723e-001 2.12574699251102e-006 -1.37891038761909e-005 -2.57321478231429e-006 1.22020462085274e-006 8.63074470937059e-008 -3.90307296782952e-008 -1.45587244687481e-009 8.82664925514679e-010 
6.66376598570465e-002 2.63335378828844e-004 -7.67505157590488e-005 -3.10749731542638e-005 1.59734984937369e-006 1.00308156319713e-006 -3.89498344832180e-008 -1.03851009893471e-008 1.04113781593353e-009 -1.04905238473805e-010 
4.13595625518249e-001 -4.11815191004924e-005 -4.78738650087056e-005 5.15037488031637e-006 2.54435281295896e-006 -9.58327630744808e-008 -4.94919854078711e-008 2.77054159311273e-009 1.02188877837216e-010 -5.01416557716373e-011 
1.96886777349319e+003 9.19708746110793e-001 7.44625159224660e-005 2.68164224637449e-005 -1.49329176691604e-006 -9.05768126679399e-007 3.42048977262873e-008 9.60070314312942e-009 -9.22548169900576e-010 9.31429110629695e-011 
6.62616090284750e-002 -5.58110354550453e-004 1.56196421643282e-005 3.94197341309796e-005 -1.60409603802052e-006 -1.44643762539254e-006 -1.13159371659040e-008 3.20269072560672e-008 3.11605373628472e-009 -3.73816280892165e-010 
4.13542741100071e-001 9.58484274482620e-005 6.75274442112681e-005 -2.97961796309539e-006 -3.29348124983563e-006 7.09328925415316e-008 9.27633369215189e-008 4.44273362979445e-009 -1.55229688179388e-009 -2.70711974105226e-010 
1.97070799283109e+003 9.20422524528592e-001 -2.60182548870749e-005 -3.64788925048028e-005 1.70282471121959e-006 1.34323253228611e-006 8.67470249158845e-009 -2.99128107967170e-008 -2.86782278206953e-009 3.55065679425979e-010 
6.57579277936007e-002 3.01108540027156e-005 8.07022021969239e-006 -1.48709674085106e-005 5.68316237770941e-006 6.88860693340005e-007 -2.59283242454470e-007 -1.17687113369961e-008 5.95338907920309e-009 -1.01995417286381e-010 
4.13923465500400e-001 2.00976734559403e-004 -1.88313513225391e-005 5.62888091414718e-006 1.48768349475809e-006 -5.52703792716187e-007 -4.23219277081045e-008 1.70008448942996e-008 2.83226947843071e-010 -3.07126755052719e-010 
1.97254821409211e+003 9.19834797967952e-001 -3.36636058146641e-006 1.56139884631816e-005 -5.31059755175371e-006 -6.54150049477518e-007 2.39766562947168e-007 1.07399243982887e-008 -5.48810387145478e-009 1.01872771212214e-010 
