5.05291179847912e+007 -5.64541587449788e+006 -1.44385385533451e+006 -1.77038559762921e+004 4.07309990354158e+003 3.30261439648262e+002 6.66871724986534e+000 -1.15698593942632e+000 -1.31141028723548e-001 -4.30409333456835e-003 4.25944669168991e-004 6.40791846164423e-005 2.89309261600594e-006 -1.63644462003567e-007 
9.03873288843480e+006 1.49848249169724e+007 -2.45854746890736e+005 -7.93455151651616e+004 -2.85227862393743e+003 1.05540177216420e+002 2.09502026784394e+001 1.12576283794497e+000 -2.26031683587374e-002 -8.42019651833682e-003 -5.84589046373797e-004 1.91302227686224e-006 3.94185193336754e-006 3.39830221173643e-007 
-4.72292143899211e+005 8.58903306498713e+006 1.84994320934610e+004 -4.05440111126097e+004 -1.94612954596642e+003 2.21035893371651e+001 1.04982159119421e+001 7.21358231954921e-001 1.53446232858264e-003 -4.05089434556127e-003 -3.56445028177109e-004 -5.62721936537901e-006 1.80527531345932e-006 1.98494513522888e-007 
2.81094285440889e+007 -1.64686313364717e+007 -1.06928188071341e+006 8.99091225314765e+004 7.47524235849930e+003 -2.63374087624231e+002 -5.48692904744193e+001 -1.28318809704136e-001 4.02817245771641e-001 1.60604985555515e-002 -2.69465244261445e-003 -2.40924594684589e-004 1.41015649476843e-005 2.73042463267570e-006 
3.37159900632968e+007 8.80292640039549e+006 -1.29787468982098e+006 -7.61001861635793e+004 4.90495231094704e+003 5.53872446865807e+002 -1.15028956476261e+001 -4.20988186691455e+000 -6.82107292126526e-002 3.05076773639776e-002 1.72347279466036e-003 -1.92388000579322e-004 -2.25552390894464e-005 8.22719681630173e-007 
1.50336979480348e+007 6.41012889900462e+006 -5.82285066095801e+005 -4.99767840715100e+004 1.84424231927759e+003 3.23169557751960e+002 -4.50681164750091e-001 -2.23531889566761e+000 -7.82309413206350e-002 1.46286533219024e-002 1.20016651389086e-003 -7.77616759009288e-005 -1.35106957473126e-005 1.56125340224099e-007 
-9.02911889346734e+006 -1.94422037498411e+007 3.78496435761165e+005 1.18859873322811e+005 -4.67838050748405e+003 -4.94917835983990e+002 4.59011512853145e+001 1.71791280358145e+000 -4.04534472263293e-001 2.13877680129915e-003 3.22729117691228e-003 -1.47129666390720e-004 -2.21520567057579e-005 2.23457987860384e-006 
3.93780393633171e+007 -3.32400147055064e+006 -1.51397547608335e+006 4.47457000625838e+004 6.65243793510430e+003 -4.41893332726460e+002 -2.54462564122049e+001 3.95214495506571e+000 3.97359592456316e-002 -3.24721434493331e-002 9.51452734721809e-004 2.37053678339356e-004 -1.78266696732701e-005 -1.38524507573354e-006 
2.19103222914709e+007 2.41292039271748e+005 -8.47936881189665e+005 1.15669037875335e+004 4.03872400367317e+003 -1.84675449434439e+002 -1.83544985022477e+001 1.93271215632157e+000 6.31998773417850e-002 -1.75663326014036e-002 1.73329050650810e-004 1.41884393356907e-004 -7.22324515251048e-006 -9.71767037508317e-007 
-4.15202890280690e+007 -1.23500273000394e+007 1.21743564344933e+006 2.09511869899561e+004 -5.06514314782547e+003 2.54973247607206e+002 3.30751747187160e+000 -1.55796367755506e+000 1.10027877055223e-001 -3.11155208159615e-004 -6.35615737839870e-004 5.75317843689664e-005 -1.01378188443920e-006 -2.85566060168930e-007 
2.31172761362997e+007 -1.22027617763522e+007 -6.49547727355181e+005 7.82423078919513e+004 -1.46157965063332e+003 -1.89184639871373e+002 2.10384614486275e+001 -7.19315863425899e-001 -5.52961285275871e-002 8.80274007680059e-003 -4.24884886209160e-004 -1.76819297309332e-005 4.28851288950263e-006 -2.69381908967972e-007 
1.65950422990229e+007 -5.23704267253143e+006 -4.73268616289963e+005 3.96178025962730e+004 -2.55103867178245e+002 -1.27506399329019e+002 1.08941272533022e+001 -2.22550937516627e-001 -4.09522929977298e-002 4.73411439559173e-003 -1.60990904344988e-004 -1.54142047149955e-005 2.39582375660533e-006 -1.14253455222899e-007 
7.69391578614975e+007 1.68300434018093e+007 -9.40355460319722e+005 -3.45651976182451e+004 9.40311594235492e+002 2.00414187761114e+001 -3.25469666587595e-001 -4.15598572270701e-003 1.80050816940575e-005 -4.00631990667791e-007 
-6.64132217796817e+007 1.58421441670156e+007 8.34385394707604e+005 -3.24211551279618e+004 -8.39210028238300e+002 1.85854716834452e+001 2.98275958250444e-001 -3.61008890041591e-003 -2.36375453459627e-005 -5.33949474410742e-007 
-3.47463498471014e+007 6.06040268025484e+006 4.34855347241294e+005 -1.23958579306106e+004 -4.37023284746633e+002 7.09160913241978e+000 1.54774314462226e-001 -1.36084546687299e-003 -1.17766334094429e-005 -2.15478213783835e-007 
1.01961690943974e+008 7.93134850259982e+006 -1.25312089076986e+006 -1.67764951127164e+004 1.25390643631817e+003 1.08924845189107e+001 -4.34525782238177e-001 -3.60814593735084e-003 2.30098422337723e-005 7.27183684411989e-007 
-2.94268765321207e+007 2.07633458784109e+007 3.78195517124704e+005 -4.25220599796588e+004 -4.04633154609398e+002 2.44241435056327e+001 1.83009027780567e-001 -4.76400868986851e-003 -4.97488763800910e-005 -7.43923492685339e-007 
-1.96937623989472e+007 8.83739662280586e+006 2.49447559625517e+005 -1.80655816142286e+004 -2.61389900485361e+002 1.02971151847127e+001 1.09828035255814e-001 -1.91446369878135e-003 -2.38341969985734e-005 -3.81559228938610e-007 
-2.77018351777196e+007 -2.04864584564740e+007 1.42756731182015e+005 1.70201124655523e+004 -6.14159029381692e+001 -4.87728858651534e+000 1.20968056883954e-002 7.67919048492210e-004 7.90127748832083e-005 9.03691668062604e-006 -5.91691338140662e-006 -5.43761953238875e-008 4.38321898578512e-007 
1.32788455288526e+008 -3.74298184685336e+006 -6.58040723915958e+005 3.09354314244637e+003 2.87046250603615e+002 -8.70088132290911e-001 -6.52043897208798e-002 6.78932151881738e-004 6.64754108688042e-005 -3.78803370844275e-005 -6.15086120815261e-007 2.66662182808764e-006 -2.15667994194387e-007 
5.75377628318966e+007 -1.62286975093519e+006 -2.85324836269959e+005 1.34142335655629e+003 1.24461752965648e+002 -3.77412746651802e-001 -2.80997771666877e-002 3.05216096616859e-004 1.41270778301723e-005 -1.64637164897716e-005 7.25990348683882e-007 1.07258415878733e-006 -1.56592682014660e-007 
-6.69025185350231e+007 -1.85514063899552e+007 3.37961302819151e+005 1.52828208377802e+004 -1.53689308534330e+002 -4.24428683582930e+000 3.78912799593815e-002 5.76297983407875e-004 9.36990993416905e-006 6.76514917487601e-006 2.67602068249952e-007 1.22340678989584e-008 2.50420253624375e-009 
1.20209628546653e+008 -8.78259163152462e+006 -5.94198538199517e+005 7.46647307537515e+003 2.54951586046750e+002 -2.30953462254513e+000 -5.46798963965967e-002 8.28177023714123e-004 4.60998623031308e-005 -6.26515908419939e-006 -8.85229931526154e-007 -3.16677480974011e-008 -2.60747515624405e-008 
5.20837731606713e+007 -3.80802871650302e+006 -2.57642160580596e+005 3.23751405519553e+003 1.10544677709054e+002 -1.00127566163246e+000 -2.35638089928962e-002 3.50101621582319e-004 1.25484507585984e-005 -2.66069762795647e-006 -2.19622204987820e-007 -1.09898211078040e-008 -9.87930689459167e-009 
2.02124916934995e+008 8.02798515818613e+006 -1.44307410578264e+006 -7.27233139409120e+003 1.11169689183716e+003 9.51119432703610e-001 -7.49598955219204e-001 2.81566285707909e-003 5.70511321474027e-004 -5.51893875029187e-006 -6.76180354497600e-007 
-3.47633185121270e+007 3.23918407931226e+007 2.57410708786799e+005 -3.89603889340022e+004 -1.01910105206573e+002 2.57668230382768e+001 -4.33379147882635e-002 -1.88292744128672e-002 1.25853236097852e-004 1.50174023669146e-005 1.36005066287673e-007 
-2.14602905534060e+007 1.46390560540361e+007 1.57138991153123e+005 -1.76727101952574e+004 -7.68438455870770e+001 1.17930888657174e+001 5.07855044670786e-004 -8.71736912616524e-003 4.14189223231283e-005 6.91879530996400e-006 2.56635278399580e-008 
-4.55029448550542e+008 1.46571909111226e+007 5.51372340943963e+004 -2.76700152862198e+002 -6.42799534187976e-001 6.29330180999627e-004 2.74755957451907e-006 4.35755540528663e-008 
-6.13916768238646e+008 -8.49026717526523e+006 7.44159959967512e+004 1.97226243877049e+002 -5.70587403073543e-001 -1.34718197726563e-003 -1.08452545175405e-006 -1.57551388582541e-007 
-2.52077214558285e+008 -3.99655527647866e+006 3.05556042215113e+004 9.12782974961534e+001 -2.28908174647117e-001 -5.92928032779014e-004 -5.88921585852397e-007 -8.03253019728052e-008 
-1.28369863132338e+009 5.57469796708925e+006 2.63904885335852e+004 -2.51195717443500e+001 -3.35032318769456e-002 4.13290530361404e-005 -5.84055422870259e-008 
-6.53185167899040e+008 -1.08274768672451e+007 1.34002260158379e+004 3.40945092150070e+001 -3.23991545019898e-002 -1.65735030220214e-005 -1.03342060541651e-008 
-2.14559783281157e+008 -4.71137131563180e+006 4.39783958254636e+003 1.51732513582564e+001 -1.19819342070210e-002 -8.74842745982905e-006 -6.72403491818766e-009 
-1.16553401633282e+009 8.50748155513039e+006 3.26595421132427e+003 -4.21253248795996e+000 -3.25475319952765e-004 4.73948365367735e-007 
-2.36739153594100e+009 -3.91175253175780e+006 6.63801342433933e+003 1.32882759515530e+000 -1.84801403851450e-003 2.30400803739360e-008 
-1.02034555418851e+009 -1.83376492463941e+006 2.86118022335414e+003 6.42009714196985e-001 -8.05783359625682e-004 5.69888915781772e-010 
-2.25198064059207e+008 7.45628031526391e+006 1.53560654459856e+002 -8.49614053686463e-001 -8.10032099310094e-006 2.62453039054146e-008 
-4.18647005443236e+009 -2.39534527621509e+005 2.86470400957693e+003 4.29473652601082e-002 -1.61287823812564e-004 -3.63508649495522e-008 
-1.70795092916590e+009 -2.83618874354070e+005 1.16870187202738e+003 3.86827813392573e-002 -6.57872646037675e-005 -1.50418262983190e-008 
-3.78906894203805e+009 4.22031949073243e+006 2.68604830966955e+003 -3.53624349919395e-001 -3.11471472527536e-004 4.02063990843121e-008 
-2.34393924298972e+009 -6.47160363937746e+006 1.66141094753168e+003 8.52820256772530e-001 -9.92645692234073e-005 -8.44954748897110e-008 
4.10138544522859e+008 -3.29101421899491e+006 -2.91097465853684e+002 3.73169062000434e-001 6.43207422508958e-005 -5.12358595112195e-008 
2.36525309257270e+005 -1.38006615862579e+005 -1.45340033849924e+004 1.15676769302452e+003 1.07402829049476e+002 -6.95476265660236e-001 -5.41314255845484e-001 -3.47606003611682e-002 1.40148038060087e-003 3.51806679791109e-004 1.33317931364946e-005 -1.85113994840342e-006 -2.41028696400152e-007 
2.43867993574474e+005 9.76962800976247e+004 -1.49829132145656e+004 -1.19990483879141e+003 5.40849480492521e+001 7.24006914854559e+000 1.79892937081973e-001 -3.14613428966984e-002 -3.48130553812007e-003 -1.86834357483312e-006 2.64304829777208e-005 1.86800908829834e-006 -8.38744719847701e-008 
7.98590600717550e+004 5.53881296186768e+004 -4.90654272104194e+003 -6.26333009667388e+002 1.21748877840465e+001 3.14821557377823e+000 1.30961049505862e-001 -9.87913434556337e-003 -1.62081832271876e-003 -3.61743250880894e-005 9.89406094536532e-006 9.80183340683034e-007 -1.14137674326246e-008 
-9.52559053026865e+004 -1.75957593116581e+005 6.53614874231902e+003 1.95568524971168e+003 -4.59104835778354e+001 -1.11169725903777e+001 3.10577282748585e-001 7.54470255110830e-002 -2.83279652294982e-003 -6.29317592946636e-004 2.89200354111157e-005 5.72626144957464e-006 -3.09240257031443e-007 
2.91090892065250e+005 -5.46772149799820e+004 -1.98497246577004e+004 6.13640219101498e+002 1.35266334676436e+002 -3.74448982585088e+000 -8.04292558596204e-001 2.94911533485329e-002 6.17451274670790e-003 -2.85348730023162e-004 -5.40469578682124e-005 2.96415630561594e-006 5.02774909580449e-007 
1.33266048667454e+005 -5.56002317348481e+003 -9.09438195366145e+003 6.41544946062068e+001 6.21238100298794e+001 -4.72440726088875e-001 -3.73141563529137e-001 4.94412956444785e-003 2.90945837142447e-003 -5.79935859696346e-005 -2.58813834274294e-005 6.84051703442624e-007 2.44804975186929e-007 
-3.37456323019507e+005 -5.42782656419078e+004 2.07600692934350e+004 2.40025462313647e+002 -1.17179697247023e+002 3.44112340219752e+000 2.82836395487646e-001 -4.11874408218984e-002 1.28320101379470e-003 2.02256184569061e-004 -2.43827934201338e-005 3.11518362765140e-007 1.66879904629149e-007 
6.56162030496904e+004 -1.57374901950485e+005 -4.05563105616275e+003 1.61861294456518e+003 -1.48330797731624e+001 -5.91008155352020e+000 4.12128323884343e-001 1.46237841057398e-003 -2.93943546125133e-003 2.07524708965812e-004 6.32848846874387e-006 -2.04897467959461e-006 1.08452322467956e-007 
6.17591738786625e+004 -6.14434355073636e+004 -3.80987566992305e+003 6.64147112633414e+002 5.49820425459400e+000 -2.85878525306002e+000 1.46644745525284e-001 4.76429748066941e-003 -1.37833750193556e-003 6.78651316923411e-005 5.14200072305910e-006 -9.02227142595001e-007 2.93147724143507e-008 
-2.89257789796000e+005 9.76046720299565e+004 1.50676047471589e+004 -9.89889569708198e+002 -4.00426553619634e+001 2.87046035413010e+000 -1.04548765714745e-001 4.56412165954997e-003 3.11311949643405e-004 -5.44377202651466e-005 2.91529563614197e-006 -3.43297042009612e-008 -1.00060347826517e-008 
-2.26889260070406e+005 -1.22065182743028e+005 1.15456655578271e+004 8.78933383476099e+002 -5.88418505566988e+001 -7.29506322459319e-002 5.60066943996742e-002 -8.03558683696336e-003 6.88354908962020e-004 -1.39447971767191e-005 -1.93446082925712e-006 2.20132659658151e-007 -1.37536407372164e-008 
-6.74094567981978e+004 -6.16779311472509e+004 3.39848997747969e+003 4.73529760718177e+002 -2.09954980941310e+001 -3.21845048930030e-001 3.42912525413880e-002 -3.87124753727446e-003 2.61344786719863e-004 -4.53673377856886e-007 -1.11558033643059e-006 9.70076940739398e-008 -4.83904742089700e-009 
-1.63475475169480e+004 1.63455344322353e+005 9.28581521737330e+002 -1.26025565404771e+003 3.26441859762126e+000 1.88090026857990e+000 -2.90770628411019e-003 2.35880293921078e-004 -2.10385767848979e-004 1.00332498814807e-005 6.59386505988509e-007 -3.41098975661911e-008 -8.08998570628738e-010 
-3.56467195499261e+005 -3.37979203712784e+003 1.65126372196170e+004 -4.15206146039953e+001 -5.51231093384057e+001 3.63613179073988e-001 2.39657530864626e-002 1.60471484905565e-003 -5.38276608264376e-005 -1.29581912771341e-005 7.49097114586535e-007 1.82696907320981e-008 -3.91485739520863e-010 
-1.49828178770681e+005 -1.77905283955696e+004 6.93370533066627e+003 1.08944027249551e+002 -2.38118950784999e+001 -3.61971223311783e-002 1.05559202481565e-002 6.61746437630859e-004 -1.80531150385651e-006 -6.52040052480588e-006 2.52471270869543e-007 1.12227003694254e-008 -8.57555905103345e-011 
2.72582508550539e+005 1.14088055803990e+005 -1.26671183446841e+004 -9.16916660568787e+002 3.85949398595212e+001 1.56006386336596e+000 -2.01641527162288e-002 8.38271524643893e-004 1.85573461143488e-004 2.06624930690529e-007 -9.80311709686276e-007 -1.28994232998153e-008 1.32615453373342e-009 
-2.42764364657390e+005 1.12539849598844e+005 1.10895669866292e+004 -8.25562104737948e+002 -4.04589770661920e+001 1.08268699086899e+000 2.07068720062376e-002 -1.15210433384457e-003 6.20066785524008e-005 1.53543763166554e-005 1.70874058267474e-007 -3.79704796660631e-008 1.52953678631876e-010 
-1.30336935173304e+005 3.64896965868344e+004 5.98834321765392e+003 -2.59826029342096e+002 -2.11393092129362e+001 3.04414386527418e-001 1.09730016377761e-002 -5.71295186122660e-004 7.84575497389302e-006 6.51806079794073e-006 1.70969606828324e-007 -1.48988945516648e-008 -6.97771752759205e-011 
3.73493247847360e+005 -1.84821891416468e+004 -1.89751046270506e+004 -5.87365348275308e+001 6.93139612596358e+001 1.74816006885732e+000 2.97401700156165e-002 -1.31857481712668e-003 -5.87806582517584e-004 -4.39202754114247e-005 -8.55389105143914e-007 8.31026780662367e-008 1.21308190961035e-008 
3.30773839344790e+004 1.52430030712654e+005 -1.90543118436077e+003 -1.27322897910133e+003 -1.32051483520622e+001 1.89532178457578e+000 8.99781764376081e-002 7.68210599777802e-003 3.06985560982559e-004 -1.85745607063001e-005 -2.67397749531315e-006 -1.51699261581093e-007 -4.56213017954660e-009 
-2.30285324649831e+004 6.67160189606401e+004 1.08120602765261e+003 -5.36980875187049e+002 -1.25776862634135e+001 6.36015011466868e-001 3.55597391370467e-002 3.40415601268599e-003 1.89145745468505e-004 -3.55743621151335e-006 -1.05568184998910e-006 -7.29494398192040e-008 -3.14725602789750e-009 
1.97547047732298e+005 -1.51621077530030e+005 -1.19123186852905e+004 1.30020473120013e+003 9.17734356144433e+001 -1.33890342303522e+000 -4.35786956479655e-001 -2.87439727241479e-002 5.40758026321719e-004 2.43838532509697e-004 1.50442842358349e-005 -5.76144580740662e-007 -1.60220990921059e-007 
2.74391928034078e+005 7.65104305522931e+004 -1.66096236378520e+004 -9.88443784721740e+002 6.31758818419247e+001 6.10524970278485e+000 1.35022965355493e-001 -2.19913776581080e-002 -2.74527250382060e-003 -5.98791725290060e-005 1.48161076123174e-005 1.61247567935361e-006 1.95792269440564e-008 
9.71775194366068e+004 4.76304513921084e+004 -5.89356977199434e+003 -5.51127578997871e+002 1.78169271377330e+001 2.73987418128511e+000 1.00861090737648e-001 -6.53025304946441e-003 -1.22441746197942e-003 -4.97331073893237e-005 4.82508741715526e-006 7.44768797181286e-007 2.42478362790993e-008 
8.71981421757751e+005 -8.08847657341521e+003 -1.24167167627408e+001 2.55242140851863e-002 -2.01927684512158e-002 -1.05500524856081e-003 2.63272189244860e-004 5.48026486049032e-005 4.03867144248108e-008 -1.43938146995477e-006 -1.77957496655264e-007 
1.08604243968080e+006 5.73119273879819e+003 -1.82398980264487e+001 1.62900358448420e-001 8.90116146829227e-004 -2.14928410493216e-003 -2.30199369217402e-004 2.20915101016437e-005 8.46207108918389e-006 4.18137764284130e-007 -1.75800142761671e-007 
4.31849101617042e+005 2.64457984546912e+003 -7.61748535339026e+000 8.19046746171039e-002 2.40892731677180e-003 -1.03539945138647e-003 -1.50204886690117e-004 6.11280245839102e-006 4.51571414765694e-006 3.73129289056704e-007 -7.54238456214882e-008 
8.55703079051966e+005 -8.19067979214243e+003 -1.33032452563503e+001 -6.38689762564915e-002 1.39736726116373e-002 1.06731716399976e-006 -3.44262150232536e-004 4.08907795707376e-005 3.62822960970831e-006 -1.51185121245820e-006 9.07491957832916e-008 
1.09736324882459e+006 5.59035023418730e+003 -1.73743673586747e+001 -3.71953141778687e-002 -5.18089496692337e-003 2.17570808593552e-003 -1.41034164515408e-004 -3.49790484931698e-005 7.82628875329439e-006 -3.74246877574989e-008 -2.06838726795012e-007 
4.37079733464697e+005 2.58649271106698e+003 -7.10585505419404e+000 -1.76980154664422e-002 -4.30081197251111e-003 1.16661461942139e-003 -3.95574381138277e-005 -2.29270420210381e-005 3.80382402932142e-006 1.37384477154041e-007 -1.19883679988360e-007 
-8.20438227639651e-005 2.41562631330057e-006 5.69004241050661e-007 -2.73212032304900e-007 -7.90208248068503e-008 1.62044042852864e-008 6.20006192114968e-009 -5.24926464243493e-010 -3.59618536838775e-010 8.93601625346787e-012 
-5.52338909793999e-006 -5.22995354172665e-008 3.08095213922022e-007 9.76266888636879e-008 -2.91546790350105e-008 -9.45391088777333e-009 1.24271476747158e-009 5.84619424077956e-010 -3.11081800505138e-011 -2.58788760593245e-011 
-7.96780208542888e-005 -4.46251975099286e-007 9.94879163172465e-008 2.30937415276118e-007 -3.60391055979124e-008 -6.94184659360570e-009 2.22883179556428e-009 -2.32554251321209e-010 -2.21875756536324e-011 1.97708225179570e-011 
-4.59136128495157e-006 2.99501665957879e-007 -3.01099465436084e-007 4.04877174152991e-008 2.12807882513225e-008 -4.59746111791009e-009 1.57746387978200e-011 1.98904911436137e-010 -5.22998933756855e-011 -2.34119872120467e-012 
-7.82405284462244e-005 1.41115393876376e-006 -3.31948687252893e-007 -1.35704449747397e-007 1.74776794358807e-008 4.18954110007562e-009 -2.60959828295629e-010 -6.47961598653990e-011 4.10011269043906e-012 4.04148155691061e-012 
-4.08998755412212e-006 6.91412211903345e-007 2.23228375667745e-007 -3.53711780888337e-008 -1.19363938079800e-008 1.00821383820410e-009 1.08410387594799e-010 3.64014402484820e-012 1.06649485131009e-011 -1.38330006592325e-012 
-7.79897456765307e-005 -3.41772674996596e-007 5.80967210403274e-007 1.93861566657264e-007 -2.51706282936999e-008 -1.14419638286472e-008 -1.05539736095559e-009 9.49999119899835e-011 8.92222870145276e-011 2.08410798291652e-011 
-2.89542604373125e-006 8.24819194242428e-008 -2.04755600784192e-007 6.12144822789249e-008 2.29736819393863e-008 4.04205273581958e-011 -7.66221700634638e-010 -2.08459316024050e-010 -1.14115917265179e-011 1.10336466555396e-011 
-6.65497534926478e-002 1.27262973345890e-003 -2.15037674468345e-004 -6.00974550196495e-005 9.92199118813253e-006 1.57973105864030e-006 -3.10286481223431e-007 -6.00842024197709e-008 6.85367576394605e-009 2.52398955218343e-009 
4.12410967614799e-001 -3.97393453340825e-004 -1.35381734212724e-004 2.03155299686949e-005 3.91514824504889e-006 -7.46624174143092e-007 -1.21638450404244e-007 1.98339974224090e-008 5.07724375951921e-009 -3.40220770959962e-010 
1.13557585461407e+003 9.18684112107831e-001 1.87198776984550e-004 5.79093629281670e-005 -8.71725508422876e-006 -1.49474796997150e-006 2.70933545928044e-007 5.55360143761048e-008 -5.78370330502320e-009 -2.29774837564800e-009 
-6.62131055914946e-002 -8.72664075906534e-004 -1.78151917948138e-004 2.07560523650953e-005 -1.43018365134034e-006 4.62587250400092e-007 9.76313366440165e-008 -2.55580956603031e-008 1.21439446169928e-009 3.06472142875107e-010 
4.11354714294515e-001 -4.78525559239745e-004 7.43214675007339e-005 5.48079644033073e-006 -1.92529804674945e-007 2.57909709394891e-007 -5.48008026445490e-008 -2.48891828483818e-009 1.43880562652022e-009 -2.01632074944071e-010 
1.13741527987575e+003 9.20707483202057e-001 1.81124611697160e-004 -1.91331099779052e-005 1.00789410782384e-006 -3.96675068224975e-007 -9.04778503793052e-008 2.29739558518088e-008 -9.76077185671273e-010 -2.92335464947540e-010 
-6.83916916197568e-002 -9.83150270348414e-004 2.12751445557341e-004 4.83185786337140e-005 -8.62301293364951e-007 -9.77473443699224e-007 -5.54766777541908e-008 1.16733313054871e-008 8.25313389552490e-010 -9.97525545112137e-011 
4.11170344656767e-001 3.23892161639731e-004 1.02666321949230e-004 -9.70387303628965e-006 -2.95659441207724e-006 -9.26802041239042e-008 4.50723672579755e-008 3.13466456823021e-009 -4.20884978147215e-010 -3.38509924943818e-011 
1.13925719279442e+003 9.20894471660717e-001 -1.94741129769327e-004 -4.63529500892943e-005 8.05777634751614e-007 9.07731236141060e-007 5.03147271578708e-008 -1.08035678563292e-008 -7.50746083057767e-010 9.44529551626441e-011 
-6.78881363221831e-002 1.45825014943846e-003 1.64186307018059e-004 -7.38462143552789e-005 -6.03319675583268e-006 1.44644974935149e-006 1.74105622320079e-007 -7.19845855919412e-009 -2.86519382497195e-009 -4.39429565601462e-010 
4.11866565360752e-001 1.39408032529877e-004 -1.60592777940698e-004 -1.35635332390325e-005 4.55164989021899e-006 4.33438518412989e-007 -5.83701762868811e-008 -1.03815436268114e-008 -4.94175713610769e-010 6.70841649959226e-011 
1.14109665320567e+003 9.18577005689122e-001 -1.67923822089540e-004 6.72498610564721e-005 5.76215030906105e-006 -1.29687163754245e-006 -1.56736453162337e-007 6.32425110947716e-009 2.49251462688790e-009 3.88412369252544e-010 
