3.63118657869878e+007 -1.30175174755466e+007 -1.35773160118581e+006 4.54467981033367e+004 7.82078116008834e+003 1.44451206986678e+002 -3.65833756641002e+001 -2.97539455359476e+000 7.79474493732685e-002 2.61909110473082e-002 9.99615537179775e-004 -1.43601406936608e-004 -1.69917920263584e-005 1.04758822594027e-007 
2.51738478571952e+007 1.19620141471413e+007 -9.33855141012765e+005 -9.28092687533669e+004 1.02588755535447e+003 4.99475130883046e+002 2.09740410543977e+001 -1.98533962316153e+000 -2.58685951141699e-001 -1.02200846090285e-003 1.89464925452738e-003 1.24883694044518e-004 -7.47299862691836e-006 -1.50770704045274e-006 
9.60446100019620e+006 7.73997184008078e+006 -3.58141351366279e+005 -5.42891538072820e+004 -2.62567259151750e+002 2.51847964193763e+002 1.49960814420919e+001 -7.52179980403247e-001 -1.46269127565692e-001 -3.26055413147718e-003 9.08515768028470e-004 8.15967086827967e-005 -2.23093920329591e-006 -8.16275474858363e-007 
2.54149707796333e+006 -1.97436999521830e+007 -1.62793536588405e+005 1.33069094570941e+005 -9.89804433147293e+001 -7.50444272612256e+002 8.77467061404787e+000 5.26366026390258e+000 -1.29617356840015e-001 -4.14701615059143e-002 1.61610780706428e-003 3.46526251388028e-004 -1.90186813282936e-005 -2.99691375293486e-006 
3.88211155526847e+007 1.10632238021513e+006 -1.61231445793654e+006 4.09863304503802e+002 8.64371189114657e+003 -8.43142725437701e+001 -5.43870526900144e+001 1.21887382061757e+000 4.05392218025170e-001 -1.48231334905392e-002 -3.27809570355422e-003 1.71817806445115e-004 2.75719789583018e-005 -1.96344678506243e-006 
2.03962976445663e+007 2.63800449999710e+006 -8.44425790391582e+005 -1.35732006200636e+004 4.62773354709960e+003 3.27402222044334e+001 -2.99630507302314e+001 1.05562833283357e-001 2.29995083102317e-001 -3.62028626567952e-003 -1.91866406613626e-003 5.58689052087512e-005 1.67001829778159e-005 -7.38254427271026e-007 
-3.38073842482892e+007 -1.55763566415558e+007 1.05923568832305e+006 5.42844675630151e+004 -6.56996697053642e+003 1.43345000760771e+002 2.42924088783572e+001 -2.51997153580942e+000 2.94884902982469e-002 1.44231223431627e-002 -1.28542289954346e-003 -4.72315938113911e-006 9.78124709139837e-006 -7.32649722488731e-007 
2.95126814696688e+007 -9.88320971274399e+006 -9.91539695340531e+005 8.12842570030872e+004 5.67390195439852e+002 -3.83635848621712e+002 2.25410744529106e+001 6.46734577841253e-001 -1.86486894440619e-001 9.45762120000633e-003 5.72511661255329e-004 -1.10975715178463e-004 4.35904069921154e-006 4.89393530658833e-007 
1.91924472189691e+007 -3.66453653808638e+006 -6.39466735876244e+005 3.77956880604842e+004 9.84054381634243e+002 -2.19795641462392e+002 9.52362774235197e+000 6.06672168055301e-001 -1.02677757256934e-001 3.55735879974090e-003 4.39065582315098e-004 -5.87937349714944e-005 1.31480916696974e-006 3.37370824847995e-007 
-5.54724760741129e+007 -5.95945775913337e+006 1.22353773067421e+006 -1.51217314464696e+004 -2.07639876465313e+003 1.82094176919168e+002 -8.22834189732174e+000 3.56271537714958e-003 3.36044226103452e-002 -3.10547711795609e-003 1.36869239390472e-004 1.70654806512731e-006 -8.33590729988368e-007 7.27288055586483e-008 
4.74564311563039e+006 -1.41554268137993e+007 -1.22649932049246e+005 5.66630466961165e+004 -2.32121550124981e+003 1.97252986800467e+001 6.41340947893719e+000 -6.31206504560485e-001 2.98549350325908e-002 2.24408410390798e-005 -1.38869183752650e-004 1.31067406180307e-005 -5.85374278419294e-007 -8.13586659665173e-009 
8.20868471049108e+006 -6.94351255645443e+006 -1.92334785920727e+005 3.18367396021643e+004 -1.02478270058459e+003 -8.33616521447839e+000 4.27888501344325e+000 -3.37560042220533e-001 1.24655374657467e-002 3.33859803517807e-004 -8.83699973190375e-005 6.82474860343715e-006 -2.26308406595872e-007 -1.18842709797385e-008 
-5.19080295054769e+007 2.10378508374006e+007 6.34205289007223e+005 -4.41406694905158e+004 -6.06661823793121e+002 2.79428226548558e+001 1.61057794019308e-001 -8.52569975936762e-003 4.46657559181036e-005 1.36813207983245e-006 
-8.74584912448062e+007 -9.99316031204160e+006 1.09302460757233e+006 1.99703501496020e+004 -1.14702375092441e+003 -1.02314654471086e+001 4.84915479935662e-001 3.74142354645174e-004 -1.07937289267505e-004 1.72015305877751e-006 
-3.61128012215599e+007 -5.82720488670253e+006 4.51693717523450e+005 1.17786517612867e+004 -4.77730590569589e+002 -6.37156669633835e+000 2.08007086208508e-001 7.07787760008992e-004 -5.13958395381766e-005 6.88077720826863e-007 
-6.52388959336674e+006 2.38711770555768e+007 6.51865354706981e+004 -4.92441887367181e+004 -2.75063038355498e+001 2.91378976587272e+001 -5.27645129892343e-002 -6.65690378646283e-003 6.23237057168301e-005 -2.54874907038108e-007 
-9.81696393620961e+007 -6.13828984607601e+005 1.21784449319164e+006 6.10547402150968e+002 -1.23619617334487e+003 1.19973250323244e+000 4.56401473694891e-001 -2.09456548384921e-003 -4.85839392994551e-005 1.36830731067744e-006 
-4.38030582132440e+007 -1.78612419857125e+006 5.43859815923877e+005 3.39045219890882e+003 -5.54494233202763e+002 -1.30351630047899e+000 2.08697888411907e-001 -5.22526925417159e-004 -2.59278882696830e-005 6.25841563453812e-007 
6.35377552903051e+006 2.01867445614330e+007 -3.45965545894189e+004 -1.51798104392432e+004 1.69624998727276e+001 2.91328833452624e+000 -3.87423366413807e-003 -2.01058180316650e-004 -2.18098684185260e-005 8.64021935044729e-007 2.31048168584372e-007 1.71872141479549e-007 3.65809416263637e-008 
-1.38912603196508e+008 8.72113027566756e+005 6.27334653865773e+005 -7.89498847410310e+002 -2.24024003943639e+002 2.66177228705392e-001 2.05750109265443e-002 -2.27468163045596e-004 4.19026942182916e-005 6.20176145011112e-006 3.77259986314610e-007 4.92236460592460e-008 -6.05350455166394e-008 
-6.01823930435183e+007 3.77944172021947e+005 2.71943528323831e+005 -3.42168252803705e+002 -9.71144557933919e+001 1.14971317831979e-001 8.97869990169597e-003 -7.40080237418969e-005 1.58223014176740e-005 1.84449024523431e-006 1.32315429755112e-007 1.59168987859730e-008 -2.26059247723658e-008 
4.58798091452732e+007 1.91903414890458e+007 -2.13224132564783e+005 -1.44488661063759e+004 7.40038395500395e+001 2.79104260641261e+000 -5.77419616081954e-003 -3.41269972774752e-004 6.99816593383753e-006 1.11784065185483e-005 -1.67974745389465e-006 -1.01244942687907e-007 1.00460301468341e-007 
-1.32222335883587e+008 5.79254063569187e+006 5.96618255999140e+005 -4.30388016203914e+003 -2.13613752776370e+002 7.73984643841280e-001 1.95209158524269e-002 1.15419404088595e-004 8.59612727084326e-005 -1.29030123016727e-005 -1.79873456189881e-006 7.98485903155469e-007 -1.00169492130895e-007 
-5.72824412422268e+007 2.51090486358608e+006 2.58628867202681e+005 -1.86566855505312e+003 -9.26051611404936e+001 3.35355233175814e-001 8.59437734382342e-003 4.27698067086727e-005 2.88824246076588e-005 -4.52474222358816e-006 -5.28438451748479e-007 2.69081454180004e-007 -3.82422284371960e-008 
-2.45286781012476e+008 -4.18150669678522e+006 1.01252369833207e+006 4.48695207355950e+003 -2.45523335635619e+002 -1.30172028507119e+000 -4.47715784797945e-002 -1.79691684687896e-004 1.45996994620512e-005 6.06460424286993e-007 -3.66741147605449e-007 
3.40011131420403e+007 -2.74491617075978e+007 -1.41791197895406e+005 1.87240737492591e+004 8.01001864685724e+001 -4.84827322073466e-001 -8.09883825873234e-003 -8.39316723552804e-004 -5.89550818073617e-006 -1.12545792921241e-006 -1.44706163582575e-007 
2.22190441175516e+007 -1.24768723219255e+007 -9.23560293985260e+004 8.46726828434091e+003 4.33648863977073e+001 -1.87315355077668e-001 -2.51742580511625e-003 -3.78641167415126e-004 -2.27830317001945e-006 -5.31214374692810e-007 -9.97974714750544e-008 
6.47570684640246e+008 -8.95285189702944e+006 -1.00784966039483e+005 2.47274538912998e+002 1.43332800226166e+000 -3.24617272758968e-003 -1.18844265561134e-005 1.75272868209190e-007 
3.35471860635977e+008 1.52236675152029e+007 -5.21524032304543e+004 -3.86600293999109e+002 8.58659347006917e-001 3.98047065961840e-003 -9.54761618300594e-006 -2.83508021901775e-007 
1.28031760188352e+008 6.74329151006207e+006 -1.99008046498270e+004 -1.71726213562483e+002 3.33153743034648e-001 1.78550734745098e-003 -3.74502537517208e-006 -1.68010450475053e-007 
1.28796289784705e+009 5.58196461490653e+006 -2.60585696585247e+004 -2.44541763897311e+001 3.28077082584613e-002 4.14736894785984e-005 6.03507980275490e-008 
-6.20413000149908e+008 1.09339501426831e+007 1.25568080093174e+004 -3.42428556494538e+001 -3.04241185812450e-002 1.17782717536821e-005 -8.04894014851037e-008 
-3.11736486803318e+008 4.27585983271559e+006 6.30904701583333e+003 -1.30933941548757e+001 -1.39725018197304e-002 3.15628482622828e-006 -4.11472129285617e-008 
1.91764403290447e+009 -7.20016713481129e+006 -4.80260566062927e+003 2.68723020047743e+000 1.18912111810520e-003 2.03270551951184e-007 
2.04798199533767e+009 5.19092705677079e+006 -5.12968530067126e+003 -2.50135715361599e+000 8.11938896337103e-004 5.52071815716763e-007 
8.69837911783246e+008 2.37531158030280e+006 -2.17876113970425e+003 -1.13365773078224e+000 3.39311652807637e-004 2.43886156837865e-007 
4.45787258771884e+009 5.45299365673808e+005 -3.16252063803533e+003 -8.09026886805647e-002 1.91079135393460e-004 -5.43311634798046e-008 
-2.86935494909467e+008 6.97965636532938e+006 2.03563369116475e+002 -8.23704505367380e-001 -2.51825349705349e-005 5.21971775862068e-008 
-2.28428171326529e+008 2.84323639094276e+006 1.62049691123559e+002 -3.35143555951428e-001 -1.52088954184223e-005 2.34574835911230e-008 
2.49652502867523e+009 6.78245532486061e+006 -1.12347960252787e+003 -3.33369172481903e-001 1.40678819107393e-004 -6.71116407499706e-009 
-4.09237594859819e+009 2.66693830365108e+006 1.84184543942817e+003 -4.88589650742293e-001 1.34046597641020e-005 1.49005357303811e-008 
-2.02930186074402e+009 -1.21126834545384e+006 9.13323348107588e+002 -5.22057599592540e-002 -3.78901536278567e-005 9.22576974759307e-009 
-4.20679352872345e+004 -1.66222026401869e+005 2.03048196749721e+003 1.32210955014291e+003 -2.12543259097843e+001 -2.28772884206528e+000 1.13026687785995e-001 -4.50370178608776e-005 -3.72926745300392e-004 5.33808724910366e-007 1.24995677376432e-006 -2.38936083756007e-008 -5.05546233576642e-009 
3.34095368817246e+005 -1.48440178325005e+004 -1.61374724364613e+004 2.29493021430844e+002 5.73218956385660e+001 -1.52245682912184e+000 -3.75980771545087e-002 5.96008985420826e-003 -3.48725777580021e-005 -1.83464783158975e-005 1.10111782302549e-007 7.04701606174535e-008 -2.86082975941860e-009 
1.77860819236760e+005 1.09301919465221e+003 -8.61881232091717e+003 5.00077199567329e+001 3.14719706533620e+001 -6.79808347206800e-001 -2.61720478546740e-002 3.14856280166393e-003 1.74967329170337e-006 -9.72136027497328e-006 -9.30986295923979e-009 3.84936072232698e-008 -1.23538196774981e-009 
-3.13852588784010e+005 -9.49093234106577e+004 1.47693079759963e+004 7.41591811470656e+002 -4.59205865020278e+001 -6.70235437215159e-001 -6.04557932360887e-003 -5.93392148864647e-003 7.00132335794359e-005 1.42152886029162e-005 4.76956619173705e-008 3.47560897588034e-008 2.61722723258235e-009 
1.93460225372100e+005 -1.19720668722324e+005 -8.90959752273314e+003 9.01787540374993e+002 2.85530007281271e+001 -1.03544364641235e+000 4.02697031433632e-002 -1.90269449674219e-003 -3.30873030126016e-004 -1.96048600254898e-007 6.81817964436316e-008 -1.45068081456154e-008 2.69307197302651e-009 
1.18301765587057e+005 -5.80156249243228e+004 -5.48264448228102e+003 4.37050594420221e+002 1.75701356951344e+001 -5.15543413656557e-001 2.13393383855046e-002 -6.85719087572404e-004 -1.78412418037862e-004 -8.50859613533840e-007 3.52881804751886e-008 -9.45684313436594e-009 1.28144691826663e-009 
-3.67003176328118e+005 4.50426941120080e+004 1.86636251305102e+004 -1.53271523319444e+002 -7.05710813349923e+001 -1.97704442672371e+000 -3.98659833218746e-002 8.39676646002862e-003 9.97417979998031e-004 3.48054547993865e-005 -1.27117676222286e-006 -3.08745367622620e-007 -2.24887414887751e-008 
-7.84369578870756e+004 -1.41354753841614e+005 4.03873205352674e+003 1.20606946514683e+003 7.11871979436561e+000 -1.86478394633750e+000 -1.49799841157062e-001 -9.97439482016187e-003 8.50761870419874e-005 4.94699827118280e-005 3.80299690731580e-006 1.14876656039418e-007 -1.12972837266421e-008 
-2.20603128585115e+004 -7.68025991655709e+004 1.15223346224997e+003 6.45141105760855e+002 7.42669277254396e+000 -8.87784582643251e-001 -7.69591858899981e-002 -5.68861022419331e-003 -6.45948381383982e-006 2.43203178707520e-005 2.07116590759157e-006 7.64320463543807e-008 -4.80240794136239e-009 
-1.48764780029068e+005 1.65138386394526e+005 8.96297692159877e+003 -1.50161593915081e+003 -8.12742641031044e+001 3.38923786601724e+000 5.46709370087905e-001 1.43042035383642e-002 -2.77169764012189e-003 -2.54921839842284e-004 5.26049432270685e-006 2.20636307433059e-006 9.05767670861645e-008 
-2.84520403017162e+005 -5.36655077634767e+004 1.71515255761107e+004 7.67736239200890e+002 -7.66658661944161e+001 -5.95757970524875e+000 3.27890408187963e-002 3.65544956920407e-002 1.93682013529645e-003 -1.43606802963637e-004 -2.20387886678121e-005 -2.24061318923144e-007 1.56660163429983e-007 
-1.41940163083454e+005 -3.68159771213198e+004 8.58120621610807e+003 4.83073032775033e+002 -3.63211126145170e+001 -3.32070416208837e+000 -1.06499642223597e-002 1.85537252118703e-002 1.16419953599194e-003 -6.26563550128711e-005 -1.18962872390846e-005 -2.31611989001120e-007 7.79785249247940e-008 
1.86701881464731e+005 1.52152513446953e+005 -1.25143239957826e+004 -1.64972949582221e+003 8.17366893727384e+001 8.43627534105329e+000 -4.83449858265149e-001 -4.62470408688286e-002 3.91972058772148e-003 2.99329741287385e-004 -3.56083848589231e-005 -2.03245532816441e-006 3.33599942378826e-007 
-2.44830340945410e+005 9.26482062618391e+004 1.62376164038551e+004 -1.00138089926832e+003 -1.04701100285162e+002 5.51214389177139e+000 5.26843207902852e-001 -3.84935636696552e-002 -3.17380944381902e-003 3.35282576887960e-004 2.10879996178795e-005 -3.09217970377399e-006 -1.40284699092730e-007 
-1.38308808458239e+005 4.10115313749113e+004 9.20671935977216e+003 -4.43798189075058e+002 -5.95145880983049e+001 2.47586178030549e+000 3.03049210115893e-001 -1.79289063840800e-002 -1.87627963974222e-003 1.61460205935157e-004 1.29563662456889e-005 -1.52650708781629e-006 -9.11602426749105e-008 
3.49135018718731e+005 2.79684030592076e+003 -2.14499163382272e+004 2.21446454505569e+002 1.09336221846111e+002 -4.04692672893171e+000 -1.78900694414276e-001 2.97486347141485e-002 -1.35772309379137e-003 -9.16727611199494e-005 1.59062818091333e-005 -5.27826449910982e-007 -7.01691311686971e-008 
1.92479408493396e+004 1.56717657751496e+005 -1.13464971408908e+003 -1.53096329571060e+003 3.38258611179564e+001 4.68477133641676e+000 -3.38846219392402e-001 3.37177350569210e-003 1.69065043051976e-003 -1.53076994455561e-004 -2.54781899431225e-007 1.05506020810833e-006 -7.57910232732176e-008 
-7.47764020208253e+003 8.24349434438826e+004 4.92050962557162e+002 -8.20042728101878e+002 1.22331357238541e+001 2.68569111874647e+000 -1.69511304667223e-001 2.36227084014931e-004 9.61663495077512e-004 -7.60166983150327e-005 -9.53261219912512e-007 5.83693799108047e-007 -3.63641868356550e-008 
2.08149333082466e+005 -1.35089341827565e+005 -1.11822680037353e+004 1.27717311555481e+003 2.58129377612740e+001 -3.39872697110142e+000 8.04524143172411e-002 -2.04824992887888e-003 -6.90497491476899e-005 3.45306566259921e-005 -2.63941474514617e-006 2.49963900316419e-008 7.07460011969266e-009 
2.75056947758099e+005 8.80129263019189e+004 -1.43689378279896e+004 -5.95316455231644e+002 6.76692665906453e+001 -1.76028766023054e-001 -7.79928910419966e-002 4.66136791836873e-003 -4.19132626267590e-004 1.93067068841638e-005 1.09275345717774e-006 -1.61906686570723e-007 7.32834323676628e-009 
1.34400230660425e+005 5.31454724611298e+004 -7.02468510202745e+003 -3.79633505029353e+002 3.44888982872882e+001 8.52768026047474e-002 -4.55271327327163e-002 2.55861554497625e-003 -2.17157059188975e-004 8.41767023486297e-006 7.11871667566929e-007 -8.67496145069837e-008 3.49991787082398e-009 
-1.01026385551094e+005 -1.60790062743512e+005 4.67371508953577e+003 1.23572855937497e+003 -2.62061177479503e+001 -1.86978883979440e+000 6.19579394361388e-002 3.57894454155702e-004 -6.21420341682326e-005 -1.26541772628369e-005 3.73048167068495e-007 5.03441721403781e-008 -2.57255587672518e-009 
3.25996215043857e+005 -3.78946786058279e+004 -1.53865500291925e+004 3.83746811056225e+002 5.11690507777065e+001 -1.30117175614502e+000 -2.59332462194923e-002 1.89836551438102e-003 8.15357173369104e-005 -3.19047454407052e-006 -8.43126835308265e-007 3.29896915104630e-008 1.69637662435096e-009 
1.76580437765462e+005 -1.20708090097770e+004 -8.36329662403299e+003 1.41072421832892e+002 2.84626036699472e+001 -5.93214360074734e-001 -1.70930235753003e-002 9.88227681983784e-004 4.62230432898316e-005 -1.06392099932276e-006 -4.64371305075247e-007 1.49020027935818e-008 1.02881222716384e-009 
-1.30335761075757e+006 3.40879884310395e+003 2.52064850772929e+001 -6.23472920513876e-003 -1.36022225018534e-002 2.10386735638018e-003 4.49699203960033e-004 -3.65758715979281e-005 -1.45942305227515e-005 3.95973880613396e-007 4.62745627692655e-007 
-2.07818654587605e+005 -9.14606576430980e+003 7.64584135441496e+000 7.56591002693477e-002 -1.22823432959079e-002 -2.14965234352084e-003 2.73573588336541e-004 7.00827104113073e-005 -4.45816512727945e-006 -2.25180673320812e-006 2.63517276093639e-008 
-5.51085754695461e+004 -3.95939555177376e+003 2.69202213603493e+000 4.68270591773308e-002 -5.40308970929922e-003 -1.37209250599718e-003 9.96251856726328e-005 4.12299579373029e-005 -8.68911874388147e-007 -1.24382728970225e-006 -3.38837754079755e-008 
-1.29633858071688e+006 3.61039109247194e+003 2.54532818235112e+001 1.16812099324417e-001 1.12838379069501e-002 -1.32340832711522e-003 -2.83074818846244e-006 2.39681923313641e-005 -3.85077866771822e-006 1.16123673222393e-007 6.41585497080419e-008 
-2.26049280701808e+005 -9.08476553881398e+003 7.45690720895518e+000 -3.83655077282328e-002 7.87060816236238e-003 7.29291301114249e-004 -1.84141061095730e-004 1.51857553755239e-005 1.21284830605828e-006 -5.29846907815751e-007 6.14568531948502e-008 
-6.30054612050236e+004 -3.93758150894582e+003 2.60717193428142e+000 -3.16480030938075e-002 2.69326975777322e-003 5.23499082515743e-004 -9.79684116497039e-005 5.62835260029680e-006 1.04705942239454e-006 -2.94953700897360e-007 2.61833674761911e-008 
-4.18303314052997e-005 1.51983861744448e-006 -5.89932060481925e-007 -9.00512005922485e-008 3.65276960521826e-008 1.36560291724452e-009 -6.88226953845029e-010 1.03056707754394e-010 5.15797182396441e-012 -6.88902276982687e-012 
3.51538118744565e-005 5.70636126831010e-007 1.73752357249702e-007 -7.36511622764295e-008 -7.64460411871187e-009 2.26804674542935e-009 -1.57609790043585e-011 1.02553165942538e-011 2.88976322629701e-012 -3.49369102487190e-012 
-4.09185065905043e-005 7.33029243202784e-007 8.62386345921315e-007 1.22919440472609e-007 -5.31055761032916e-008 -1.25850450039942e-008 -2.15892225218014e-010 5.06590539992878e-010 1.40416170448922e-010 -1.87469550723356e-012 
3.55290276304602e-005 -4.74313502965408e-007 -9.80538676426846e-008 1.07692012735984e-007 1.98857571180720e-008 -2.85120182863419e-009 -1.35261617735192e-009 -1.57222075936629e-010 4.40041024374160e-011 1.42926973922005e-011 
-3.77999062429957e-005 4.91488186923687e-007 -8.68161336311226e-007 2.03345532530546e-007 8.15852152005816e-008 -2.00394539800014e-008 -3.00506203107082e-009 1.22727589230977e-009 2.15066362932770e-011 -5.45186424649818e-011 
3.60128053772559e-005 8.73002873285014e-007 -2.13908601571328e-007 -1.32940472864257e-007 3.08497898267539e-008 7.85572491086952e-009 -2.22638584541564e-009 -2.22460516845995e-010 1.12987009527088e-010 2.21543660174320e-012 
-3.63902208610727e-005 1.90223880328218e-006 1.87247921044904e-007 -2.05837473323498e-007 -5.98580867605735e-009 7.81008226118081e-009 -4.06498382613215e-010 -6.02439659858563e-011 1.45052997323591e-011 -3.01326351501010e-012 
3.63818279362468e-005 5.91819820222637e-008 3.00861560295521e-007 2.72044043207895e-008 -2.12881385349680e-008 2.34919717212990e-010 5.39259346256376e-010 -2.53859280791692e-011 -1.48753944310825e-011 -1.22509980656261e-012 
-3.67870134164943e-002 -4.29153955340820e-004 5.39863671103775e-005 4.06101428919020e-005 -3.34849635319828e-006 -1.00522449726423e-006 8.94831210290180e-008 1.00886907999873e-008 -1.37293161049565e-009 4.05435309687325e-011 
3.85901095092346e-001 1.46646754854532e-006 7.06168015426721e-005 -5.96361567414964e-006 -2.62510044343689e-006 2.25908062057478e-007 4.37578098407930e-008 -4.36154137593387e-009 -1.62296121811580e-010 5.47486443216422e-011 
4.53543770829160e+003 9.20311349678227e-001 -4.80469580697491e-005 -3.93035459668714e-005 3.06286341721746e-006 9.37125867597065e-007 -8.31415903684041e-008 -9.30304852751105e-009 1.28323489825822e-009 -3.64349900984255e-011 
-3.67127501593765e-002 4.79737216612674e-004 4.00783428521109e-005 -2.45934007227825e-005 3.19569185671145e-006 1.16742890335189e-006 -6.82939959898966e-008 -3.21193234101846e-008 -2.46812619998020e-009 3.30999916931071e-010 
3.86069109915784e-001 6.85183703812487e-005 -3.55282164700426e-005 2.57700396553409e-006 2.20378577884485e-006 -2.42578780292198e-007 -7.97214757463093e-008 -6.12084102377550e-010 1.52051955217706e-009 2.58551687172971e-010 
4.53727741916639e+003 9.19405918663909e-001 -5.32112076124381e-005 2.22624811970006e-005 -2.65442840184890e-006 -1.04317915428213e-006 6.31862512068179e-008 2.88563332539875e-008 2.15132938331218e-009 -3.04297898052634e-010 
-3.55864435185743e-002 6.69769168185406e-004 3.14061255308479e-005 -1.96039066054650e-005 -7.81418224596611e-006 6.15831354528034e-007 3.42426694982813e-007 -3.27728041321963e-008 -8.39254073492141e-009 1.56905462135584e-009 
3.86038821562096e-001 -9.71575749157501e-005 -3.89800346133211e-005 -9.12206741558766e-006 1.15037521145623e-006 6.84589896360994e-007 -5.12353642741469e-008 -2.16653554407927e-008 2.76396724971622e-009 4.22916283396807e-010 
4.53911599658508e+003 9.19171544746990e-001 -2.08408940034484e-005 2.08692246712317e-005 6.92067731370804e-006 -6.09690813232688e-007 -3.06476869473459e-007 3.03898717527412e-008 7.45977646434587e-009 -1.42654010961617e-009 
-3.49895726552754e-002 -2.54603241762431e-004 -1.52532674345828e-004 3.11289424766939e-005 6.00462646194437e-006 -9.75877131986540e-007 -1.00399341526373e-007 1.73826818334122e-008 5.25369780943349e-010 -1.31444908686865e-010 
3.85628107766805e-001 -2.28719530110663e-004 5.27876029113551e-005 1.24619901300941e-005 -2.20027742040646e-006 -3.25328117121249e-007 5.30965432200903e-008 3.26895761504910e-009 -6.57609749500916e-010 -6.05344379983509e-012 
4.54095513355776e+003 9.20135823814848e-001 1.52713589361017e-004 -3.02113274826775e-005 -5.65352660280547e-006 9.13594598441897e-007 9.19840641132735e-008 -1.59798429176007e-008 -4.91657450397031e-010 1.20295479855203e-010 
