-2.58328225163080e+007 1.22009435860092e+007 2.99315200930063e+005 -2.52558202966229e+004 2.71873008734611e+001 -1.10097277336774e+001 -1.84116430764147e-001 6.34258378713441e-003 -4.58452541660350e-004 2.55217390395173e-005 -6.34947122395034e-007 3.49490430666767e-008 -3.20367684784605e-010 1.45985306246375e-011 
-5.65243462443322e+007 -4.25715820863940e+006 6.82700101928835e+005 5.78427914044885e+003 -3.02968251407642e+002 7.30988579859218e+000 -5.80338860867771e-001 6.53861614053680e-003 -5.31627471964381e-004 -1.15746183457195e-006 -5.49600074670818e-009 -1.90103612489726e-008 1.01453821851212e-009 -4.17088249231280e-011 
-2.76796001576737e+007 -3.53906175586120e+006 3.33668068115890e+005 5.70788330756707e+003 -1.64662121458162e+002 5.04612289918181e+000 -2.90927887390664e-001 2.83542316641960e-003 -2.36469022916722e-004 -3.26385989306529e-006 6.28824759864425e-008 -1.37779655245605e-008 5.75166103244262e-010 -2.37920927970005e-011 
-2.79852881879786e+003 1.33724988730611e+007 -9.07427060817644e+003 -2.67821908144467e+004 -2.28182453286721e+002 -1.42098552332287e+001 -9.19975102056366e-002 4.36211658782249e-003 3.61209136899402e-004 3.04111540958736e-005 9.89409347105619e-007 5.07934833632703e-008 1.13677997073569e-009 3.22813495305460e-011 
-5.94110978927047e+007 1.40604118071033e+006 7.25484939268723e+005 1.37652580480004e+003 -2.91419529875265e+002 -6.41156781696778e+000 -6.48178001766581e-001 -1.21647817782903e-002 -6.82254981370737e-004 -7.84498307814936e-006 -9.23869309475566e-008 1.73040697864525e-008 1.34132986798291e-009 6.32346877399259e-011 
-3.18995491477101e+007 -6.35254841464656e+005 3.88490343840962e+005 3.51150390583158e+003 -1.32022035319459e+002 -1.95206356396431e+000 -3.36715834333037e-001 -6.95050142008560e-003 -4.01897666673442e-004 -7.34307229132888e-006 -1.51911244605047e-007 3.97859734481668e-009 5.98694182660470e-010 3.04333445201074e-011 
2.55935566125268e+007 1.19302731227178e+007 -3.61927594236032e+005 -3.27449973707164e+004 -5.12120311290001e+002 -1.22326617605636e+001 4.41790590036571e-001 4.65642902246941e-002 2.87637546661871e-003 1.32746843779914e-004 4.40320174952350e-006 6.95459498913111e-008 -4.72364634190942e-009 -5.58557284886218e-010 
-5.08091279029751e+007 7.18072455598827e+006 7.06627254185658e+005 -5.32056222717605e+003 -6.16548079448984e+002 -2.87410537299279e+001 -1.32477378255450e+000 -3.58726854150170e-002 -5.34923664496541e-004 4.34366926825442e-005 4.42807497524676e-006 2.76255545933980e-007 1.27176145294957e-008 4.22218002169687e-010 
-2.99580701314204e+007 2.59904388223259e+006 4.14992515796926e+005 5.52045687432909e+002 -2.76271242058432e+002 -1.40852642642054e+001 -7.53479349066967e-001 -2.39896501107106e-002 -5.83909020569999e-004 9.44343746958907e-006 1.90902407865963e-006 1.40364852539019e-007 7.28329947262203e-009 2.83444233668837e-010 
4.52080754115458e+007 7.31213972334225e+006 -8.08428923142521e+005 -4.16210084217400e+004 -4.68214014723940e+002 3.00224099879273e+001 3.97898506374331e+000 2.43362657211057e-001 9.44757316838146e-003 7.24443717938350e-005 -2.46492649622746e-005 -2.53255606385753e-006 -1.51083194901352e-007 -5.22232472508620e-009 
-3.11521363266649e+007 1.23540258579762e+007 5.58086301721438e+005 -2.18509686119847e+004 -1.58749419872806e+003 -7.10250555792084e+001 -1.88688439628312e+000 4.35380800525436e-002 9.24083330346023e-003 6.94201395515785e-004 3.26390224804603e-005 6.52684652986387e-007 -5.39188092320196e-008 -7.45094987052775e-009 
-2.14910032515458e+007 5.84129402579171e+006 3.81925984848889e+005 -7.35832686850758e+003 -7.99494913283069e+002 -4.10531104292740e+001 -1.42040985531083e+000 -1.96850611732366e-003 3.95708127101323e-003 3.63328154506948e-004 1.99906055243927e-005 6.11176694525822e-007 -1.31422208276030e-008 -3.43891470219630e-009 
-8.66946907647859e+007 -1.41517858407993e+007 1.10697087099210e+006 2.99819691752010e+004 -1.20966712032487e+003 -1.97928710496541e+001 5.98220788685944e-001 7.14253971043288e-003 -2.25024041875799e-004 -2.14975328023183e-006 
5.54602657664440e+007 -1.82434763819776e+007 -7.01054225271447e+005 3.90277061478745e+004 7.51450254118289e+002 -2.66946378933906e+001 -3.46442814192170e-001 1.08136282209693e-002 1.07668959513370e-004 -4.14066659566943e-006 
3.03878989279295e+007 -7.31351333348183e+006 -3.85481883306542e+005 1.56634981620378e+004 4.14655976734251e+002 -1.07589295554474e+001 -1.93734063214907e-001 4.41367550172005e-003 6.26850414555701e-005 -1.72699276804057e-006 
-1.05251908063939e+008 -4.21065512410096e+006 1.34023911220727e+006 8.29321263061436e+003 -1.45016603565597e+003 -3.89469018679475e+000 6.91009523756976e-001 -5.59347476602012e-004 -2.33807975618319e-004 1.57436279352238e-006 
1.49639386588766e+007 -2.18171635056263e+007 -1.79370186524005e+005 4.64361352098012e+004 1.60343760692890e+002 -3.11294543116951e+001 -1.87310522577946e-002 1.17777656683779e-002 -4.56802450159999e-005 -3.86510743722350e-006 
1.33401653196177e+007 -9.55050646937105e+006 -1.65509224415302e+005 2.03692542242465e+004 1.63903920325667e+002 -1.37603098807016e+001 -5.21496779777112e-002 5.33492277144320e-003 -5.75200299410855e-006 -1.83842109220092e-006 
-1.48010786664114e+008 2.33428225872443e+006 7.03772902391785e+005 -2.66957035792702e+003 -2.76619090731777e+002 1.41619770154557e+000 4.15802384759132e-002 -8.30982974759947e-004 -2.78997160605048e-005 7.20445082586462e-006 7.48220059444412e-007 5.98425254901966e-008 2.72910632559539e-008 
-1.68111277230284e+007 -1.87595756196607e+007 8.49050980946890e+004 1.48044173652895e+004 -5.93984242581050e+001 -3.44688659273031e+000 2.50306789510957e-002 2.42325342518198e-004 1.68887186386494e-005 2.93481199061018e-006 5.64622161699372e-009 1.66069497926766e-008 -9.30949432148450e-009 
-7.28012499341796e+006 -8.13195470271885e+006 3.68044567003298e+004 6.41771078829079e+003 -2.57479933966561e+001 -1.49380500472800e+000 1.08625142056251e-002 7.50210967208905e-005 5.84925922532293e-006 2.20864232464220e-006 7.68644302835654e-008 4.56277860206323e-009 -3.06664555132386e-009 
-1.37864973050912e+008 7.76355728258411e+006 6.46275119701070e+005 -6.82085770950626e+003 -2.39674417460772e+002 2.23211751128002e+000 2.61634835541998e-002 -8.73959269536436e-004 8.05367639562179e-005 1.04972736415555e-005 -5.82168362346178e-006 6.03022127435904e-007 2.61298483044395e-007 
-5.31031851785374e+007 -1.73908901925305e+007 2.54695573403072e+005 1.33384324446237e+004 -1.21581347459700e+002 -2.74890204823082e+000 3.03478080385395e-002 1.59407054019746e-004 5.05247378818222e-005 -9.79958924827695e-006 -1.07399168035597e-006 8.11345550819852e-007 -1.09885587653774e-007 
-2.30121042923414e+007 -7.53864452725883e+006 1.10408734592509e+005 5.78223024929959e+003 -5.27031995001609e+001 -1.19142649489479e+000 1.30300020989390e-002 5.31302099418644e-005 3.16501437862933e-005 -4.35464766348199e-006 -9.57494029077467e-007 4.51346438702268e-007 -3.77209583192035e-008 
-2.73972194250186e+007 3.43903146673317e+007 1.58383981507660e+005 -3.31223236534815e+004 -4.26217760347124e+002 8.15897554887560e+000 3.83934173132988e-001 4.35398473803701e-003 -1.44641103288473e-004 -5.85392277887666e-006 2.92605221471953e-008 
-1.96568163764983e+008 -7.45297739177947e+005 1.18109737246238e+006 8.75575072565985e+003 -5.72484127992994e+002 -1.27721908339075e+001 9.78606586555768e-003 7.76745618420537e-003 1.81337915556623e-004 -5.68633247048705e-008 -2.70852849868156e-007 
-8.94572359037099e+007 -1.26965895591893e+006 5.37470928182730e+005 4.90993239904483e+003 -2.51085412855041e+002 -6.07861373613582e+000 -5.88673983902737e-003 3.44754268504572e-003 8.75549118486991e-005 3.90296617118723e-009 -1.32923472790070e-007 
1.82442152686303e+008 1.73322773240554e+007 -2.47530003548629e+004 -4.05193018449240e+002 -6.17129388003086e-002 2.88557371283994e-003 6.92915518917421e-006 6.47389838629497e-008 
-6.91167419906648e+008 4.85008095203021e+006 9.36017828612509e+004 -5.65075122700189e+001 -1.11860438741293e+000 -1.08827809995609e-003 5.40971349987857e-006 3.00397250824267e-008 
-3.00699113028441e+008 1.65706430746381e+006 4.07231836765932e+004 -1.43586441894985e+001 -4.77976346745003e-001 -5.36652835507923e-004 2.08823019726669e-006 6.71616828628551e-009 
6.35691919924925e+008 1.13507201229850e+007 -1.20291758196430e+004 -3.67641008006118e+001 1.23742197868320e-002 2.56565883625642e-005 -4.51798481966579e-008 
-1.24410468293844e+009 5.38221388544671e+006 2.34891246178430e+004 -1.45345503585870e+001 -3.37800173542914e-002 -1.08785475627773e-005 1.22079533153739e-008 
-5.41255993277298e+008 1.73421651759901e+006 1.02192027699337e+004 -4.41450666594743e+000 -1.44178916703406e-002 -5.69467077505228e-006 -7.67885700048232e-010 
2.39378451527604e+009 -5.61730885040442e+006 -5.84005883467765e+003 1.97860213535032e+000 1.23629013687050e-003 -1.18727070840978e-008 
1.61190041197573e+009 6.53589020560108e+006 -3.93131483628763e+003 -2.86503660603550e+000 4.82639206118118e-004 3.14272672087746e-007 
6.72112307044875e+008 2.94198336138459e+006 -1.63921682184195e+003 -1.28271899144009e+000 1.93784496196136e-004 1.39329491435610e-007 
4.38306285669038e+009 1.47353998021038e+006 -3.10089711652108e+003 -1.94346429409222e-001 1.75908545865860e-004 2.43620368391895e-008 
-7.99871779922558e+008 6.86562333320805e+006 5.65734963724326e+002 -8.07034167694680e-001 -3.73512736110307e-005 4.28343049621928e-008 
-4.36513425226573e+008 2.77345360484564e+006 3.08758103250148e+002 -3.25516782776511e-001 -1.96498322740896e-005 1.76699758948579e-008 
1.98289356148744e+009 7.09124458697080e+006 -9.56477316044584e+002 -4.21110794240877e-001 1.62377783941262e-004 -4.11329411268938e-008 
-4.26876361774889e+009 2.08957290657746e+006 2.05907477237908e+003 -4.85847768378499e-001 -2.33205199773926e-005 3.10858052223056e-008 
-1.92959049128764e+009 -1.48449827385988e+006 9.30762841525122e+002 -2.43425786902761e-002 -5.59360274794089e-005 1.26945059284054e-008 
3.50337846136596e+005 7.13212228313522e+004 -1.62563806316662e+004 -4.70214522362761e+002 5.77316787692062e+001 2.71530927533540e-001 -2.49018566844978e-002 -1.04760825741953e-003 -5.83068344366843e-005 1.72342564297620e-005 -4.97515931646162e-007 -2.92526349402074e-008 4.11087552168856e-010 
-1.35085628173019e+005 1.38804973000360e+005 6.44017179231095e+003 -1.10384981263933e+003 -1.46620370248448e+001 1.77858555796629e+000 -3.36696664042796e-003 1.03563836644763e-003 -1.88193753613587e-004 3.25311989451999e-006 8.26339660736734e-007 -2.78501703352823e-008 -3.48935736626611e-010 
-9.07796328290629e+004 5.24210987899361e+004 4.31718198343075e+003 -4.25051456698994e+002 -1.19407004289015e+001 7.29459385413534e-001 1.27097273130508e-003 5.41804737657693e-004 -7.46579250151316e-005 -2.75947211624239e-007 4.00222394862846e-007 -8.96756577870878e-009 -1.92268931071705e-010 
3.56257261099702e+005 -6.54400763427229e+004 -1.63065769006817e+004 4.56270791368055e+002 5.54848143875278e+001 -5.03550469135186e-001 -2.57280515229894e-002 1.38255646482650e-003 1.49109570946917e-005 -1.35931674428995e-005 -5.47304861109630e-007 2.92307625029410e-008 3.49972785672060e-010 
1.51054659553939e+005 1.36037861914795e+005 -7.04992601993211e+003 -1.05754892883855e+003 2.00054609172276e+001 1.63304422508834e+000 -1.18878046256586e-002 3.91017143729486e-004 1.60214156011041e-004 5.38805442634114e-006 -6.95504852032257e-007 -2.19844090568394e-008 1.06594387855067e-009 
3.08984169463743e+004 6.44360579440258e+004 -1.43894329175866e+003 -4.96648470133495e+002 3.07420683415792e+000 7.49125173712120e-001 -2.30687262250410e-003 3.39736603881303e-005 6.71109628896294e-005 3.62068200823749e-006 -2.44361566807911e-007 -1.22847046937465e-008 4.18440806322656e-010 
1.22302636645546e+005 -1.59837183558669e+005 -5.92218081289363e+003 1.23727400508803e+003 4.03905291979263e+001 -1.14147522364358e+000 -6.88149443620100e-002 -7.50556047856867e-003 -5.18104477880298e-004 -1.94752253406205e-006 1.92633720825827e-006 1.59937535881621e-007 8.82871182457879e-009 
3.31995340150434e+005 3.67612618291871e+004 -1.67565047750330e+004 -4.77424468693454e+002 5.36325624981453e+001 2.00771923521524e+000 5.28519012641481e-002 1.71458427614645e-003 -3.39985400355168e-004 -3.92620736662756e-005 -1.56161522960268e-006 4.70089585429769e-009 6.68412972049156e-009 
1.30728109611105e+005 3.10628604442030e+004 -6.60584132711608e+003 -3.25219958600126e+002 1.90266447090107e+001 9.78201788499466e-001 2.95525011688151e-002 1.45549918713635e-003 -9.60542669514975e-005 -1.66809167380310e-005 -8.58382609735611e-007 -1.34707869960322e-008 2.02249549830568e-009 
-1.91773581283175e+005 -1.39626390333979e+005 1.14973456009733e+004 1.51380345676124e+003 -2.26007231880408e+001 -6.28662080265360e+000 -3.14532361588084e-001 6.54011117523991e-003 2.64374955310608e-003 1.65751438546657e-004 -5.05628249140874e-006 -1.57878461667536e-006 -9.45082873115609e-008 
2.65871398263799e+005 -1.02196069961077e+005 -1.58397670654935e+004 7.45487568350332e+002 9.75202522219262e+001 1.10845256629698e+000 -2.87793345681451e-001 -3.04400294334007e-002 -6.98205862369239e-004 1.52287612126956e-004 1.68322532958850e-005 2.95163286041510e-007 -9.85793742996424e-008 
1.32448342541619e+005 -3.04697994551414e+004 -7.90843494511123e+003 1.72696927928370e+002 4.41056002755111e+001 1.09101327482558e+000 -9.33288246726491e-002 -1.37266115411432e-002 -5.56010360629280e-004 4.94260062025118e-005 7.72545632698630e-006 2.79656224079984e-007 -3.32344334597590e-008 
-3.33164228096139e+005 7.77485958782957e+003 2.26694886293003e+004 -2.34285758863945e+000 -1.53147869117266e+002 -1.54039231380332e+000 8.80665900498821e-001 2.61563081549673e-002 -6.31149607391347e-003 -3.37934340362541e-004 4.93949878885186e-005 4.04357706497652e-006 -3.87528418267007e-007 
-1.93998194989276e+004 -1.68640729270982e+005 1.29888553721976e+003 1.87301934401435e+003 2.30326313383173e+000 -1.05109093022833e+001 -1.66162284124844e-001 6.82737450515478e-002 2.55802191768082e-003 -5.24696207197879e-004 -3.24776521491705e-005 4.19175756566435e-006 3.86721368982344e-007 
2.34626870120276e+004 -7.32441113181912e+004 -1.63408515924665e+003 8.04903575747621e+002 1.58992215708495e+001 -4.36716651928082e+000 -1.56926151784788e-001 2.68119473944969e-002 1.71070309880270e-003 -1.92824851763738e-004 -1.87401509820051e-005 1.41052016470186e-006 2.03720893549346e-007 
-1.62858158145816e+005 1.52016479267419e+005 1.03255952736429e+004 -1.70645719592805e+003 -2.43100739431736e+001 8.82868028953260e+000 -3.26983946700655e-001 -3.54666363016363e-002 4.49022307047367e-003 9.02133515970495e-006 -3.62613924829293e-005 2.11258232494252e-006 1.79674716009360e-007 
-2.84199751316290e+005 -8.20154637622415e+004 1.80257066001844e+004 5.98905667971567e+002 -1.18681604341148e+002 1.34544190195987e+000 5.27596304274283e-001 -4.04259927581216e-002 -1.37262631613522e-003 3.90192586676184e-004 -1.21012696258081e-005 -2.48944911979850e-006 2.55114912821927e-007 
-1.06833901731532e+005 -4.99524946429510e+004 6.75374047209368e+003 4.23483082441673e+002 -4.86043187009543e+001 -2.80583017185462e-001 2.58243212109748e-001 -1.39348566667028e-002 -1.02437565134155e-003 1.66817336211763e-004 -1.69250184916040e-006 -1.27431737609116e-006 9.22682866572294e-008 
1.60949673572416e+005 1.56081422809651e+005 -8.37348093737940e+003 -1.20939309215910e+003 5.81000313432857e+001 4.83242467570936e-001 -1.42790720674972e-001 1.64166105144798e-002 -7.12991230008337e-004 -2.78733036569411e-005 5.95564046705619e-006 -4.22137075647196e-007 6.70092439688045e-009 
-3.01023034057267e+005 6.33195264771367e+004 1.59290503765191e+004 -7.55881302620793e+002 -4.64799876838809e+001 3.20313312450821e+000 -1.41278685245574e-001 5.30664997323756e-004 9.06025852577294e-004 -7.80594685588773e-005 2.29862989664524e-006 2.00042657324622e-007 -3.39505888940377e-008 
-1.45297997113916e+005 1.22146999567690e+004 7.67499361017796e+003 -2.06915362135411e+002 -2.56568869909177e+001 1.32428062379744e+000 -4.68514495697573e-002 -1.35419722724831e-003 4.58382514114794e-004 -3.08429099066564e-005 4.11652153865896e-007 1.26765981417845e-007 -1.52393630665436e-008 
3.71401164973850e+005 4.69499984476815e+004 -1.72819692091302e+004 -2.80341565725611e+002 5.71305944232297e+001 1.00465025472882e-002 1.75107833068970e-002 -1.83040133702921e-003 -2.36808126305226e-004 1.78893566292540e-005 -2.58860609333349e-007 7.00510652564651e-009 -2.60862951763954e-010 
-8.20404548134633e+004 1.45670165820691e+005 4.01151398785668e+003 -1.13327824267415e+003 -6.52116139672321e+000 1.40190535607636e+000 3.62648932979470e-004 3.93432803261461e-003 -2.40663926072183e-004 -3.70978851380985e-006 6.06988263829504e-007 -1.94085704550441e-008 2.63663990645904e-009 
-7.11705730658251e+004 5.83378706275627e+004 3.41720194680816e+003 -4.60719579942199e+002 -8.47445121575860e+000 5.99433750463599e-001 -1.28887019597925e-003 1.87561651478859e-003 -8.06028710455108e-005 -3.34214873403825e-006 2.85501923964465e-007 -8.96019100163019e-009 1.16156486016559e-009 
-6.75767380409248e+005 -9.82177534009905e+003 1.60673280952022e+000 1.97560882001109e-002 4.06793491215640e-003 1.11946361998259e-004 -1.86652287286477e-007 -7.61451745362651e-008 3.46772698634690e-009 3.91133053436526e-009 9.83972384526216e-011 
9.89866425648646e+005 -3.20565681203472e+003 -2.31334859853463e+001 -1.38976426624276e-001 -8.55013351262476e-004 7.28449633737469e-005 6.75704492851383e-006 2.72302988018525e-008 2.42241819961513e-008 -2.00168047599767e-008 -3.81301238261884e-011 
4.36163770124223e+005 -1.08917189836255e+003 -9.89922868347028e+000 -6.25081067188344e-002 -5.41682962239026e-004 2.22302215229977e-005 3.49255099906116e-006 2.37689968830246e-008 1.26475011727975e-008 -8.49406261821573e-009 -2.37368023666925e-011 
-6.95396437937044e+005 -9.80670428352460e+003 2.30375495034864e+000 1.00946384835459e-001 5.77761374076102e-003 -3.70548472570846e-006 -1.95255392043081e-005 -2.58597756793394e-006 -2.59770908497036e-007 -1.04703378021949e-008 1.58340576328470e-010 
9.83264712736175e+005 -3.39745206888577e+003 -2.48018846086919e+001 -1.30216213026310e-001 2.78522160306699e-003 3.41484873528132e-004 1.89807400117446e-005 5.17671122123218e-007 -8.49099258263188e-008 -4.14043562861402e-008 -2.60140151789632e-009 
4.33903797117454e+005 -1.17144500768965e+003 -1.06689108637321e+001 -6.18261479685225e-002 1.09635783776435e-003 1.75191519362795e-004 1.20926049247032e-005 5.46820243944041e-007 -1.84547636378251e-008 -1.84036873019798e-008 -1.39837591581037e-009 
-8.34270667146544e-005 -2.36268227786592e-006 -1.04641938001250e-007 1.69432714851668e-007 5.09625850728219e-009 -4.53744160448951e-009 -9.85706057017167e-011 4.23970963427759e-011 6.77191850598543e-012 -3.00630737580767e-012 
3.78126182170670e-007 1.94611880232535e-007 -2.55119208161049e-007 -1.33348356565443e-008 1.35584465744825e-008 2.19330199074171e-010 -1.29287369232935e-010 1.74451848523737e-011 -1.08165050340654e-011 -1.85442863197814e-012 
-8.54911577034534e-005 4.77271672930851e-007 4.33336650416797e-008 -2.25094571259751e-007 -1.83932369848169e-008 7.46074677592697e-009 1.60597102333532e-009 2.13446089356780e-010 -1.16914550620282e-011 -2.24836992980428e-011 
1.25962660438381e-007 7.50366214789784e-008 2.99172558788918e-007 1.32903723407192e-008 -2.20882286254459e-008 -3.23668294574527e-009 9.48655882772128e-011 1.62024200737640e-010 4.63667847535368e-011 -1.39434092832697e-012 
-8.68201284528626e-005 -1.16320345187432e-006 6.96905452193916e-007 1.68893854826124e-007 -9.23122594564177e-008 -1.03993146579093e-008 6.65067295860404e-009 2.51208467729939e-010 -3.63684723676504e-010 3.61633935735283e-012 
3.12609605210731e-007 -5.06380520149619e-007 -2.42085888612207e-007 1.21110176647154e-007 2.35058007030176e-008 -1.07508957766885e-008 -1.04192197417034e-009 6.25328942558006e-010 2.87605634663901e-011 -2.68974812125556e-011 
-8.72340515470444e-005 -6.74854411450892e-007 -6.54783675236843e-007 3.97664788681202e-008 3.66278183629171e-008 -3.80367585826480e-009 -2.80549367873521e-010 1.09026524458034e-010 -2.99517067312444e-013 -3.31209744760421e-012 
8.04100884034754e-009 3.75529834648487e-007 -1.56663384838179e-008 -7.82007461851962e-008 4.64823925979915e-009 1.91765239564317e-009 -1.38720425283780e-010 2.56428089750046e-011 -1.79648120040831e-011 2.92638102641109e-013 
-6.93281162833909e-002 3.04771589102320e-005 5.54343439147054e-004 -2.22843379128328e-006 -1.39203468808734e-005 5.32568905443999e-008 1.82675538653867e-007 -1.62381857305545e-009 -1.43628177574055e-009 2.59122584521540e-011 
4.11527451143522e-001 7.76586569152704e-004 -4.85030896653601e-006 -3.95057928654057e-005 9.21997500506218e-008 6.79587698841212e-007 -2.43578368149809e-009 -6.90119496071026e-009 5.40573976344610e-011 4.56408195258444e-011 
4.26318225985295e+003 9.19940698504020e-001 -5.06922358502734e-004 2.17463067814764e-007 1.27494617601053e-005 -4.88257332846236e-008 -1.67506836050859e-007 1.67270017954962e-009 1.31373414830563e-009 -2.52485291359925e-011 
-6.67836943923193e-002 1.83106033534462e-003 -2.14280738274966e-004 -6.17751870921722e-005 8.89597344798961e-006 6.67001199485913e-007 -1.97515748218168e-007 -1.65881091319009e-008 1.05811446204473e-009 3.91641854500877e-010 
4.12065336947701e-001 -3.82866829237675e-004 -1.72053865593532e-004 1.89581605596533e-005 2.71830902538887e-006 -5.77048470063060e-007 -3.56055001374056e-008 8.41841767146742e-009 1.14010569362359e-009 6.34575552735489e-011 
4.26501980700608e+003 9.18215781530405e-001 1.78158657812001e-004 5.58523574276159e-005 -7.89119807379029e-006 -5.75842604730119e-007 1.82748022754654e-007 1.49052518701524e-008 -1.06723102253542e-009 -3.73072361159311e-010 
-6.57805934930727e-002 -9.29243500573748e-004 -3.61682439652811e-004 8.43919305993979e-006 3.49362798033331e-006 1.50729434908930e-006 7.30946433813475e-008 -7.66441334634715e-008 -1.28256740064487e-009 2.82642434075561e-009 
4.10720886004269e-001 -7.61770924501917e-004 6.71521535168026e-005 1.96515022549020e-005 1.48691610508442e-006 2.01577759618750e-008 -1.45290832935415e-007 -4.72249827741354e-009 5.87745998432314e-009 -4.29778608283320e-011 
4.26685857189916e+003 9.20663656622941e-001 3.38253201904265e-004 -4.20030432157267e-006 -3.50803466276448e-006 -1.46409208482656e-006 -5.53696532626408e-008 7.22822092183385e-008 7.13704067169746e-010 -2.64048031210537e-009 
-6.88866758977210e-002 -1.55618333828851e-003 3.54621597467410e-004 7.61394500863167e-005 -7.65473436688305e-006 -1.48568813236259e-006 1.11726546123311e-007 1.23591634458999e-008 -1.15122989263832e-009 8.14099469703037e-011 
4.10354947657369e-001 4.90626273941491e-004 1.64530876802580e-004 -2.33391371369520e-005 -4.60997125987343e-006 3.67002701730975e-007 6.24970987516436e-008 -4.84368527175102e-009 -1.24198909668338e-010 9.41943351969050e-012 
4.26870115161753e+003 9.21350495695312e-001 -3.13375632664702e-004 -7.14173480701580e-005 6.95858530991994e-006 1.37746488414547e-006 -1.05395768502695e-007 -1.11091894131496e-008 1.07332221199104e-009 -7.90298670436528e-011 
