3.17859614220264e+007 1.10990868017657e+007 -4.64916287451918e+005 -3.49229100760427e+004 -5.64369064311110e+002 -8.31327122852649e+000 8.68740070823998e-001 7.53534423197714e-002 4.29504165686076e-003 1.79347102482478e-004 4.62651680947198e-006 -5.02485434586861e-008 -1.65258066036173e-008 -1.30889059125700e-009 
-4.87892086613627e+007 8.59145324534530e+006 6.86030112056533e+005 -8.15933749532143e+003 -7.83988027824349e+002 -3.75737567029643e+001 -1.58775126965972e+000 -3.78273466095017e-002 1.25339663261523e-004 1.07253660712810e-004 8.49293983081456e-006 4.64608124576685e-007 1.82426870592029e-008 3.75780708602436e-010 
-2.92777278296773e+007 3.44026555349956e+006 4.14661797155398e+005 -7.40487761859094e+002 -3.60348078434753e+002 -1.92113419551624e+001 -9.38221182985008e-001 -2.80156139952069e-002 -3.78054852912185e-004 3.87148079769159e-005 4.05774825164625e-006 2.53409714726537e-007 1.14578847723810e-008 3.36364682239885e-010 
4.88286991425289e+007 5.54966319338135e+006 -9.37169713835847e+005 -4.30681006721522e+004 -2.42651831547383e+002 6.00520434707102e+001 5.96937850641488e+000 3.17681252397341e-001 8.39464831798334e-003 -3.60211527032385e-004 -6.44212206983670e-005 -4.70098507529993e-006 -1.95937010980516e-007 -7.18648970929179e-011 
-2.66256847344867e+007 1.34027391422971e+007 4.80550109186958e+005 -2.90588089313976e+004 -1.97224413479536e+003 -8.07412327612958e+001 -1.23460335774815e+000 1.48527906785387e-001 1.71264873851003e-002 1.03924185412423e-003 3.32004873504909e-005 -8.34474215174481e-007 -2.10586553415049e-007 -1.69732847244894e-008 
-1.92022889782885e+007 6.58553433239465e+006 3.53820758106683e+005 -1.10614937456798e+004 -1.02847289946350e+003 -4.93557187259103e+001 -1.27804483544064e+000 4.64314255772243e-002 8.27955036866588e-003 5.92506720149169e-004 2.44111502506398e-005 4.12805680281706e-008 -9.21985082897599e-008 -9.06003893790518e-009 
5.08492219915256e+007 -3.92320924371874e+006 -1.40371954546284e+006 -2.64100342948899e+004 3.11435373260428e+003 2.98703036766032e+002 1.03553273674308e+001 -5.83470482416462e-001 -1.02733355897529e-001 -5.76693202036695e-003 7.27889233394487e-005 4.05721246653138e-005 3.26464436452594e-006 5.12190035382235e-008 
2.46175606677362e+006 1.51959149791771e+007 -1.08390154162145e+005 -7.21314537007026e+004 -3.06786668258279e+003 3.78102974969627e+001 1.60673214786081e+001 1.14126580666393e+000 1.41318793125609e-002 -4.98229609884920e-003 -5.23093009207775e-004 -1.78537037708384e-005 1.54268325083681e-006 2.53331869238258e-007 
-3.87148634371366e+006 8.52497808883929e+006 8.75362231057678e+004 -3.57977667291178e+004 -1.96160045845214e+003 -1.07498919071108e+001 7.51057367605327e+000 6.70142165314272e-001 1.81938618716402e-002 -2.06412902337031e-003 -2.86989006060676e-004 -1.37415456715737e-005 4.85880387586615e-007 1.30028344928558e-007 
3.16858643526266e+007 -1.50918244372464e+007 -1.21521280929546e+006 7.11721019491991e+004 7.98080471800244e+003 -6.97608734507058e+001 -5.06211228093349e+001 -1.81236475743160e+000 2.80653300576382e-001 2.71684669049822e-002 -9.16412896189296e-004 -2.69244482078336e-004 -5.63919246141189e-006 2.05696564154237e-006 
2.88083565802234e+007 1.02715719760796e+007 -1.15122234043005e+006 -8.59308858074483e+004 3.20013096977502e+003 5.65150480543759e+002 5.15056797195180e+000 -3.53438061977406e+000 -2.01154603151518e-001 1.73489320550830e-002 2.44356954854474e-003 -2.24180502902992e-005 -2.18029275517531e-005 -9.17507993323959e-007 
1.21899804924336e+007 7.05147979219718e+006 -4.89098047511945e+005 -5.32803058337707e+004 8.82677200509162e+002 3.09143253009904e+002 7.99645136350635e+000 -1.70035924175766e+000 -1.36539808640840e-001 6.45320906450811e-003 1.40035670186533e-003 1.59205239001932e-005 -1.10632986610229e-005 -7.03276504515731e-007 
-4.45643310297043e+007 -2.19288942191506e+007 5.69517399124471e+005 4.69028650604515e+004 -6.02595892153250e+002 -3.19814208141232e+001 2.64063272246638e-001 1.28195612752056e-002 -6.90204292143086e-005 -4.79373075763537e-006 
8.59080872532588e+007 -9.78408362850811e+006 -1.11778421392859e+006 2.06112375363695e+004 1.21963068394948e+003 -1.32848312761540e+001 -5.99651931150137e-001 4.38957417600583e-003 2.21832959674919e-004 -1.02360037570947e-006 
4.14874386031867e+007 -3.01529344839538e+006 -5.39037838132280e+005 6.30809228253436e+003 5.86961630216701e+002 -3.95510715875233e+000 -2.86552040121304e-001 1.16438327248664e-003 1.04193679305790e-004 -1.57401147010634e-007 
-8.22296516511198e+007 -1.53311174335800e+007 1.05482856946491e+006 3.26042200559602e+004 -1.15171434618398e+003 -2.17377903227068e+001 5.67839624621080e-001 8.11755099493085e-003 -2.11939434202932e-004 -2.65813874554040e-006 
5.83986913183002e+007 -1.74302877261660e+007 -7.64518230045604e+005 3.72733634052016e+004 8.23888992434962e+002 -2.54568069482671e+001 -3.87513744151474e-001 1.02631752076249e-002 1.27898602454556e-004 -3.89278294780683e-006 
3.14915106843495e+007 -6.87351159171275e+006 -4.10766939081765e+005 1.47106857647081e+004 4.43612719964990e+002 -1.00805823377774e+001 -2.10304611600208e-001 4.10498955049962e-003 7.09558153950373e-005 -1.58440828884075e-006 
-1.44560645060219e+008 -4.77434433225902e+006 7.00715523812436e+005 3.13466534917481e+003 -2.94254911335315e+002 -9.32462268597474e-002 5.60936899722196e-002 1.91255812097835e-004 5.40345764613147e-005 -2.84384874294931e-005 -5.05409620635383e-006 1.12561544892934e-006 3.99358873798894e-007 
2.83659872873535e+007 -1.84732042157362e+007 -1.42659806995265e+005 1.50698084895202e+004 3.53802363572486e+001 -4.00228635237556e+000 1.02886421552578e-002 6.72497143619567e-004 -8.60882053696312e-005 -5.80671163499368e-006 3.79705971802754e-006 6.24223535218419e-007 -1.42433867055023e-007 
1.23079839422081e+007 -8.00748988325275e+006 -6.18417557150358e+004 6.53205483085571e+003 1.53391517866017e+001 -1.73475653469414e+000 4.29253877870458e-003 2.85740032268095e-004 -2.45398830648427e-005 -1.71932440823656e-006 9.50499159848212e-007 1.77238446004236e-007 -3.19836187917132e-008 
-1.48440786178906e+008 9.02134798031478e+005 7.10254840553468e+005 -1.51698187635065e+003 -2.83249567935571e+002 1.13616831631972e+000 4.49150815754345e-002 -1.47989055286965e-004 7.45849112587113e-006 -8.42393214243993e-006 -1.31867070555342e-006 -7.42303057790597e-008 7.29402187193704e-008 
-9.14619681809511e+006 -1.88874843695556e+007 3.89875296197633e+004 1.50130402475800e+004 -4.12039673485786e+001 -3.60143505279668e+000 2.40705322324786e-002 4.00091642805748e-004 -3.84649663655312e-005 -2.69036166634488e-006 1.23628535849640e-007 1.82237146844737e-007 2.88227667854101e-008 
-3.95227594350517e+006 -8.18710361369120e+006 1.68940703998241e+004 6.50748828937503e+003 -1.78567454119474e+001 -1.56133354975218e+000 1.03381347819645e-002 1.93259965875064e-004 -1.13788864309969e-005 -1.57328823700544e-006 -1.06293011558368e-007 5.65974129839797e-008 1.49038071916281e-008 
-1.95699845224075e+007 -3.20246794306482e+007 9.19789767276833e+004 2.51111301081648e+004 -2.52422120095697e+002 -1.59614892445737e+000 1.14981655779685e-001 -2.94007348228343e-003 2.21440767337551e-005 1.11815371214344e-006 1.32769247270478e-007 
2.12019584080694e+008 -2.06310314896005e+005 -1.02464468039532e+006 6.11591729332648e+003 3.19229984661006e+002 -6.01272222737914e+000 7.32245631770762e-002 6.76316355000698e-004 -4.77877411280546e-005 2.30520711041555e-006 -4.55589096935183e-008 
9.78055803961982e+007 7.68554718640047e+005 -4.72470219792190e+005 2.12862695503006e+003 1.53227413203082e+002 -2.71483269414078e+000 3.04959982080013e-002 3.87191112155170e-004 -2.24359645666938e-005 9.26710695806261e-007 -4.41122081104302e-008 
4.11071189395632e+008 -1.53075586992193e+007 -6.18709589918400e+004 4.08164830558442e+002 6.24312865823695e-001 -4.71442426771471e-003 1.94339540596935e-006 2.22465775649333e-007 
5.78714309015602e+008 9.75011968889519e+006 -8.71752011400612e+004 -2.10586577766481e+002 1.33902882110255e+000 9.61381149383053e-004 -1.20393116124803e-005 -1.09684576986411e-007 
2.38045062738434e+008 4.55164682856499e+006 -3.58594351576943e+004 -1.00196960479245e+002 5.58744334355434e-001 5.27622700717639e-004 -5.27097451567664e-006 -7.89080596510892e-008 
-9.97649380035205e+008 -9.86331308552857e+006 2.46559507525839e+004 3.60429488454521e+001 -6.73385544677679e-002 -3.21067002304228e-005 2.61957963677724e-007 
8.50272714396952e+008 -9.18359331819657e+006 -2.10246336668445e+004 4.18206098218651e+001 3.72228032180638e-002 -8.77031937312628e-005 -1.64162536642185e-007 
3.94174634835710e+008 -3.36849020844588e+006 -9.74634424225820e+003 1.57230461392048e+001 1.82782594258451e-002 -3.48604777887593e-005 -7.28600918993819e-008 
-6.53152099007927e+008 -9.22664999000646e+006 1.86068732812343e+003 4.52690565742859e+000 1.85413117803423e-005 -1.00779361201914e-006 
2.50336621512003e+009 -2.45425695681912e+006 -7.13589994689369e+003 6.38225710429082e-001 1.82274173741795e-003 1.84427491397585e-007 
1.10563081465750e+009 -9.44482438841208e+005 -3.15159930555362e+003 2.15569972513072e-001 7.97533635089326e-004 1.01468998890436e-007 
4.08691035963512e+009 -3.05662991358561e+006 -2.92017082019434e+003 3.57660235964129e-001 1.84312349859739e-004 -5.87979629500173e-008 
1.69095638452814e+009 6.38685756322552e+006 -1.20817491112177e+003 -7.62994497822032e-001 6.52343424783306e-005 1.67636855783596e-008 
5.90368625936603e+008 2.69027113639890e+006 -4.21808749685385e+002 -3.21211951719991e-001 2.19522871702117e-005 9.05780127129718e-009 
4.24920359150278e+009 5.24004593825642e+006 -1.46406376818144e+003 -8.55777553347812e-002 7.25732012558463e-005 -1.38208254781866e-008 
-3.05547131039425e+009 4.33107442426249e+006 1.05272389789176e+003 -4.03822025692560e-001 5.18215325791949e-005 -8.68952369099372e-010 
-2.23379122895161e+009 -2.27204746992295e+005 7.69645410933719e+002 -1.00278609694040e-001 -5.12687333933159e-006 3.55670365108961e-009 
3.31128316229825e+005 -8.05012990889741e+004 -1.76143305074654e+004 5.31526867855980e+002 8.26098150251077e+001 1.49231319147486e-001 -1.28568847402559e-001 -2.79888033783122e-003 -1.39979366865154e-004 -2.54612825082403e-005 1.73169389821165e-007 1.72495003896067e-007 6.02559826321384e-009 
1.55549862964585e+005 1.41192299360780e+005 -8.55551363846702e+003 -1.31467963199261e+003 1.90614669362496e+001 3.63124838309368e+000 5.06581255613606e-002 -1.74003156322848e-003 7.11036161025759e-005 -1.15599351601541e-005 -2.42465485452061e-006 -4.35323566163523e-008 7.73761129568860e-009 
3.56277320136978e+004 5.32637528842434e+004 -1.98560286191462e+003 -4.84326313543898e+002 1.98863387320536e+000 1.24845193301256e+000 2.47922468002703e-002 -4.44491744526535e-004 3.21157600290658e-005 -2.60229328800070e-006 -8.48662887759767e-007 -2.46301871988671e-008 2.34353715613729e-009 
6.46150726307309e+004 -1.74491496343765e+005 -3.86118839998730e+003 1.66672138135778e+003 4.37184543937393e+001 -4.75732582890678e+000 -2.98541196136271e-001 -3.63205235084049e-003 1.06943483990618e-003 1.21587515128803e-004 2.11544515241348e-006 -6.32685797256154e-007 -5.61193341355108e-008 
3.27040928836540e+005 2.06768204969325e+004 -1.99488229231430e+004 -3.85755866161194e+002 9.73279430503793e+001 3.53775220598004e+000 -1.38695755873420e-001 -1.90101223029281e-002 -1.02005919612814e-003 3.13359439949463e-005 9.44020477298940e-006 4.53058605245285e-007 -2.60546395883199e-008 
1.09616828346787e+005 1.67561233262574e+004 -6.69168731869680e+003 -2.26052967228754e+002 3.12627945578308e+001 1.49083408941745e+000 -3.14196980583972e-002 -6.38873378672581e-003 -4.12703090988352e-004 4.13142391898987e-006 3.15304067362844e-006 1.91963637063346e-007 -5.91865551856386e-009 
-2.49732598617151e+005 -1.22979914617441e+005 1.61049903503223e+004 1.29328382776653e+003 -9.81809214992000e+001 -6.56541148517801e+000 4.04866865305352e-001 4.11504695363958e-002 -1.63808069188671e-003 -3.22596812339583e-004 4.94345222519209e-006 2.60200380929844e-006 1.67950799212032e-008 
2.15005295392584e+005 -1.27790385578255e+005 -1.40543133725581e+004 1.35025516990179e+003 8.70919852528930e+001 -6.15822275644054e+000 -4.63308086168286e-001 2.52275006492880e-002 3.38327066116107e-003 -9.78850301407391e-005 -2.73267201772600e-005 1.60266293672260e-007 2.19807306318678e-007 
8.81066152314991e+004 -3.74984456539429e+004 -5.75846921105846e+003 3.95867433539481e+002 3.56234291544706e+001 -1.76728113732948e+000 -1.82962668110791e-001 6.45558105698211e-003 1.26274680684352e-003 -1.60442872645006e-005 -9.73971235671519e-006 -8.85101603173623e-008 7.52113900545185e-008 
-3.40247551176341e+005 3.58568243987974e+004 2.01831625385948e+004 -6.04889277584825e+002 -9.68597904443084e+001 5.56794861396744e+000 1.69997720227549e-001 -3.95568272902264e-002 8.54853075290726e-004 2.21557001093457e-004 -1.60695646778284e-005 -8.17379869055964e-007 1.58559893864828e-007 
-9.25458331382341e+004 -1.63238339201916e+005 5.47329107611676e+003 1.52030446343388e+003 -5.89892244167848e+001 -4.38945936325230e+000 4.60510938347177e-001 -1.25990986761313e-004 -2.87916389867662e-003 1.32208993631294e-004 1.35880958687137e-005 -1.59172987481611e-006 -2.37621292175881e-008 
-1.34903960687232e+004 -5.85630589227508e+004 7.80079843033432e+002 5.60443318831308e+002 -1.50263999026759e+001 -1.82894617052174e+000 1.49971546108963e-001 2.14618284359207e-003 -1.04450348803197e-003 3.35257370290248e-005 5.59601198489930e-006 -5.06094550125535e-007 -1.70054693644515e-008 
-1.43058823584321e+005 1.50391123094047e+005 7.23926987374428e+003 -1.31313542305315e+003 -3.40871874655951e+000 2.47167757917843e+000 -1.84104635708381e-001 8.49646449844469e-003 4.52059059294189e-004 -6.58097300186105e-005 3.39922230864551e-006 3.70674961060420e-008 -2.34322468312778e-008 
-3.31046472903080e+005 -6.58177081445512e+004 1.67999184842225e+004 3.55713459023086e+002 -6.74173730435018e+001 1.53535383052164e+000 2.32444824899387e-003 -1.14114226813749e-002 8.83148988472207e-004 -1.00426721302295e-005 -2.92987438570349e-006 3.30855603788460e-007 -1.21499453521174e-008 
-1.07056077185222e+005 -3.11190005110437e+004 5.42772912747177e+003 1.96757683721271e+002 -2.31546030705701e+001 3.91822805602372e-001 1.08911140897543e-002 -4.42191408710961e-003 2.80905817415284e-004 1.70553462901811e-007 -1.20241859212594e-006 1.12549153616136e-007 -2.91233301261997e-009 
1.66852201961932e+005 1.46994448906663e+005 -7.74430452138730e+003 -1.12168477562194e+003 2.33016989583557e+001 1.16179557657519e+000 5.36881137051259e-002 4.86067957569019e-003 -3.47435765568259e-004 -8.13272321771788e-006 -2.90041902901125e-007 -8.97640499227520e-009 5.39754889487698e-009 
-3.26364666438053e+005 6.93384035119393e+004 1.54436918299544e+004 -5.33517054509507e+002 -4.82451248393408e+001 2.99177441750876e-001 -2.86116700833578e-002 5.61865524978221e-003 2.47623277336668e-004 -1.04062258140979e-005 -3.81157943237363e-008 -6.50243665314019e-008 -1.76242210532263e-010 
-1.22476869035320e+005 1.59966940282502e+004 5.79600104495081e+003 -1.22340601975841e+002 -1.80766061889107e+001 3.44315614180142e-002 -1.28842740621116e-002 1.68617207160344e-003 1.05518093735552e-004 -3.14389212940857e-006 1.75169936454373e-009 -2.21220842580211e-008 -3.61915835816331e-010 
3.62264723939148e+005 3.98824022504628e+004 -1.79104478329914e+004 -4.73162055056788e+002 6.26833377174450e+001 2.53559228338531e+000 -9.95231170233597e-003 -9.95393740697965e-003 -3.73781735920644e-004 2.71447653772568e-005 2.15163514526778e-006 -2.80965619376316e-008 -1.18021706021578e-008 
-9.33378366929760e+004 1.54681341367880e+005 4.65976291084638e+003 -1.23077705820534e+003 -3.36458011880166e+001 1.92530640105162e+000 1.56253848429264e-001 3.40879119591180e-003 -5.27064538470969e-004 -2.64825586376536e-005 1.10365973184716e-006 1.53910442800355e-007 1.08194909721336e-009 
-5.22074789901898e+004 5.16206337482676e+004 2.61765518062324e+003 -4.01630860899647e+002 -1.52680044490292e+001 5.26340731736202e-001 5.51067488752856e-002 1.74752823199412e-003 -1.62532249926152e-004 -1.07472399069366e-005 2.63465817054887e-007 5.51802336285285e-008 1.03730168590139e-009 
2.94974234745160e+005 -1.05808859535417e+005 -1.62228668314099e+004 8.19128989323348e+002 8.67277503765904e+001 -1.13705774767061e+000 -2.49671540315132e-001 -6.93568693379421e-004 6.79411195719423e-004 -1.46075195844819e-005 -3.10968660988290e-006 1.35949174724770e-007 1.90170815361278e-008 
2.02837684251689e+005 1.27978812603518e+005 -1.14170676321609e+004 -1.26524077086171e+003 3.84782478643387e+001 4.59390800304447e+000 -1.19877297217620e-002 -1.19868199498262e-002 5.85985830821682e-005 3.99379292609486e-005 -1.61352704868464e-006 -2.29294471094546e-007 9.31768731218709e-009 
5.46212020234904e+004 5.04259545734894e+004 -3.07439026298268e+003 -4.86789229664565e+002 8.49919133309853e+000 1.66563402901291e+000 1.00192485988142e-002 -4.13513806046288e-003 -1.79653970801267e-005 1.47084244477057e-005 -3.88059776519155e-007 -8.74540286042177e-008 2.18159857922907e-009 
-2.97787053066654e+005 9.01614403743291e+003 1.02587979836229e+001 -1.22865521641634e-001 3.71449028787124e-003 1.23260456292122e-006 -2.98591655046472e-005 -3.82190850414099e-006 -3.33481546039463e-007 -1.99622210522750e-008 1.73966446635981e-009 
-9.88949578015590e+005 -3.46627671641169e+003 2.51182085042581e+001 -4.94396454992681e-002 2.71615404617308e-004 3.60448569887933e-004 2.13341033537916e-005 -6.84460678902835e-008 -2.16357155564871e-007 -5.08425179955681e-008 -4.12691465011253e-009 
-4.17078438100530e+005 -1.74747763177359e+003 1.05130886051722e+001 -1.69618415230112e-002 1.81112367037024e-004 1.91664672744662e-004 1.43271056340221e-005 3.59028925196605e-007 -8.10525715778551e-008 -2.42658268491860e-008 -2.36543151255048e-009 
-2.79676953286014e+005 9.09283907906082e+003 8.88683552473741e+000 -1.47339145815673e-001 -1.26782565474367e-002 -1.35113722473554e-003 1.49626334398837e-004 5.10576525611202e-005 3.21707574856877e-006 -8.70331735222140e-007 -2.01322004092333e-007 
-9.95682623169538e+005 -3.26704753025548e+003 2.47896709650868e+001 1.22946773919882e-003 5.44520372718831e-004 -1.59823988643878e-003 -2.57250333133110e-004 3.67329622672469e-006 6.71074628200220e-006 7.82485870927578e-007 -6.48484555056551e-008 
-4.20489660779257e+005 -1.66377848840256e+003 1.04795716166235e+001 1.90416180545887e-002 1.97131688352004e-003 -7.18372836746742e-004 -1.53074005876550e-004 -3.32658041432452e-006 3.25172085248515e-006 5.09085293436764e-007 -1.37693731032304e-008 
-4.46453690554083e-005 -7.22823572743581e-007 6.58227537883225e-007 -4.84677621369258e-009 -5.41076196963226e-008 -3.57700049812119e-009 1.44652096542838e-009 2.11410140338010e-010 -8.55321330686318e-014 -1.00698549579295e-012 
-3.45407369613375e-005 -1.58587902914013e-007 2.22066414851025e-008 9.03271161501099e-008 3.06705522442692e-009 -4.25439328722140e-009 -4.75001346468286e-010 4.57476454951185e-011 1.84814762821098e-011 3.20593842817167e-012 
-4.59895205461223e-005 -1.82355779047352e-006 -4.36709190333748e-007 2.18324973049341e-007 3.41602058427432e-008 -1.79382481480532e-008 -1.01179528479518e-009 9.78795490882969e-010 5.74485688522295e-012 -4.36628711524994e-011 
-3.39049596613453e-005 5.11296152565084e-007 -2.54938858090439e-007 -5.88365185477849e-008 2.84852400287991e-008 2.98592090438430e-009 -1.67349307521831e-009 -7.79840926494463e-011 6.95959496108396e-011 1.26360370716170e-012 
-4.84270714494307e-005 -2.76354368901635e-007 -6.61797773896862e-009 -1.40450617126407e-007 5.43810284279447e-009 3.38882567161084e-009 -4.55102561608659e-010 3.58792099787424e-011 1.61786105570667e-011 1.54686225562234e-012 
-3.38260049674018e-005 4.08096926345636e-008 2.00518143598221e-007 -9.76248396539250e-010 -1.16559315933663e-008 6.51690155261881e-010 -4.25361532770952e-011 -6.04805539969146e-012 1.40792805490936e-011 -1.95650771773945e-012 
-5.10547015330142e-005 -2.22261898465196e-006 1.68878607307513e-007 1.87747566497384e-007 1.23279193762380e-009 -8.49117798724090e-009 -6.95935947335239e-010 1.71120366689351e-010 2.52314707922840e-011 -3.79908436656517e-013 
-3.34912705117497e-005 -1.30872958312763e-007 -2.46025437867216e-007 7.27631685630613e-009 1.83752185419655e-008 9.30735226814609e-010 -5.13588733120637e-010 -7.06957273753429e-011 5.71506874476480e-012 2.07965716872236e-012 
-3.66816535433455e-002 3.42587650940142e-004 -4.51483859273787e-005 -3.80672592170108e-005 -2.89514620252185e-006 1.09220934193658e-006 1.62344943550175e-007 -1.22986234125183e-008 -3.22301485737320e-009 -1.32223694936761e-010 
4.31444559775131e-001 -1.81071046919805e-004 -7.18108457222959e-005 -1.41807732148788e-006 2.95030945969321e-006 3.45066041780292e-007 -5.67094953228508e-008 -1.06839034877978e-008 1.53408280203085e-010 1.22618746674626e-010 
5.60250242272333e+003 9.19572939473264e-001 2.65578199152372e-005 3.49954396390039e-005 2.86240729250924e-006 -9.85954757864446e-007 -1.47676637838938e-007 1.10349995719809e-008 2.87500660925953e-009 1.16369110952429e-010 
-3.71584891595074e-002 -8.47829591600945e-004 -6.73229444333788e-005 4.77830196681082e-005 -8.47327909812050e-008 -1.87005446004363e-006 1.01857579342608e-007 5.52963263371891e-008 -5.57506876414883e-009 -1.44082591628512e-009 
4.30925831334671e-001 -1.92467045969810e-004 8.29381039393465e-005 3.67476347354781e-006 -4.10055877182251e-006 1.15967961606526e-007 1.36731900538597e-007 -1.03193978827270e-008 -3.71461756440003e-009 4.67756920638833e-010 
5.60434256493780e+003 9.20614604163390e-001 6.91518770815167e-005 -4.13380508547386e-005 -1.68909469073719e-007 1.66232828610972e-006 -8.65716932593183e-008 -4.95277975984760e-008 4.87926014622056e-009 1.29305545625323e-009 
-3.84107896416055e-002 -2.86932119929945e-004 8.44277877167345e-005 -1.10593537813416e-005 1.31877056452659e-006 5.42065925750140e-007 -7.35572868906301e-008 -3.43164617335290e-009 3.75790941700418e-010 -1.00274805132332e-010 
4.30959588294408e-001 1.43949978618947e-004 -2.97640422255290e-006 -2.03595183060191e-006 1.26780110926673e-006 -1.79402250719653e-007 -2.59059192969415e-008 3.28932261365533e-009 -1.16503104324413e-010 2.40658170096185e-011 
5.60618347938571e+003 9.20191713103837e-001 -6.98092770560124e-005 8.40624263875239e-006 -1.28021334404724e-006 -4.79884705388610e-007 6.62480826358940e-008 3.30609656785085e-009 -3.37837206726231e-010 8.71080936095283e-011 
-3.83755632855948e-002 3.38460405098299e-004 8.80796592256462e-005 -8.20802444036282e-006 -5.45996982410356e-006 -5.23135176409780e-007 1.24769874470276e-007 2.05271465047072e-008 -1.01842485598396e-009 -4.12844998171907e-010 
4.31170083979693e-001 3.69152293974191e-005 -4.36173730889999e-005 -1.08038365139807e-005 -4.30091744634980e-007 3.87159159003535e-007 4.93840612566801e-008 -5.54817245532685e-009 -1.27577992789959e-009 1.24728740755550e-011 
5.60802329968431e+003 9.19597747654653e-001 -9.17773381947363e-005 6.73750417610073e-006 5.16294110987682e-006 4.83792804623592e-007 -1.15308648519750e-007 -1.87481404732060e-008 9.57630453769016e-010 3.77044619245692e-010 
