5.09366477842248e+007 4.14466169849631e+006 -1.02968825812223e+006 -4.34274361816784e+004 2.25093776489447e+001 8.93506877143411e+001 7.67034250304559e+000 3.55623529270007e-001 4.23137435277529e-003 -9.73150652645496e-004 -1.07952864137012e-004 -6.24113649268750e-006 -1.41590317302368e-007 1.32770627298311e-008 
-1.95109558894768e+007 1.40380121315681e+007 4.12271288113596e+005 -3.51201785470089e+004 -2.26925073868776e+003 -8.40403125803985e+001 -2.04100108474103e-001 2.67706608813206e-001 2.45241724803826e-002 1.23156825828507e-003 1.72698370640293e-005 -3.44566680416149e-006 -4.05724907829273e-007 -2.45333351612314e-008 
-1.58417779838737e+007 7.06778572181818e+006 3.27046894698773e+005 -1.42529361725508e+004 -1.21441901647769e+003 -5.41595192271670e+001 -9.04868165830159e-001 1.06092318331970e-001 1.26601076855326e-002 7.58793484081676e-004 2.04255842358841e-005 -1.19287725901054e-006 -2.02022269887384e-007 -1.44817206220701e-008 
4.94823946844822e+007 -5.95514160793076e+006 -1.44906192917180e+006 -1.59165420313029e+004 4.25003054414158e+003 3.34155294589094e+002 5.75740370322148e+000 -1.27041114504710e+000 -1.34988151798306e-001 -3.80542807299983e-003 5.03155914808652e-004 6.75969111653837e-005 2.62462381281478e-006 -2.17361403605069e-007 
1.00202216648043e+007 1.49245024643714e+007 -2.71515700267783e+005 -8.05406263278682e+004 -2.79139933776657e+003 1.19229790714567e+002 2.17775600413748e+001 1.10240351992657e+000 -3.09949171458222e-002 -9.03833040854834e-003 -5.78905173124205e-004 7.26804912712837e-006 4.41168867319513e-006 3.43151733560041e-007 
8.20177185845594e+004 8.58922927292136e+006 5.32655315551004e+003 -4.13679839712278e+004 -1.93195231048946e+003 2.90135080489335e+001 1.10347437697800e+001 7.20645165985034e-001 -2.54935127487032e-003 -4.43283210794820e-003 -3.61418917372245e-004 -3.13157376858002e-006 2.08410560822036e-006 2.05841568397473e-007 
2.64994486527983e+007 -1.66928980500632e+007 -1.04000381481712e+006 9.30487535664570e+004 7.32537556226202e+003 -2.98277048326111e+002 -5.48285689238843e+001 2.19431579102414e-001 4.16656295780716e-001 1.30573448657391e-002 -2.96343915317177e-003 -2.20574353623241e-004 1.77920137401659e-005 2.66944370745940e-006 
3.43536447040464e+007 8.52047538132940e+006 -1.32173760757629e+006 -7.39463259193634e+004 5.19637480371401e+003 5.45484360983795e+002 -1.46447997717429e+001 -4.25448428984897e+000 -3.82682289524469e-002 3.22030513885268e-002 1.48246639427268e-003 -2.20268490841528e-004 -2.11701275497919e-005 1.18048232059057e-006 
1.54633002176628e+007 6.28275584896255e+006 -5.98074985807071e+005 -4.91517192773693e+004 2.01549415351321e+003 3.22309887955948e+002 -2.13339641945080e+000 -2.29522949277609e+000 -6.36715938992053e-002 1.58459245560167e-002 1.09931404676861e-003 -9.47664820838064e-005 -1.31537272268050e-005 3.53559917199641e-007 
-1.07884404257838e+007 -1.93600595820463e+007 4.16207530944927e+005 1.16833939772466e+005 -4.93500802372768e+003 -4.65426201562784e+002 4.70714659344578e+001 1.37626329808139e+000 -4.01127193129774e-001 5.47148894877829e-003 3.04219449356440e-003 -1.73530945782594e-004 -1.90178817704653e-005 2.37087490260183e-006 
3.93759223751498e+007 -3.64833543717876e+006 -1.49940857675189e+006 4.75359916836477e+004 6.41496678271805e+003 -4.57337370042369e+002 -2.25077608581130e+001 3.97491489889157e+000 9.24237305238672e-003 -3.13418070290824e-002 1.21540045579584e-003 2.13342678016404e-004 -1.95259192667330e-005 -1.05489332997737e-006 
2.20141162799260e+007 5.97331011856130e+004 -8.44067997007673e+005 1.32681493090771e+004 3.93849250403171e+003 -1.95987639937744e+002 -1.69061672167335e+001 1.98033679045207e+000 4.65566498863793e-002 -1.73084123500261e-002 3.33535124647441e-004 1.31958588864140e-004 -8.45619477443707e-006 -8.09449959334032e-007 
-9.21207004562403e+007 1.18680460040726e+007 1.16910940021602e+006 -2.58112972246629e+004 -1.20276648571893e+003 1.85785342746828e+001 4.68015136255856e-001 -8.39256894918709e-003 -6.68661996058842e-005 3.38969956349772e-006 
-4.95417366123422e+007 -1.88212558561868e+007 6.43634104190165e+005 3.90558386130019e+004 -7.21122698008097e+002 -2.36221984671019e+001 3.82201419780964e-001 5.88556691304811e-003 -1.56714897296416e-004 3.21099603619081e-008 
-1.64882613341232e+007 -9.21801233443183e+006 2.15524088511083e+005 1.92024350712998e+004 -2.48249490919595e+002 -1.18020515870240e+001 1.42301290453030e-001 3.17877942543085e-003 -6.62631975381345e-005 -2.00369953587349e-007 
-6.02226302165759e+007 1.96866213161888e+007 7.57921205583243e+005 -4.15555805999152e+004 -7.38705560895445e+002 2.68540440883883e+001 2.19764621555624e-001 -8.82462392443391e-003 3.03896299907787e-005 1.83954276447883e-006 
-8.07109939601124e+007 -1.20260786131794e+007 1.02922903153573e+006 2.42827078729743e+004 -1.09136080926262e+003 -1.30230037416546e+001 4.79777383808878e-001 1.26955612316326e-003 -1.22446212611754e-004 1.60044568366285e-006 
-3.25290498724957e+007 -6.65622749509115e+006 4.15005348472737e+005 1.35536112653147e+004 -4.44169660673552e+002 -7.55803620084058e+000 2.01907253185187e-001 1.12964263350888e-003 -5.69933767984891e-005 6.04308678917086e-007 
1.40397601567944e+008 7.02942667546210e+006 -6.48171864008402e+005 -6.02456499721838e+003 2.33772708588280e+002 1.81627561164450e+000 -2.13139917850951e-002 -1.60419509553747e-004 -1.20043938437236e-004 1.32853690282915e-006 6.11041924171513e-006 -1.08983156634217e-006 -1.81821518215045e-007 
-4.82313435615798e+007 1.75192785472903e+007 2.28682989084946e+005 -1.32528518333308e+004 -1.04303723059501e+002 2.58312813060888e+000 2.39847919519821e-002 -3.58801923770842e-004 1.54755464551425e-005 1.58272369119281e-005 -3.29816420380462e-006 -3.60232660048666e-007 2.81316009501017e-007 
-2.09350016995388e+007 7.59654315073604e+006 9.91536710353174e+004 -5.74638433511007e+003 -4.52254880405974e+001 1.11974052475819e+000 1.05228833025312e-002 -1.34617367771691e-004 -3.66287459957137e-006 6.49359732638050e-006 -8.07071391712898e-007 -2.30214630992020e-007 9.71357831939150e-008 
1.49088722921978e+008 1.62101567646885e+006 -6.96928719275829e+005 -2.02618800486698e+003 2.63844584056946e+002 1.14521877805470e+000 -3.19357284096927e-002 -1.66810832711209e-004 -5.01451241325228e-005 -1.33076544358108e-005 -9.03861532498159e-007 2.32215578253513e-007 1.42219157095116e-007 
-1.18842459596917e+007 1.86883564813393e+007 6.14376421813783e+004 -1.44784823986662e+004 -4.71517055421586e+001 3.12732945528391e+000 2.11826080654786e-002 -3.56883400854434e-004 -3.12393193202048e-005 2.01584712556166e-006 1.06906251930139e-006 2.68512864662187e-007 1.83973120324640e-008 
-5.17455624727893e+006 8.10343193963589e+006 2.66368210556870e+004 -6.27779989298568e+003 -2.04449476126352e+001 1.35598495264699e+000 9.31122653547750e-003 -1.47342788440259e-004 -2.02207896728486e-005 -5.66905185470433e-008 5.38118276433216e-007 1.60617363423258e-007 1.92868016612717e-008 
1.00261628922129e+008 3.05344371574651e+007 -6.85975147879477e+005 -3.77984429122470e+004 2.28878355529219e+002 2.48118518953021e+001 1.67489869006119e-001 -1.49444170985856e-002 -3.38990188981765e-004 7.13368330467506e-006 4.87416094206323e-007 
-1.64335791344334e+008 1.74636231846384e+007 1.13241675250997e+006 -1.47677027592846e+004 -8.96873775105677e+002 8.23243713846820e-002 5.60666192582135e-001 7.72033673397689e-003 -3.12914128212815e-004 -1.06309492960143e-005 1.85692803607314e-008 
-7.81386704050938e+007 7.18328309191249e+006 5.37969370054820e+005 -5.75019899133065e+003 -4.17559698020913e+002 -6.33782979962315e-001 2.52631327856085e-001 3.94353068641828e-003 -1.34508372640369e-004 -5.06108425320053e-006 9.99382453312330e-010 
1.90781267691191e+008 1.72691956101752e+007 -2.57399315738218e+004 -4.03164227084261e+002 -4.53720386374145e-002 2.87562862759188e-003 6.28169233170498e-006 -2.35843185842512e-007 
-6.89672379867464e+008 4.99593713920312e+006 9.32378823427532e+004 -6.03363458636294e+001 -1.11044566749688e+000 -1.05178376672063e-003 2.26914312442719e-006 1.34727489429778e-007 
-3.00287079480436e+008 1.72070284369030e+006 4.05936214742238e+004 -1.60407227561949e+001 -4.74885782673096e-001 -5.20784156808816e-004 9.47778894790137e-007 5.90830560769489e-008 
-1.00167131663094e+009 9.09831765521625e+006 1.96675687182316e+004 -3.31755930582744e+001 -2.00865232835221e-002 2.96617602214502e-005 8.05051888814431e-008 
-1.01899985053983e+009 -8.25881053843526e+006 2.00005659041121e+004 2.36590423280017e+001 -3.53609265875239e-002 -1.69043897871772e-006 1.93307922582301e-007 
-3.77767892757540e+008 -3.80214187797029e+006 7.41429690521081e+003 1.11996427395572e+001 -1.37585169779885e-002 -1.81579153499581e-006 7.67429235871420e-008 
-8.33747590408836e+008 8.93041727996504e+006 2.29635651717602e+003 -4.28052301959997e+000 -8.16295785914726e-005 8.73894485655236e-007 
-2.49660640520853e+009 -2.88296189955250e+006 6.87799498766475e+003 7.84698137563476e-001 -1.69752906911727e-003 3.52263954243269e-007 
-1.08163792466710e+009 -1.38914260015791e+006 2.98007543891696e+003 4.04539614925432e-001 -7.41888997653235e-004 1.46736652902150e-007 
5.83973792553439e+007 7.46488745344000e+006 -4.03876593790323e+001 -8.51764794893471e-001 -8.35608736256915e-006 4.78038163890163e-009 
-4.18729242310517e+009 1.96353956116240e+005 2.86872392455185e+003 -8.11095906694609e-003 -1.68528940112480e-004 2.04470271519677e-008 
-1.71534586323127e+009 -1.05424427629756e+005 1.17516858561201e+003 1.78757941791144e-002 -6.86653394136719e-005 8.12192601519151e-009 
-3.62102229828623e+009 4.62193162074943e+006 2.59482679321198e+003 -4.45636369245019e-001 -2.93962472713459e-004 3.44136441617953e-008 
-2.58487651119031e+009 -6.20448021061702e+006 1.85202554740767e+003 8.17309439208843e-001 -1.37310318697528e-004 -1.08444758674645e-007 
2.84322272469048e+008 -3.32869046065039e+006 -2.04015877680412e+002 3.89669852515457e-001 4.43016888919866e-005 -4.40180582262117e-008 
-2.64816479696797e+005 -1.07724936054321e+005 1.74833641815296e+004 1.30077046368338e+003 -9.66981301033774e+001 -8.73073051690740e+000 3.16885825412881e-001 6.55508466113034e-002 -5.18635037422945e-004 -5.36199337972896e-004 -1.01133019027468e-005 4.38712924618296e-006 2.12578942511582e-007 
1.80268969171372e+005 -1.36093188286015e+005 -1.18453778239226e+004 1.36960066595423e+003 9.30903628372842e+001 -5.47576215613149e+000 -6.58347806697549e-001 1.66557852885512e-002 5.31263819336653e-003 1.03709041359701e-005 -4.42077293145465e-005 -1.30772297696153e-006 3.59390370803806e-007 
1.09792185670919e+005 -5.64652327293801e+004 -7.25180469897235e+003 5.49233137597541e+002 5.35558198932053e+001 -1.88865747529668e+000 -3.46462696888403e-001 2.35168090203943e-003 2.61652253806281e-003 5.16899345145420e-005 -2.05142491484459e-005 -1.01456568498643e-006 1.55425526118054e-007 
-3.15182884653417e+005 5.99763349579520e+004 2.05928850991370e+004 -8.24336700360607e+002 -1.13866437300145e+002 6.82459023285740e+000 3.05121705433679e-001 -5.48399757476562e-002 6.91252289740144e-004 3.81243763140057e-004 -2.46688394091120e-005 -1.87834091968350e-006 3.04672528846611e-007 
-1.24628225401566e+005 -1.51818859131832e+005 8.19249099253293e+003 1.52950206740990e+003 -7.27847097757940e+001 -5.58592268568392e+000 5.68018372530529e-001 5.61026718161907e-003 -4.21909617858935e-003 1.70955401195812e-004 2.49490344529701e-005 -2.67269809156935e-006 -7.31031988636256e-008 
-3.33144740497291e+004 -7.86460781028381e+004 2.17868310328903e+003 8.12857468467560e+002 -2.52633851481795e+001 -3.30227007593632e+000 2.48139622551902e-001 7.49822815434513e-003 -2.10160618424674e-003 4.95285749643575e-005 1.42195371979458e-005 -1.12981337923343e-006 -6.18836131368377e-008 
-7.64803098354856e+004 1.65066591921616e+005 4.45049284100256e+003 -1.54411677218859e+003 1.14639502335105e+001 3.72463551494417e+000 -2.30473061353220e-001 9.05411805644026e-003 4.36659862971517e-004 -9.82538969598892e-005 5.77044244815868e-006 4.89453943888418e-008 -3.70707902760222e-008 
-3.21446010143305e+005 -3.68431810777436e+004 1.79740014162741e+004 9.04018746256699e+001 -8.13667913608222e+001 2.35243547406166e+000 4.25932664425408e-002 -1.24931481942474e-002 1.13902616301630e-003 -2.69340955830377e-005 -4.30459566264825e-006 5.14517560244358e-007 -2.22680802103201e-008 
-1.49158191536999e+005 -3.20516652464820e+004 8.32932216882638e+003 1.78913904020411e+002 -4.04452303465851e+001 8.08516791727930e-001 4.07962238816973e-002 -6.82474548701382e-003 5.13000588317965e-004 -4.48301847802795e-006 -2.58526839194441e-006 2.44665455572614e-007 -7.54708599319515e-009 
2.35553917451548e+005 1.33822232815748e+005 -1.12520412433622e+004 -9.78301840645704e+002 5.06656888889914e+001 9.36831629543294e-001 -4.68789874122910e-002 1.28145763954112e-003 -2.46231811456911e-004 1.80338045245076e-005 2.38156975870537e-007 -6.51796763630226e-008 2.32354223723081e-009 
-2.61157614004915e+005 9.27457514096878e+004 1.27971605098086e+004 -8.41175872148372e+002 -3.67662785892027e+001 1.96006121744009e+000 -1.41328060299901e-002 1.49701854205133e-003 -8.82672477729869e-005 -1.15839547547478e-005 1.29829300349040e-006 -2.46328578490772e-008 -6.59645442983479e-010 
-1.46692976164794e+005 3.35381342812414e+004 7.19012199653563e+003 -3.22976702141615e+002 -2.23415689665264e+001 8.66517973723056e-001 -2.48479138406624e-003 6.13608912266360e-004 -2.16330432339037e-005 -7.17606721512424e-006 6.08476955804881e-007 -6.19408772041074e-009 -5.23793826483618e-010 
3.86436441645491e+005 1.16769359621071e+004 -1.76963635563285e+004 -7.52888113464692e+001 5.88769598986552e+001 -9.30180968299605e-002 -3.56329218353477e-002 1.51865713386995e-003 1.09078369563244e-004 -5.15935778144571e-006 -7.84734729500457e-007 1.83846218116130e-008 1.18135543996562e-009 
-1.03993588909644e+004 1.47645483915199e+005 4.27972962056818e+002 -1.12764472844569e+003 2.60713887105995e-001 1.71530801358344e+000 -1.79071961488297e-002 -6.29427875200070e-004 8.89940221618831e-005 1.04900815260122e-005 -2.85247351315894e-007 -3.13334639883405e-008 1.23511117709008e-009 
-3.77926824575827e+004 7.07926843374488e+004 1.73996061270806e+003 -5.42166472231168e+002 -5.08537531366537e+000 8.43552928132277e-001 -5.36864201546194e-003 -4.39107697127419e-004 3.39341508278570e-005 5.55355218009349e-006 -7.04716615829572e-008 -1.68574317479852e-008 4.95489286286507e-010 
2.76432740932929e+005 -1.17849113481991e+005 -1.31113481893496e+004 8.22994668499489e+002 5.25815037279591e+001 -3.84746334455259e-001 -4.37870383139339e-003 -2.13745986310433e-003 -4.13606337163145e-004 -1.82387501937785e-005 1.26912354549274e-007 3.96926236857143e-008 4.17947811245102e-009 
2.47141039863743e+005 9.94745764462852e+004 -1.20172881267987e+004 -8.69284600675959e+002 3.15383172136674e+001 1.61769605119243e+000 3.45342224446610e-002 4.27533436191799e-003 5.48202996598595e-005 -1.72297875853173e-005 -1.18716650836264e-006 -4.46799730059397e-008 -1.84261802375380e-009 
9.69470224139282e+004 5.85370768466753e+004 -4.72193338509301e+003 -4.95591310618769e+002 1.07571500227425e+001 8.27466807419594e-001 1.74518037850151e-002 2.26683548290677e-003 6.23730643288459e-005 -6.84096069938215e-006 -5.91747764915663e-007 -2.52983196697370e-008 -1.25771461833272e-009 
-2.33354573084298e+004 -1.69788602295147e+005 1.40582174749491e+003 1.54369874768351e+003 2.93889072514537e+001 -3.08319247107837e+000 -2.91891422310821e-001 -1.52432946257360e-002 4.22164675609249e-004 1.29197607344248e-004 8.59718425303100e-006 -1.22029939600251e-008 -5.70033623855026e-008 
3.24889647043256e+005 -2.68804885113490e+004 -1.81116549736911e+004 -2.78591901265592e+001 7.89749385135217e+001 3.09195761382653e+000 1.63501128151716e-003 -1.55526106336710e-002 -1.53979201918122e-003 -3.67623404206257e-005 5.92747803183925e-006 7.60871798095174e-007 3.29213711534495e-008 
1.60466461930173e+005 1.41197820375572e+003 -8.95829191971444e+003 -1.47694200229766e+002 3.60442562213721e+001 1.78278048229481e+000 2.59339062470680e-002 -6.29689887307581e-003 -7.89108557005391e-004 -2.91011616616792e-005 2.15757765289048e-006 3.73031377618852e-007 2.09999550761408e-008 
-2.92242419561965e+005 -8.39785404846322e+004 1.93046117114416e+004 1.09181099764609e+003 -1.06042870736739e+002 -8.36394191112467e+000 2.82740116107760e-001 6.66768064574515e-002 7.86054326131299e-004 -5.05831118951318e-004 -2.84812764757696e-005 3.19481483530389e-006 3.99275624684445e-007 
1.42774378558674e+005 -1.48026053723201e+005 -9.43901556600306e+003 1.49789880413454e+003 8.31461506201818e+001 -5.69640502310142e+000 -6.61005488186283e-001 8.82486668990631e-003 5.33269003880334e-003 1.57835128019129e-004 -3.83800614843186e-005 -3.07283629360652e-006 2.10627097320117e-007 
9.45480367415293e+004 -6.51212692722592e+004 -6.27313604263306e+003 6.37432490225405e+002 4.98451571409738e+001 -2.06107967926096e+000 -3.47685004072062e-001 -1.43523439787768e-003 2.53924815150419e-003 1.20728974934735e-004 -1.63080727469303e-005 -1.77716372989277e-006 6.85775320491715e-008 
1.47319582726378e+005 -1.00060430192366e+004 4.40916358019256e+000 1.78773840259859e-001 -2.22919746872965e-003 -1.17264480808532e-003 -1.16638020938392e-004 -5.19946951087125e-007 1.96453677025706e-006 3.62089225634183e-007 2.48380794748928e-008 
1.27603711269531e+006 -1.06590302395358e+003 -2.62697446378786e+001 2.66363633749238e-002 9.78013990781411e-003 2.24708041620148e-004 -8.57231478767596e-005 -1.70856274772749e-005 -1.42794349429439e-006 5.80956323200405e-008 4.12189879191381e-008 
5.30686084618775e+005 -2.07984434377136e+002 -1.12736559499699e+001 7.52083251035394e-003 5.31162202394480e-003 2.35162983638490e-004 -3.36392262172116e-005 -9.07070142912360e-006 -9.66496229913276e-007 -4.14376959491025e-009 1.94406423041502e-008 
1.27347829934209e+005 -9.96474057723137e+003 5.55738986408941e+000 -2.46430441954001e-003 -3.02012090379471e-003 3.38665752427544e-003 8.05123249025260e-005 -9.31901870213665e-005 -1.88690106054415e-006 2.77755244804035e-006 4.46153282553075e-008 
1.27369739808206e+006 -1.27315959158599e+003 -2.55524115744884e+001 1.18734544361725e-002 -1.77159290466450e-002 -3.15567289860510e-004 4.96113309066229e-004 6.70985529566767e-006 -1.44615085939669e-005 -1.48805975667327e-007 4.47563981433601e-007 
5.30181019188307e+005 -2.96729562392322e+002 -1.08853735440964e+001 1.51781860162946e-002 -9.40784173915495e-003 -5.24729507531796e-004 2.56730500831041e-004 1.32536221564350e-005 -7.52859307814661e-006 -3.65254650341571e-007 2.34434367024974e-007 
-6.83730986633328e-005 -1.38707527743730e-006 -4.14267381815414e-007 3.21205781312780e-007 4.49443731382574e-008 -2.75454097893300e-008 -2.43162637343630e-009 1.61809931205946e-009 8.65824147239322e-011 -7.71988992229617e-011 
2.31695815937225e-005 7.41446259522218e-007 -3.77018883177748e-007 -7.22368974273309e-008 4.48650061581158e-008 5.30248109209024e-009 -2.84220200018134e-009 -2.47328194792592e-010 1.34302821334065e-010 8.82006791035168e-012 
-6.90799751732182e-005 6.51094211879385e-007 -3.25890406193915e-007 -1.95403059252614e-007 3.12270186237618e-008 5.09016248667023e-009 -1.17104800659759e-009 5.29411161454580e-011 4.18532928514139e-012 1.04177438182721e-012 
2.36919497419457e-005 4.88663914064394e-007 2.84816811003823e-007 -4.16220191093818e-008 -1.80607584150215e-008 2.79559734124436e-009 1.03209375631506e-010 -4.71531638344195e-012 9.95459207543601e-012 -6.97106179828806e-012 
-7.11612800175270e-005 -2.07903054830032e-006 3.45626080041530e-007 1.67283362487605e-007 -1.58868024027386e-008 -4.71899956406104e-009 1.07767509978021e-010 3.60479504411974e-012 4.43355796379736e-012 4.16722317730937e-012 
2.46194383527161e-005 -6.20509004750196e-008 -2.50079021705044e-007 3.75642749157533e-008 1.43651920911556e-008 -6.72881793003895e-010 -2.72160187772541e-010 -2.56087628329651e-011 1.03733447007512e-011 3.08795394602681e-012 
-7.21559285529089e-005 2.12970720152479e-007 -6.24581229013410e-007 -2.16101268217026e-007 4.78330858745559e-008 1.94150107294191e-008 3.26254313446714e-010 -9.52755220238503e-010 -1.79484329280650e-010 2.53186706006482e-011 
2.47968315578889e-005 7.23139269238752e-007 2.18770757526423e-007 -9.89346298529640e-008 -3.22292275484443e-008 2.77888212650763e-009 2.13169741813025e-009 1.70627593030147e-010 -8.67144851234553e-011 -1.67864034079834e-011 
-5.97645926559861e-002 6.95434171259703e-004 -3.69828881026134e-004 -2.88862459773994e-005 -7.66457399614193e-007 7.79438683498594e-007 3.48546748443636e-007 -2.63007541948947e-008 -1.36446324184913e-008 1.09705519553029e-009 
3.97333479758520e-001 -7.93660520600651e-004 -5.77515495278324e-005 1.53663335149963e-005 1.77789533515422e-006 4.76869346077848e-007 -5.21827354897728e-008 -2.77558531632193e-008 2.03539441995381e-009 9.56311814106289e-010 
1.27539189707467e+003 9.19151165657349e-001 3.42478930408130e-004 3.02692177167952e-005 6.36874380323093e-007 -8.09099978207075e-007 -3.17231199182118e-007 2.67759866486990e-008 1.23809915722367e-008 -1.09006010303739e-009 
-6.13571521486824e-002 -2.04044724613255e-003 -5.82729909826883e-005 9.78061554791935e-005 3.40806032620988e-006 -1.89418037153438e-006 -4.40302185700781e-008 2.44690460450570e-008 -6.85951847377830e-010 -6.15013518842353e-011 
3.96165878150634e-001 -1.31824454639640e-004 2.13326276064157e-004 6.17471006551764e-006 -5.51218943419075e-006 -1.83780824205963e-007 8.68822323349234e-008 3.29214958033564e-011 -7.23259537715837e-010 4.90088845143703e-011 
1.27723304307998e+003 9.21777848305777e-001 6.89366761099116e-005 -9.13558911785386e-005 -3.28086724583490e-006 1.76793396256184e-006 3.84966394285487e-008 -2.25447953463979e-008 6.53560449503098e-010 5.20242284589749e-011 
-6.31172506809908e-002 7.55474922106395e-004 4.83863974803191e-004 -4.32002512439492e-005 -9.90573268859422e-006 1.11737968971188e-006 9.87810392734973e-008 -1.35079153380214e-008 -3.79613132422130e-010 7.89025546596661e-011 
3.96980937410832e-001 6.88793806362988e-004 -7.73136158986600e-005 -3.06440817551995e-005 2.93280781383222e-006 4.13851030634921e-007 -5.16625770367455e-008 -3.16788301685507e-009 4.16504233120103e-010 -3.85011034181571e-012 
1.27907452177790e+003 9.19245897134610e-001 -4.50975538962693e-004 3.79476369356872e-005 9.13374305236658e-006 -1.02344752903015e-006 -8.98622826001757e-008 1.25406015177144e-008 3.43426203578805e-010 -7.17230885932004e-011 
-6.00494147672467e-002 1.70890029806969e-003 -2.08178633930894e-004 -3.22066487052178e-005 3.61330395421085e-006 -1.01244005528391e-006 -1.24640440300086e-007 3.69741298212847e-008 7.39154824632187e-009 -1.13643746588143e-010 
3.97250204905263e-001 -4.53683129775534e-004 -1.26646226886754e-004 1.22098402759974e-005 -2.50488091565625e-007 -2.07532727461642e-007 9.00331221351879e-008 1.22902039659838e-008 -1.55111053653285e-009 -5.56260199970159e-010 
1.28091148299998e+003 9.18261388657563e-001 1.75686941760449e-004 3.09468773990555e-005 -2.85605297776639e-006 9.50867099962185e-007 1.07256068104840e-007 -3.56439677219405e-008 -6.83362984337181e-009 1.49840799112440e-010 
