1.47259157371679e+007 -1.89352293343874e+007 -5.85243616456790e+005 1.24787944415186e+005 3.86607025642874e+003 -6.77025198860227e+002 -3.05818941304087e+001 4.57244682416113e+000 2.78897131771871e-001 -3.47940685165954e-002 -2.72247269140578e-003 2.81357016387177e-004 2.75312457804462e-005 -2.35629790138816e-006 
3.79396237512967e+007 4.55127430737547e+006 -1.55323301662618e+006 -3.65024894316766e+004 8.13603131359510e+003 2.67553733670325e+002 -4.98417949119016e+001 -2.36179178035251e+000 3.63282822460777e-001 2.27805751499703e-002 -2.88426853193980e-003 -2.30093428794989e-004 2.39124726503774e-005 2.40059129187917e-006 
1.87305984643969e+007 4.39413821211727e+006 -7.69005071998990e+005 -3.24386123431901e+004 3.94513875706333e+003 2.13124439260209e+002 -2.34528368008540e+001 -1.73574662585755e+000 1.65134737751128e-001 1.57767416237241e-002 -1.25838385700203e-003 -1.52084959482220e-004 9.91847518833823e-006 1.52666618828158e-006 
-2.30422916759737e+007 -1.76324114073937e+007 8.33550662065855e+005 8.36092365052327e+004 -6.78731451865966e+003 -7.60678480399064e+001 4.23188367934778e+001 -1.97294950913113e+000 -1.69447146530382e-001 2.45381176781456e-002 -2.61421615517361e-004 -1.73994426367783e-004 1.32351442862882e-005 5.57956733874171e-007 
3.47865959471446e+007 -7.43831022265433e+006 -1.24526593671881e+006 7.36237514031608e+004 2.99192536587274e+003 -4.97970443124300e+002 1.06664711636270e+001 2.51125996830031e+000 -2.22091999667495e-001 -4.42648632772359e-003 1.94099771906533e-003 -8.87596341732334e-005 -9.79924052636744e-006 1.36814455801615e-006 
2.09616941168938e+007 -2.14545141104920e+006 -7.51621333864489e+005 3.06577489867448e+004 2.30201925801092e+003 -2.58113622943895e+002 1.30942423942167e+000 1.54603044625001e+000 -1.01064179125481e-001 -4.90901009542191e-003 1.06393385757926e-003 -2.93703091845094e-005 -6.60690712815431e-006 6.72965727833599e-007 
-4.96813412277469e+007 -8.66257173901902e+006 1.25421231559317e+006 -3.63722122742089e+003 -3.20791257499682e+003 2.32296253460766e+002 -6.72141783573484e+000 -4.41397259158286e-001 7.00114578173374e-002 -4.14089023870706e-003 1.99389267719577e-005 2.02489376566410e-005 -2.02714883279433e-006 8.08195742941872e-008 
1.29179676265934e+007 -1.36547270366491e+007 -3.24588300185384e+005 6.67333007490149e+004 -2.27583832483789e+003 -4.02085486194084e+001 1.21401641521515e+001 -8.58488482397349e-001 1.88480138513467e-002 2.53161689323809e-003 -3.30084161659459e-004 1.73454559323019e-005 1.72053132767056e-007 -1.13583511839541e-007 
1.20414021420872e+007 -6.39622034090656e+006 -3.03442639782450e+005 3.60241886130767e+004 -8.83039528733594e+002 -4.55664791632781e+001 7.18191336140613e+000 -4.12808795381749e-001 2.80815274348844e-003 1.78171157460314e-003 -1.78389104179193e-004 7.16570995804860e-006 3.02113335930641e-007 -6.90537392954012e-008 
-5.75349138534947e+007 6.12343933642227e+005 1.02363318122057e+006 -2.77340554504542e+004 -3.60933840435977e+002 6.41987227193841e+001 -4.69293272083474e+000 2.05953908654634e-001 -4.05437487271738e-003 -2.98461457222551e-004 4.07265835007035e-005 -2.75245121756132e-006 1.14236832558216e-007 -8.82521583387559e-010 
-1.48855328806815e+007 -1.36593668982783e+007 2.64154956899252e+005 3.32231176058372e+004 -1.62792216928114e+003 5.67397269020099e+001 -4.81516547251277e-001 -1.20379380246837e-001 1.18190269152422e-002 -6.79004366654560e-004 2.25241778159448e-005 2.47893657682931e-007 -1.03508334385763e-007 8.92364347142125e-009 
-1.99710827508770e+006 -7.36047067221060e+006 3.49573688440365e+004 2.06227570835695e+004 -8.32161936003884e+002 2.36515799591805e+001 2.29426648321847e-001 -8.56598446122788e-002 6.73380877111430e-003 -3.31755412963487e-004 7.80858199372821e-006 4.17836208972148e-007 -6.71371064058275e-008 4.85826905263040e-009 
8.69255855366120e+007 1.41369711662753e+007 -1.06886784674794e+006 -2.91752507434380e+004 1.06588684553719e+003 1.72679301045102e+001 -3.64018033401117e-001 -3.98526188378187e-003 1.55200263098407e-005 -6.04675154447832e-008 
-5.57980087505622e+007 1.78954723424727e+007 6.95348220613850e+005 -3.65793785849293e+004 -7.06781292249250e+002 2.08559600073233e+001 2.63122320167263e-001 -3.91205058015473e-003 -3.15294995080957e-005 -7.10203684463623e-007 
-3.05984273907484e+007 7.15629052194850e+006 3.80481998876740e+005 -1.46109822816801e+004 -3.85437737873188e+002 8.29046558014322e+000 1.41415337383612e-001 -1.50783599719163e-003 -1.51573131340699e-005 -3.16213280393143e-007 
1.05759823592399e+008 4.49851674898793e+006 -1.30688763809009e+006 -9.86975335119460e+003 1.31515188547150e+003 7.25429234007923e+000 -4.67414747402276e-001 -3.29998030605012e-003 3.46649815852949e-005 1.15204774214268e-006 
-1.59478133205493e+007 2.15439393276410e+007 2.03313647658659e+005 -4.42474249572955e+004 -2.36079796254717e+002 2.57175372125035e+001 1.35397710607025e-001 -5.35241835081866e-003 -5.77704690908942e-005 -5.78234854642145e-007 
-1.38621962124537e+007 9.40770410217386e+006 1.74175321598644e+005 -1.92825926702579e+004 -1.89440491991893e+002 1.11114016051978e+001 9.04957359007839e-002 -2.19924649243282e-003 -2.81866417877442e-005 -3.32882236775471e-007 
-6.65947252584692e+007 1.80583590827601e+007 3.06806109610544e+005 -1.39588279222333e+004 -9.71258168612507e+001 2.99522025342914e+000 1.18886963899024e-003 1.45756886303213e-004 1.92204597514229e-005 -1.94882216406404e-005 -9.96769508451670e-008 9.92276736033301e-007 -8.76182730186152e-009 
-1.23498744044265e+008 -8.45190285157181e+006 5.66508527705993e+005 6.02534081169935e+003 -2.13677361430302e+002 -8.47775479006970e-001 2.82747784548747e-002 1.63014605232977e-004 -8.59471161897604e-005 -1.43999947985326e-005 4.97576450046469e-006 6.23346201071613e-007 -2.66960011420617e-007 
-5.35596985652078e+007 -3.66418829366270e+006 2.45601573262957e+005 2.61221415710909e+003 -9.26367519150548e+001 -3.67107306708094e-001 1.22538334089666e-002 2.84335196084799e-005 -3.58325296732824e-005 -3.62725990019261e-006 1.99420641058931e-006 1.35059627498126e-007 -1.04598243200117e-007 
-2.85696345588915e+007 1.98209281399233e+007 1.31957250187348e+005 -1.50325367216613e+004 -3.71263732689152e+001 2.98218420405446e+000 -2.74895561047499e-003 1.07825945386219e-004 3.42273499464864e-005 -5.60706788357645e-006 -2.05628054331753e-006 -6.56073719229517e-008 1.02281784391620e-007 
-1.35683248630155e+008 -3.68979661152410e+006 6.17854285680790e+005 2.50570746744000e+003 -2.24346777424742e+002 -2.38275850300063e-001 2.49872389347306e-002 1.45451985646931e-004 -5.13959054311344e-005 -1.60211702004860e-005 2.81177674759259e-007 8.07446576293351e-007 1.04886479137914e-007 
-5.88420898216981e+007 -1.59964525310967e+006 2.67861981720574e+005 1.08632821097056e+003 -9.72617004412574e+001 -1.03008330609583e-001 1.07544372218817e-002 3.45715746765675e-005 -1.88716578986259e-005 -5.26558741957424e-006 1.52503987471886e-007 2.77199886894992e-007 3.28957780672664e-008 
-2.03876741665740e+008 -1.76322120711696e+007 8.43870757285090e+005 1.11457617929112e+004 -2.29820105422594e+002 3.16727823124379e-001 -2.79836383293275e-002 -5.06798321148660e-004 -7.50509765298771e-006 1.42081920846999e-006 1.12467672237785e-006 
1.25590583640094e+008 -2.26442092150364e+007 -5.17024344757324e+005 1.61661024576267e+004 1.01194669013501e+002 -9.62690697232055e-001 2.93482815819772e-002 -7.41097472275991e-004 7.66227361835560e-006 2.59003755810202e-006 -7.09043982192384e-007 
6.30977928439655e+007 -9.91033621962434e+006 -2.59945490217484e+005 7.11382694758429e+003 5.26255148401245e+001 -4.50141805905607e-001 1.42357612994877e-002 -3.24803044047415e-004 2.01509231970371e-006 1.10934124536641e-006 -2.13813001782736e-007 
-5.61360939117442e+008 1.27856054709497e+007 6.69892187688321e+004 -2.35219581313854e+002 -6.85658710191766e-001 4.17186744414934e-004 9.24017519564313e-007 -7.25284482918837e-008 
-5.40786129669855e+008 -1.06182075377515e+007 6.45356658448493e+004 2.29558739946375e+002 -4.65888113328071e-001 -1.23241875029053e-003 -2.21804076642492e-006 8.87153359768301e-008 
-2.18134812937244e+008 -4.86265645924581e+006 2.60310359681166e+004 1.04122760944172e+002 -1.83003909009369e-001 -5.39198269506079e-004 -9.49341440358451e-007 5.79029907052187e-008 
-9.19811985574106e+008 -1.05860475123114e+007 2.28759538371012e+004 4.00434269868299e+001 -6.39699755837065e-002 -4.51081112904778e-005 2.37771416068784e-007 
9.19359247881118e+008 -8.50713887027920e+006 -2.28567641694227e+004 3.91265121552897e+001 4.38016628972439e-002 -8.54733215769292e-005 -1.91638507058842e-007 
4.19327538065136e+008 -3.05807613440277e+006 -1.04254728292259e+004 1.44373890004197e+001 2.08405561965878e-002 -3.33220354681721e-005 -7.65225558525042e-008 
2.85113525907332e+009 2.89630737402450e+006 -6.67345496156219e+003 -1.04583767809248e+000 1.13292610519371e-003 -1.28591405603634e-008 
-8.52011400522722e+008 7.79758671626939e+006 1.99409900495249e+003 -3.06732386232727e+000 -2.87867392800421e-004 1.84026338769194e-007 
-4.13485233315145e+008 3.37418707250205e+006 9.67752709726165e+002 -1.32864477922037e+000 -1.41898723746902e-004 8.21995030415735e-008 
3.33647095840609e+009 4.98721206357051e+006 -2.33010109421895e+003 -5.97610766475700e-001 1.23968654323865e-004 1.01954037671757e-008 
-2.75930026623124e+009 5.24766697328270e+006 1.92743428033983e+003 -5.97704877255680e-001 -1.16947308968726e-004 3.31733945455755e-008 
-1.21246213023076e+009 2.02373607775159e+006 8.46919907958538e+002 -2.29769298927217e-001 -5.10369690722547e-005 1.31168575930953e-008 
-3.82458052299217e+008 7.62662746473709e+006 2.40651995796562e+002 -8.27849721175209e-001 1.28824120122135e-004 6.31794491401980e-008 
-4.46033852732817e+009 -1.03803243266682e+006 2.80693377424942e+003 -2.17553254000556e-001 -2.12380532421852e-004 3.77944396317184e-008 
-1.27670055886007e+009 -2.62181419668965e+006 8.03402304776656e+002 1.81431218157102e-001 -1.03373267310685e-004 -1.07965335559658e-009 
2.23125579007621e+005 1.33665267634815e+005 -1.36774683839819e+004 -1.37728344557031e+003 6.02443336721361e+001 5.31098676756755e+000 -8.51661313083925e-002 -1.03962614156878e-002 -7.57716816351709e-005 -2.42836022493641e-005 -2.05257941471508e-007 3.23166868963373e-007 9.64109988458750e-009 
-2.37696657338887e+005 1.01676285413069e+005 1.43555490118053e+004 -9.13040909068915e+002 -8.12169008854957e+001 2.31038449966223e+000 2.32219516519295e-001 -1.00643461974195e-003 -1.41214895902281e-004 -4.78268968247908e-006 -3.15349857549436e-006 -6.69151081777846e-008 2.00951158022384e-008 
-1.30331703494046e+005 5.46744211844198e+004 7.88070861011109e+003 -4.92027048581916e+002 -4.45448661351260e+001 1.24128320236472e+000 1.27088813667698e-001 -5.18214581890009e-004 -7.74534132299493e-005 -2.47759946787232e-006 -1.71508915502917e-006 -3.78229618475095e-008 1.09111299697281e-008 
3.44808948406623e+005 -1.86601779733906e+004 -2.15714748288496e+004 2.15983692136061e+002 1.19583072317692e+002 -7.02058596538589e-001 -4.04569245454718e-001 -4.80578166977069e-003 1.33563139854076e-003 8.79156456510221e-005 -3.94712122982957e-006 -7.54771715439932e-007 1.01101701876620e-009 
3.36963504965124e+004 1.55967414472201e+005 -1.96000596560857e+003 -1.56821429128937e+003 1.25052044260008e+001 6.20710399073787e+000 -1.32198029352943e-003 -2.03315038910116e-002 -6.76730661372633e-004 6.63963611906494e-005 7.50258294543956e-006 -1.44209418295321e-007 -5.44771178685607e-008 
1.66984225675537e+004 8.48885719882141e+004 -9.80101770938240e+002 -8.55475393706927e+002 6.37513539136575e+000 3.38853291561518e+000 6.90562161600613e-004 -1.10675429660724e-002 -3.73089254334234e-004 3.58494585537533e-005 4.09932838801157e-006 -7.57438496212813e-008 -2.96710633908871e-008 
1.63334464661233e+005 -1.52637730292240e+005 -9.54652020979533e+003 1.54760643292254e+003 2.71620020222253e+001 -6.46098085261300e+000 8.72432568724739e-002 2.52559483737647e-002 -1.04999345922429e-003 -1.15578671503516e-004 8.14103456523205e-006 5.42649719333323e-007 -6.31056204595892e-008 
2.78362498478523e+005 7.68395803188357e+004 -1.60325500027807e+004 -5.72990449505207e+002 9.14108022107545e+001 1.80184939226622e-001 -3.46186901340535e-001 9.82410600522470e-003 1.47718745326208e-003 -8.14411808088519e-005 -6.98537830519932e-006 6.32888065115291e-007 3.10734145673672e-008 
1.50416813144491e+005 4.23303980155240e+004 -8.69229204472236e+003 -3.17604854542725e+002 4.97587772206449e+001 1.22859219923700e-001 -1.89098447218854e-001 5.25754319931189e-003 8.08625847922953e-004 -4.39398171126607e-005 -3.83443823350048e-006 3.42687129006160e-007 1.71552178876753e-008 
-1.59790500566032e+005 -1.55596502440311e+005 8.17196215572769e+003 1.20993690971533e+003 -5.06331619481049e+001 -1.05078897288433e+000 1.76344513115784e-001 -1.20969077160583e-002 -1.70395443654146e-004 5.99261766318036e-005 -2.97711230680757e-006 -8.36204501650084e-008 2.20284151831727e-008 
2.98320988914822e+005 -5.60125156496460e+004 -1.50821923626991e+004 6.14119038686615e+002 4.77755525283716e+001 -2.75842259909936e+000 7.49809690657761e-002 6.90248199678271e-003 -8.45715208216109e-004 1.49608699947274e-005 2.57093687525142e-006 -2.56929487431400e-007 3.53467575847623e-009 
1.62369968228405e+005 -2.99517364778594e+004 -8.23126588171443e+003 3.31210263660591e+002 2.62459397518274e+001 -1.50258181670335e+000 4.00073130976319e-002 3.80585451649560e-003 -4.60045952180118e-004 7.92633347138958e-006 1.41198019545512e-006 -1.39595129113126e-007 1.84327329853923e-009 
-3.69801305542258e+005 -4.65717286043144e+004 1.75801553159423e+004 3.53059318537017e+002 -5.43595999000072e+001 -2.75972327474227e-001 -6.18975586182478e-002 -2.26866183549734e-003 4.41453544801060e-004 2.56764558976818e-006 4.26850634105884e-007 2.37240894530746e-008 -5.64787743752649e-009 
9.58694520266346e+004 -1.37618707709497e+005 -4.56190120212230e+003 1.05543451505523e+003 1.37347490455287e+001 -9.15486976494308e-001 1.71207539129735e-002 -6.86527127233676e-003 -1.04100014153326e-004 1.05733421941990e-005 -1.52261233719228e-007 7.01649794821821e-008 1.27238144334581e-009 
5.29972999322285e+004 -7.46335371701641e+004 -2.52151925540436e+003 5.74471667312065e+002 7.59817665038697e+000 -5.05390534581145e-001 9.44588747846111e-003 -3.72356859142749e-003 -5.76551269954420e-005 5.79207705257705e-006 -8.37860218702777e-008 3.80392242062550e-008 7.05388474920632e-010 
-3.19923081481346e+005 9.53030013221431e+004 1.61692556903735e+004 -6.32402486422545e+002 -7.09437927192752e+001 -7.65906796770636e-001 9.70226282953841e-002 1.36956995787561e-002 3.44753707588223e-004 -3.84237771202204e-005 -3.65427341942633e-006 -7.38718873374378e-008 1.46684499573312e-008 
-1.74149444756990e+005 -1.21297996935224e+005 8.70630924647067e+003 1.08418097763525e+003 -1.61670470162712e+001 -2.73302266530688e+000 -1.40007942779000e-001 6.76476680196789e-005 7.44275196457483e-004 3.68807494475726e-005 -7.24566183128063e-007 -2.27997709942832e-007 -1.14656681839727e-008 
-9.37198830570331e+004 -6.60340674629968e+004 4.70816856749917e+003 5.91180066494366e+002 -8.77355122729424e+000 -1.48995387360383e+000 -7.60347369283635e-002 2.85544451369941e-005 4.04533780346654e-004 2.00841211293327e-005 -3.92031194225022e-007 -1.23893475579393e-007 -6.24511772764474e-009 
-3.74660073689621e+004 1.75315956764704e+005 2.03020043530031e+003 -1.63605995094645e+003 -3.41107145722984e+001 5.30236415506549e+000 2.79427479583862e-001 -1.34584875749437e-002 -1.66534382457900e-003 3.81535401041923e-005 9.87998927757615e-006 -3.47489328018637e-008 -6.15441835950971e-008 
-3.12345318435248e+005 -9.10838997373191e+003 1.79095694782331e+004 2.64074810392986e+002 -8.76650613681391e+001 -2.89712560634591e+000 2.30807158953801e-001 1.92558569259442e-002 -6.32233304728640e-004 -1.11639612193219e-004 1.51690938306790e-006 6.85369649928446e-007 4.83607816535177e-009 
-1.69164882105416e+005 -5.15930282179097e+003 9.73162206169464e+003 1.44956280319318e+002 -4.77210569179574e+001 -1.57881520624511e+000 1.25534547087100e-001 1.04822943875128e-002 -3.42707592695384e-004 -6.07450541722567e-005 8.17189325030543e-007 3.72689194872097e-007 2.67658628862871e-009 
2.66913401136592e+005 1.13221663769060e+005 -1.67300733745455e+004 -1.16876198987249e+003 9.00034225865158e+001 4.58011005989916e+000 -3.14575435265415e-001 -9.75810951021124e-003 1.38898010829046e-003 -2.19638575863524e-005 -7.32646902454078e-006 4.47098704737393e-007 3.40861053183292e-008 
-1.95371951193301e+005 1.21168278100916e+005 1.20502485671637e+004 -1.19285467594338e+003 -6.88334669506749e+001 4.64006034707161e+000 2.05251161209281e-001 -1.75992029142740e-002 -1.66462564666457e-004 8.84514377108832e-005 -3.51220349517528e-006 -4.54022298618772e-007 3.74238332197349e-008 
-1.05988700157900e+005 6.56717590573969e+004 6.55513264693907e+003 -6.48467595627632e+002 -3.75078775520068e+001 2.52540506639663e+000 1.11980716234122e-001 -9.57377667925318e-003 -9.21288348085942e-005 4.81158187883188e-005 -1.90265842028351e-006 -2.47156342843512e-007 2.03218486424462e-008 
5.07438140065062e+005 -4.79234752314736e+003 -1.61679113094497e+001 -1.73499291542741e-002 4.85205339799569e-003 2.91045580357711e-003 -3.09826086327943e-004 -6.20959523687563e-005 1.20837352838246e-005 1.19654638570024e-006 -4.29555388077089e-007 
4.27378758444010e+005 6.02079972855390e+003 -1.60377274625307e+001 7.50142640063179e-003 -1.62050442830249e-002 1.44194758981474e-003 3.65324524663918e-004 -5.76589782393382e-005 -7.37664097475688e-006 2.03716939853499e-006 1.15373039939686e-007 
1.66500727579765e+005 2.64945160413923e+003 -6.53019140453579e+000 1.25988502099228e-002 -9.44435148533476e-003 4.69825535110769e-004 2.27372379176000e-004 -2.43610527389230e-005 -5.19346792285318e-006 9.64512282472433e-007 1.06182198433891e-007 
4.97725427114770e+005 -4.91971051429129e+003 -1.54027153143359e+001 1.21959546147154e-001 8.72559049947936e-004 -7.77621243032594e-004 7.81578453967403e-005 -2.46873280553616e-006 -7.10745486403432e-007 1.63382323144828e-007 -1.90807713501684e-008 
4.39291098208384e+005 5.89126037778904e+003 -1.63251229270469e+001 6.30756125187747e-003 6.88181463758966e-003 -2.53826970950481e-004 -3.94419799380420e-005 9.35596617358323e-006 -1.05652872962418e-006 3.13954915040598e-008 9.95964246643228e-009 
1.71746945461646e+005 2.59659512832673e+003 -6.70758376911540e+000 -6.69882850523880e-003 3.35077599766931e-003 -5.13847237844119e-005 -2.90906534274701e-005 5.25289247834809e-006 -4.90713674741738e-007 2.55854552392271e-010 7.30816279386524e-009 
-7.01968665521234e-006 -1.97123761355138e-007 -6.08696033779386e-007 2.27764868083741e-007 6.74474554058804e-008 -1.27235275426696e-008 -3.13324904995396e-009 2.78113353877753e-010 8.57251805497389e-011 1.80849332692705e-012 
4.29245230847444e-005 1.68508350709538e-007 -2.88474619961283e-007 -1.08592244992396e-007 2.75512564379004e-008 7.10346567151013e-009 -9.54216403264116e-010 -2.59819509356603e-010 9.55741408283818e-012 6.34644625537286e-012 
-5.47097574122374e-006 2.31191811642807e-006 -3.66368212588743e-008 -2.66869451198201e-007 2.05214514529649e-008 1.17185725676815e-008 -2.18085242387429e-009 -1.40821067191369e-010 1.05978845715812e-010 -7.14491606153950e-012 
4.20655799201745e-005 -3.15542682462046e-007 3.67332808449600e-007 -1.17148214399039e-008 -2.83875146425675e-008 3.31689612491553e-009 7.27150017792794e-010 -2.35850846122660e-010 1.60809040934112e-012 9.27015557248127e-012 
-4.07774037290931e-006 -6.33138407717845e-007 2.20571925810366e-007 2.10474012092378e-007 -3.09693900268102e-009 -5.46250927919969e-009 -4.78894057318798e-010 -6.73278467180109e-011 8.64639114788035e-012 5.31177710357345e-012 
4.20125592370225e-005 -3.61215494676465e-007 -2.92808425914642e-007 1.73959934340017e-008 1.80606664202725e-008 4.13959922905064e-010 -1.46099602246634e-010 -2.53272347991124e-011 -1.13935959115292e-011 -1.93073781874786e-012 
-1.68234909018978e-006 2.32063662304687e-006 -5.77875637212621e-007 -2.57705904196596e-007 5.30503877423119e-008 1.75965352014532e-008 -1.99041842002005e-009 -7.28381932457925e-010 6.19749460230129e-011 2.28994887184094e-011 
4.14377124685801e-005 4.04946858953059e-007 3.01809259516884e-007 -9.48705215068754e-008 -3.21281315308373e-008 4.83823252713868e-009 1.65513923867934e-009 -1.49366482139184e-010 -5.75882845670909e-011 4.75899123148750e-012 
-2.66406137589703e-003 1.01349499680197e-003 2.35061843324970e-004 -4.57279503370633e-005 -9.20478699227373e-006 1.40860331391406e-006 2.58538047285623e-007 -2.87837012422284e-008 -5.70765448674150e-009 2.77588116301277e-010 
3.82355225539378e-001 3.00788167820503e-004 -7.81831715048462e-005 -1.84961693840709e-005 3.11296023094523e-006 5.90630180918737e-007 -7.96818630491245e-008 -1.49123432229594e-008 1.22781768131986e-009 2.90054610854843e-010 
3.10038851769846e+003 9.18868095476509e-001 -2.21046311606109e-004 4.42450698460944e-005 8.59641886864793e-006 -1.32251715913140e-006 -2.40653246953925e-007 2.65474383761526e-008 5.29612170418055e-009 -2.49796511372583e-010 
-6.27686652971723e-004 6.36505192114430e-004 -1.99642310065984e-004 9.54330305512987e-006 3.41473838824499e-006 -1.14718908455789e-006 4.10850107496349e-008 2.64405112279648e-008 -3.63958957500244e-009 -1.80318681642284e-010 
3.82287335578958e-001 -3.03345394389444e-004 -1.46357712064703e-005 1.14368739760893e-005 -1.79510546378372e-006 -5.39661508383857e-008 7.28782518921997e-008 -6.08183529961526e-009 -1.01865439536127e-009 2.49897230101502e-010 
3.10222628192884e+003 9.19267182153560e-001 1.96673939014714e-004 -9.12138962454934e-006 -3.40344011784244e-006 1.07323522552967e-006 -3.58480083179203e-008 -2.48553475359006e-008 3.36049767000218e-009 1.76538996569101e-010 
-5.68758752983535e-004 -4.98373059530986e-004 -1.03420638627070e-004 7.31170671913993e-006 2.83166017008082e-006 6.58132119377755e-007 -1.49253538958156e-008 -1.10208121535588e-008 -8.60403405395983e-010 -6.27424641619311e-011 
3.81791790764208e-001 -1.45251319522072e-004 4.85076072335147e-005 7.41018801895863e-006 7.94827020803502e-007 -1.12444768925630e-007 -3.96281545256964e-008 -9.52952230230205e-010 1.96535776165347e-010 5.26856578260028e-011 
3.10406599275209e+003 9.20355905177167e-001 9.08799739608174e-005 -8.51513636179620e-006 -2.56340116297167e-006 -5.92419412201727e-007 1.46447085767236e-008 1.02314694724803e-008 7.72753124417338e-010 5.56699480846460e-011 
-1.36549152717937e-003 6.00471906391097e-005 3.00609566877197e-004 2.65621669119271e-005 -9.80364723867545e-006 -1.35034904808344e-006 2.11789480233138e-007 4.22575584998760e-008 -3.75561984338587e-009 -1.01829700062556e-009 
3.82056788064097e-001 4.06571848184741e-004 3.40189970702852e-005 -2.17704777528913e-005 -2.45813249253572e-006 5.50055762157113e-007 9.39632335479816e-008 -1.05170095383049e-008 -2.51163225752306e-009 1.80785760824312e-010 
3.10590644288099e+003 9.19758408615361e-001 -2.87595323126402e-004 -2.31270392768765e-005 9.26957580536134e-006 1.22443856672394e-006 -1.98434412128125e-007 -3.86072944552070e-008 3.51689110050272e-009 9.30281302910628e-010 
