-4.32703404001704e+007 9.41601135614336e+006 5.52948982887288e+005 -2.66228160205291e+004 1.64608496860494e+002 -4.56277306532083e+000 -5.66875643608781e-001 3.24364635127901e-002 -1.74336127920288e-003 6.94028057195072e-005 -2.04627935499792e-006 3.04000649083975e-008 2.02863041169286e-009 -2.14438068499508e-010 
-4.68595450569615e+007 -8.49013932470404e+006 6.02409790709001e+005 1.10006506416428e+004 -5.29078235275930e+002 2.12320858917376e+001 -8.81902171894450e-001 1.88603581082102e-002 -2.98455804869016e-004 -2.56228747677569e-005 2.13084200335889e-006 -1.29767938124333e-007 5.77569630038650e-009 -2.03667682845907e-010 
-2.05843576304098e+007 -5.51151405369974e+006 2.64515154871411e+005 8.63551864626132e+003 -2.99697458356564e+002 1.18152496663118e+001 -4.12379281664557e-001 6.71413357887646e-003 2.12185864384302e-005 -2.08800739403992e-005 1.35036639533042e-006 -7.24738877957959e-008 2.87522240191326e-009 -8.65819239213250e-011 
-2.10016729808316e+007 1.25959034837565e+007 2.44496922867815e+005 -2.52383018553160e+004 -1.37143432770185e+001 -1.17488112218908e+001 -1.57679789510233e-001 4.14733514051479e-003 -3.05201643802173e-004 2.19205535135742e-005 -3.66874893995199e-007 3.28937236216689e-008 -1.46239343220564e-010 2.21154113078535e-011 
-5.86870531240804e+007 -3.26115022927643e+006 6.94342530137389e+005 4.93582122718194e+003 -2.81050123375716e+002 4.85466629995365e+000 -5.55154769063714e-001 3.45107787060013e-003 -5.40444303447038e-004 -1.64946714113375e-006 -1.25621402010134e-007 -1.16414057496557e-008 7.12272051478770e-010 -2.33129224838917e-011 
-2.92108346356791e+007 -3.04763962011756e+006 3.45590673546899e+005 5.25214452412892e+003 -1.48719137152881e+002 3.81088842694947e+000 -2.80232024152244e-001 1.41371147987561e-003 -2.57091096286932e-004 -3.15291357511226e-006 -2.90876140754233e-008 -9.62666228344114e-009 3.95742291677723e-010 -1.47411626327073e-011 
5.17189664732445e+006 1.33176623410153e+007 -6.80200233020325e+004 -2.75146281586697e+004 -2.79879182351333e+002 -1.45447373382628e+001 -6.32239643088005e-002 7.07794160852972e-003 5.85609694558644e-004 3.91064527968333e-005 1.43434451087374e-006 6.17880257620186e-008 1.39861684880825e-009 2.27689768415760e-011 
-5.95190994403199e+007 2.45675606663880e+006 7.27453334951548e+005 4.88364533992860e+002 -3.19877319025552e+002 -9.36835839718620e+000 -7.19708593867714e-001 -1.62406811764137e-002 -7.33446411785497e-004 -7.86135432390963e-006 9.93521133832760e-008 3.19360642612158e-008 2.09762474366927e-009 1.00157494404087e-010 
-3.23680406230845e+007 -6.78508588614109e+004 3.95664032396274e+005 3.11214131070575e+003 -1.41880539054026e+002 -3.49759115673038e+000 -3.77932913074011e-001 -9.40965338363007e-003 -4.52485068173912e-004 -8.24951057679986e-006 -9.53970596324405e-008 1.06591109036248e-008 9.74808168153389e-010 5.10533529183610e-011 
3.01491957777612e+007 1.13545915976776e+007 -4.34608280180244e+005 -3.42750793748100e+004 -5.51500010184321e+002 -9.71587935932419e+000 7.24482314935010e-001 6.58721475487796e-002 3.84297881653796e-003 1.65752661111693e-004 4.70775849070881e-006 -1.03709826717357e-010 -1.20466305515914e-008 -1.04073678343382e-009 
-4.88426349774268e+007 8.19151037134700e+006 6.92839791089607e+005 -7.27167675016798e+003 -7.31171063074758e+002 -3.48687045122517e+001 -1.51091253973630e+000 -3.78464597331499e-002 -1.27027766624406e-004 8.45243278822662e-005 7.10503550725316e-006 4.03691506197200e-007 1.67295300695776e-008 4.19990967012534e-010 
-2.92532803654554e+007 3.19915804534428e+006 4.15161175800220e+005 -3.32851308619368e+002 -3.33455491544223e+002 -1.76206713609447e+001 -8.82212885806044e-001 -2.70423378159262e-002 -4.66060870235682e-004 2.79662272524620e-005 3.30683317856548e-006 2.15711703717637e-007 1.01966542342471e-008 3.32538619625413e-010 
1.48719388769101e+007 2.36492295143778e+007 -1.88041037140804e+005 -4.85783942327783e+004 2.19766584343834e+002 2.82010022531502e+001 -1.27901232492523e-001 -5.85451254393225e-003 5.55591616045383e-005 -5.63079640742353e-007 
-9.64918102574471e+007 3.56164301171913e+006 1.19910582969815e+006 -7.81897220137168e+003 -1.20602600920807e+003 5.76958559166194e+000 4.27981092038113e-001 -2.62734539684927e-003 -3.11274551889386e-005 9.13521995845362e-007 
-4.43690100473242e+007 1.06300829806689e+005 5.51478985165791e+005 -4.45048122996368e+002 -5.56592439210922e+002 8.12098397100645e-001 2.00640009958961e-001 -8.15543871670296e-004 -1.76440161601616e-005 4.60374991471027e-007 
5.88897002384621e+007 1.99144337987060e+007 -7.31955938049459e+005 -4.07691414383593e+004 7.40760091321678e+002 2.33433303377561e+001 -2.70631359014624e-001 -4.49963786995487e-003 2.49695938657390e-005 -1.04212052326780e-006 
-8.02963706750439e+007 1.24634041959176e+007 9.95042826658720e+005 -2.56609104316269e+004 -9.94365894685549e+002 1.50663689322973e+001 3.43459168971746e-001 -3.36504941567480e-003 -2.05396552023541e-005 2.43432621149613e-007 
-3.98664956793792e+007 4.34826884029212e+006 4.94065404589929e+005 -8.96770667982964e+003 -4.94324122096673e+002 5.30135200906751e+000 1.71658387006238e-001 -1.21980528419720e-003 -1.06469491656103e-005 6.77939864724824e-008 
6.08487634215138e+007 1.84519521807791e+007 -2.76591623791300e+005 -1.39475222151366e+004 9.45210890839999e+001 2.73259482836384e+000 -7.57086104863043e-003 -8.28380633055712e-005 3.23385751338553e-005 -1.51174651105948e-007 -3.22814546837015e-007 -3.83331749641311e-008 -5.28273391104435e-009 
-1.26863691728988e+008 7.54253667096389e+006 5.74574737202167e+005 -5.55497745994629e+003 -2.07180533847647e+002 9.58730759115464e-001 2.16038737558558e-002 2.52168161631184e-004 -2.05385344711641e-005 -5.14617601623076e-006 3.77320851977375e-007 1.64358073379399e-009 1.89178023381804e-008 
-5.49782467964487e+007 3.26948658923439e+006 2.49061984335199e+005 -2.40792385793284e+003 -8.98129281769118e+001 4.15089159667447e-001 9.39069608635399e-003 1.39749454124667e-004 -9.35392161603696e-006 -3.09638124537564e-006 1.86569447121934e-007 7.24953894047869e-009 9.61390075550426e-009 
9.50307752417889e+007 1.55995382272463e+007 -4.33115808162392e+005 -1.20076822107412e+004 1.47363056817527e+002 2.53799541355580e+000 -1.15431615217355e-002 -1.29760510490887e-004 1.15735799820191e-004 -1.07303921310811e-006 -7.96417062916592e-006 -5.98918403443305e-008 5.74667707188326e-007 
-1.07431810162817e+008 1.18177862817560e+007 4.88751283594255e+005 -8.68789998044166e+003 -1.82782913497791e+002 1.47689304673169e+000 2.30154350786018e-002 4.31582703678880e-004 -6.05833801186071e-005 -2.53915056386715e-005 4.01528148317498e-006 1.82490576375747e-006 -2.53797204090274e-007 
-4.65550555635038e+007 5.12268559434883e+006 2.11859469333767e+005 -3.76601278139294e+003 -7.92281201585460e+001 6.41080737312941e-001 1.01129931691560e-002 2.11194621964711e-004 -3.59653592310887e-005 -1.35006984767241e-005 2.34925693456294e-006 9.78535811124687e-007 -1.49397631545439e-007 
-1.38057570410911e+007 3.45774581905319e+007 8.05716141679704e+004 -3.43688734718397e+004 -3.91007145827767e+002 9.97391253341271e+000 4.03809302361820e-001 3.29445927826599e-003 -1.77576348194823e-004 -7.19838954444928e-006 -3.06562885764671e-007 
-1.97313070706521e+008 1.08504886180807e+006 1.19896080534600e+006 6.91936515250456e+003 -6.20911007329138e+002 -1.26077963888830e+001 5.42427988475070e-002 8.86430239115329e-003 1.72115132490119e-004 -3.74074094024222e-006 6.74611927238206e-008 
-9.01297653005167e+007 -4.34595892853987e+005 5.47770905640402e+005 4.10032762593559e+003 -2.74259716171281e+002 -6.05170916985526e+000 1.39440828473784e-002 3.97828218986162e-003 8.42441615024387e-005 -1.45363198027027e-006 3.84502538663660e-008 
-4.33685999308475e+007 1.78207838366446e+007 5.58245227931734e+003 -3.82360594377582e+002 -3.61010208208703e-001 1.88864122871675e-003 7.47704441847118e-006 4.66694945766253e-008 
-7.23211278728380e+008 2.26507820226921e+004 9.37826950110736e+004 4.89020035819456e+001 -9.44896567716003e-001 -1.49092933936356e-003 2.15715552644020e-006 -1.30148329630485e-007 
-3.08922602058542e+008 -4.24118232027762e+005 4.00615569727244e+004 3.02677172255691e+001 -3.96214127293815e-001 -6.84800413046578e-004 6.59661124591628e-007 -6.10733048411947e-008 
3.75120530189357e+008 -1.35477636508369e+007 -9.62951066731101e+003 5.70499854294730e+001 3.12383459107245e-002 -1.01567551953628e-004 -1.59583445228659e-007 
1.20645863233237e+009 3.19037289023542e+006 -3.09438674223648e+004 -1.63110310724528e+001 7.43466831814210e-002 4.35964721518835e-005 -1.76141719369304e-007 
4.82168508285778e+008 1.90133992682382e+006 -1.23664527259095e+004 -9.19561400136227e+000 2.93601474418703e-002 2.24098357971985e-005 -6.18439265773828e-008 
3.45321567567590e+008 -9.41434345644745e+006 -9.37593524077430e+002 4.17948746335762e+000 6.98809035489083e-004 -4.03151212924394e-007 
2.60192063021799e+009 5.89772623927787e+005 -7.06760103601591e+003 -8.20008759783771e-001 1.56401328662512e-003 3.66936090640118e-007 
1.13468154484350e+009 3.91394957556091e+005 -3.08231606911046e+003 -4.18160477256044e-001 6.76733475077916e-004 1.65329273371243e-007 
4.34377873765453e+009 -1.77745719590483e+006 -3.09709340715822e+003 2.00851195571464e-001 1.84702597024942e-004 -2.73579534765252e-008 
9.90500974667229e+008 6.79377593840954e+006 -7.06042298503137e+002 -8.10684873860125e-001 3.42778368787307e-005 4.54247529094970e-008 
2.97273692463067e+008 2.82497835008364e+006 -2.11879446798048e+002 -3.36827393994791e-001 9.35463468526594e-006 2.00993244666508e-008 
3.66134275380190e+009 5.84632124517028e+006 -1.38807881166050e+003 -1.57861781091670e-001 9.87272115613832e-005 -5.49860027910430e-009 
-3.48893404917158e+009 3.82839654833342e+006 1.32255390064608e+003 -4.43588761465389e-001 4.61504794204501e-005 -7.16537551927838e-009 
-2.19194165424583e+009 -5.66748586811043e+005 8.30933635844634e+002 -9.08116222689226e-002 -1.43136145994593e-005 -2.61314063861406e-009 
3.54016482460101e+005 -2.31608612192860e+004 -1.98108835212048e+004 5.01841451353655e+002 7.60647245392468e+001 -4.24881328824237e+000 8.45348646786232e-002 1.21674378376620e-002 -1.74642501431166e-003 7.52407387864281e-005 3.84510086836433e-006 -7.98647041094224e-007 4.96564792867372e-008 
6.07604961401069e+004 1.60194575045561e+005 -3.29182527864002e+003 -1.39178229963954e+003 4.63984606435693e+001 2.07199470847339e+000 -2.63754421249294e-001 1.72124898810162e-002 2.14575686955631e-005 -1.06728418045298e-004 8.96296444586141e-006 -1.56623326958173e-007 -4.28711385905132e-008 
5.10740907416557e+004 5.83133961646270e+004 -2.82001267050810e+003 -4.80941411265783e+002 2.35288175305401e+001 4.30186105013387e-001 -9.22019389563803e-002 7.44766594603011e-003 -1.32796331299278e-004 -3.39881736057405e-005 3.67450518875391e-006 -1.23229331792769e-007 -1.20877842127964e-008 
1.79220902648033e+005 -1.42380269749695e+005 -8.81681523262803e+003 1.18517675162328e+003 1.73615269327721e+001 -1.90299330140125e+000 4.00464642954926e-002 -4.96927556888832e-003 1.81101152685678e-004 1.27102941200890e-005 -1.35127180505081e-006 5.82916051290600e-008 -2.87853635178410e-009 
3.11947204622508e+005 8.13125261812013e+004 -1.48935103216099e+004 -5.22452995973142e+002 5.59875327767902e+001 -7.94499641785830e-002 6.63043076002478e-004 9.46267086861149e-004 -3.49811988191553e-004 2.09399985604793e-005 -1.65498790537775e-007 -2.91294232931835e-008 3.26892305997629e-009 
1.31499606110503e+005 1.92309611765831e+004 -6.28135342874913e+003 -1.00620321412873e+002 2.23049125250948e+001 -1.86625750939707e-001 3.63258791124337e-003 -3.89471682026888e-005 -1.16729859070486e-004 8.87484468063208e-006 -1.71447495579545e-007 -6.19750224334238e-009 9.97193803744845e-010 
-1.29506153288406e+005 -1.54034608035139e+005 5.89012733710915e+003 1.17766263984839e+003 -1.82453891205894e+001 -1.81880554388185e+000 -3.72696301762359e-003 9.65713746877449e-004 4.03244600677573e-005 -1.26305908902061e-005 1.40533860943905e-008 3.98807952058908e-008 6.16885052156182e-010 
3.46233573902775e+005 -4.78188056507101e+004 -1.58499891748480e+004 3.55908768740281e+002 5.28305853068161e+001 -3.97589050074274e-001 -3.39466034507700e-002 -8.98308022664326e-004 1.14789346892020e-004 7.80019653328989e-007 -7.87450813468781e-007 -3.97191125593005e-009 1.44471913769145e-009 
1.19989341976775e+005 -3.00567355089787e+004 -5.46744688863592e+003 2.26428235926408e+002 1.82316362858235e+001 -2.93774509393468e-001 -1.27673439237640e-002 -2.58043979847551e-004 4.62056221338943e-005 -7.09368600470465e-007 -2.93310834929585e-007 1.68524683622838e-009 5.86735990909028e-010 
-3.51024213191209e+005 -5.81050623919080e+004 1.70754408817554e+004 5.97029533796546e+002 -5.40622717867447e+001 -1.76821945070912e+000 -6.28307222515687e-003 -1.53159195303748e-003 -1.90823957270751e-006 1.89662348273285e-005 1.28939618265874e-006 7.84974915086410e-009 -1.13286722670724e-009 
1.46873731591285e+005 -1.44074396164346e+005 -6.92194828602846e+003 1.09053009947915e+003 3.62032564563652e+001 -1.27404729048970e+000 -4.21715352281429e-002 -1.86243409002655e-003 -2.65981555788906e-004 -1.27855184809193e-005 5.69463811656065e-007 6.30790953124675e-008 2.15022613204648e-009 
2.78765016821726e+004 -5.85266903651932e+004 -1.24946435216896e+003 4.54025397201945e+002 9.21422087172716e+000 -6.11433086170866e-001 -1.59739784503099e-002 -8.14846703504825e-004 -9.97348179614996e-005 -3.30519266004346e-006 3.12792178956077e-007 2.40981496680683e-008 7.13520662127169e-010 
-3.20150940216196e+005 8.96756836045984e+004 1.78406059385029e+004 -5.62330305746508e+002 -9.05357551152948e+001 -1.48122761488765e+000 1.14415893250760e-001 1.68908342802085e-002 1.12757667754905e-003 -2.44377872131967e-006 -6.69675771932048e-006 -5.62150004668104e-007 -1.26351978316071e-008 
-1.49862792004765e+005 -1.39719858481715e+005 8.52461013499510e+003 1.37337619884954e+003 -9.25746469056178e+000 -3.96049959284776e+000 -2.07304133836345e-001 -5.36472227644021e-003 7.24322840333941e-004 9.98695469959117e-005 4.26755484179535e-006 -1.88866599303951e-007 -4.18510852626566e-008 
-8.08881334208007e+004 -4.53534180218782e+004 4.57514782372885e+003 4.68488660495838e+002 -1.05054820298938e+001 -1.58739055720524e+000 -6.84427866240148e-002 -7.06897820931196e-004 3.57236636671196e-004 3.70885532713715e-005 1.07608935971348e-006 -1.13827614663590e-007 -1.65947135030496e-008 
-3.70834482316094e+004 1.80514177748246e+005 2.46805243957479e+003 -1.89191672367736e+003 -4.35806047489289e+001 8.17171653982745e+000 5.24347951559678e-001 -2.40314575978444e-002 -4.86995139201607e-003 -5.78118617134363e-005 3.61143350171297e-005 2.28287492262494e-006 -1.91555406705788e-007 
-3.15716255911474e+005 -1.57968303131449e+004 2.07009955835872e+004 3.62717953706921e+002 -1.22174973440592e+002 -4.84719456912828e+000 4.31373129843645e-001 4.94274959395057e-002 -5.42478797058708e-004 -4.04552492636472e-004 -1.56291179742678e-005 2.56592372761395e-006 2.62451148795392e-007 
-1.21096909038823e+005 7.99955357397458e+003 7.92246811917190e+003 -1.14797690995801e+001 -4.89201422249716e+001 -1.17397360649591e+000 2.01320085871038e-001 1.65856378095472e-002 -5.78108923081770e-004 -1.55448865023643e-004 -3.04721336162688e-006 1.13387328994244e-006 8.31865212963141e-008 
2.73095104958059e+005 1.12274235118991e+005 -1.80386588781545e+004 -1.06377497659555e+003 1.29891750557815e+002 3.11921361216427e+000 -8.09071821648685e-001 3.65706657762042e-003 5.87709020134988e-003 -1.95064296233113e-004 -4.38012588777189e-005 2.96460189341360e-006 3.06313394964985e-007 
-1.92927872019522e+005 1.31897218510472e+005 1.27938099038713e+004 -1.52820471200218e+003 -6.36472253244024e+001 9.36746968331133e+000 1.10876004172737e-001 -6.41825091038582e-002 1.03804243539974e-003 4.83457338312050e-004 -2.23834002990423e-005 -3.56781543002845e-006 3.04721151773563e-007 
-5.13765550039784e+004 5.78792226420192e+004 3.38474482462585e+003 -6.52168932326001e+002 -1.36470943001116e+001 3.73609393616453e+000 -2.13205406200337e-002 -2.36720038382948e-002 8.41439669959146e-004 1.65397024305954e-004 -1.17363928675446e-005 -1.10299360054823e-006 1.37389144869100e-007 
3.37404051593393e+005 -4.86398861814437e+004 -1.89851419614872e+004 7.33546490350995e+002 6.87091075794920e+001 -5.04430171493960e+000 1.32318408907292e-001 1.53980614540851e-002 -2.17235826114703e-003 7.55409946776328e-005 7.30948004831954e-006 -1.11385361161033e-006 4.61407658461465e-008 
1.11482349924251e+005 1.56451549264291e+005 -6.23574884656224e+003 -1.32723753204085e+003 6.03158544282482e+001 1.55294259260880e+000 -3.11317554028644e-001 2.11740293650193e-002 1.94868163690890e-004 -1.45519124455946e-004 1.05750354650855e-005 5.07366760674358e-008 -7.69785918919941e-008 
6.72144569141986e+004 5.46735856991450e+004 -3.78067168891865e+003 -4.37562131514776e+002 2.78268434695094e+001 1.84751556065353e-001 -1.06077240549611e-001 9.09876840618507e-003 -9.50297549269464e-005 -4.84878379360723e-005 4.51268162667153e-006 -6.70550412421201e-008 -2.51771710700422e-008 
-2.98588970041787e+005 -6.44042970956620e+003 1.67112021086739e-001 2.40179494814844e-001 -1.02747024967029e-003 -2.95007781426657e-005 3.38491385745320e-006 -2.77699451150444e-007 3.57830136680160e-008 -4.14451404800782e-009 2.21081079609158e-010 
1.82370815722893e+005 -6.03874659023567e+002 -2.52663349501942e+001 1.97950719936433e-002 4.64848391159059e-003 -8.21747395495999e-005 6.05639907186875e-006 -2.40194378502592e-007 2.11766733918167e-008 -1.69902807687546e-008 -2.30682646962763e-010 
9.27391799637821e+004 -1.24583314185849e+002 -1.09769744096943e+001 -4.23446295253516e-003 2.22196142201098e-003 -4.30375033126519e-005 2.99545484258242e-006 -9.99730878134444e-008 7.58620110459867e-009 -6.89101540406971e-009 -1.30102241000074e-010 
-3.11459579087371e+005 -6.42786725344829e+003 2.94150117266512e+000 2.22061766497602e-001 -1.11019299039468e-003 8.26520657740989e-006 -1.17344326846575e-006 -5.45203189695617e-007 -7.41736475728880e-008 -7.77529862886669e-009 -3.03171093530346e-010 
1.80962526916477e+005 -8.03869982323578e+002 -2.46140015403439e+001 8.80816122674064e-002 4.33758159203714e-003 6.68076439943657e-005 1.02654684475810e-005 6.17188241103206e-007 3.14468084915448e-008 -1.90100348981172e-008 -4.77817582660532e-010 
9.24024347069032e+004 -2.12040252195842e+002 -1.08313230952303e+001 2.80304798909899e-002 2.04691523722717e-003 3.52543767562467e-005 5.71249187903614e-006 3.85511565243669e-007 2.44578304310638e-008 -7.52328548687300e-009 -2.06044582844028e-010 
7.33862935133263e-005 1.31810769431188e-007 5.27852532193374e-007 -3.32598127513075e-009 -3.98083777273452e-008 3.38539366507576e-009 4.41135810755677e-010 -3.50488164394763e-011 1.06489197927188e-011 -1.18617771941099e-011 
-2.73813400369655e-005 -3.79081064571255e-007 1.53870430147136e-009 7.75866451626382e-008 -4.99469935401082e-009 -2.12532548986093e-009 3.03977519105008e-010 -6.72855504817850e-011 1.13838891263012e-011 5.10588413401946e-012 
7.43818707340505e-005 -1.48885464040235e-007 -5.39602687786909e-007 1.45264693178013e-008 3.11325880700525e-008 7.57506889377133e-010 -4.05114341282638e-010 -1.76560223759556e-011 -4.92966764002486e-012 -2.98957020193667e-012 
-2.70790118888003e-005 6.47791318816200e-007 -2.54993808361378e-008 -6.61678136867027e-008 -2.51913571094751e-010 1.94086319525657e-009 1.63890074740603e-010 -1.51653253967900e-011 -1.38834346532113e-011 2.15607885559383e-013 
7.39754277881915e-005 9.46351262869861e-007 6.69281608173290e-007 -1.09063568304385e-007 -7.14664809087446e-008 -9.05075459543403e-010 3.03853194717552e-009 5.33588513802647e-010 -2.90264396259846e-011 -3.22435552215303e-011 
-2.68033662356764e-005 -2.20045859588922e-007 1.63697459320476e-007 1.00232778112128e-007 -7.51696651702252e-009 -7.03013827347462e-009 -5.36994823295100e-010 2.51142637702413e-010 6.26057203910441e-011 -4.29690311694966e-012 
7.46452549542691e-005 -1.19233422751577e-006 -1.62093888672571e-007 2.65325688125776e-007 -1.63414478994961e-008 -1.66847900712707e-008 3.33046553362807e-009 4.54887385686916e-010 -2.50203127448178e-010 1.93715060854818e-012 
-2.62066933716364e-005 2.91813614206038e-007 -3.00764943687935e-007 8.39687816322680e-009 3.12367060293310e-008 -3.82558929829785e-009 -1.33835189575124e-009 3.59225226668055e-010 2.94263260921048e-011 -1.81571707370436e-011 
5.19940186891502e-002 8.54893590463358e-004 3.26965558625103e-004 -1.68345645098527e-005 -7.45744748134408e-006 -4.97819711178581e-007 1.28157904013363e-007 6.36260044335500e-009 -1.63322529966464e-009 1.79526855388613e-010 
4.25490280951020e-001 6.23546419357530e-004 -8.03080752296615e-005 -2.22216575426704e-005 -3.51632356033412e-007 3.99515763733523e-007 3.47613928120395e-008 -6.74555763177456e-009 1.03672752953552e-010 3.09504376939062e-011 
5.21239003888650e+003 9.19104455187383e-001 -2.82008929648660e-004 1.40597736270793e-005 6.61047987007034e-006 4.77150034260700e-007 -1.18583499110518e-007 -5.67848458931399e-009 1.52046881799164e-009 -1.73857931840434e-010 
5.44421105695161e-002 9.72302295428453e-004 -3.83229866832556e-004 -5.73283205835697e-005 8.58994991572554e-006 1.20356323409051e-006 -8.67925351092362e-008 -1.44596235786296e-008 3.77653968998997e-010 8.59204280833621e-011 
4.25597229305230e-001 -5.59755912564285e-004 -1.22566562293377e-004 2.70427694046730e-005 3.66278474507878e-006 -3.96182251137458e-007 -5.88449972037192e-008 2.85899429431949e-009 5.08775530692587e-010 -1.35953925936777e-011 
5.21422763587801e+003 9.19039491937282e-001 3.43037548750175e-004 5.04657738651943e-005 -7.75814869701230e-006 -1.09267170170987e-006 7.83938205340869e-008 1.32789601955054e-008 -3.17828812565391e-010 -7.76570756512433e-011 
5.32396493909710e-002 -1.89132473635349e-003 -6.83253555436703e-005 7.76167968923530e-005 -3.34502936919832e-006 -1.77700346683522e-006 1.28097385921361e-007 4.65420656169872e-008 9.24900861195914e-010 -9.72886620141685e-010 
4.24664850121476e-001 -1.02155775359054e-004 1.81811848093645e-004 -1.46088068167941e-006 -4.88748591233051e-006 3.49582866243323e-007 1.17733832542722e-007 -4.09887684735400e-009 -2.94242417624931e-009 -2.64331104964093e-010 
5.21606848529201e+003 9.21543137912453e-001 4.64990714686556e-005 -6.97374160156135e-005 3.44852555707127e-006 1.64587382873495e-006 -1.21626985818014e-007 -4.39537880175230e-008 -9.13262741577976e-010 9.20206926099684e-010 
5.07048635083816e-002 -3.23260449018905e-004 3.38336272377513e-004 1.40089531339050e-005 -4.37823373246649e-007 -8.63430804506518e-007 -1.67047061318642e-007 4.43652462270623e-008 1.62871453823121e-009 -1.55411364663676e-009 
4.25454110684945e-001 7.49565683877916e-004 2.00255505047476e-005 -1.50644574240131e-005 -1.38555307522566e-006 -2.98721875855314e-007 8.33590716871112e-008 1.00109465052068e-008 -3.59461979339449e-009 9.26193038495546e-011 
5.21791040246710e+003 9.20110773131683e-001 -2.92201026001297e-004 -1.12971867639651e-005 -7.77204858869227e-008 7.92797589746627e-007 1.62013013071184e-007 -4.18493739817755e-008 -1.59577374207563e-009 1.47439021138749e-009 
