1.41034589739360e+007 1.29908318620981e+007 -1.81874433367356e+005 -2.92906808220050e+004 -3.79164864960485e+002 -1.46934818929212e+001 4.21393155664491e-002 1.64438326553808e-002 1.20458099736542e-003 6.54124356448017e-005 2.52732536699479e-006 8.54769649148671e-008 1.31990924054609e-009 -4.89937434165927e-011 
-5.73700165863153e+007 4.40335725430609e+006 7.25833903653188e+005 -1.42391703273262e+003 -4.04116897345789e+002 -1.59074283380211e+001 -9.11884891473221e-001 -2.45980862156525e-002 -8.03744870171563e-004 -1.90453878188556e-006 9.12509408010524e-007 8.45952436562959e-008 4.72302306162462e-009 2.08598430262306e-010 
-3.21273888252587e+007 1.00462569435579e+006 4.06566237939044e+005 2.27810513621334e+003 -1.76520860707616e+002 -6.97250162060127e+000 -4.91448203926661e-001 -1.48448038935964e-002 -5.54280117880593e-004 -7.80332203029967e-006 2.25220033203329e-007 3.63183547251002e-008 2.38583701317864e-009 1.16504159670365e-010 
3.74305178287436e+007 1.00059913187244e+007 -5.78588254764155e+005 -3.73821935849023e+004 -5.90730044313415e+002 -7.39151317832115e-001 1.57888480387283e+000 1.19469986791595e-001 6.20857000602716e-003 2.19280800687036e-004 2.26761163146815e-006 -4.10235357510979e-007 -4.34251161209919e-008 -2.71562955450220e-009 
-4.29099644316186e+007 9.99849127120752e+006 6.54842332368218e+005 -1.19067951895135e+004 -1.01040650410627e+003 -4.84925635740801e+001 -1.85026671825109e+000 -3.10130642225901e-002 1.67645377104770e-003 2.30610384487349e-004 1.53295388063763e-005 7.15608630858725e-007 1.98565260574344e-008 -3.01699235678525e-010 
-2.68230594456171e+007 4.30287400800683e+006 4.09802562302533e+005 -2.48181873905685e+003 -4.78417739847579e+002 -2.58252626516962e+001 -1.15210314854749e+000 -2.89594695131124e-002 2.51374976677775e-004 1.00430158065318e-004 7.95291182228381e-006 4.24795689146390e-007 1.51112285434073e-008 1.20574767064231e-010 
5.12921336615463e+007 3.44210907448693e+006 -1.07343195484524e+006 -4.32660548298975e+004 1.87818410467775e+002 1.05725417734475e+002 8.51480095599190e+000 3.62043062445460e-001 6.61129643588423e-004 -1.37725687831870e-003 -1.31869415371891e-004 -6.65496396219320e-006 -5.96605987120064e-008 2.41131703954480e-008 
-1.83794985660801e+007 1.43009722053961e+007 3.74920559167104e+005 -3.82778614352442e+004 -2.40992323489912e+003 -8.36704401394002e+001 5.13901479770867e-001 3.38935327131807e-001 2.83022644760063e-002 1.26238495278948e-003 1.06214519439948e-006 -5.31104561438449e-006 -5.17651991622353e-007 -2.65815619570821e-008 
-1.51577375766861e+007 7.28195859694992e+006 3.11620534231753e+005 -1.59573271266552e+004 -1.30672752175225e+003 -5.56601275925600e+001 -6.08847137006409e-001 1.43480652472298e-001 1.50488560897093e-002 8.17173047842767e-004 1.42477512071034e-005 -2.14645503301534e-006 -2.70310599056840e-007 -1.66998914727308e-008 
4.81407846744648e+007 -6.92430257395260e+006 -1.46150575169063e+006 -9.78633912937168e+003 4.81755920598551e+003 3.42065663299723e+002 2.31285475121359e+000 -1.64479769755375e+000 -1.43232604773534e-001 -1.66201434561366e-003 7.68805922317097e-004 7.55533613239447e-005 1.24457674757867e-006 -4.12661577726965e-007 
1.12385252512543e+007 1.47096324250279e+007 -3.54679487045505e+005 -8.41018698655959e+004 -2.54909442175964e+003 1.65676490953797e+002 2.42159151776960e+001 9.77429154415803e-001 -6.11940852020169e-002 -1.08799445012662e-002 -5.13800824181465e-004 2.80318713690314e-005 5.84784828607949e-006 3.12672244646246e-007 
9.90016854168810e+005 8.57566983451789e+006 -3.78303894599596e+004 -4.39071428568120e+004 -1.86136413033298e+003 5.30082283120147e+001 1.26948097951555e+001 6.92721372406189e-001 -1.78270946161148e-002 -5.63901845726266e-003 -3.54200281093403e-004 7.13495554474903e-006 2.99446904319854e-006 2.09821801874600e-007 
7.58805130570342e+007 -1.69627841493720e+007 -9.59779226654575e+005 3.48091259492029e+004 1.04403945587528e+003 -2.00297387603957e+001 -5.03283298289925e-001 3.72104864721157e-003 1.68059973774391e-004 1.12783122110227e-006 
7.01643616647359e+007 1.51323590351670e+007 -8.85869847856966e+005 -3.23548393986165e+004 8.90727722720422e+002 2.19901666073906e+001 -3.11435280449098e-001 -8.51780122539344e-003 1.03308311738573e-005 2.66966948072544e-006 
2.67477578008277e+007 7.88129881537415e+006 -3.37754999035225e+005 -1.67581904792191e+004 3.34603836997615e+002 1.11599790281532e+001 -1.08247786283659e-001 -4.06746239512842e-003 -5.98686684009517e-006 1.13071147724911e-006 
3.57772923474337e+007 -2.27206886938444e+007 -4.57063552686153e+005 4.76994111664072e+004 5.34341529589969e+002 -3.02282717625179e+001 -3.20816887861130e-001 9.29445396781929e-003 1.63687045418647e-004 -1.64518029708592e-006 
9.23037877607901e+007 6.76503684299679e+006 -1.17563733987035e+006 -1.50700738345996e+004 1.23706992589614e+003 1.17884155178376e+001 -5.29228952368841e-001 -6.43732508565058e-003 1.23558964580671e-004 3.32525184640686e-006 
3.92462357496017e+007 4.48173201530180e+006 -4.99928559083217e+005 -9.79866875642829e+003 5.22664623680692e+002 7.21618174798591e+000 -2.17757264392454e-001 -3.48172912648301e-003 4.54377512462334e-005 1.60512423859113e-006 
4.53238909014457e+007 -1.98572169424753e+007 -2.25416156759145e+005 1.62547045038672e+004 1.11578916172122e+002 -4.39516653834944e+000 -3.41332346492581e-002 1.00903352341138e-003 4.48404748614364e-005 -7.52014570317688e-006 -1.83895237873410e-006 -8.95840292301456e-008 2.98575211669918e-008 
1.28019415346801e+008 5.76563261954073e+006 -6.34950425841677e+005 -5.13735039971495e+003 2.68526605337526e+002 1.81177581326327e+000 -5.26433806961259e-002 -2.24981942407495e-004 -4.73759355116725e-005 -1.73418040008815e-005 5.08487073534915e-008 5.17676123309443e-007 1.07578370986519e-007 
5.55029233366806e+007 2.49965918330514e+006 -2.75303901403416e+005 -2.22738639428281e+003 1.16430997767842e+002 7.85826485506865e-001 -2.29537196861565e-002 -1.17736025343806e-004 -1.29968425500335e-005 -6.00861638533748e-006 -1.31215312650753e-007 1.59228262231384e-007 3.97842298666199e-008 
4.44067138061889e+006 -2.08568953469425e+007 -2.26684407818293e+004 1.73010618053017e+004 1.75206324781417e+001 -4.92211989736386e+000 -9.17342217045501e-003 1.17175940532664e-003 -9.44530683698061e-006 -2.82541278433291e-006 8.38027546781388e-007 -2.61716007625607e-007 2.89095145686371e-009 
1.34328933431414e+008 5.14757099934890e+005 -6.69861397350811e+005 -6.25127779023507e+002 2.90854291522980e+002 3.78256099793625e-001 -6.25460983609584e-002 -2.06313812724405e-004 -4.75911688731842e-005 6.07220067441201e-006 -1.12125349752064e-007 -2.43336020541118e-007 1.15942316548855e-007 
5.82381829147169e+007 2.22971833941829e+005 -2.90439493770674e+005 -2.70914691792085e+002 1.26115410595708e+002 1.64014576949938e-001 -2.72204181562413e-002 -6.80847150684186e-005 -1.64432732583861e-005 1.62563503801456e-006 -1.09066959556791e-008 -9.69135070668988e-008 4.05261425082156e-008 
-1.76924190060471e+008 2.31913787604810e+007 8.63508030542384e+005 -1.36472804565999e+004 -4.48327996743159e+002 -3.66893540770576e+000 3.57892454519995e-002 3.00423933662063e-003 6.47017471980769e-005 5.33909634285186e-007 -1.04503803150722e-008 
-1.41192960698455e+008 -2.01076463746549e+007 6.90916901938499e+005 2.05097160324538e+004 -7.47777949202607e+001 -5.82762483265033e+000 -1.33938960430897e-001 -1.31009250040981e-003 2.68318862588784e-005 1.40797144104303e-006 3.48589252869363e-008 
-5.99808518719290e+007 -9.84998184735928e+006 2.93531510265652e+005 9.77629946487262e+003 -2.21681232333690e+001 -2.57365193150667e+000 -6.23990985051612e-002 -6.82051234306790e-004 1.05836181606258e-005 6.33960294506843e-007 1.55799363688465e-008 
-6.21605547626576e+007 -1.82378615048701e+007 8.63474659104283e+003 4.18552268965999e+002 -4.53554709505602e-001 -2.78548924602844e-003 1.02327139535655e-005 -1.29896645887020e-008 
7.04319750717773e+008 -7.30367827847935e+005 -9.80279243544947e+004 7.14162417146918e+001 1.12535222915282e+000 -2.02514043047952e-003 -4.18987086786649e-006 -8.64824248588709e-008 
3.03411311236775e+008 1.31395010653052e+005 -4.22296138836480e+004 2.04136638196112e+001 4.93431129727413e-001 -8.00077863650347e-004 -2.05005687449028e-006 -3.72502485523561e-008 
4.04765014752903e+008 1.21368612395950e+007 -7.60514468571567e+003 -3.83869449994285e+001 6.94547995938561e-003 2.03914501853179e-005 -9.46956226434282e-009 
-1.32891174631901e+009 3.48852549333755e+006 2.49632391014033e+004 -9.54939889824179e+000 -3.38187166494927e-002 -8.02991517473352e-007 2.80306302192787e-008 
-5.66247084149005e+008 9.18747872744118e+005 1.06367116938415e+004 -2.29210428785381e+000 -1.42634336833968e-002 -1.22590751036684e-006 9.70755200194221e-009 
2.74628571226168e+008 9.30110821157096e+006 -7.14409187966056e+002 -3.98065698666453e+000 5.86008612364821e-004 3.37351943578709e-007 
-2.64176302593340e+009 4.64301757495624e+005 6.88831954385027e+003 -7.16809670440553e-001 -1.40987252990643e-003 3.19479539461851e-007 
-1.16090304815206e+009 7.17428548749003e+004 3.02717677599403e+003 -2.58155729849903e-001 -6.25697848227542e-004 1.39126095351505e-007 
9.47130822680321e+008 7.29838627767641e+006 -6.51769577940032e+002 -8.39133592457273e-001 3.15801573425618e-005 1.47956834265730e-008 
-4.08143263351172e+009 1.56312088230565e+006 2.80791413829445e+003 -1.61710268054627e-001 -1.66645841984880e-004 -1.56490340031557e-008 
-1.69413720719513e+009 4.58131288340473e+005 1.16547477068076e+003 -4.53304470747502e-002 -6.88663629405501e-005 -6.59516333206675e-009 
-2.99521320255576e+009 5.77479514422575e+006 2.17763184561353e+003 -7.03823361462992e-001 -2.31518789635245e-004 9.38196101818617e-008 
-3.27070052518197e+009 -5.18377967333255e+006 2.37749874033094e+003 6.23889650467013e-001 -2.50886433782695e-004 -4.31532536350032e-008 
-1.18246876002028e+008 -3.35756365584302e+006 8.58136977127213e+001 4.07036653749465e-001 -9.24013411012369e-006 -4.93072777658730e-008 
-1.83679487212768e+005 1.47046678088356e+005 8.59855126392935e+003 -1.10850952179209e+003 -3.81644274736135e+001 1.50392135931716e+000 8.15257257394701e-002 7.01076155800737e-004 -2.32187950220217e-004 4.28034636830421e-006 1.03864134553708e-006 -1.40253396786754e-009 -4.02098488088156e-009 
-2.95891391552882e+005 -7.09025454839452e+004 1.38545887753225e+004 6.20321943905478e+002 -4.41747901369095e+001 -1.67524117416481e+000 9.77677602354382e-003 3.50322676658665e-003 4.06263540178218e-006 -1.38375731111776e-005 2.17051449141520e-007 5.92491040637072e-008 1.14390792101555e-009 
-1.64101521282857e+005 -2.71724689331829e+004 7.71937952212295e+003 2.49122021591495e+002 -2.54351149521126e+001 -7.68987218567961e-001 1.06352432689979e-002 1.85977615819160e-003 -1.29383620720681e-005 -6.89067803694259e-006 1.79847625713074e-007 3.05720454166645e-008 3.28182042563861e-010 
1.31684997624580e+005 1.55208125965681e+005 -7.03969715617601e+003 -1.37645948660811e+003 1.01777463375589e+001 3.21713245628796e+000 5.95566844848297e-002 2.06099765676517e-004 1.53566850824514e-004 -6.28208003369140e-006 -2.18669517722041e-006 -7.62535342951822e-008 3.32005819211816e-009 
-3.13303303675523e+005 5.53812438598553e+004 1.60752583955418e+004 -3.12478599847965e+002 -6.86544518136940e+001 -5.29767661540385e-001 7.37560172191887e-002 1.72784412395962e-003 1.41238046285574e-004 2.41867706449265e-005 4.15929447377016e-007 -1.00296353992129e-007 -5.26540959324445e-009 
-1.52774882871287e+005 3.86204290910058e+004 7.84630173938654e+003 -2.52118706523594e+002 -3.48881636647608e+001 -5.78919865379201e-002 4.23221404710034e-002 9.03740058072823e-004 8.25050033606310e-005 1.20649038300564e-005 7.08417391588769e-008 -5.68922799053574e-008 -2.50083961475034e-009 
3.38986633706259e+005 4.10040729696015e+004 -2.01951228773818e+004 -6.18592874721215e+002 8.87957792504547e+001 4.38727680844640e+000 -3.22066556336376e-002 -1.61139098549402e-002 -1.44345043525136e-003 -2.72294224123084e-005 7.31520010263265e-006 7.19705728241960e-007 1.26179285676627e-008 
-9.90404659214412e+004 1.50282038186572e+005 5.78417461428922e+003 -1.36473401248678e+003 -5.20977474344719e+001 2.95137646824359e+000 2.66574010000623e-001 1.02639214506627e-002 -3.95441782141184e-004 -1.06803974050370e-004 -6.01681577641743e-006 1.97402858193598e-007 5.08646970011318e-008 
-2.88269374652452e+004 8.01497614304854e+004 1.65792075889261e+003 -7.46321241926143e+002 -2.10264024764012e+001 1.82119878419876e+000 1.35471107145699e-001 4.21157106227789e-003 -3.00139459323872e-004 -5.69088034530703e-005 -2.61810952233695e-006 1.49773549058281e-007 2.70861024320593e-008 
2.56537165572751e+005 -1.20794356305282e+005 -1.69451115548179e+004 1.23314862501959e+003 1.12736910717013e+002 -4.77339244431223e+000 -6.43381489531794e-001 8.81977704984825e-003 4.51274527956456e-003 8.58241705689782e-005 -3.23532030329043e-005 -1.74995689690325e-006 2.10372553519463e-007 
1.90440737439644e+005 1.23819648817613e+005 -1.24297893037785e+004 -1.35875692292442e+003 6.97264722175509e+001 7.49035630562550e+000 -1.96448814020776e-001 -4.74896995375660e-002 -2.46999194842286e-004 3.40333534156955e-004 1.31047270545528e-005 -2.32132157056156e-006 -1.84303207971354e-007 
1.14907278369685e+005 5.58150611960440e+004 -7.53660873772972e+003 -6.19878087212717e+002 4.35429334344545e+001 3.55136464973839e+000 -1.44412210493241e-001 -2.39242925415111e-002 1.73199837160257e-004 1.81329093687847e-004 4.60892567208961e-006 -1.31422225598295e-006 -8.11010520901732e-008 
-5.94467122991228e+004 -1.77749185797174e+005 3.64072769301847e+003 1.75910526756880e+003 -5.29966418785874e+001 -6.57632041468104e+000 5.23847484743586e-001 1.53743738196178e-002 -4.18781220814982e-003 5.90050915298689e-005 2.90609529366166e-005 -1.67907261294551e-006 -1.63646360719285e-007 
3.05731140070466e+005 -1.39759237735092e+004 -1.88994352306323e+004 3.66198912637787e+002 1.03073297300675e+002 -4.67086766145767e+000 -3.19436607528867e-001 4.21009302927478e-002 3.70417807677885e-004 -3.17996589931945e-004 1.01852721782031e-005 2.06205520557230e-006 -1.69814160783465e-007 
1.53316345486324e+005 -1.90578852199982e+004 -9.50739621035864e+003 3.06490630838487e+002 4.97379668057801e+001 -2.85010614860465e+000 -1.30203625278917e-001 2.27534079674656e-002 -8.72549636605205e-005 -1.60180717441003e-004 7.18845969227441e-006 9.52382876954769e-007 -9.85058738291889e-008 
-3.33021297471001e+005 -8.43036964122380e+004 1.74287768118650e+004 4.86292472958070e+002 -7.82039362405023e+001 1.84830441993642e+000 4.76787949113188e-002 -1.71861604012170e-002 1.12796454890624e-003 3.62454382893210e-006 -5.98366911786620e-006 5.19323605158703e-007 -9.02443142695428e-009 
1.54978509688405e+005 -1.27612379783965e+005 -8.09568744526639e+003 1.18523715632538e+003 7.05498444852758e+000 -2.87225877135419e+000 2.07306184485624e-001 -6.54462830574352e-003 -7.37832073092399e-004 8.64141727243290e-005 -3.37676932108738e-006 -1.96562471161478e-007 3.85137351624068e-008 
5.73362260927004e+004 -7.14175035775799e+004 -3.00423392013200e+003 6.45068760921914e+002 -1.57100818229911e+000 -1.36461437375164e+000 1.10099288932849e-001 -4.51584210506307e-003 -3.05800839220557e-004 4.48422117103287e-005 -2.13960934935992e-006 -6.69188803367105e-008 1.92720928548081e-008 
-3.56960069777009e+005 5.98718416490152e+004 1.68918147227692e+004 -5.04896608003910e+002 -5.03828123681621e+001 6.11604586371846e-001 -4.92938701179470e-002 5.08454299422717e-003 2.63773410579022e-004 -1.48464068302727e-005 4.49074099858243e-007 -6.43237247157032e-008 -7.41300707577740e-010 
-1.20637227450946e+005 -1.36583572601514e+005 5.55917234038038e+003 1.02563690483453e+003 -2.06549358264475e+001 -8.57447977728752e-001 -2.61756347474073e-002 -5.21037903627581e-003 3.18163096319753e-004 3.38632099795161e-006 3.21689797289361e-008 3.39321080414504e-008 -5.20749062255964e-009 
-8.62510574639021e+004 -6.63022208063065e+004 4.01504207549920e+003 4.95742578111484e+002 -1.41282914222597e+001 -4.06650993645984e-001 -1.66671903239527e-002 -2.34005302710518e-003 1.82164365074659e-004 7.64340430963070e-007 4.49595045983315e-008 1.31490600651037e-008 -2.73678825644645e-009 
-1.30415966303257e+005 1.57868157661228e+005 6.35204997689382e+003 -1.21798977277129e+003 -3.55652062490493e+001 1.59980417080927e+000 1.28549380368800e-001 4.12694351423501e-003 -4.00523306099722e-004 -2.17242571575290e-005 6.84239614845133e-007 1.10963910659931e-007 1.87461659683731e-009 
-3.15418213310873e+005 -5.01794142716595e+004 1.51252917638814e+004 4.96549261222654e+002 -4.94234696357939e+001 -1.96284070350296e+000 -1.09352669426881e-002 6.47473930339278e-003 3.05189421204676e-004 -1.62069692092400e-005 -1.35975954532526e-006 3.31351061535520e-009 6.93272408753695e-009 
-1.71143898162354e+005 -1.50494242873066e+004 8.23744068162398e+003 1.72891627424674e+002 -2.80262969514316e+001 -9.03796566783728e-001 3.42515284124868e-003 3.62634246960138e-003 1.29937695138890e-004 -9.87233893966173e-006 -6.54875312832008e-007 9.39520762552228e-009 3.70690837128720e-009 
-1.23971731243737e+005 6.68119109341986e+003 2.00065176103190e+000 -1.39011365051701e-001 -1.51194738208850e-003 1.21009915729247e-004 -4.36306635536073e-006 -1.11369747389363e-006 -1.31671642785247e-007 -9.75089969974291e-009 -4.95414333689721e-010 
3.27272235949854e+004 -3.39909091630457e+002 2.51365011204638e+001 9.41952483702366e-002 -1.33525149997661e-003 1.00292482538292e-004 1.52911832863693e-005 7.65352769135893e-007 1.54383521242618e-008 -2.50046931683505e-008 -9.50096277460847e-010 
1.01342428128831e+004 -2.70596303748836e+002 1.06547387866976e+001 4.49196271299275e-002 -4.19283361562956e-004 4.94723689184240e-005 8.60100026257724e-006 5.21338889600194e-007 2.18449138620293e-008 -1.01148190412430e-008 -4.45429664526892e-010 
-1.10598882996767e+005 6.69015223772557e+003 1.86950103875514e-001 -1.74126192931204e-001 -6.78031777479778e-003 -1.14544509894292e-003 -1.13069490894790e-004 2.49363459350720e-006 2.52726364311097e-006 3.90331332119799e-007 1.73195438014255e-008 
3.22520144677540e+004 -1.34358498717250e+002 2.62774398514219e+001 1.10014390896935e-001 3.72251353793126e-003 4.68434509415797e-005 -1.04251781902057e-004 -1.87979102877583e-005 -1.25479122199760e-006 1.34657126871137e-007 5.21786888647555e-008 
9.68002299279814e+003 -1.83147394717298e+002 1.12331255895268e+001 6.05078330244362e-002 2.98722361280914e-003 1.50938622918989e-004 -4.40489264552062e-005 -1.03027761833394e-005 -9.32431024714324e-007 3.37210720363294e-008 2.60848713062939e-008 
4.73732510990457e-005 2.10080949861642e-006 1.15928674151937e-007 -2.05447539268095e-007 -1.24126280370112e-008 6.90078142672557e-009 5.68700418605033e-010 -5.94958331279884e-011 2.59243110418819e-012 -8.91877643459342e-013 
3.20257566965076e-005 -3.68916383841380e-007 3.15301914906804e-007 1.29562828373454e-008 -1.98233632764998e-008 -1.63313407931494e-009 4.07219628941555e-010 7.65657596723890e-011 -8.96976837061852e-012 -3.34930974601043e-012 
4.92322062795641e-005 5.55983798752713e-008 5.16884293176744e-007 3.04729813314157e-007 -3.05636236950614e-008 -2.25872148381784e-008 -4.92906028097273e-010 8.97564102622327e-010 1.25974106219421e-010 -1.93164045535920e-011 
3.16562644340452e-005 -6.76278807179801e-007 -3.42342459372771e-007 6.61970861149946e-008 4.04521625040639e-008 -1.62623161435121e-009 -2.17062014052989e-009 -1.37480778859746e-010 7.69754858283056e-011 1.24466147087007e-011 
5.25279451594733e-005 1.66072277712684e-006 -9.04662509754281e-007 -1.14708383527828e-008 7.70605519421102e-008 -8.76552634380575e-009 -2.24991681004840e-009 8.39497277245392e-010 -2.70636625858312e-011 -3.89316922452405e-011 
3.09804030130928e-005 4.44538537740182e-007 7.78040535839977e-008 -1.27840632985174e-007 6.68236673507136e-009 6.63652165256656e-009 -1.30423965386409e-009 -1.13684973219081e-010 7.95953837146441e-011 -3.45797102170281e-012 
5.37848787988382e-005 1.08837809984363e-006 6.72340503959691e-007 -7.42357450253997e-009 -3.83141726635299e-008 -1.14091567057410e-009 3.47506570283919e-010 1.13243737488422e-010 2.31107585606772e-011 -4.30514856461718e-012 
3.07526612803094e-005 -6.61520026643276e-007 5.47768416274881e-008 8.34234720630508e-008 -8.00315985927851e-010 -2.23525367648720e-009 -8.95855769545207e-011 -5.89727553696153e-012 -2.64817502015821e-012 1.20512612112732e-012 
4.50893332676567e-002 -2.08686370064738e-003 8.89859549039868e-005 1.02530774289599e-004 -3.75341951798441e-006 -1.88236708187950e-006 5.76573849364933e-008 2.42649567052928e-008 -1.50994881960085e-010 -2.24982843841395e-010 
3.87905140535779e-001 1.59663389327162e-004 2.19509264135014e-004 -7.57651866348904e-006 -5.54181726620266e-006 1.98374453298278e-007 8.26556253164850e-008 -1.52859729292726e-009 -8.79169680664072e-010 -5.00060324649874e-012 
1.71683942918983e+003 9.21892096902534e-001 -9.16814212074210e-005 -9.63731386832934e-005 3.55596012086142e-006 1.75287294155422e-006 -5.28816316522841e-008 -2.24759399078818e-008 1.49463740192571e-010 2.09889681865577e-010 
4.37343631668389e-002 9.76873998981082e-004 3.91656020223308e-004 -4.17444711583741e-005 -9.91759041141049e-007 1.32717704075070e-006 -1.85706482753332e-007 -4.56329809709847e-008 2.77677884865872e-009 1.37046776495271e-009 
3.89106614805323e-001 7.77492777805147e-004 -7.73662449995122e-005 -1.67970684309945e-005 2.74608060893299e-006 -2.75366818833140e-007 -9.30894007016142e-008 1.08665168970455e-008 3.12435625571620e-009 -3.80689744545370e-012 
1.71868050313754e+003 9.18954085170104e-001 -3.72452623318800e-004 4.07475141832651e-005 1.25018060370848e-006 -1.24261323864322e-006 1.63657391518746e-007 4.14666160762482e-008 -2.43683830439734e-009 -1.22918731012098e-009 
4.71826842421833e-002 1.99378893546395e-003 -1.99482209111113e-004 -7.49609357114035e-005 -1.79053232974892e-006 1.50154557377770e-006 1.36207674307125e-007 -3.93118079596969e-008 3.74595896915058e-010 9.08826843468096e-010 
3.89641682568793e-001 -3.22177723715539e-004 -1.69686877856987e-004 5.55725181661664e-006 4.10145049210312e-006 2.97754062235682e-007 -9.14883420971954e-008 -4.85907017069203e-009 2.45605494556029e-009 -1.95105681497637e-010 
1.72051704558028e+003 9.18053261807798e-001 2.00220766673067e-004 6.93075581956205e-005 1.29762763589997e-006 -1.35456378664999e-006 -1.22758017324567e-007 3.50312339167918e-008 -2.71732849370972e-010 -8.14399793052260e-010 
4.78131523605865e-002 -1.54977871040327e-003 -3.95449404539214e-004 7.73288484742572e-005 1.06094690105089e-005 -1.24130605232654e-006 -1.57960457890251e-007 7.75214101183824e-009 1.45322765537523e-009 1.08310034614431e-010 
3.88512259673912e-001 -5.11664450075701e-004 1.66624401502057e-004 2.73774368649602e-005 -4.04255251749128e-006 -5.12855479806032e-007 4.47748870214728e-008 5.87363750023442e-009 8.59927175690049e-012 -3.56925766815487e-011 
1.72235634382923e+003 9.21403681669374e-001 3.65628190617043e-004 -7.32514093759242e-005 -9.80055642706097e-006 1.15474774514352e-006 1.47003671140254e-007 -7.08012670331737e-009 -1.37637793235517e-009 -1.00228275380160e-010 
