4.02636602201345e+007 -1.20149689029451e+007 -1.40213556003460e+006 3.42167957331654e+004 7.49390773514445e+003 2.16648388079055e+002 -2.87988192902837e+001 -3.08927458693384e+000 -1.40255827136605e-003 2.16995954632805e-002 1.43222520799588e-003 -7.02165709772490e-005 -1.59550668997192e-005 -5.31357415724783e-007 
2.39256226586719e+007 1.26201060474692e+007 -8.31501347434794e+005 -9.37244251105702e+004 1.55248225877495e+002 4.48950235026782e+002 2.51433124126608e+001 -1.24417280998249e+000 -2.45419060452865e-001 -6.99763910373661e-003 1.34885271194043e-003 1.43203882190642e-004 -9.42242587267869e-007 -1.21597782051337e-006 
8.54558508259344e+006 7.98651228553950e+006 -2.98829800153626e+005 -5.36137469107443e+004 -6.93913285959110e+002 2.17366396456212e+002 1.64167054957323e+001 -3.44379784253045e-001 -1.30955107661150e-001 -5.98752756713366e-003 5.72074942489894e-004 8.37770446035274e-005 1.15061859753056e-006 -5.94481760180451e-007 
7.75144268739522e+006 -1.95754664715175e+007 -3.08282483377612e+005 1.32197399317703e+005 1.27772465808328e+003 -7.54577773642869e+002 -4.95871098083395e+000 5.43480212304313e+000 1.30610325785546e-002 -4.46519234579008e-002 1.05756604461792e-004 3.95716143337582e-004 -2.93687473350026e-006 -3.70195592227918e-006 
3.94946503291512e+007 2.28864528084970e+006 -1.60573364877128e+006 -1.22653161416293e+004 8.68644688010325e+003 3.68958558463954e+001 -5.59313463566741e+001 -1.34830367616956e-002 4.33191969464311e-001 -1.94706538820186e-003 -3.70083700872674e-003 3.55111517294451e-005 3.35046265614483e-005 -5.04845384081846e-007 
2.02316571719658e+007 3.25129106862546e+006 -8.25810241976118e+005 -2.02560849455759e+004 4.50776455908482e+003 9.79318205596134e+001 -2.93639405654418e+001 -5.70594523806600e-001 2.30052703376854e-001 3.58865149695864e-003 -1.98791059234099e-003 -2.20507235224126e-005 1.82023093990018e-005 1.14057537015126e-007 
-2.92510226798988e+007 -1.63287774159397e+007 9.93551537808189e+005 6.40690183318689e+004 -6.77328391545064e+003 8.24985037255087e+001 3.07719974535130e+001 -2.52444793548387e+000 -2.58006581138223e-002 1.89474869238484e-002 -1.16623481913903e-003 -5.48447301584584e-005 1.28203332058421e-005 -5.31532622403018e-007 
3.22191348251073e+007 -9.11289159455120e+006 -1.07996972978012e+006 7.98566774394970e+004 1.31537897273542e+003 -4.30425100827156e+002 2.01065666599024e+001 1.23428078671498e+000 -2.12886834104333e-001 6.47664502544823e-003 1.04863925977611e-003 -1.23415614655092e-004 1.10177356396535e-006 8.72468032273341e-007 
2.01798628736111e+007 -3.17586721899681e+006 -6.79904918666979e+005 3.60170736959560e+004 1.40480764348139e+003 -2.38481328539488e+002 7.55078836035385e+000 9.21038555832131e-001 -1.11047558417993e-001 1.49552457648699e-003 6.81074579678428e-004 -6.02409751777381e-005 -7.40630689814786e-007 5.21156033483148e-007 
-5.26452436566829e+007 -6.86921977971310e+006 1.23803416025090e+006 -1.17837457866337e+004 -2.42814952762412e+003 2.00041469357848e+002 -8.08390457374997e+000 -1.11835677026833e-001 4.46809336893811e-002 -3.58110524276370e-003 1.21014495734987e-004 6.21334238022704e-006 -1.21266322951578e-006 8.55718785047029e-008 
8.32671081870962e+006 -1.40300012877186e+007 -1.87256201529508e+005 6.00836627349239e+004 -2.34128681601072e+003 3.58386445540448e+000 8.15069464021712e+000 -7.17369516781243e-001 2.87568820305073e-002 6.39776268462068e-004 -1.96831024443986e-004 1.55011450676423e-005 -4.87937635751904e-007 -3.28668826349116e-008 
9.84079133093830e+006 -6.78315295202087e+006 -2.28369511806798e+005 3.33176848648586e+004 -9.98983527788680e+002 -1.88225462854255e+001 5.19203676992320e+000 -3.71619496055838e-001 1.07299114887319e-002 7.12994322206491e-004 -1.17690749620687e-004 7.63654846728200e-006 -1.34946872376924e-007 -2.64281688164228e-008 
-1.23643359651934e+007 -2.39679292771908e+007 1.63379115114676e+005 5.10376806509150e+004 -1.43562199206493e+002 -3.42915727119934e+001 1.12740545594681e-002 1.30861258508576e-002 5.35807704349293e-005 -3.09104291394406e-006 
9.66481261163978e+007 -3.29254962696650e+006 -1.23028458076832e+006 6.48796447208592e+003 1.33258433451734e+003 -2.97846987214610e+000 -6.37540730044176e-001 -5.17713146908470e-004 2.20251060573804e-004 2.07945023883609e-007 
4.42569974621420e+007 3.47198633912806e+004 -5.63899395489934e+005 -3.10064627295208e+002 6.08675030765211e+002 8.29573868324982e-001 -2.87595941581585e-001 -1.06639622685105e-003 9.54980838265241e-005 5.03308745401987e-007 
-5.71152123452156e+007 -2.03015387758587e+007 7.39808729322880e+005 4.33946720156258e+004 -7.96728773500788e+002 -2.96032466291524e+001 3.73639918168103e-001 1.19292837847433e-002 -1.20666374213692e-004 -6.60768567306601e-006 
8.07167820215603e+007 -1.24708364873021e+007 -1.02913901306640e+006 2.65106761527214e+004 1.12292405930139e+003 -1.76561803631113e+001 -5.52321740614861e-001 6.59419506057861e-003 1.93659414065870e-004 -1.12312591595390e-006 
3.99196063643021e+007 -4.32699903071555e+006 -5.09867116488044e+005 9.18266009850669e+003 5.55666254997312e+002 -6.07106239339635e+000 -2.72182038606729e-001 2.20920709524411e-003 9.67287752354280e-005 -3.34776649226764e-007 
1.47567541335355e+008 3.51084060496358e+006 -6.85782270342502e+005 -3.44069359433205e+003 2.55197576657705e+002 1.40110785928385e+000 -2.79706067192669e-002 -1.35720700553722e-004 -1.07884691244845e-004 -1.54591264166936e-005 4.56302372232193e-006 6.95190729652213e-007 -1.45303680293145e-007 
-2.50248647133278e+007 1.84492958254815e+007 1.20052889800317e+005 -1.41667056581487e+004 -6.78026529632521e+001 2.95295256086654e+000 2.26628801804609e-002 -4.14149709228796e-004 -2.74240995280599e-005 1.39886373765296e-005 1.18516411136385e-006 -5.08777743616017e-007 -3.85152793826017e-008 
-1.08709467371322e+007 7.99796760427916e+006 5.20470563389777e+004 -6.14130253665823e+003 -2.93938294306896e+001 1.27967642809156e+000 9.80332888266872e-003 -1.35925851161869e-004 -9.60170024538911e-006 3.49334844558191e-006 3.54241998619725e-007 -1.12604121101492e-007 -9.55170909256621e-009 
1.49022454929084e+008 -2.06929024677726e+006 -7.01779428400523e+005 8.24861733799318e+002 2.75258763425197e+002 5.58678403420381e-001 -3.92736079831196e-002 -3.54721367095355e-004 -5.34370032353568e-005 -1.59125337983324e-006 -1.47068348080175e-007 9.11752103123559e-009 8.06716014990092e-008 
1.22858682716851e+007 1.87159412375095e+007 -5.44193527378078e+004 -1.47520380811663e+004 -3.84124913375694e+000 3.42632255544760e+000 1.64157378959516e-002 -4.83459482004354e-004 -1.28820187790926e-005 2.06560066986326e-006 1.03578140255378e-007 1.77641211476315e-007 9.37568532748039e-009 
5.30368308042061e+006 8.11358924644348e+006 -2.35872377068171e+004 -6.39506480884548e+003 -1.66698878759171e+000 1.48500305062253e+000 7.19370473552863e-003 -1.86042359757478e-004 -9.00305794468700e-006 2.11541533195953e-007 5.49496194252385e-008 6.72948381993810e-008 8.53521632893644e-009 
-2.10534875010844e+008 -1.63200260387659e+007 8.68653976859028e+005 1.04392481636035e+004 -2.28810867518103e+002 1.79260879172287e-001 -3.10050270065123e-002 -4.21596937747664e-004 1.40333223424856e-005 -2.81762309391512e-006 -6.88633067871993e-007 
1.17109650151252e+008 -2.34076861171576e+007 -4.79428225499323e+005 1.64695855657239e+004 9.76992810527132e+001 -8.35753436763161e-001 2.57356257730936e-002 -6.92142021604552e-004 -8.12190131324903e-006 -8.20310427318456e-007 6.18620321210356e-007 
5.93669415352176e+007 -1.02963230958805e+007 -2.43349023088543e+005 7.27244805653599e+003 5.09905615136145e+001 -3.88204644462724e-001 1.26241762430163e-002 -3.03695473452451e-004 -3.17538138924115e-006 -5.16349827709438e-007 2.05065566555487e-007 
-7.01339284982194e+008 8.94319673709777e+006 8.23158708826629e+004 -1.62542430726962e+002 -7.29731250509062e-001 2.79972642624329e-004 -1.09777573059383e-007 -2.47717858308243e-007 
-3.85287298618970e+008 -1.34419731338241e+007 4.52769411279906e+004 2.69884622336038e+002 -3.19655305712379e-001 -1.05381351049784e-003 -2.11729928949289e-006 -1.82384650966625e-008 
-1.48080506852123e+008 -5.97926389327730e+006 1.74032388959306e+004 1.19637861813790e+002 -1.19242250702984e-001 -4.58761413202365e-004 -1.00519329824280e-006 1.10624179391125e-008 
-7.40434640877745e+007 1.26039502677295e+007 1.36424677354768e+003 -3.92218880642946e+001 -5.74056044853119e-004 1.82352785561391e-005 4.67302912321525e-008 
-1.38988828408781e+009 -4.47776948033513e+005 2.58830881227309e+004 8.00156121282891e-001 -3.35372014117120e-002 3.15635029743610e-006 9.81899625213627e-008 
-5.70908952318362e+008 -7.27629779728279e+005 1.06319371066258e+004 2.01675020230470e+000 -1.38359251937394e-002 5.37325527458007e-007 2.94545238008046e-008 
2.67886449860787e+009 -4.19030505323792e+006 -6.42815273576692e+003 1.40056757343181e+000 1.24528596874814e-003 2.53560870101100e-008 
1.20864621951556e+009 7.32953519720874e+006 -2.89960113686057e+003 -3.05214589056227e+000 3.24452506319577e-004 3.20733423886470e-007 
4.91466224158031e+008 3.26939985663454e+006 -1.17905800903982e+003 -1.35653961412762e+000 1.24647927047607e-004 1.42813260300507e-007 
4.27690222133129e+009 2.18401325721282e+006 -3.01917291301551e+003 -2.75486311170779e-001 1.76483209873609e-004 7.80509595587492e-009 
-1.19364557094800e+009 6.70207073941865e+006 8.42844125805043e+002 -7.83752096325224e-001 -6.05602371189208e-005 2.35453311157661e-008 
-5.95044293854859e+008 2.68882175307448e+006 4.20152251870559e+002 -3.13934450690052e-001 -2.92609846232315e-005 1.00918244278284e-008 
1.56550989217519e+009 7.29511412229020e+006 -7.96531606437041e+002 -4.98322540422952e-001 1.66737994686860e-004 -6.65451978070359e-009 
-4.37572842354330e+009 1.59241645783193e+006 2.22597754650965e+003 -4.72200800377911e-001 -3.95539239273467e-005 5.38900123372322e-008 
-1.83721355052617e+009 -1.70106280747477e+006 9.34611347371458e+002 2.67558020685061e-003 -6.22569246622448e-005 2.19597447234996e-008 
3.43075047655628e+005 5.11609575815446e+004 -1.84945071601689e+004 -6.43566995268956e+002 7.49309136755180e+001 3.79731659119507e+000 -8.73743536037877e-002 -1.74474886892446e-002 -1.59678719181533e-004 7.42362513975080e-005 2.28238150334862e-006 -3.26791089805878e-007 -2.10842070864414e-008 
-1.12402603012375e+005 1.56450752248561e+005 5.97994293215954e+003 -1.33279134429247e+003 -4.74209403576789e+001 2.98412877172967e+000 2.46768096856990e-001 -1.00870419882975e-003 -1.07754950534513e-003 -1.89970516322841e-005 4.69387489086882e-006 2.07818441877147e-007 -2.03229566102284e-008 
-5.86809140930077e+004 5.15205509790885e+004 3.14662887338381e+003 -4.26871422563204e+002 -2.08623456039504e+001 8.18978352200809e-001 9.10498748544051e-002 6.58964750386917e-004 -3.65988480144213e-004 -1.09050879286229e-005 1.50248980060739e-006 9.12258199891402e-008 -5.85979453730212e-009 
2.90247782956844e+005 -1.03029365750160e+005 -1.72964326738348e+004 9.03795815635969e+002 9.74971597441369e+001 -2.44909056219812e+000 -3.05771776987400e-001 7.05106702098956e-003 7.05656750345060e-004 -5.75292973102711e-005 -1.08637872022422e-006 4.43999837430543e-007 -4.58637355241262e-010 
1.92703611927918e+005 1.33725614581553e+005 -1.17393309783057e+004 -1.36658560368036e+003 5.13206519853790e+001 5.36398410818877e+000 -1.14869883202014e-001 -1.43569882589735e-002 5.85318146593760e-004 2.69203526841119e-005 -4.97875261775958e-006 -2.04476658874920e-008 3.30167557376935e-008 
5.05733669519182e+004 5.24782181678874e+004 -3.09427400552125e+003 -5.28370709079741e+002 1.22244447862453e+001 2.01096576956667e+000 -2.22194317567809e-002 -5.40756592994005e-003 1.62753107028313e-004 1.26833353153529e-005 -1.67072114878053e-006 -3.27068862036223e-008 1.15253723074387e-008 
-4.93514010847391e+003 -1.77369488079120e+005 2.47218377271828e+002 1.76490481394000e+003 -2.47101987646097e+000 -6.35749511758365e+000 -5.50442186336457e-003 1.24091568782826e-002 2.69887277220022e-004 1.89780244110229e-005 -2.47262130128894e-006 -3.52566679143395e-007 1.16629097721962e-008 
3.28606573103811e+005 -5.16505544059271e+003 -2.04361598888710e+004 6.47890915972840e+001 1.09249007588353e+002 -2.29192973958933e-001 -2.93645688097297e-001 -1.58966692747437e-003 2.59148667937394e-004 2.70652424879284e-005 3.26462576187357e-006 -1.81514289992425e-007 -2.66156882717026e-008 
1.14814434968384e+005 8.34917831835239e+003 -7.13946734226680e+003 -7.95268073285723e+001 3.82231558776503e+001 2.90249454688809e-001 -1.02008198532950e-001 -1.28156157633530e-003 7.46868451462031e-005 8.37312350528877e-006 1.28106217088112e-006 -4.29777248795843e-008 -9.95418494317906e-009 
-2.97105676340302e+005 -1.00404005290193e+005 1.73315465169057e+004 8.34367182868481e+002 -9.89726210606218e+001 -1.79096440708377e+000 3.51478084314683e-001 3.12791344138818e-003 -1.33690758425654e-003 -3.24602159489126e-005 6.72942552246112e-006 2.77102206084470e-007 -4.03834632936663e-008 
1.76454556379783e+005 -1.38618080248362e+005 -1.05296377325406e+004 1.41022600672900e+003 4.04382410148596e+001 -5.73370219243401e+000 -5.34263432525194e-002 2.00148531520838e-002 2.59749157851630e-004 -8.71744883520463e-005 -2.86145419954605e-006 4.94611604403227e-007 2.08998194462150e-008 
7.84462049543846e+004 -4.26321454999368e+004 -4.67341785977857e+003 4.43608662571220e+002 1.98568174162912e+001 -1.89425051128898e+000 -3.90604974445646e-002 6.79757375050557e-003 1.68168115048492e-004 -2.85401034212005e-005 -1.38779796208214e-006 1.56559319848909e-007 9.62672295820442e-009 
-3.46592013333280e+005 5.14371307737147e+004 1.80247691872434e+004 -6.29904284871248e+002 -6.61427038262706e+001 3.58680406275962e+000 6.13599787942735e-003 -1.51023083140784e-002 6.78977670637694e-004 4.23940900259966e-005 -4.74063531910681e-006 -1.61185334921904e-009 2.56264554685155e-008 
-1.29154086376698e+005 -1.52447285462371e+005 6.74613606695769e+003 1.24127035004355e+003 -4.85626419748126e+001 -1.99936325559116e+000 2.29104201563271e-001 -5.93053847925407e-003 -8.00599751334608e-004 5.65776257976959e-005 1.39083950220212e-006 -3.41123777842886e-007 7.86132743444573e-009 
-2.54465647149034e+004 -5.62152247969843e+004 1.31560572444457e+003 4.70000545375076e+002 -1.30703367925807e+001 -9.05480982103499e-001 7.94333926388552e-002 -1.19585886672048e-003 -3.18561631240294e-004 1.72813201010960e-005 7.59489647491137e-007 -1.18907358317136e-007 1.26134884363434e-009 
-1.32840464959081e+005 1.52406614876616e+005 6.23966456143468e+003 -1.19890814054357e+003 -1.25221355758281e+001 1.46484180948121e+000 -8.21165362952865e-002 5.89117921702497e-003 2.91832601041851e-004 -1.95302223461763e-005 8.45971767778796e-007 -5.81755503171567e-009 -6.58047846547698e-009 
-3.43264501891050e+005 -5.36133475193031e+004 1.63996174122386e+004 3.58059323922451e+002 -5.43275707869714e+001 3.61367472783153e-001 -2.60770016440129e-002 -5.90824273002603e-003 3.97313966087285e-004 2.84205870383895e-006 -5.26896380180942e-007 9.33201046870003e-008 -2.52851392411640e-009 
-1.12553694610688e+005 -2.75022847785738e+004 5.37485139252632e+003 1.95255838205736e+002 -1.82275489220403e+001 3.73123122656825e-002 -4.50605562925436e-003 -2.40272922506534e-003 1.21808054678550e-004 2.13662394571820e-006 -2.31620656040514e-007 3.29244021869649e-008 -5.01958678511747e-010 
1.75158778070682e+005 1.43233210112667e+005 -8.54515686765210e+003 -1.20355327843163e+003 1.37072595187314e+001 2.02393421076349e+000 1.31999926043298e-001 6.25305504002845e-003 -3.86148111510402e-004 -3.94479313246674e-005 -1.82733454519760e-006 1.99135262829882e-008 1.25909579926915e-008 
-3.16001849528491e+005 8.01506864195245e+004 1.55198540933911e+004 -5.16780856924422e+002 -5.89877399429779e+001 -7.23326430163819e-001 3.41170837261773e-003 9.03139056325898e-003 5.69591993410126e-004 2.18244610872858e-007 -1.68520679471530e-006 -1.81184547010938e-007 -5.34449837586627e-009 
-1.20674688241430e+005 1.98506060548364e+004 5.93184190695476e+003 -1.10501792660287e+002 -2.14859158511577e+001 -3.76359407253717e-001 -6.43775420451372e-003 2.80894023429587e-003 2.22422836357599e-004 2.38809461693554e-006 -4.85874520860425e-007 -6.47776592980287e-008 -2.60873143517695e-009 
3.52972645938784e+005 2.51496034418539e+004 -1.97193412705089e+004 -4.73586481354263e+002 8.63167628622585e+001 4.38332956840286e+000 -1.00204473653535e-001 -2.70293912459552e-002 -8.03487333512966e-004 1.16092506902965e-004 1.00281284178831e-005 -2.25084183522470e-007 -7.55182105013880e-008 
-6.28745320058276e+004 1.62943877842602e+005 3.50194077494727e+003 -1.45636525009137e+003 -4.43913537567563e+001 3.62816341648049e+000 3.39098107443569e-001 2.00813305475075e-003 -1.77405756339212e-003 -9.16061206757370e-005 6.05816702869733e-006 8.54928220809173e-007 3.21079981155360e-009 
-4.21408198680118e+004 5.57181773846420e+004 2.37277641253692e+003 -4.83169532221570e+002 -2.06625100986782e+001 1.01614199430599e+000 1.25027114332895e-001 2.28338069493951e-003 -5.76023815505937e-004 -3.89297866406904e-005 1.54267638007055e-006 3.13271903796231e-007 5.52387314098024e-009 
3.59202630122623e+005 -5.90103255629745e+003 -1.75246620655417e+001 -2.15547963485699e-001 -1.70788403724524e-002 1.76339094054668e-003 4.83902454703216e-004 -1.58005037799787e-005 -1.45980713636685e-005 -3.88484449719765e-007 4.15774598831689e-007 
7.67624793598561e+005 6.15200411954493e+003 -8.90320773117163e+000 7.98690785831154e-002 -1.67244051929517e-002 -2.42615490980125e-003 1.86627500200480e-004 7.40043187640999e-005 -7.64720530626616e-007 -2.18499842477335e-006 -1.09548507881332e-007 
3.10897495451829e+005 2.81271431003563e+003 -3.18666651986670e+000 6.30765367534164e-002 -6.97384064887610e-003 -1.47559202734865e-003 4.94145533721752e-005 4.11687623298864e-005 1.10484217839930e-006 -1.12703056723177e-006 -1.01618972801924e-007 
3.47251587962649e+005 -6.05216511442654e+003 -2.00404662301922e+001 -1.15026360271111e-001 1.37833519984274e-002 -1.14549520582106e-003 -3.83296104896906e-005 2.95385662904147e-005 -3.93059725734843e-006 -3.14165304679970e-008 9.31497818196393e-008 
7.79856839198149e+005 6.07933444697115e+003 -9.70040020185891e+000 -1.51580263043119e-001 7.40524424167710e-004 9.76816473146994e-004 -1.98746663598841e-004 1.25871717799959e-005 2.16908568463426e-006 -6.30018575434265e-007 5.33911275067750e-008 
3.16497912743441e+005 2.78754587384214e+003 -3.35509379965291e+000 -6.75909044590156e-002 -8.09014752286376e-004 6.40708414372582e-004 -1.02328737904333e-004 3.66198684918206e-006 1.56624395153312e-006 -3.33394844521453e-007 1.88666173385092e-008 
-4.90192416571068e-005 -2.08557576155050e-006 9.79698355974713e-008 2.18314436127409e-007 4.11780357123997e-009 -1.19394365609644e-008 -8.92675134398426e-010 3.44476401684953e-010 4.62846947167032e-011 -6.99198419270670e-012 
-3.32112071235942e-005 2.14055230614312e-007 -2.72058192276383e-007 1.02558773089751e-009 2.35154906592680e-008 1.26353081332671e-009 -8.43665086546257e-010 -9.83526723208968e-011 1.66560465779231e-011 3.71803262941155e-012 
-5.06461854824395e-005 -2.05925541474780e-007 -5.54333051064819e-007 -1.52806209174297e-007 5.48256589669859e-008 7.75403641084551e-009 -2.43485138950759e-009 -2.29262938132279e-010 6.36195246724319e-011 6.55671849788386e-012 
-3.29131243044682e-005 5.61377325412173e-007 1.69286306542094e-007 -8.12253840621652e-008 -1.58913789282010e-008 5.14837361002821e-009 5.42896915243588e-010 -1.72968940262396e-010 -9.83993491006961e-012 3.45383869189933e-012 
-5.34143704750905e-005 -1.45569440143532e-006 5.02006942314467e-007 7.11458213557761e-009 -3.32644646830429e-008 2.84685763442252e-009 4.22824171816718e-010 -1.97159235693006e-010 1.67724274652103e-011 6.24690126744023e-012 
-3.25270164864843e-005 -3.63570479347549e-007 -4.22582110939545e-008 6.85862420772262e-008 -2.32803316226521e-009 -2.18565804013631e-009 3.83803465726489e-010 -3.03488325944044e-012 -1.77152094288619e-011 1.80772496964399e-012 
-5.52991460960444e-005 -1.38690190922524e-006 -5.10345396057400e-007 4.65472186120884e-009 4.07060720851104e-008 4.09923188566164e-009 -6.90384756665658e-010 -2.51735309247984e-010 -3.28677897381106e-011 3.29308403012510e-012 
-3.24713604113093e-005 4.30423552329194e-007 -3.72502601025934e-008 -7.69670412947855e-008 -3.82185057461099e-009 3.02342538479376e-009 5.02187516845863e-010 -1.88001323942796e-011 -1.83880321327539e-011 -2.09383562087515e-012 
-3.88020302249643e-002 2.35960069104320e-005 -1.26896688815087e-005 5.49505315443852e-006 -4.08202055017151e-006 -8.43863484399438e-007 1.47753691009037e-007 2.98323725535003e-008 -2.30768885258254e-009 -6.78757467055130e-010 
4.30836512197592e-001 -1.47741583084127e-004 -1.18840941230676e-005 -4.50452292444104e-006 -1.28379940866606e-006 3.75030520879396e-007 7.13501363863856e-008 -8.26086219089380e-009 -1.93065682012571e-009 1.02192907838581e-010 
4.04974045674262e+003 9.19832788718908e-001 3.86211912353595e-007 -4.48421789867232e-006 3.95798962404985e-006 7.61475328346185e-007 -1.37492418407239e-007 -2.70188826123357e-008 2.15125655392293e-009 6.13721592808688e-010 
-3.92731537458519e-002 -6.28461087594667e-004 -1.36437460823952e-004 1.78379769656417e-005 8.47621036867505e-006 -3.92784591705714e-007 -2.77314788350091e-007 9.82346387173439e-009 5.98259456358453e-009 -1.38545766145947e-010 
4.30428638189949e-001 -2.16214693942091e-004 4.29585366676227e-005 1.58930592911275e-005 -1.07369434264741e-006 -6.81890840773943e-007 2.57822322631727e-008 1.76225882756841e-008 -5.59016709356485e-010 -3.30989696849254e-010 
4.05158055497346e+003 9.20403118099394e-001 1.31365526679861e-004 -1.47067954392893e-005 -7.85309165112433e-006 3.40110558298137e-007 2.53348339291326e-007 -8.77420793937888e-009 -5.43081690021516e-009 1.22249945070589e-010 
-4.04080287685272e-002 -2.19291889134433e-004 1.71690244313408e-004 -1.13711313390436e-005 -6.13155579151552e-006 6.88607736769594e-007 8.69295780462789e-008 -1.57920580249476e-008 5.57956092863210e-010 1.51127152867934e-010 
4.30446441140168e-001 1.86277407019614e-004 -6.59337172653154e-006 -1.50523677037004e-005 1.33593280852874e-006 3.52157144088965e-007 -4.72830445274390e-008 -1.97089083218479e-009 7.42786724765863e-010 -8.61735931766801e-011 
4.05342133028611e+003 9.20111177501308e-001 -1.48607397660099e-004 9.01719155957973e-006 5.47195924293127e-006 -6.14791342451181e-007 -7.95203848102651e-008 1.43277569061542e-008 -4.83880780293336e-010 -1.37878506328133e-010 
-4.02784627115242e-002 1.53145910991827e-004 -4.03255461911042e-005 4.59951858900128e-006 3.69650650399020e-006 -6.07694846475423e-007 -1.42105385807788e-007 3.57360419306305e-009 2.86150054879454e-009 3.42703550914247e-010 
4.30556102730145e-001 -8.15684273863985e-005 -1.85666497182698e-005 5.54856503321965e-006 -1.19089799860761e-006 -3.23856072630152e-007 3.20252419741281e-008 9.13655738030584e-009 3.90149820166472e-010 -1.20698830373713e-010 
4.05526103665540e+003 9.19757280559094e-001 2.56606931553353e-005 -5.24222782989015e-006 -3.16388373448374e-006 5.79944148344479e-007 1.29468107421288e-007 -3.71479252269319e-009 -2.66983356241977e-009 -3.09671304350991e-010 
