-3.77454669765156e+007 1.03823272171816e+007 4.78822272007708e+005 -2.60351553932045e+004 1.35584022637170e+002 -7.23783521046786e+000 -3.91360952988937e-001 2.12513152678468e-002 -1.22835705815809e-003 5.17292012997694e-005 -1.64977987099614e-006 4.19436348255170e-008 2.80885867855991e-010 -8.34683149026589e-011 
-4.95297742490502e+007 -7.32997883736160e+006 6.30682354298348e+005 9.19429860055507e+003 -4.39768910721050e+002 1.65535743272382e+001 -7.65268502485722e-001 1.59320434697959e-002 -4.46475609130042e-004 -1.08723016559289e-005 1.07301347687196e-006 -7.68774595931779e-008 3.63001616288262e-009 -1.43749082959627e-010 
-2.26298723382892e+007 -4.99303002505020e+006 2.87185224350794e+005 7.61243002316642e+003 -2.48963478375135e+002 9.59280981336128e+000 -3.68146433983470e-001 6.30474960564955e-003 -1.11020790751550e-004 -1.11747661298746e-005 7.44315334671355e-007 -4.54148988830720e-008 1.90976481996174e-009 -6.81213830128033e-011 
-1.41224215681718e+007 1.29865243563991e+007 1.73387217184037e+005 -2.53935289186832e+004 -7.19279165588146e+001 -1.25781824712820e+001 -1.36957188946132e-001 2.51171525825891e-003 -1.28584549178730e-004 2.00514842321830e-005 -2.60069718778916e-008 3.29289090551868e-008 1.66978013760742e-010 2.80772860545893e-011 
-5.88664391493907e+007 -1.94350768915215e+006 7.06827336623880e+005 3.92856335626861e+003 -2.65425601936136e+002 1.74027952810402e+000 -5.45962851505910e-001 -7.31123466067087e-004 -5.60997264450558e-004 -3.31819183545641e-006 -2.09300938747738e-007 -4.69670749441518e-009 5.52819563587076e-010 -2.86743596565286e-012 
-3.00691745317258e+007 -2.38615093333820e+006 3.59549228028137e+005 4.73325023641927e+003 -1.34309292045389e+002 2.23467222981224e+000 -2.77405599313566e-001 -6.51143724850669e-004 -2.86305152294502e-004 -3.85294823933719e-006 -1.09096636763725e-007 -5.92545294484196e-009 2.77952384565604e-010 -4.44491849429672e-012 
1.22456967696077e+007 1.31150050146801e+007 -1.47055504242437e+005 -2.87108669068088e+004 -3.50020950842239e+002 -1.47502691083777e+001 9.48648101031004e-004 1.29524220200111e-002 9.87108027501176e-004 5.60815560738310e-005 2.16825846083743e-006 7.87539283550541e-008 1.48674462928713e-009 -1.59669774826965e-011 
-5.70017947925488e+007 3.82531660560120e+006 7.27220531791694e+005 -7.97192181304410e+002 -3.74476951781620e+002 -1.38056888587103e+001 -8.46981768364537e-001 -2.20643507732645e-002 -7.91754634982917e-004 -4.88616474397356e-006 5.87056233096862e-007 6.44400663274154e-008 3.74393316879068e-009 1.70531926488614e-010 
-3.18103152757724e+007 6.81840056195169e+005 4.03691569839265e+005 2.55327950137899e+003 -1.63701809966450e+002 -5.84356031015921e+000 -4.52499474671702e-001 -1.31292915891266e-002 -5.25327769421129e-004 -8.42903899211947e-006 8.85835853011504e-008 2.62481084556707e-008 1.84551100128649e-009 9.27447723271559e-011 
3.61268605533465e+007 1.04437993586363e+007 -5.34360854250433e+005 -3.64512723220086e+004 -5.86290712680169e+002 -4.15892668797020e+000 1.27155664524961e+000 1.00928779787023e-001 5.44509388483983e-003 2.07434772315834e-004 3.66780246862728e-006 -2.33459474157426e-007 -3.09783185941480e-008 -2.10445375057382e-009 
-4.36547021865651e+007 9.47354754533339e+006 6.68318753517601e+005 -1.03626386297628e+004 -9.18127844686340e+002 -4.41903806673358e+001 -1.75860147948856e+000 -3.52107402486802e-002 9.49649168550736e-004 1.75489120517756e-004 1.24106251714743e-005 6.19126063165713e-007 2.04039235421084e-008 8.17133668133627e-011 
-2.71602451871401e+007 3.97591815418471e+006 4.12417612477692e+005 -1.75278522334096e+003 -4.29568055287785e+002 -2.31720217807317e+001 -1.07126766609341e+000 -2.92798281023775e-002 -5.77504248478854e-005 7.22114037225429e-005 6.24840159479839e-006 3.54922084232770e-007 1.41127400657036e-008 2.61995612797478e-010 
7.52158455887472e+007 1.71537038115027e+007 -9.22060935637907e+005 -3.52131073815529e+004 9.22828594637027e+002 2.03743631279558e+001 -3.20795953840999e-001 -4.16504969180599e-003 2.01155621068578e-005 -5.68327211070921e-007 
-6.76442661599639e+007 1.55456618943607e+007 8.51178535107055e+005 -3.18314383785350e+004 -8.55209445198833e+002 1.82831616910809e+001 3.03018690032775e-001 -3.59074370284934e-003 -2.60700230643486e-005 -7.01794673830639e-007 
-3.52036411305221e+007 5.90657765049943e+006 4.41255534336654e+005 -1.20894212142717e+004 -4.43122870845992e+002 6.93276758732315e+000 1.56558180803740e-001 -1.34112475258102e-003 -1.18255501403641e-005 -2.94227454128181e-007 
1.01004436776448e+008 8.36605548042049e+006 -1.24404031426431e+006 -1.76448279628338e+004 1.24418594636784e+003 1.13336565613860e+001 -4.30447941660396e-001 -3.65671014340053e-003 2.35908141360498e-005 1.07855258404239e-006 
-3.10974804347381e+007 2.06247442086091e+007 4.00349938721707e+005 -4.22304894695333e+004 -4.25537489775532e+002 2.42356274138543e+001 1.87841627670511e-001 -4.71762366364766e-003 -4.39282188496426e-005 -8.05968990172808e-007 
-2.03971779180087e+007 8.74759744250617e+006 2.58842560989846e+005 -1.78796735416346e+004 -2.70204052333106e+002 1.01855509981317e+001 1.11906023349235e-001 -1.90408808808580e-003 -2.22756990459031e-005 -2.51384968934796e-007 
1.17693757523944e+008 1.26118788095377e+007 -5.34801097082358e+005 -9.96425822845956e+003 1.84744247909345e+002 2.32560271392815e+000 -1.22378469410807e-002 -1.91840481875773e-004 -9.96043036007434e-005 8.22100393667092e-006 3.55308379301891e-006 -1.18346223754487e-006 2.74927204934589e-008 
-8.60889068204448e+007 1.45590673087273e+007 3.98716068191093e+005 -1.07817290610541e+004 -1.56789939036516e+002 1.90846453548255e+000 2.29890696538771e-002 -2.84864396969844e-004 5.01200480849987e-005 1.17014536933381e-005 -4.57848203914072e-006 2.43566963617607e-007 2.52235171118627e-007 
-3.73614401694611e+007 6.31303978118132e+006 1.72878591049275e+005 -4.67512838096726e+003 -6.79798505766341e+001 8.28250714266853e-001 1.00514623898045e-002 -9.29972695663447e-005 1.55861979493185e-005 3.48353581398011e-006 -1.46582914497810e-006 9.97887330154266e-008 7.82154335333884e-008 
1.38298188279055e+008 7.90884738932983e+006 -6.35164543866061e+005 -6.65623017571936e+003 2.27384980114697e+002 1.90565147843302e+000 -1.99095560422919e-002 -1.01589195956588e-004 -6.76056765074605e-005 -1.50583399604370e-005 3.91387432839155e-008 5.47760224994283e-007 1.53643045314770e-007 
-5.42188186507044e+007 1.71917208850739e+007 2.55640095284077e+005 -1.29548716725997e+004 -1.13004255136368e+002 2.48275302144712e+000 2.42778936123552e-002 -2.79391573023235e-004 -2.09214272591664e-005 8.09158514817582e-006 1.70422929414243e-006 1.08993494485411e-007 -5.46492787802793e-008 
-2.35421556886678e+007 7.45451542639190e+006 1.10839916594625e+005 -5.61717837599158e+003 -4.89821312826549e+001 1.07559027019482e+000 1.05056588878532e-002 -8.27451891337538e-005 -1.16350238590190e-005 1.72893388705929e-006 6.48811939244132e-007 8.96534409719450e-008 -9.61812372919285e-009 
-8.74449077450937e+007 -2.98614913485439e+007 3.94432222759964e+005 2.04929617691442e+004 -2.61184795353935e+002 3.79630989285514e-001 4.03253731122972e-002 -1.83645416102358e-003 2.91049426960835e-005 -2.16677200995052e-007 -5.21369270657939e-009 
2.04184487134102e+008 -8.80237370816348e+006 -9.10785818353755e+005 1.07020992523938e+004 2.08770221853679e+002 -3.96588118647824e+000 7.33758580979102e-002 -4.29250901263038e-004 -1.61838504130508e-005 5.83802278448024e-007 -1.30960990903654e-008 
9.59709799925369e+007 -3.22904387944856e+006 -4.28417732609143e+005 4.35377428016900e+003 1.02826554254383e+002 -1.82927996544656e+000 3.25633178204350e-002 -1.47158126451091e-004 -8.20541948047811e-006 2.74224183462354e-007 -5.80979416528123e-009 
-2.31457066034515e+008 1.70397791626803e+007 2.90340712317849e+004 -3.42516380329750e+002 -5.19116679495133e-001 1.20631229790321e-003 4.07506359872663e-006 1.05944041226131e-008 
-7.01625696402480e+008 -3.91355535767858e+006 8.79910884578912e+004 1.22213076638598e+002 -7.72711962285727e-001 -1.52058684923949e-003 -1.17559848520274e-006 1.18752486616239e-008 
-2.95121913280352e+008 -2.09277507387195e+006 3.70102558807245e+004 6.07291566170330e+001 -3.18559602295305e-001 -6.81446433923019e-004 -6.33224065398605e-007 4.74324491618559e-009 
-1.19559460852374e+009 6.99066069426553e+006 2.41314978611794e+004 -2.85657030231281e+001 -2.81204349217835e-002 3.56019618429072e-005 -8.25117438037397e-008 
-7.99151493260680e+008 -9.99976811537953e+006 1.61086035381396e+004 3.03585664635485e+001 -3.41479634508106e-002 -1.01100993299524e-005 3.30231724584341e-008 
-2.78631639661110e+008 -4.43048247156880e+006 5.61434963937476e+003 1.37737594948999e+001 -1.29333118001451e-002 -5.63156992500016e-006 1.70934436000712e-008 
-1.04519553147450e+009 8.68043981309295e+006 2.91066335512803e+003 -4.24567141526002e+000 -2.63591323520329e-004 6.12458172243194e-007 
-2.41953990256091e+009 -3.53706071210193e+006 6.74095704900935e+003 1.12271239884162e+000 -1.82006617936242e-003 4.13593121034012e-007 
-1.04488985692857e+009 -1.67209962763073e+006 2.91132395139527e+003 5.52098393806266e-001 -7.94124713910889e-004 1.75857428112016e-007 
-1.20759307203568e+008 7.46288078350084e+006 8.21599369412689e+001 -8.50371094996383e-001 -6.35041512291063e-006 5.98833139931880e-009 
-4.18870015114397e+009 -7.90244202066223e+004 2.86754212817082e+003 2.44964661564971e-002 -1.67794896893841e-004 -2.14228269698786e-008 
-1.71146305666133e+009 -2.18086432351885e+005 1.17163739428727e+003 3.11585737139161e-002 -6.83904656536008e-005 -8.72059896927501e-009 
-3.72893553083545e+009 4.36987920589144e+006 2.65488750010466e+003 -3.88175620969413e-001 -3.04924479424778e-004 4.20846852604236e-008 
-2.43388105601281e+009 -6.37656777245769e+006 1.73256298523131e+003 8.41059806008598e-001 -1.11188131017847e-004 -1.09267232633976e-007 
3.63954366367802e+008 -3.30643248026294e+006 -2.59459646219405e+002 3.79973933003281e-001 5.68940991811318e-005 -5.41040761211932e-008 
-1.85220083425580e+005 -1.50494121392843e+005 1.25551251391510e+004 1.71361213832360e+003 -7.36586029642318e+001 -1.03513664400735e+001 2.86414190115891e-001 7.45986537618772e-002 -9.35540163400837e-004 -6.37730559228353e-004 -2.55555395558822e-006 5.77304311798317e-006 1.23980981857119e-007 
2.47899891129442e+005 -1.01253480354448e+005 -1.68075870470281e+004 1.05073829902327e+003 1.19751849567795e+002 -4.65506259907462e+000 -7.69092385832537e-001 1.85916288822836e-002 6.22087407014864e-003 -5.01431860897558e-005 -5.54812140528631e-005 -4.96250138830738e-007 5.11413448732623e-007 
1.28184085925739e+005 -3.03280532966115e+004 -8.71396029091131e+003 2.99479278113421e+002 6.06154950668730e+001 -1.05527908177685e+000 -3.70759896728958e-001 9.54375825634239e-004 2.86196160749891e-003 4.02472045090302e-005 -2.44524708670147e-005 -7.87266895207551e-007 2.15538734683705e-007 
-3.42066501932925e+005 1.39996762794003e+003 2.17668766258050e+004 -2.97090502848130e+002 -1.21532971047897e+002 5.45750965518433e+000 3.21492119789004e-001 -5.27647072044175e-002 9.58455474757045e-004 3.43080446151838e-004 -2.81061138214736e-005 -1.07773161103357e-006 3.02961346513113e-007 
-3.36575982945506e+004 -1.64216643107008e+005 2.15039628809673e+003 1.66553199222677e+003 -4.66420595077489e+001 -6.12441074240070e+000 5.32153106717493e-001 4.92511777589680e-003 -4.07571054961890e-003 2.06022028703261e-004 1.97485536643663e-005 -2.88586399533587e-006 1.28756039216422e-008 
1.82049592445766e+004 -7.32453974228368e+004 -1.17270204680504e+003 7.71576709419122e+002 -8.79492941102697e+000 -3.26603418603457e+000 2.05218844665631e-001 7.37697054360709e-003 -1.90851575865842e-003 5.80494661732143e-005 1.15501390674143e-005 -1.17905123173023e-006 -2.39893526259436e-008 
-1.93775203807350e+005 1.37277449784226e+005 1.04430417465324e+004 -1.31547509259090e+003 -1.48921411217578e+001 3.32842940880011e+000 -1.89054121364464e-001 7.80587671161388e-003 4.52606562410989e-004 -8.22680515079160e-005 4.76391369774049e-006 -1.63987068628434e-008 -2.57520346278721e-008 
-2.94138962772553e+005 -8.50404274703418e+004 1.55796145619676e+004 5.17582892558967e+002 -7.27925252064217e+001 1.30567881677404e+000 4.26180713621354e-002 -1.18274828691517e-002 1.00805604225669e-003 -2.08421762976119e-005 -3.26705940862057e-006 4.11306128443306e-007 -2.21950489063988e-008 
-1.12224070519324e+005 -5.12327180828077e+004 5.92953975534102e+003 3.60395307632899e+002 -3.10002920191005e+001 2.49431233341266e-001 3.75597778959694e-002 -6.02525966885268e-003 4.04388404941010e-004 -1.20180021972538e-006 -1.92207699507703e-006 1.84681724205948e-007 -7.35383989786920e-009 
1.14048172469255e+005 1.57487694357786e+005 -5.15372551598031e+003 -1.18778681463453e+003 2.49400649101340e+001 1.40390376340291e+000 -5.26626138978914e-003 1.94738225736447e-003 -3.03678967298814e-004 8.55598494719830e-006 5.00783821173072e-007 -2.60788997479687e-008 1.44845070720064e-009 
-3.32563327198906e+005 4.66497056451515e+004 1.56665862527121e+004 -4.42534388382501e+002 -4.87564718470407e+001 9.71440136779958e-001 -4.92032852724129e-003 2.84532879256151e-003 4.73277428451196e-006 -1.53145902288491e-005 7.15385463965242e-007 -7.35101216187812e-009 9.87933308617540e-010 
-1.59176398933267e+005 5.57873019858682e+003 7.50096058473041e+003 -8.11809007039716e+001 -2.42897896405200e+001 2.92532853800870e-001 -1.45299951275790e-003 1.08177394946424e-003 3.17637643317570e-005 -7.66944082426363e-006 2.69483594246718e-007 -6.51900752590591e-010 2.98999377824168e-010 
3.48842515148442e+005 6.81446949637805e+004 -1.60955360329156e+004 -5.67593127512457e+002 5.20480696935073e+001 1.20699278401867e+000 -2.46411797362756e-002 -1.04182829581104e-003 1.00713310768070e-004 5.19808009141742e-006 -7.88259103377690e-007 -2.82606603559636e-008 1.27949617466388e-009 
-1.39088804627638e+005 1.39032769375099e+005 6.36026465848075e+003 -1.05085475499234e+003 -2.54247426819931e+001 1.51037527533684e+000 3.25338742134187e-002 -4.25643018931751e-004 -4.77947086489565e-005 1.09083041156334e-005 3.66340559203117e-007 -3.41929404069784e-008 -1.33474798900566e-009 
-9.54435498286484e+004 5.55657090668928e+004 4.40939861264409e+003 -4.15058033651982e+002 -1.65432563090928e+001 5.58403467630166e-001 1.72032767948103e-002 -8.66648823456997e-005 -3.11019994049982e-005 4.37296892846230e-006 2.40847912446432e-007 -1.25608690232588e-008 -7.25040272929212e-010 
3.45856239596889e+005 -7.21035280930616e+004 -1.72289321555069e+004 4.22557062764792e+002 6.96109723715906e+001 5.49157158290327e-001 -3.15054627466077e-002 -1.99922617085351e-003 -3.71846281993747e-004 -2.77829882022725e-005 -1.57278432917049e-007 8.03041400906915e-008 5.83987410971924e-009 
1.46722158624232e+005 1.35114309940300e+005 -7.56418850864124e+003 -1.17576808122737e+003 1.23615887438293e+001 2.35175355089066e+000 5.75928703014913e-002 3.48486085392559e-003 1.42235631554747e-004 -1.50626286470396e-005 -1.86648496476374e-006 -6.65763599616638e-008 -4.25746388723199e-010 
3.26629844326352e+004 6.74082821865182e+004 -1.72049329254859e+003 -5.68579211370740e+002 -1.27775262120703e+000 1.00587485962827e+000 2.91698714896557e-002 1.75555947587259e-003 9.94346724140093e-005 -4.08690696212784e-006 -8.23416568695834e-007 -3.77117111939948e-008 -7.52775279120409e-010 
9.34848525871878e+004 -1.70379561925967e+005 -5.37908538664984e+003 1.52983195836213e+003 5.83973577659344e+001 -2.88835085635087e+000 -3.37424269964292e-001 -1.68415624935246e-002 4.84165374097973e-004 1.51343573389878e-004 9.22215641601244e-006 -2.01365948350685e-007 -7.74489024295780e-008 
3.16894595950945e+005 2.57506852824668e+004 -1.86043399346124e+004 -4.96563891799343e+002 7.94239295329347e+001 4.30255085985990e+000 1.49302336065922e-002 -1.72754698506380e-002 -1.73310438222280e-003 -3.57114447409965e-005 8.15583100357864e-006 8.98895063091328e-007 2.34630161086460e-008 
1.33085544588660e+005 2.78756270839743e+004 -7.82727951534942e+003 -3.71461575784549e+002 3.00268501823564e+001 2.21778586799797e+000 3.92690486114026e-002 -6.15157214870966e-003 -8.25658751736415e-004 -3.06202738829251e-005 2.77773251008750e-006 4.23406524887253e-007 1.80000442282015e-008 
-2.25909549743008e+005 -1.31747227764579e+005 1.50580492883624e+004 1.50935127612389e+003 -8.45884545509807e+001 -9.21968654797538e+000 2.49683285179564e-001 6.50484212684788e-002 2.31897442501133e-004 -5.07364544435826e-004 -1.79330168395512e-005 3.81868146563022e-006 2.81996850900767e-007 
2.19591668789696e+005 -1.19870837467324e+005 -1.47193755432870e+004 1.22500546617273e+003 1.05806973561228e+002 -4.85534162959724e+000 -6.82339495626586e-001 1.05799087185221e-002 5.26049175761431e-003 8.24786229240469e-005 -4.12732297986064e-005 -2.02949364731553e-006 3.01557229821242e-007 
1.19991361375916e+005 -4.12124251020812e+004 -8.06135016341856e+003 4.04457441091456e+002 5.57656388486063e+001 -1.29013238515338e+000 -3.30921674008687e-001 -1.51823473769485e-003 2.34205822981103e-003 8.59395094949752e-005 -1.68215330548896e-005 -1.27975735894922e-006 1.08366483530172e-007 
6.23691276197537e+005 -9.56015259070045e+003 -5.29901720287166e+000 1.91102774024643e-001 -2.89199299826982e-003 -1.48524675225759e-006 3.09993925256314e-006 -1.67848154164875e-007 2.41234050691252e-008 -5.67243949317687e-009 1.48107437855090e-010 
1.21682425468543e+006 3.38635044544843e+003 -2.58369894055101e+001 8.58252950099996e-002 3.48029585645490e-003 -9.64236175586487e-005 5.67165833973732e-006 -1.54946844460805e-007 2.21191659659292e-008 -1.41115538733438e-008 -1.74305456544532e-010 
4.93728160219254e+005 1.67958786962116e+003 -1.10220355858789e+001 2.77431040449131e-002 1.78332299813843e-003 -4.97532071150906e-005 2.81220970725825e-006 -6.60587625352137e-008 9.37469355482605e-009 -5.73879355373941e-009 -9.66324114030078e-011 
6.04535297655109e+005 -9.59413917932509e+003 -3.27389764217759e+000 1.47689542712200e-001 -2.41193387493734e-003 3.10645095546106e-005 -3.16831180112324e-006 -8.97061880370243e-007 -1.11283547407848e-007 -1.29348688356166e-008 -4.72470857063328e-010 
1.22339412198301e+006 3.18462095108845e+003 -2.45131020898583e+001 1.33514522156212e-001 3.00480486590286e-003 7.60868165114191e-005 1.28237454950726e-005 7.25396763941543e-007 2.28046343768900e-008 -1.83024189005901e-008 -7.97471860588853e-010 
4.97000521279128e+005 1.59317630048590e+003 -1.05388485159128e+001 5.20988946732462e-002 1.53610222100145e-003 4.14456719285386e-005 7.27394841113434e-006 4.79535850134605e-007 2.37484133483177e-008 -7.15247164814842e-009 -3.62496135937871e-010 
-7.61552232052669e-005 -3.02476082663614e-007 -8.61031476625874e-007 1.62725009282121e-007 9.22962490199064e-008 -1.80928098584924e-008 -5.11147323295961e-009 1.31714032941505e-009 2.05913022204995e-010 -7.16947965973336e-011 
6.76746966923113e-006 1.12197342831596e-006 -1.72966523252733e-007 -1.37065095318112e-007 2.51051931163365e-008 1.00500752336055e-008 -1.96607636819163e-009 -4.76444339993506e-010 1.07716352961749e-010 1.74511192364765e-011 
-7.67223385773447e-005 7.08251462138292e-007 1.76757335887169e-007 -1.79811285059568e-007 -4.75515855978884e-009 6.27199837352103e-009 -4.52332384187214e-010 -3.64346739603330e-011 6.14966121863267e-012 4.10727213401711e-012 
7.63933345698544e-006 2.27912952877159e-007 2.45119650085304e-007 2.71826954833585e-008 -1.70996936740475e-008 1.72263801698927e-010 1.61096827785362e-010 1.70724683253047e-011 1.36053419084405e-011 -6.26315434888567e-012 
-7.76846044973975e-005 -1.96159016748180e-006 -1.28491323599057e-007 1.84468991244239e-007 1.53778773047380e-008 -5.03049159634708e-009 -5.20416060672570e-010 1.58334207373041e-011 2.24532443769671e-012 2.45467498630752e-012 
8.90566755915544e-006 5.56923864157193e-007 -2.64771802931725e-007 -2.55944475748471e-008 1.49889910065914e-008 1.57149057940992e-009 -2.35980330576250e-010 -5.62203691806106e-011 6.18434253359795e-012 3.42740710378341e-012 
-7.87236542756418e-005 9.59923968023007e-007 -2.00935341873984e-007 -3.22269000883293e-007 6.62862874366784e-010 2.16600598773158e-008 2.33546380058737e-009 -7.63205804776744e-010 -2.15917251112430e-010 1.04648620833720e-011 
9.46775177522893e-006 6.18425214633776e-007 3.52432906273410e-007 -2.27927667000905e-008 -3.95636861624242e-008 -1.91938357422342e-009 1.94727634950889e-009 3.12769561850693e-010 -5.79367115372143e-011 -1.85643853695036e-011 
-6.58547234024151e-002 2.92244911404522e-004 -3.72206605899178e-004 7.33741860105509e-006 8.84880783684834e-007 -1.06864304421238e-006 2.94043736446085e-007 3.56392035929219e-008 -1.37026992269582e-008 -6.63130444700838e-010 
4.06467288428337e-001 -8.01065349871257e-004 -1.06811523068271e-005 1.76152092262472e-005 -1.67760845210729e-006 3.51687645449292e-007 8.60121890811495e-008 -2.64395916484119e-008 -2.12276101306276e-009 1.06947048361578e-009 
1.18708852130688e+003 9.19519001761290e-001 3.48056861797439e-004 -3.17828558100308e-006 -1.04446352901082e-006 8.98848641248267e-007 -2.60402488987618e-007 -3.07540969328900e-008 1.21612855978446e-008 5.62768289706076e-010 
-6.76841667503723e-002 -1.87814073452248e-003 -5.90497126574231e-005 6.84850993982242e-005 5.64181248151328e-006 -8.48306582840244e-007 -1.35596047654956e-007 1.05230407374152e-008 6.53518705557690e-010 -5.09519511637452e-011 
4.05393465181855e-001 -1.13047501917466e-004 1.76925120047468e-004 8.78878373122589e-006 -3.18181191422875e-006 -3.92879434799336e-007 3.51434525776901e-008 5.06940319920299e-009 -4.06664481911780e-010 2.11091170814112e-011 
1.18892988899015e+003 9.21630572693950e-001 6.77300815649398e-005 -6.45811020682329e-005 -5.29706855041695e-006 8.00500019631138e-007 1.23184079358522e-007 -9.57014445653082e-009 -6.08384845134587e-010 4.30235273825118e-011 
-6.94250329272627e-002 6.51040021112287e-004 5.14449612612250e-004 -2.69647912782283e-005 -1.33777262418866e-005 3.52207500673753e-007 1.85881690646068e-007 -9.25140547391633e-010 -1.37441919117293e-009 1.68803740563655e-011 
4.06184305470099e-001 6.95435794085101e-004 -6.37080110190145e-005 -3.67491050606815e-005 1.35617603897364e-006 6.68666686824333e-007 -8.57296713049067e-009 -7.07942953462957e-009 -3.15660915929593e-011 3.46364885784116e-011 
1.19077133629955e+003 9.19326320587823e-001 -4.80943429098794e-004 2.32051885877975e-005 1.23461144865448e-005 -3.21610135444698e-007 -1.69961683919423e-007 1.09544095529913e-009 1.26611311142551e-009 -1.77653382173595e-011 
-6.64939235338408e-002 1.54422327782015e-003 -3.11140003727381e-004 -3.90850606541413e-005 1.09250514363074e-005 -2.55258994489434e-007 -3.34344020127973e-007 2.64623902632223e-009 9.29782610073879e-009 8.67809835686440e-010 
4.06370524055277e-001 -5.64094471900824e-004 -1.30091083282560e-004 2.48204321565831e-005 8.23666744879686e-007 -7.59620365723968e-007 2.43790720539053e-008 2.27132020364774e-008 8.35321646121378e-010 -5.41463939109423e-010 
1.19260838829021e+003 9.18397064459740e-001 2.72856867194441e-004 3.78036670066386e-005 -9.60013709432061e-006 2.32859285659418e-007 2.96852651852462e-007 -3.63250098553459e-009 -8.39271630125575e-009 -7.44693227348084e-010 
