-3.96910251103737e+007 9.94731209058851e+006 5.13881742433877e+005 -2.63172887498550e+004 1.51648191390102e+002 -6.08494292908231e+000 -4.66316714945489e-001 2.61616097775510e-002 -1.45827837812693e-003 5.98157499557368e-005 -1.85704495797026e-006 3.88698923952610e-008 9.23258905093316e-010 -1.35202760483601e-010 
-4.96319921416656e+007 -7.88654397657378e+006 6.18001520155457e+005 1.00061900797693e+004 -4.80093880309380e+002 1.87280359295789e+001 -8.19503708679237e-001 1.75009891614089e-002 -3.91276347448374e-004 -1.67275368827492e-005 1.51495713156245e-006 -9.93808856267909e-008 4.57458942534166e-009 -1.72509825238567e-010 
-2.22735464902775e+007 -5.24400519049416e+006 2.76912839086027e+005 8.07209585104834e+003 -2.72189982751298e+002 1.06354096482174e+001 -3.89488441861837e-001 6.63904605442126e-003 -5.79477589583763e-005 -1.51333309818722e-005 1.00171683889019e-006 -5.71181700089915e-008 2.34817813604162e-009 -7.81585499005582e-011 
-1.66643043814328e+007 1.28241109629432e+007 2.07145626043130e+005 -2.52972532837876e+004 -4.30254711644461e+001 -1.21945954596072e+001 -1.45113610083765e-001 3.13739146113018e-003 -2.11512640550421e-004 2.05575059196996e-005 -1.90738888122160e-007 3.24700423096423e-008 5.86504553349385e-012 2.55132415468751e-011 
-6.01581846433093e+007 -2.57058849944593e+006 7.01269915271940e+005 4.38937837169092e+003 -2.71189403828272e+002 3.23099610773903e+000 -5.47034641672132e-001 1.31296357670102e-003 -5.49336135159522e-004 -2.39937824058594e-006 -1.77809384782890e-007 -7.81011795726187e-009 5.98743580889315e-010 -1.24781687484462e-011 
-3.02830239501816e+007 -2.70212923251080e+006 3.53175486743802e+005 4.96576579191802e+003 -1.40419298822541e+002 2.98946054862560e+000 -2.77206307803980e-001 3.76367708222069e-004 -2.71556225684349e-004 -3.41163237275090e-006 -7.52282845058227e-008 -7.53634473048807e-009 3.19256489682075e-010 -9.30922959024565e-012 
9.65860762064221e+006 1.32356625110584e+007 -1.09145627917376e+005 -2.81011094004387e+004 -3.15640314648472e+002 -1.46844419359370e+001 -3.41356570621066e-002 9.75307684342572e-003 7.75614331576224e-004 4.70084128100011e-005 1.79067027213908e-006 7.03724167838880e-008 1.50174261734364e-009 8.06005386805064e-012 
-5.95742073867036e+007 3.17668576681175e+006 7.27674833040129e+005 -1.70839984050622e+002 -3.45690633338050e+002 -1.15794914049034e+001 -7.80583809430496e-001 -1.91828041042873e-002 -7.66013983160664e-004 -6.86147679356422e-006 3.10607583360184e-007 4.64515865662661e-008 2.84056103196612e-009 1.32946852623730e-010 
-3.26986589643592e+007 3.25572942518856e+005 4.00050040291898e+005 2.82005601061266e+003 -1.51976551271261e+002 -4.66474294261916e+000 -4.13472144675853e-001 -1.12583984813530e-002 -4.89579561737063e-004 -8.53572339134015e-006 -1.95808674171477e-008 1.75249666560587e-008 1.36192042451017e-009 7.01887144584519e-011 
3.41138807615517e+007 1.09059345831510e+007 -4.86065162154132e+005 -3.53758615510074e+004 -5.71927014210524e+002 -7.19367708943667e+000 9.79662164811711e-001 8.24960495553904e-002 4.62540332205260e-003 1.88368705290540e-004 4.46307578791844e-006 -9.44685085150910e-008 -2.02151732253092e-008 -1.52149295854421e-009 
-4.74887453437423e+007 8.87052887002516e+006 6.80877370516920e+005 -8.80583939850167e+003 -8.22599894569165e+002 -3.95086677984108e+001 -1.64007285314365e+000 -3.74324595371300e-002 3.35901440809625e-004 1.25346005950489e-004 9.56394529798653e-006 5.09341503872253e-007 1.91297094493054e-008 3.18728495155568e-010 
-2.87764185659718e+007 3.60873202614547e+006 4.14099071761113e+005 -1.03931894734767e+003 -3.80202494145608e+002 -2.03613058205591e+001 -9.77664896757238e-001 -2.85441185342506e-002 -2.99750726288502e-004 4.74478984418308e-005 4.64693287084311e-006 2.81890882869983e-007 1.23139220276972e-008 3.27901912016761e-010 
-3.35994525182918e+007 -2.28199737633207e+007 4.43860466010374e+005 4.87691592570589e+004 -4.60126383968335e+002 -3.31743390285764e+001 1.84587455253724e-001 1.31961749281796e-002 -3.08913026374877e-005 -4.85841920151915e-006 
9.01386536718646e+007 -7.77466267278474e+006 -1.16626673099019e+006 1.62519457487968e+004 1.27104587329964e+003 -1.00827468609320e+001 -6.22321795798690e-001 2.81877148791973e-003 2.27720283793439e-004 -2.32748510741373e-007 
4.27317498740296e+007 -2.05521173437139e+006 -5.52912689438270e+005 4.22863625297165e+003 6.01092611979460e+002 -2.43886353214672e+000 -2.91728696500012e-001 4.33708429417203e-004 1.04430230172540e-004 2.02599139707860e-007 
-7.39555170587629e+007 -1.71015775524878e+007 9.64136808798961e+005 3.64615085422929e+004 -1.05063938728235e+003 -2.45812222562502e+001 5.14579839468324e-001 9.53064218432836e-003 -1.89300902704643e-004 -3.38319781469081e-006 
6.61075019954501e+007 -1.59993844137875e+007 -8.58397992165278e+005 3.42052433796596e+004 9.30560531566561e+002 -2.32800980339404e+001 -4.47499031546520e-001 9.29467516989410e-003 1.57373447675677e-004 -3.47671602396661e-006 
3.44701513394934e+007 -6.11817205736327e+006 -4.47278469641264e+005 1.30863860088347e+004 4.85223838583069e+002 -8.92141292736463e+000 -2.33931407843567e-001 3.57981827829747e-003 8.27960590687614e-005 -1.35046219945856e-006 
-1.44835204160595e+008 3.78957029414210e+006 6.93792038104810e+005 -3.79211572010184e+003 -2.68808899750445e+002 1.65237947865979e+000 3.60344312832888e-002 -5.69269598253210e-004 6.20922452970525e-005 6.94636458194349e-006 4.99044122048818e-008 -2.84961386406236e-007 -1.21893051339088e-007 
-2.79662155196747e+007 -1.85273749596237e+007 1.30276338737095e+005 1.45262958699961e+004 -7.66916726202011e+001 -3.28835913507719e+000 2.76501529294061e-002 4.31677013423642e-004 1.13107184285114e-005 -1.96865159203380e-006 -8.50850405816614e-007 -2.57934693259984e-007 -9.59282730202589e-009 
-1.21455950887010e+007 -8.03089286083912e+006 5.64627472993674e+004 6.29643582064699e+003 -3.32385695961014e+001 -1.42551409275964e+000 1.18679304706775e-002 1.96710915644525e-004 1.13875376273177e-005 -7.04608397077654e-007 -4.91027260671343e-007 -1.48304420207867e-007 -1.15848092779650e-008 
-1.31899600279647e+008 9.08757073500829e+006 6.23715403501499e+005 -7.78481406558970e+003 -2.27910628620013e+002 2.37980684275470e+000 2.22066005654882e-002 -1.92822760143081e-004 5.48539982703012e-005 -1.60231495152343e-005 8.85573149020810e-008 4.44930769041645e-007 -1.02257247887004e-007 
-6.34446181705562e+007 -1.68135108522985e+007 2.95184056504534e+005 1.28118583105097e+004 -1.35268279872638e+002 -2.55980121174537e+000 3.22223362125474e-002 2.90877065387351e-004 -3.07753960404294e-005 -7.05464776120027e-006 1.50636358154789e-006 -5.95186545553691e-008 -2.76846805852106e-008 
-2.75241563935414e+007 -7.28806145505705e+006 1.27942378146348e+005 5.55335215922365e+003 -5.86297160052213e+001 -1.10999726435433e+000 1.39596857613750e-002 1.63580444108131e-004 -1.48370446903493e-005 -4.71941780950158e-006 8.62182887813065e-007 -2.68177503371902e-009 -2.16012753300430e-008 
1.25603900324231e+008 2.79304990595145e+007 -8.71595563760075e+005 -3.55685945038284e+004 4.39396272808745e+002 2.55812142891524e+001 -2.61180154803662e-002 -1.85715653542446e-002 -1.96006101328087e-004 1.24580741085897e-005 3.67260667008276e-007 
-1.49972255159609e+008 2.11566969795246e+007 1.04299240699858e+006 -2.07102284045335e+004 -8.72574405559012e+002 5.98958401765099e+000 6.23523683559889e-001 2.64877160827677e-003 -4.53374057405753e-004 -6.78465005163795e-006 4.32175693441849e-007 
-7.21596161367216e+007 8.95135683199784e+006 5.01885218239094e+005 -8.54133212407277e+003 -4.12075328672895e+002 2.05830247355976e+000 2.86720292021232e-001 1.71555987977949e-003 -2.03202490799843e-004 -3.58137780300924e-006 1.81152145438568e-007 
-6.96054959755039e+008 -9.21098015938455e+006 8.49886591362738e+004 1.55299269737370e+002 -8.70701721662298e-001 1.12538502274348e-004 2.27886907011206e-006 1.36580075130859e-007 
3.61327434526178e+008 -1.37044679403051e+007 -4.41553640791868e+004 2.95532727557246e+002 2.39368080330656e-001 -1.55522581884866e-003 3.42053658806301e-006 -6.11342739429525e-008 
1.71811338069391e+008 -5.64987121295472e+006 -2.09938332331445e+004 1.22897736255137e+002 1.23804803757826e-001 -6.70394953005358e-004 1.42506756735983e-006 -2.21467906313075e-008 
-1.41036745935784e+009 -1.60434496975961e+006 3.16445688478443e+004 -1.91653235497603e+000 -5.93944007902844e-002 3.87631842090414e-005 -8.09165900870422e-008 
6.35893115023737e+007 -1.23675563430592e+007 -1.39584522630823e+003 4.66751370119020e+001 -1.55549008633982e-002 -5.52674732812107e-005 8.28263712112974e-008 
8.70089057549869e+007 -5.03937261179483e+006 -1.94033750042359e+003 1.93504464928053e+001 -3.93028442775005e-003 -2.46008979861687e-005 3.84105686680897e-008 
-1.27459489524276e+009 -8.44117704512426e+006 3.73819977153909e+003 4.36556422439879e+000 -5.30988597879465e-004 -8.23748563235183e-007 
2.26287412106102e+009 -4.39393420075526e+006 -6.64184275257903e+003 1.73124369106675e+000 1.95574238546510e-003 -3.66655240406130e-007 
1.00908606337786e+009 -1.80509801011278e+006 -2.96171910239197e+003 6.96539390248567e-001 8.63000938825755e-004 -1.52117940236313e-007 
3.84485322818404e+009 -3.85132868048646e+006 -2.74961596212649e+003 4.53044084574373e-001 1.66560660885891e-004 5.06524949667931e-010 
2.12516259709051e+009 6.00447911840845e+006 -1.52004085599396e+003 -7.19217889086555e-001 9.32332292619680e-005 4.23677007568826e-008 
7.74117691313359e+008 2.55354616180218e+006 -5.53709910466483e+002 -3.05656338511872e-001 3.40902726758252e-005 1.76815529692454e-008 
4.60155518979955e+009 4.82585003009808e+006 -1.49181334704043e+003 -4.75949937627742e-002 6.15443969893684e-005 -2.13943201711251e-008 
-2.74252362248771e+009 4.60265721487486e+006 8.89143728891679e+002 -3.75387871440679e-001 4.94809518060547e-005 -4.39841280323507e-009 
-2.24229155963783e+009 -1.76523604297186e+004 7.26983556611576e+002 -1.02741291067199e-001 -3.43271399576076e-006 3.67069416277478e-009 
3.27215193314727e+005 -8.08865114129869e+004 -1.55312263274556e+004 7.21664135541696e+002 4.83011753169907e+001 -2.15385748934354e+000 2.92065009891690e-002 5.37585157869164e-003 -3.40342149162087e-004 -1.26212975628685e-005 1.18615683209869e-006 -7.93107719157818e-009 -5.49058653322711e-009 
1.92140754781542e+005 1.29254897892071e+005 -9.23407175878416e+003 -9.70271586750321e+002 4.11769231087771e+001 9.80281121628311e-001 -9.58992716049038e-002 4.71250657235510e-003 2.43661100524734e-004 -1.83841000052815e-005 -2.96147054765214e-007 7.39913223936322e-008 -2.38612752363025e-009 
5.38548171237223e+004 6.49965489014762e+004 -2.57559659299360e+003 -4.99775164049921e+002 1.34062617870793e+001 6.46044912941205e-001 -4.49754231946117e-002 1.55501492754404e-003 1.40964770053441e-004 -6.88251082011969e-006 -2.47102212340091e-007 3.34251382490558e-008 -5.19234829461820e-010 
7.59824926603513e+004 -1.60230990811755e+005 -3.45218516020299e+003 1.21431056646704e+003 1.72605735526162e+001 -1.03932803805778e+000 7.26368742427854e-003 -6.67570535309636e-003 -3.23535921365628e-004 4.89182682663584e-006 2.76773795118776e-007 5.87973141588090e-008 5.70938372916118e-009 
3.48442391893466e+005 2.09469708197314e+004 -1.65386828674885e+004 -2.26676806891908e+002 5.04648732579149e+001 5.52537399793756e-001 5.14731853183967e-002 2.95423445493197e-003 -3.12361909406587e-004 -1.55120735186327e-005 -5.44396060632902e-007 -4.08795252243709e-008 2.22885465299255e-009 
1.47293590920588e+005 2.47497888921058e+004 -6.99385431680533e+003 -2.19739720208944e+002 2.06494075553471e+001 3.53744554452899e-001 2.22474389414337e-002 1.95423673456409e-003 -1.06915453997286e-004 -7.38790508696402e-006 -2.70444249269005e-007 -2.38348881898522e-008 4.34112431035119e-010 
-2.23877065525996e+005 -1.26772187399247e+005 1.19059250208525e+004 1.25344759908356e+003 -2.13540279635477e+001 -3.83212692051012e+000 -2.32805483583286e-001 -3.10013012489601e-003 1.18270756575555e-003 1.03789026793995e-004 2.13918222838951e-006 -4.23666032518243e-007 -5.06125330244045e-008 
2.59950298754322e+005 -1.07211734854376e+005 -1.38220176772261e+004 7.35798442246257e+002 7.19336702271670e+001 9.77025865007501e-001 -1.17365420223218e-001 -1.86413080606919e-002 -8.31197366340140e-004 3.67668482913796e-005 7.36367528407896e-006 4.29087695492703e-007 -8.74723809922042e-009 
1.36961481104714e+005 -3.53555490942178e+004 -7.29568878693826e+003 2.03785697109833e+002 3.40932861212818e+001 8.13866299315588e-001 -2.96264377324625e-002 -7.99514591577503e-003 -4.85152918716807e-004 6.23088833550573e-006 3.06834187829773e-006 2.32215929758680e-007 1.04083308900546e-009 
-3.43547159031257e+005 1.53397988556310e+004 2.15748377039304e+004 8.03395519117170e+001 -1.27051431221366e+002 -3.75183821782800e+000 5.02582058317146e-001 4.29446334936940e-002 -1.76254931430656e-003 -3.78838822291523e-004 -6.17470900629483e-007 2.98743940394971e-006 1.20343330504464e-007 
-2.35193423012676e+004 -1.63386618292511e+005 1.52900673006881e+003 1.69766357093504e+003 1.93391486131885e+001 -7.55824558289713e+000 -3.71689663429922e-001 3.00345481783874e-002 3.69543401972245e-003 -8.24039884107463e-005 -3.12899098107394e-005 -5.37541908745489e-007 2.35792183257992e-007 
2.25501548045930e+004 -7.41430203085929e+004 -1.42119399503175e+003 7.46931168662792e+002 2.10745916320374e+001 -2.99540460841747e+000 -2.14601137481479e-001 9.17128136829809e-003 1.81609669606626e-003 2.88615446095958e-007 -1.38602355699256e-005 -5.30405159810506e-007 9.31687586689956e-008 
-1.61980763518990e+005 1.56924444254785e+005 1.05652532832141e+004 -1.71893751296905e+003 -5.23581237828353e+001 9.16409945621186e+000 4.24387864434412e-002 -5.26586695207555e-002 1.64847477958638e-003 3.23765908730620e-004 -2.47189486528747e-005 -1.69106675043385e-006 2.65803227920592e-007 
-2.78144750643245e+005 -7.69897377400428e+004 1.83401706689116e+004 7.35851501430139e+002 -1.19663254753634e+002 -1.87892542838929e+000 6.24942885660028e-001 -9.59569931552285e-003 -3.75040169194824e-003 2.10280571408636e-004 2.13321999176826e-005 -2.47386759873474e-006 -8.41180432384586e-008 
-1.08335915766116e+005 -4.94953326146123e+004 7.13309212021324e+003 4.95685161426167e+002 -4.80814134101473e+001 -1.73388304363542e+000 2.73704036411909e-001 8.74056437412223e-004 -1.82881361176944e-003 6.19678076437349e-005 1.18990212625834e-005 -9.35635019454191e-007 -6.33286983953007e-008 
1.69319869952294e+005 1.57188056189415e+005 -9.81749044429944e+003 -1.36302830731913e+003 7.19270567113475e+001 2.18957771382317e+000 -2.80524189220770e-001 1.45075386742336e-002 2.79623675457261e-005 -9.88907863639620e-005 7.92443997862632e-006 -2.52147237143462e-008 -4.38907283777491e-008 
-2.79608672931997e+005 7.38769933234629e+004 1.64830208622974e+004 -8.91332759736682e+002 -6.34971953356825e+001 4.54472442766083e+000 -5.35137888137026e-002 -1.01234480713075e-002 1.32224888300849e-003 -5.83406640035702e-005 -3.68684068871959e-006 6.33128658283338e-007 -2.91231145380496e-008 
-1.41112971791983e+005 1.76690739247471e+004 8.30416437737711e+003 -2.62982039631740e+002 -3.53212575615728e+001 1.80319683368968e+000 3.67365333217304e-003 -5.90816926442503e-003 5.85282266989626e-004 -1.63209115377531e-005 -2.41261275034865e-006 2.84076728049143e-007 -8.67536694679267e-009 
3.68238372214887e+005 3.43430379383181e+004 -1.86810452771027e+004 -1.11388478170028e+002 7.45666413469962e+001 -1.07576004659800e+000 -6.01101841318471e-002 1.67210830634846e-003 -1.26054826843558e-004 2.51258284274698e-005 -8.45316282770323e-007 -7.59254886293392e-008 5.53392627199254e-009 
-4.19238998305641e+004 1.51916116992223e+005 2.34877398742203e+003 -1.28751677079377e+003 7.36169807355147e+000 2.57354592229505e+000 -6.73559760575913e-002 9.20764632332475e-004 -1.64750477660456e-004 1.06281143911257e-006 1.59568253206528e-006 -8.65680166526501e-008 -7.19895563724151e-010 
-5.43880398977768e+004 6.44854573916326e+004 2.87983710640949e+003 -5.62809095942725e+002 -4.11001853887915e+000 1.25000793192719e+000 -2.38408902994982e-002 2.44837499030579e-004 -6.14496483023691e-005 -1.97181854807256e-006 7.93559567403049e-007 -3.10759890574476e-008 -8.64010707101886e-010 
2.96206226275927e+005 -1.02240584684532e+005 -1.37822201096560e+004 8.46538955628738e+002 4.24629783461850e+001 -1.89496317988442e+000 2.00232904196125e-003 3.07070429431177e-003 -4.28451981428598e-005 -1.39907471225156e-005 -1.03013134734364e-007 5.33766161871261e-008 -1.54145186376596e-009 
2.35412491639233e+005 1.14259807614833e+005 -1.09755806778417e+004 -8.44429483805457e+002 4.28395761507665e+001 9.64143264972386e-001 -6.39699395411102e-002 1.44398334993753e-003 1.77159809615812e-004 7.41700768978529e-007 -8.46673606290797e-007 8.75460945460253e-009 2.56657073639485e-009 
7.65695791586144e+004 6.10868513455683e+004 -3.54596689481876e+003 -4.60587763483693e+002 1.48604820957341e+001 6.18525321599931e-001 -2.85463779045646e-002 3.38406227809358e-004 8.33835779065460e-005 1.71649492574477e-006 -3.67823383247586e-007 -1.36863828824449e-009 1.29583990797983e-009 
9.20949900735256e+005 5.03598186025375e+003 -2.58152838076759e+001 -9.13191724701448e-002 1.81879099047601e-003 1.28085543001577e-004 2.03484576170984e-006 -2.62494815279330e-007 2.91304522349271e-008 1.33206051236783e-008 6.11261425351349e-011 
-5.79766516791594e+005 8.28255373877016e+003 1.28821069396326e+001 -1.29301948382479e-001 -1.94799467119938e-003 -2.03390724292044e-005 8.21670852334390e-006 -2.14830819104282e-007 2.12807691810746e-008 -6.35465015189832e-009 -2.09423214925396e-011 
-2.76274061623596e+005 3.39989248188952e+003 6.20996713944586e+000 -5.29597277862077e-002 -8.56614607784373e-004 -2.44912472892240e-005 4.02989117965560e-006 -8.84733455690717e-008 8.35810278234955e-009 -2.84609494647874e-009 -3.10342773422060e-011 
9.30812355676893e+005 4.82577510357573e+003 -2.66476011663187e+001 -4.05784307932947e-002 4.51652759340073e-003 1.22230641223560e-004 -4.30594616904084e-006 -7.46823803921089e-007 -9.14648692148477e-008 7.28691811867027e-009 -5.47824170572383e-010 
-5.63103619183552e+005 8.37890866654357e+003 1.11626761537795e+001 -1.53583595930694e-001 -4.40445214263233e-004 1.90009164832391e-004 1.32552250268123e-005 6.41049088548599e-007 2.77391893034743e-008 -8.51198503398044e-009 -4.54965549991499e-010 
-2.69426777851240e+005 3.44679258277506e+003 5.49239294654067e+000 -6.54813779425975e-002 -3.73836751393298e-004 8.49206536680932e-005 7.38759137316812e-006 4.20401482071273e-007 2.43167060476523e-008 -3.42572315086725e-009 -2.00769717680695e-010 
-8.46587485564278e-005 -8.25382720473476e-007 5.96994246465930e-007 -3.01260488933452e-008 -3.19529247093564e-008 1.79486799954390e-009 1.64717904875995e-010 -4.52056754847771e-011 2.73300991113845e-011 -9.06713654903757e-013 
6.05480329778901e-006 -5.06672513613169e-007 3.10066942659783e-008 7.42125894386644e-008 -3.24132426957715e-009 -1.82004927152101e-009 9.72554146802229e-011 -5.03280411974814e-012 3.01087196991951e-012 4.05412099530373e-014 
-8.57479482114011e-005 -1.41089652087236e-006 -5.71334605124717e-007 1.04219500164204e-007 7.02338874208456e-008 2.34312509021116e-009 -3.28129799911606e-009 -6.98685149146048e-010 6.75772172995794e-011 4.51313039994495e-011 
6.15660180363894e-006 4.51823209599530e-007 -1.65258696755921e-007 -1.10667394216523e-007 4.54098101854892e-009 7.28423217353711e-009 7.66310257991043e-010 -2.45631828510676e-010 -6.79912884221419e-011 4.02277997159815e-012 
-8.68657699681146e-005 1.07200888174296e-006 7.30047649222335e-008 -3.18181475873800e-007 1.01185073225023e-008 1.92343845613862e-008 -2.21781072481948e-009 -5.21686839187100e-010 1.52704355584890e-010 -1.80648061899242e-012 
5.81239204105485e-006 -2.36200677065927e-007 3.44417075467677e-007 1.08260994187261e-008 -3.72523146738444e-008 2.02764238459983e-009 1.66593523449036e-009 -2.67192597777967e-010 -4.09706789256057e-011 1.50488854915250e-011 
-8.78373366958732e-005 -1.77351614462417e-006 2.43548776377446e-007 1.74325060456070e-007 -2.29039331701327e-008 -4.65986425063412e-009 6.89488540308522e-010 2.53939666356447e-011 2.21383460381162e-012 -1.09071049798700e-012 
5.81230807997846e-006 -3.69145033076426e-007 -2.63453342770530e-007 3.70328814286882e-008 1.47382442861189e-008 -2.14937016123685e-009 -1.98187668664378e-010 7.77011528882691e-011 2.52928916401179e-013 -3.82001897466504e-012 
-6.91345719571289e-002 9.18123972209814e-004 2.78585465156550e-004 -5.08661701466110e-005 -2.92828607112269e-006 1.10697617212106e-006 -2.84700010415563e-008 -9.94705286770959e-009 7.61563538733293e-010 -5.69177382715283e-011 
4.08041825171276e-001 4.12576456924614e-004 -1.01374977620837e-004 -1.49614020068343e-005 3.24019148269696e-006 2.13288804986040e-008 -4.86579367588044e-008 2.20780883793290e-009 1.53319639386057e-010 -3.29483292522682e-011 
5.86009965913692e+003 9.19099224995844e-001 -2.56643581549334e-004 4.48315875256558e-005 2.64378129842228e-006 -1.00410177904476e-006 2.67125892551307e-008 9.11180719862129e-009 -6.89116696348220e-010 5.40044281480523e-011 
-6.68172113850616e-002 1.00903837454814e-003 -1.85085448924548e-004 -2.05485666786017e-005 -6.13746974314438e-007 -7.83023420978576e-007 6.54382386691287e-008 3.89766786150217e-008 2.40812782777811e-009 -7.83504929719733e-010 
4.07954523412813e-001 -4.77404848523819e-004 -8.35242253306100e-005 6.80222913130991e-006 -2.18666821255525e-007 1.81237238122695e-007 8.02987229305384e-008 -3.57507063071237e-010 -2.42927571771331e-009 -3.09409636312501e-010 
5.86193734564923e+003 9.18932084745079e-001 1.53798933150436e-004 1.93276301424568e-005 9.58801397441469e-007 7.38631327021733e-007 -6.50988223932697e-008 -3.69105128381475e-008 -2.23651074631730e-009 7.48056681894260e-010 
-6.70073349649963e-002 -1.30423565758774e-003 -2.71806146368192e-004 5.21854562749407e-005 1.13265372080748e-005 -1.00325165223982e-006 -3.08680310430420e-007 3.41384792383361e-008 4.91947793076140e-009 -1.26353135767205e-009 
4.06823800446782e-001 -4.74712185099211e-004 1.27739239745071e-004 2.37521762588039e-005 -2.88542731682807e-006 -7.71327864982521e-007 6.99262837976400e-008 1.65925236536870e-008 -2.71619868264746e-009 -1.27559888745510e-010 
5.86377718260546e+003 9.21025554176842e-001 2.60554256837218e-004 -4.61908062228011e-005 -1.07378500114455e-005 9.21063853045890e-007 2.90513351381653e-007 -3.23198163020153e-008 -4.59729148425855e-009 1.19595879603445e-009 
-6.92285201938799e-002 -3.09474226618617e-004 4.07339530675668e-004 -1.55120219029598e-006 -1.05429964535391e-005 5.89018123548565e-007 1.35107611738166e-007 -1.41785709557844e-008 -8.00502955790619e-010 1.49713466475008e-010 
4.06977372953970e-001 5.29736801763720e-004 1.98664778672364e-005 -2.91829096575387e-005 8.66947918959807e-007 5.10765719132696e-007 -4.03653978415478e-008 -4.65289292446712e-009 6.07853297453793e-010 1.97248853781014e-011 
5.86561898069092e+003 9.20212377942561e-001 -3.65353064985800e-004 -2.14747326507204e-008 9.57857568940508e-006 -5.37130645733647e-007 -1.23668679884032e-007 1.31794553122122e-008 7.13469594986160e-010 -1.38968903714491e-010 
