-4.89964597631979e+007 -9.19290704326610e+006 1.25534373554664e+006 -7.59210804571278e+002 -3.46110612544092e+003 2.40333939878060e+002 -5.95333867920333e+000 -5.68596991476460e-001 7.79520412195050e-002 -4.12062680271220e-003 -3.45453871291976e-005 2.57264906214562e-005 -2.22648211651038e-006 6.45921551044760e-008 
1.32758600791186e+007 -1.35042849761726e+007 -3.68206121297862e+005 6.86494398297083e+004 -2.22226918790597e+003 -5.67386665703379e+001 1.34462367408310e+001 -8.85307357345387e-001 1.31895177961599e-002 3.28288402716521e-003 -3.69733870489114e-004 1.64212453089637e-005 5.34196137963317e-007 -1.44936492904234e-007 
1.22609459839007e+007 -6.26010442058017e+006 -3.26868814210307e+005 3.67488371794354e+004 -8.28123290331363e+002 -5.52314476193660e+001 7.79989300326420e+000 -4.13935147715204e-001 -1.03868767290176e-003 2.18094450764041e-003 -1.93915082127475e-004 6.10359380251945e-006 5.16227519889455e-007 -8.41187056708498e-008 
-5.78312962501350e+007 1.74919758124711e+005 1.04133199621913e+006 -2.73838734979627e+004 -4.33682922051964e+002 7.04587298264048e+001 -5.00665635766487e+000 2.12238261810086e-001 -3.37800391708626e-003 -3.93645003043910e-004 4.75795898593447e-005 -3.04625269554006e-006 1.14743864831733e-007 3.35941140237917e-010 
-1.45033885059531e+007 -1.37673477787791e+007 2.42189196108540e+005 3.46502499814195e+004 -1.68889530067268e+003 5.72061792621766e+001 -2.82634284422909e-001 -1.41910800640643e-001 1.31755729718425e-002 -7.26019017733755e-004 2.15621470936701e-005 5.49706362189633e-007 -1.30555337590843e-007 1.04085688463779e-008 
-1.66142169898234e+006 -7.37211909909013e+006 2.13769682596308e+004 2.13488010025489e+004 -8.57172224539451e+002 2.32504674612499e+001 3.68238034576426e-001 -9.78124276891729e-002 7.38819760615752e-003 -3.47004077212113e-004 6.58473943157720e-006 6.09629955282129e-007 -8.16573412564324e-008 5.52515895227908e-009 
-5.02253641665133e+007 7.14670629932656e+006 7.01255153597337e+005 -2.78564578190659e+004 1.68291322093352e+002 4.57829403135049e+000 -1.17953330487102e+000 6.74059320472703e-002 -3.18368988571630e-003 1.06550759864443e-004 -1.63040296786068e-006 -1.11180441168359e-007 1.35186386781401e-008 -8.79245097418862e-010 
-3.90548569254776e+007 -1.05455613000982e+007 5.30237243234050e+005 1.56683288377922e+004 -7.68940089427113e+002 3.21446703425689e+001 -1.12688212405128e+000 1.79203718579222e-002 6.04392207037667e-004 -9.70938145196332e-005 6.34646788950155e-006 -3.12719172885517e-007 1.10570427587562e-008 -1.84246752999819e-010 
-1.55646226124714e+007 -6.37416770591931e+006 2.10509940546438e+005 1.12583357666862e+004 -4.28194107743290e+002 1.66957382568235e+001 -4.79612966327611e-001 2.58176060071493e-003 6.53015422555504e-004 -6.29121617026083e-005 3.55890018396177e-006 -1.55500617579866e-007 4.50479582975149e-009 -7.39506225096682e-012 
-3.13483257680993e+007 1.14648650059719e+007 3.82516095016111e+005 -2.54947217135306e+004 8.32067053321913e+001 -9.59736902515640e+000 -2.51385395118555e-001 1.15593238494795e-002 -7.50799069533486e-004 3.48154209212616e-005 -1.08164765359088e-006 3.98366515297597e-008 -3.78524883168718e-010 -9.51100100762652e-012 
-5.54295747224736e+007 -5.72051865940807e+006 6.61391535551236e+005 7.22046604421988e+003 -3.53594257652771e+002 1.13103642498149e+001 -6.47579292777787e-001 1.10999780339931e-002 -5.14883161059954e-004 -2.71879005284223e-006 3.21879343418501e-007 -3.72434717637069e-008 1.85761035023752e-009 -7.96046198911585e-011 
-2.62689689147364e+007 -4.24461776282077e+006 3.13622852976740e+005 6.50084903519460e+003 -1.97507242775947e+002 7.03690115538334e+000 -3.19844535350758e-001 4.73042356396078e-003 -1.97166927942618e-004 -5.06311241862559e-006 2.84123294721309e-007 -2.40256168768364e-008 1.03147972958125e-009 -4.15295149236001e-011 
-1.05669553119047e+008 -1.75726120788099e+006 1.35558541305526e+006 3.02936735462272e+003 -1.45938545212170e+003 -1.67044804250223e-001 6.82642899968432e-001 -2.18051133333501e-003 -2.28701706581059e-004 1.50378039864613e-006 
3.47977133826039e+006 -2.20194030431672e+007 -5.28993844514986e+004 4.67636287597033e+004 1.97568284912464e+001 -3.10324780806815e+001 5.46197965751636e-002 1.13064151797483e-002 -7.73461621706519e-005 -1.95402236396690e-006 
8.27787964595212e+006 -9.79506557382365e+006 -1.09590630884228e+005 2.08471130796101e+004 1.01246764501200e+002 -1.39507987714568e+001 -1.85788554441645e-002 5.22144114910453e-003 -2.22923982672311e-005 -8.35880084717855e-007 
-9.85010990482097e+007 8.84124966054463e+006 1.25452057180203e+006 -1.94915767213957e+004 -1.30763247671124e+003 1.47714258562912e+001 5.37958692109539e-001 -7.50519221427502e-003 -1.06667800630026e-004 3.51448705332430e-006 
-3.92319100436918e+007 -2.02387661237197e+007 4.90189951474464e+005 4.22873786866198e+004 -5.63921965823755e+002 -2.62831258942262e+001 3.23213231224866e-001 7.43827723102468e-003 -1.52705192151792e-004 -6.62648388218388e-007 
-1.13912785984413e+007 -9.66471322944969e+006 1.41139822566536e+005 2.02585325920392e+004 -1.70951157114770e+002 -1.27595998014385e+001 1.11367454862536e-001 3.82238178445436e-003 -6.21416423121980e-005 -5.01823008544536e-007 
-8.28770703032512e+007 -1.72433332307174e+007 4.13730594726282e+005 1.41083415863822e+004 -1.88269889895613e+002 -3.81025788057845e+000 4.59564878071252e-002 8.61638673524601e-004 7.36428522278450e-005 -1.06326878811575e-005 -3.70079043651628e-006 4.30413776188093e-007 1.02873020969187e-007 
1.10089743542023e+008 -1.07527564511883e+007 -5.51348622355959e+005 9.14385678516238e+003 2.32959519834792e+002 -2.82714839079178e+000 -4.53367438620625e-002 9.10435504223589e-004 -8.98149587424201e-005 -1.19237912991415e-005 4.55228153483395e-006 3.50249373631633e-007 -1.58166635582965e-007 
4.77285646378968e+007 -4.66205437978816e+006 -2.39032693613948e+005 3.96425952551437e+003 1.00998819324476e+002 -1.22535883703214e+000 -1.97801874432760e-002 3.63346900074209e-004 -2.98961300676117e-005 -3.34034293835129e-006 1.51025130625020e-006 8.03031252947216e-008 -5.04096765770432e-008 
-1.13557471254680e+008 -1.33128602380914e+007 5.62657383714407e+005 1.05537389002650e+004 -2.51818695389338e+002 -2.50099166586924e+000 5.89301621638611e-002 4.13160996040994e-004 3.61290746576574e-005 2.99724347021913e-007 -5.52841423207636e-007 -3.41301767607681e-007 -6.47212745212002e-008 
8.45625786766781e+007 -1.46659289519296e+007 -4.21300494656193e+005 1.23652716315370e+004 1.66872770744737e+002 -3.70357403000263e+000 -2.46060070150848e-002 9.13708057180890e-004 -3.64551490888848e-005 -4.16992056082043e-006 -3.87073671544776e-007 2.85620590525872e-008 7.28732143600097e-008 
3.66609021842928e+007 -6.35857750842719e+006 -1.82651175246244e+005 5.36088137855479e+003 7.23474723035128e+001 -1.60566303427349e+000 -1.07961467142311e-002 3.93916511811469e-004 -9.58547473024153e-006 -1.43077984376044e-006 -2.22681974337696e-007 -8.54561835067686e-009 2.30718211679212e-008 
-1.88885959509799e+008 2.12305889097049e+007 9.05313928116524e+005 -1.16977351254268e+004 -4.26895532653447e+002 -3.83276613536195e+000 1.39960121269941e-002 2.42708502996704e-003 5.76503205224124e-005 2.81519891385503e-007 6.72610006235865e-008 
-1.30362959436313e+008 -2.15495934640224e+007 6.22092464994146e+005 2.07601397221681e+004 -4.47416676607834e+001 -4.95894756969297e+000 -1.22956712211710e-001 -1.48586709465815e-003 1.57991369558130e-005 1.40583720814375e-006 1.80687511296481e-007 
-5.46667368924895e+007 -1.04581948749141e+007 2.60866397993301e+005 9.83821268457386e+003 -8.98600456176571e+000 -2.17112764921413e+000 -5.67889680801187e-002 -7.48346566865705e-004 5.51607732327475e-006 7.38515773606890e-007 1.12677470489138e-007 
-5.41968113553050e+008 -1.34231352215130e+007 6.85055023384206e+004 2.49267190919040e+002 -8.63409946959967e-001 -3.03276200185046e-004 3.29602056890365e-006 6.25748570454847e-008 
5.28397150074056e+008 -1.06654141102836e+007 -6.68177421067830e+004 2.57517656224566e+002 4.73909698382885e-001 -1.99524678266329e-003 2.88981791729366e-006 5.26487628522949e-008 
2.39683900278609e+008 -4.24478078370637e+006 -3.03083171943220e+004 1.04313501310681e+002 2.24147491955197e-001 -8.46948713154024e-004 1.06560929364813e-006 2.14463977329129e-008 
6.42259274170541e+007 -1.40486160226277e+007 -1.68257691123991e+003 6.03527403656640e+001 6.31253666100520e-003 -1.15344268973817e-004 3.95078904302780e-008 
1.24799776229563e+009 3.36934310058788e+005 -3.21209807734840e+004 -2.28289445154179e+000 7.95844002518191e-002 1.20254150416021e-005 -4.12217279346103e-008 
5.12706384827193e+008 7.43974663066249e+005 -1.31949732466489e+004 -3.54346271992471e+000 3.26309089074119e-002 9.77042618142703e-006 -2.68249383271361e-008 
2.55606373061100e+009 4.83660777630265e+006 -6.03927974844141e+003 -1.73482327409893e+000 1.12520002759208e-003 -1.92451826539769e-008 
-1.41629144876555e+009 6.98341769851456e+006 3.34505838249998e+003 -2.84075014747576e+000 -4.57820053654006e-004 2.27260466424347e-007 
-6.56452563914871e+008 2.99015433066331e+006 1.55050192959324e+003 -1.21973098749960e+000 -2.16496615178021e-004 9.74760387566279e-008 
2.93160755096653e+009 5.65243453437819e+006 -2.04085166239443e+003 -6.70089544902734e-001 1.13980034292466e-004 8.81584732774231e-009 
-3.13484010477998e+009 4.62202489793633e+006 2.18272028634096e+003 -5.20100169196740e-001 -1.35385330548769e-004 2.19735830108278e-008 
-1.35609309035288e+009 1.75109671526641e+006 9.44200982462357e+002 -1.96172570378656e-001 -5.82349359977921e-005 7.89253182448088e-009 
-9.57816429865855e+008 7.49447448316189e+006 6.33390559154155e+002 -8.88493703957704e-001 6.87726226174634e-005 9.05885470163380e-008 
-4.34869882659467e+009 -1.90330992355753e+006 2.87491624061700e+003 -7.55331503630564e-002 -2.60505670681027e-004 6.84435891656269e-008 
-1.06850797955012e+009 -2.85202147523153e+006 7.06341391758774e+002 2.44281241467266e-001 -1.03002650058712e-004 -5.97062451874537e-009 
-2.06363571411672e+005 -1.38117904736018e+005 1.18774231907572e+004 1.41122096419093e+003 -4.10811710116044e+001 -5.99163588319777e+000 -1.15407607574579e-002 2.39152687534548e-002 4.94697659706459e-004 -1.16733028120680e-004 -4.08857806021676e-006 6.39936897250569e-007 3.54009309554663e-008 
2.56360156119391e+005 -1.02076083660248e+005 -1.45303597565586e+004 8.21883586479575e+002 8.50719342939821e+001 -1.29766010565990e+000 -3.34822490411646e-001 -3.45375578217668e-003 1.49612462036252e-003 3.63073801979533e-005 -7.92671934507258e-006 -3.23391100568081e-007 4.42366879887527e-008 
1.40519570861071e+005 -3.58479307335556e+004 -8.00830866032916e+003 2.61539865698321e+002 4.43640965140185e+001 -6.68578002247348e-002 -1.58613034138129e-001 -3.84872749449932e-003 6.67146487784351e-004 2.80471057501310e-005 -3.39847373793061e-006 -2.12902883889407e-007 1.78083613500454e-008 
-3.47241260481037e+005 5.34805150669029e+003 2.14561344703121e+004 -8.96632588856430e+000 -1.16046047520277e+002 -9.65813339703992e-003 3.50724010884294e-001 -5.71356150767902e-003 -8.28687651461747e-004 7.98390675499465e-005 6.71774786866113e-007 -6.04699943054467e-007 1.36431683307121e-008 
-1.94283557093730e+004 -1.60319975260106e+005 1.36229289073737e+003 1.59697492991649e+003 -3.90943437045684e+000 -5.98349025475559e+000 3.87120557153095e-002 1.57874937487026e-002 -7.14478467122567e-004 -2.70073763648518e-005 6.66099430381157e-006 -8.34168318966260e-008 -4.08255751370113e-008 
2.23000163685671e+004 -7.67351169944834e+004 -1.31565735257338e+003 7.62127943100527e+002 8.82686310831483e+000 -2.85415825859049e+000 -1.39922414796665e-002 8.05497274745866e-003 -2.63374131434517e-004 -2.02089515045903e-005 3.10891231102402e-006 1.58513171892941e-008 -2.06989015977881e-008 
-1.85890867400304e+005 1.47572032279398e+005 1.14681062759318e+004 -1.48991961457512e+003 -5.15283176916494e+001 5.45969815476710e+000 1.00136445917284e-001 -9.61900711359151e-003 -2.53758592471076e-004 -2.77354628462298e-005 2.06410583925148e-006 3.35596633714413e-007 -1.30934930987108e-008 
-2.74679818671678e+005 -8.20358331391051e+004 1.66672376933075e+004 7.33615295977523e+002 -9.07469970226222e+001 -1.97100551847278e+000 2.40379071432275e-001 3.47910512023991e-003 -9.93509041711621e-005 -2.07617165906464e-005 -3.32927850299620e-006 1.72847604011367e-007 2.18085349214169e-008 
-1.13788253803939e+005 -5.24306262821742e+004 6.89845490902691e+003 4.86460620305781e+002 -3.85782814183360e+001 -1.44496589217701e+000 1.05576284428914e-001 2.55676124312379e-003 -2.48320780187532e-005 -7.40572547970972e-006 -1.77421312795785e-006 5.17841688152530e-008 1.16002281793408e-008 
1.40167400808306e+005 1.62396952492403e+005 -7.62875650380931e+003 -1.42100022782962e+003 5.46601943602194e+001 3.74572064165494e+000 -2.41754268508803e-001 -7.52358434002845e-003 9.18033171275093e-004 3.76047389839286e-005 -4.39172538476330e-006 -2.24419519964200e-007 2.70631715875176e-008 
-2.95594263620290e+005 6.09648699177982e+004 1.65191678584415e+004 -7.07010742839678e+002 -7.08919523788607e+001 3.57337110960366e+000 1.33873855549369e-001 -1.37539351303307e-002 -4.03305132321446e-004 5.61472843104804e-005 2.54360795672707e-006 -3.17406877090941e-007 -1.35014722359889e-008 
-1.53210272388350e+005 1.44053217203786e+004 8.57411155399390e+003 -2.07758280232203e+002 -3.88859662877392e+001 1.36122510055490e+000 8.61818280641949e-002 -5.87724822926101e-003 -2.76528752667714e-004 2.33869378575551e-005 1.61438667830375e-006 -1.31054755309042e-007 -8.91034926388244e-009 
3.62828437886706e+005 5.15748509852203e+004 -1.80253279834616e+004 -2.71054633147538e+002 7.22537519150251e+001 -1.27976569596244e+000 -8.08684739261708e-002 1.18824894460471e-002 -2.02112082979994e-004 -3.92266394377724e-005 2.39691854127953e-006 4.85302914948114e-008 -1.48752188202648e-008 
-7.81018043732517e+004 1.45796944409308e+005 3.78795022469606e+003 -1.22687270051591e+003 2.22955892664315e+000 2.59765686332899e+000 -1.41947103915331e-001 1.78161373281619e-004 6.64874082704334e-004 -2.41526274574756e-005 -1.47586937322582e-006 1.83700229368754e-007 -1.94233310853417e-009 
-6.95327700588945e+004 6.49381156250989e+004 3.43992838838034e+003 -5.61921571383282e+002 -5.58819223259791e+000 1.35934644730040e+000 -6.01617848738987e-002 -9.99393291895025e-004 3.35877010071490e-004 -7.94597416815804e-006 -9.23480421264451e-007 8.32329611809773e-008 4.28180018133997e-010 
3.23922082521098e+005 -8.81464187790119e+004 -1.52743408091342e+004 6.64210457605510e+002 4.71324851621133e+001 -6.63062049334370e-001 6.35170191132824e-002 -2.36433614065637e-003 -4.42586513528312e-004 2.30269173299230e-006 -4.13183168563549e-007 -3.40438903561119e-009 5.90150179485078e-009 
1.99533852967743e+005 1.20706254867331e+005 -9.52248180121039e+003 -9.27460294280873e+002 2.90659780314170e+001 7.48457166927326e-001 1.65354818972718e-002 6.89814297930014e-003 -1.16510664003975e-004 -1.12820151433259e-005 -2.02822109064182e-008 -7.40128017703154e-008 -5.49975806446637e-010 
6.64926963726847e+004 6.55474211237084e+004 -3.17999545603038e+003 -5.04590894180972e+002 9.61891011889725e+000 4.25699248149642e-001 2.32216515113981e-003 3.50684795017237e-003 -1.56890186705340e-005 -5.64350744873576e-006 2.55930244835483e-008 -3.50458495580580e-008 -7.95477102786632e-010 
5.92616441687872e+004 -1.66335980331253e+005 -3.07830541238756e+003 1.34421465561429e+003 3.56519790742475e+001 -1.48063063242966e+000 -1.86969431040692e-001 -1.34180909912059e-002 9.60508260620946e-005 6.53018804112472e-005 4.57067457346327e-006 4.29444543177439e-008 -2.33719175596708e-008 
3.36110633742811e+005 9.46713331935027e+003 -1.71494540427596e+004 -2.69007745129987e+002 5.94004978447240e+001 2.52324133214643e+000 6.48448194486400e-002 -8.22037113753233e-003 -9.96544122290228e-004 -2.75508194087971e-005 2.31498323261117e-006 3.52278334348461e-007 1.56434857370859e-008 
1.55351764978298e+005 1.93219538669651e+004 -7.93838826885542e+003 -2.50119663032599e+002 2.53376513489633e+001 1.34850947484788e+000 4.76294917279467e-002 -2.75354940962034e-003 -4.86797529276182e-004 -1.90414431649402e-005 7.05117749916413e-007 1.65217091635922e-007 9.58490984476839e-009 
-2.42889786490935e+005 -1.21058352832418e+005 1.44546690224501e+004 1.34983103590370e+003 -5.49360130605447e+001 -7.15085001326598e+000 -4.07141003373090e-002 3.60705874659660e-002 1.67483576570345e-003 -1.70370647768309e-004 -1.74951709271880e-005 5.29286541675897e-007 1.47710255643554e-007 
2.21510172582176e+005 -1.20754583979562e+005 -1.31064242670319e+004 1.02756738202847e+003 8.91857457892734e+001 -1.77948038062351e+000 -4.58382949115207e-001 -1.06748694274153e-002 2.34890458370980e-003 1.54599849514968e-004 -1.00721569775464e-005 -1.46759471517269e-006 1.64101982012062e-008 
1.27290524178479e+005 -4.71176317104506e+004 -7.57158355154838e+003 3.72411884334525e+002 4.77724656876256e+001 -2.15878252171784e-001 -2.16574693172763e-001 -8.33659253119308e-003 9.78184821001819e-004 8.93577243207163e-005 -3.27605256858890e-006 -7.51308041869659e-007 -5.26820101072064e-009 
2.28924693654001e+005 8.28463808013285e+003 -2.13750582424891e+001 -5.85251748967881e-002 8.55496427449228e-003 -7.88153371241723e-004 7.66168161633900e-005 -1.77217277733363e-006 -8.83377621867035e-007 2.02859958438002e-007 -1.94935067139811e-008 
-6.43030485803178e+005 4.79399429408689e+003 2.01492072564342e+001 -2.41063869808643e-001 4.89747005567251e-003 -7.84808645873156e-005 -4.64324409004169e-005 1.02237340806165e-005 -1.08877391936606e-006 1.49182499673676e-008 1.33987039803031e-008 
-2.78864155810908e+005 1.81930557403186e+003 9.29221402616203e+000 -1.14225570034119e-001 2.01584847680230e-003 3.37547324328236e-005 -3.28323374387630e-005 5.64703181723151e-006 -4.90048850611971e-007 -1.07426284294219e-008 9.17813951791267e-009 
2.45321909841755e+005 8.11244681710524e+003 -2.15407112392909e+001 1.99612313333295e-002 3.62972938122735e-003 -4.52327366390187e-006 4.51690329337753e-006 -6.59025888514179e-007 7.17586107632601e-008 7.70999887571522e-009 2.56516461092785e-010 
-6.33289681846397e+005 4.94470858312481e+003 1.76222399351332e+001 -1.87323139215952e-001 2.23978459386374e-003 -3.37989919857142e-005 8.46404746414809e-006 -3.94140678902485e-007 1.23332896168791e-008 -9.63182318962122e-009 -3.05103269295814e-010 
-2.75155201836253e+005 1.88864402571175e+003 8.08451305971634e+000 -9.01221440843323e-002 9.71260920733636e-004 -2.48231944381475e-005 4.04039997689371e-006 -1.40320848102108e-007 -9.19128206102411e-010 -3.63806675866317e-009 -1.95404620589030e-010 
-6.94311432517508e-005 3.76871975169143e-008 -7.27024717146363e-007 1.22709577595399e-007 7.55566127948739e-008 -5.40463862793216e-009 -3.58134520565318e-009 1.29919175006848e-010 1.17350469972204e-010 -4.56071273362718e-012 
1.71863967759558e-005 1.05718000201241e-006 -1.53752632352454e-007 -1.20815004144377e-007 1.16486971902405e-008 7.74023937976433e-009 -2.70406787897907e-010 -2.96845315378902e-010 3.77545181795990e-012 8.95745399315880e-012 
-6.85028935284117e-005 1.84637358219632e-006 1.58761298479243e-007 -2.85966635116462e-007 -1.06068905967181e-008 1.61842814357754e-008 -1.17030801234540e-010 -4.88918488134383e-010 1.11748840423831e-011 1.05694173844524e-011 
1.80359681617782e-005 3.24945518311116e-007 3.38915530693489e-007 3.15352185731188e-008 -3.24849612842716e-008 -6.51062694968167e-010 1.29667908895875e-009 -6.59274986298823e-012 -2.96094496665473e-011 -8.39456656404332e-013 
-6.80879302043235e-005 -1.44920130477662e-006 6.08844373007512e-008 1.92989871650602e-007 -1.29741108413365e-008 -4.32078625069882e-009 6.78943757904364e-010 -9.98007016797979e-011 -1.55571905664757e-011 7.62578316980702e-012 
1.94403748072505e-005 4.55887576349015e-007 -2.84369699041835e-007 1.74419674175868e-008 1.56404358919017e-008 -1.28032727130295e-009 -6.40289517908582e-011 3.09304148653765e-011 -1.21090334891418e-011 1.21639573061363e-012 
-6.81701474005657e-005 1.07543800594780e-006 -2.92712447200670e-007 -2.45443394442533e-007 4.54239027670924e-009 1.36052278503304e-008 1.77844662437265e-009 -2.86518959205734e-010 -1.34438892656556e-010 -5.88456240022081e-012 
2.01451275813743e-005 8.13620877458812e-007 3.05821532899437e-007 -3.26412734491874e-008 -2.84975623590722e-008 -1.39748165293097e-009 1.00334869820605e-009 2.22254999502948e-010 -1.04627266135192e-011 -1.07088911250481e-011 
-6.21927687051131e-002 1.04885424544132e-003 -2.28427206746649e-004 -2.42073221716403e-005 -1.45682564833546e-006 -4.23981285734096e-007 1.99774920616451e-007 2.59823440267832e-008 -5.01152995565122e-009 -6.48288997437204e-010 
3.99147347352026e-001 -5.51235320101073e-004 -8.04822715267582e-005 8.12336399006070e-006 2.67425590962775e-007 3.43252784352478e-007 5.05164381664711e-008 -1.31384974340205e-008 -1.67920888701168e-009 2.82095733132694e-010 
2.82079864359274e+003 9.18908279754739e-001 2.01520067532024e-004 2.37439273198338e-005 1.52597032126646e-006 3.63627385335625e-007 -1.85867926998830e-007 -2.33920465087269e-008 4.62706392257942e-009 5.84283109829869e-010 
-6.25778685684400e-002 -1.47372284949286e-003 -2.39902487282974e-004 6.51387028775959e-005 1.00591546254475e-005 -1.19702267389492e-006 -2.60400366683428e-007 2.37436791996014e-008 4.74827873744146e-009 -4.29497015494463e-010 
3.97990654688415e-001 -4.06162350057775e-004 1.51036746187608e-004 2.06263579209904e-005 -3.53228959125441e-006 -6.55595450956443e-007 6.40717307020553e-008 1.39558822820559e-008 -1.29167162572715e-009 -2.26815129168659e-010 
2.82263874028700e+003 9.21241168415127e-001 2.30731139232146e-004 -5.92565951005759e-005 -9.44366540140486e-006 1.09856414902570e-006 2.40876334309738e-007 -2.18312736108349e-008 -4.37242488560041e-009 3.92304936073936e-010 
-6.46966122576693e-002 -3.44088471713744e-005 4.45420495982198e-004 -1.05006573968144e-005 -1.08758461911821e-005 6.97416045252594e-007 1.16874621238844e-007 -1.30455533372828e-008 2.67647387900275e-010 7.67590953755534e-011 
3.98313161298688e-001 5.91203756636574e-004 -1.31184068369676e-006 -3.06289195648948e-005 1.29867387022531e-006 4.91732460611727e-007 -4.07072287945738e-008 -2.69108306466285e-009 4.64493176482004e-010 -5.58605797950271e-011 
2.82448053263509e+003 9.19982877096986e-001 -4.07327012823194e-004 8.09009349371111e-006 9.94494310953688e-006 -6.33890275006562e-007 -1.07532060668990e-007 1.20982401864289e-008 -2.34758632463375e-010 -7.16668001524163e-011 
-6.27075075192617e-002 1.55837027910742e-003 -7.76986423676335e-005 -3.27740170215761e-005 4.36392835395984e-006 -4.44281841444835e-007 -1.77824706534567e-007 7.99640892141226e-009 4.93074467050191e-009 4.19036189346646e-010 
3.98811927225406e-001 -1.88112499463515e-004 -1.18885872035559e-004 7.68925343728732e-006 3.28447589651927e-007 -3.55343834976839e-007 3.50055454210927e-008 1.21762775501311e-008 2.33131934634181e-010 -2.58506422778908e-010 
2.82631856455877e+003 9.18462560548007e-001 5.73575930967265e-005 2.98905087811404e-005 -3.70578713224150e-006 4.33811435139945e-007 1.60904711403880e-007 -8.16994801739723e-009 -4.57633373137383e-009 -3.71270426544164e-010 
