-1.41701133674606e+007 1.30126123456374e+007 1.67512704109269e+005 -2.54167237224630e+004 -7.67154903595318e+001 -1.26408857214493e+001 -1.35558051078227e-001 2.43794091105486e-003 -1.14738602819600e-004 2.00430001923267e-005 1.71279907424643e-009 3.30947530746074e-008 1.94893214387711e-010 2.84475029806775e-011 
-5.88921959856380e+007 -1.83739513511152e+006 7.07726188914179e+005 3.84566848124706e+003 -2.64815238065114e+002 1.48890531523545e+000 -5.46460134663888e-001 -1.07385734659081e-003 -5.63335797835364e-004 -3.47656255045349e-006 -2.13009491964256e-007 -4.18713748249499e-009 5.50844643505283e-010 -1.27275226289809e-012 
-3.01263343557333e+007 -2.33185552840887e+006 3.60640594825252e+005 4.69128118032888e+003 -1.33487193607446e+002 2.10684952954946e+000 -2.77817587275640e-001 -8.26546458524245e-004 -2.88992110689927e-004 -3.93660456454769e-006 -1.13955284127868e-007 -5.67040255327386e-009 2.73999446737063e-010 -3.63010302708877e-012 
1.22013290492423e+007 1.30915982783647e+007 -1.53703032311813e+005 -2.88185951076099e+004 -3.55606196206158e+002 -1.47459224160059e+001 8.17325860765177e-003 1.35708342610303e-002 1.02630079009497e-003 5.77597521662245e-005 2.23464085479502e-006 8.00884330659348e-008 1.46715716008694e-009 -2.13000677717322e-011 
-5.68114334312702e+007 3.93440368484382e+006 7.27005801844213e+005 -9.14672556046753e+002 -3.79856605544556e+002 -1.41976560375548e+001 -8.58880608647121e-001 -2.25457809023871e-002 -7.94752149385015e-004 -4.40631838186499e-006 6.43049474894076e-007 6.79603836003439e-008 3.91679136939692e-009 1.77413390288981e-010 
-3.17517261784827e+007 7.42868558468759e+005 4.04267046847110e+005 2.50158617262939e+003 -1.65997927341937e+002 -6.05346437137169e+000 -4.59605927833123e-001 -1.34506082813672e-002 -5.30994513566292e-004 -8.34671844293617e-006 1.11617163663708e-007 2.79912739265598e-008 1.93997599137864e-009 9.69802943294194e-011 
3.59774017753977e+007 1.03606327369729e+007 -5.42779741696320e+005 -3.66289013011750e+004 -5.87610898673338e+002 -3.55603395365265e+000 1.32665031145152e+000 1.04297188885928e-001 5.58782462085279e-003 2.10096382782318e-004 3.45643477215771e-006 -2.62918112026997e-007 -3.31301760121788e-008 -2.21488753946865e-009 
-4.32538514326502e+007 9.57309571586527e+006 6.65856766297057e+005 -1.06487641174156e+004 -9.35192122358833e+002 -4.49980413913391e+001 -1.77691476251801e+000 -3.45704080090837e-002 1.07455639293180e-003 1.85182734658683e-004 1.29362072769816e-005 6.37552075415970e-007 2.04313357445129e-008 2.28473922019782e-011 
-2.69776586175785e+007 4.03804913224328e+006 4.11974823641567e+005 -1.88735557990268e+003 -4.38549907978430e+002 -2.36660804541202e+001 -1.08676396439818e+000 -2.92868460374924e-002 -5.79273230190064e-006 7.71168192840638e-005 6.55122274222209e-006 3.67811202070285e-007 1.43482006617409e-008 2.41790101403263e-010 
5.08592929651675e+007 4.11293200227902e+006 -1.03169579863301e+006 -4.34240991660132e+004 2.95858432036975e+001 9.00674325145820e+001 7.70845607937591e+000 3.56076330778338e-001 4.08992664103326e-003 -9.90111851273088e-004 -1.09003407591493e-004 -6.26420536186959e-006 -1.38656770193003e-007 1.36930391614961e-008 
-1.94201712742856e+007 1.40500520438424e+007 4.10624281746226e+005 -3.52613763455462e+004 -2.27568013750205e+003 -8.40466866001053e+001 -1.74209967658004e-001 2.70762215413033e-001 2.46926046800668e-002 1.23385286210693e-003 1.66639689418760e-005 -3.52130289358872e-006 -4.10668913897002e-007 -2.46661615820801e-008 
-1.57919301609397e+007 7.07759350511860e+006 3.26374894555501e+005 -1.43287634269576e+004 -1.21858996729469e+003 -5.42373031007015e+001 -8.92839714873740e-001 1.07678940271508e-001 1.27646801796765e-002 7.61755952806772e-004 2.02111804077622e-005 -1.23063662898746e-006 -2.04958444910134e-007 -1.45989131956752e-008 
7.16203720158730e+007 1.77849857876630e+007 -8.84541295621673e+005 -3.64808277172190e+004 8.87042880466778e+002 2.10354292988359e+001 -3.11288703536146e-001 -4.22991492583714e-003 2.17153620898183e-005 -4.85443662004493e-007 
-7.02429932891436e+007 1.49345290954945e+007 8.83960702963593e+005 -3.06190777274980e+004 -8.86566920840260e+002 1.76531836724513e+001 3.11113695441183e-001 -3.55292151110275e-003 -2.11605664070954e-005 -4.11387545680540e-007 
-3.61678571894353e+007 5.59192385119847e+006 4.53626173560601e+005 -1.14642491107483e+004 -4.54956711986427e+002 6.60945956464199e+000 1.59655147535487e-001 -1.33026249781251e-003 -1.08603554188501e-005 -1.51126749263190e-007 
9.89173516844511e+007 9.22799324364759e+006 -1.22469357466245e+006 -1.93673989207341e+004 1.22380707133395e+003 1.22112579556154e+001 -4.21561589276879e-001 -3.68153220892174e-003 1.47926172227056e-005 4.79358287651721e-007 
-3.46167528299869e+007 2.03246470974997e+007 4.44290372880601e+005 -4.16093737557630e+004 -4.67366459111928e+002 2.38307849051668e+001 1.98935234051822e-001 -4.59111120150285e-003 -4.31114464444400e-005 2.35121469210077e-008 
-2.18705588716352e+007 8.55823398200362e+006 2.77379466427451e+005 -1.74913155959039e+004 -2.87702045286313e+002 9.94703950918187e+000 1.16157098910754e-001 -1.83869187541684e-003 -2.08403080136496e-005 1.39627954667347e-007 
1.09827281830898e+008 -1.40832652287916e+007 -5.34552617109869e+005 1.08591989612965e+004 2.38474185690488e+002 -2.27233986997662e+000 -5.44281332623049e-002 -1.47745112018665e-004 -1.30690661750324e-005 5.10006230001433e-006 -1.52848178795343e-007 1.43958194685704e-007 2.48096586022167e-009 
9.18432617182543e+007 1.39371362230950e+007 -4.41290780886152e+005 -1.17399099157395e+004 1.65362827056397e+002 3.48246657187318e+000 -1.92154323417732e-002 -9.28740655410381e-004 9.63147478340433e-006 3.91201898728859e-006 1.09575127625891e-007 9.10449050602216e-008 -3.48412052543374e-008 
3.98025430119246e+007 6.04327799599422e+006 -1.91343053382458e+005 -5.09033032417604e+003 7.17021429797392e+001 1.51019468840787e+000 -8.44380465114433e-003 -4.17251350838276e-004 9.52827551743396e-006 2.00308637319360e-006 -1.69932729321574e-008 4.01623828580346e-008 -1.99449727237928e-008 
7.78401980076981e+007 -1.77774973052510e+007 -3.83079383001585e+005 1.42401498737623e+004 1.80064765604517e+002 -3.53381153861621e+000 -4.72763210759050e-002 8.49843562226646e-005 -5.38163784341443e-005 2.12221967347253e-005 4.57016928126014e-006 -1.05924721938650e-006 -3.53361027661950e-007 
1.15776205275643e+008 9.89336661385231e+006 -5.64097624054543e+005 -8.56909930677828e+003 2.28764525351919e+002 2.78716853626919e+000 -3.98565957044394e-002 -1.14447335138369e-003 5.33002667016222e-005 3.05842234566484e-005 -1.90488314395950e-006 -1.97771921601150e-006 3.09027206817905e-009 
5.01801474293686e+007 4.28990905542546e+006 -2.44590986559337e+005 -3.71547296080794e+003 9.91927048114330e+001 1.20840710518423e+000 -1.74538948094712e-002 -4.88504175261974e-004 3.71856928318016e-005 1.30096967161394e-005 -1.73030352662095e-006 -8.81241713918399e-007 5.71851116405871e-008 
1.91349934407528e+008 1.33089359491607e+007 -1.37927485624843e+006 -1.54310388682843e+004 1.06406577349474e+003 9.30748408292500e+000 -7.30042175124788e-001 -6.20814327637237e-003 5.68863846840616e-004 4.58474010874152e-006 -2.25853179580565e-008 
-6.41582012005881e+007 3.10118467907286e+007 4.71669397038987e+005 -3.73083525189162e+004 -3.39549725817667e+002 2.48683415196265e+001 2.03228901007723e-001 -1.87341615202268e-002 -1.29874122981252e-004 1.91063133425383e-005 2.86239365164878e-007 
-3.46568736224345e+007 1.38636821758640e+007 2.53676326954128e+005 -1.66942624271225e+004 -1.84540691296246e+002 1.11551644736004e+001 1.13061072625196e-001 -8.43625067507210e-003 -7.87317288076818e-005 8.42229291888127e-006 2.00410711561917e-007 
2.58926278994819e+008 1.67799176490555e+007 -3.54181085557806e+004 -4.02718835426574e+002 7.49853753897440e-002 3.15230674138656e-003 7.06285389900487e-006 5.59174401275243e-008 
-6.66723768267843e+008 6.47382726278167e+006 9.13582356762037e+004 -9.64977172543938e+001 -1.14779535917962e+000 -7.80153604612789e-004 6.68305009871681e-006 -7.32940316503839e-008 
-2.92110675525955e+008 2.36612238839407e+006 4.00237072991473e+004 -3.15517858070172e+001 -4.93811795791187e-001 -4.11775290990288e-004 2.59502327704619e-006 -3.08889649756236e-008 
-9.64657620531631e+008 9.40658791640273e+006 1.88637995055913e+004 -3.37986649033181e+001 -1.88524092322517e-002 3.04144847329144e-005 -7.34411237340881e-008 
-1.05138881545234e+009 -7.93433251884297e+006 2.05547995210101e+004 2.25268946436130e+001 -3.54013181840750e-002 -1.49185417200082e-006 -2.88306192092313e-008 
-3.92736232996208e+008 -3.68139144810926e+006 7.67779677391249e+003 1.07583314420996e+001 -1.38255658011809e-002 -1.90472019651967e-006 -8.87877450714913e-009 
-7.97953585231107e+008 8.96633697266574e+006 2.19359712310999e+003 -4.28257166107855e+000 -4.56873553923027e-005 9.59525872502184e-007 
-2.50791795057093e+009 -2.77276683977643e+006 6.89617804504169e+003 7.30650571665858e-001 -1.67998025495267e-003 4.28811427980465e-007 
-1.08709902594294e+009 -1.34138526097467e+006 2.98950040547896e+003 3.80913301631845e-001 -7.34614982973459e-004 1.70684706213652e-007 
8.82554083717665e+007 7.46407769464203e+006 -6.08332313269654e+001 -8.52033339938426e-001 -8.40145198070515e-006 6.54064654492597e-009 
-4.18641521067662e+009 2.42251631632375e+005 2.86846469126273e+003 -1.34841479725706e-002 -1.67072062539420e-004 5.17820309386462e-008 
-1.71572995091433e+009 -8.66184407014372e+004 1.17557129569013e+003 1.56864359107420e-002 -6.80868409373512e-005 1.96591616515188e-008 
-3.60245165745284e+009 4.66336267671992e+006 2.58401885841059e+003 -4.55015721424702e-001 -2.92266062881048e-004 3.54567499722140e-008 
-2.60963494849492e+009 -6.17469116641851e+006 1.87158767237447e+003 8.12843232089485e-001 -1.41960293631425e-004 -1.26170796917733e-007 
2.71001086650984e+008 -3.33187980696424e+006 -1.94647039084845e+002 3.91056266049130e-001 4.23343231695869e-005 -4.79562287916614e-008 
3.61128455399253e+004 1.72806721254309e+005 -2.04390339291314e+003 -1.55726270678031e+003 4.74820208849676e+001 3.03773935769119e+000 -3.86986732711044e-001 1.79599795993610e-002 1.06437183282457e-003 -1.95335521010734e-004 8.51503619963800e-006 6.27992762825482e-007 -1.13209356600880e-007 
-3.20153574824502e+005 9.83095809432182e+003 1.81784829343248e+004 -3.71689009926002e+002 -7.58662235618278e+001 4.36444279725652e+000 -3.61628080498924e-002 -2.17265119190691e-002 2.02188126454955e-003 -1.56833633256790e-005 -1.18068720862340e-005 1.07876240429091e-006 -5.87038807061126e-009 
-1.61007602346435e+005 -1.01302013757795e+004 9.13471187244335e+003 -4.74349628213581e+001 -4.14878339296803e+001 1.88281275787202e+000 1.57954739172786e-002 -1.22537891304135e-002 9.03159999632262e-004 9.22964508581179e-006 -6.55263185035889e-006 4.76720744793727e-007 6.93129117217240e-009 
3.16855749713875e+005 9.68803865407281e+004 -1.52986064930711e+004 -6.33664976272037e+002 5.77766107111637e+001 -3.33554976398549e-001 2.55196685842962e-002 4.40844380100454e-003 -6.06960721382096e-004 2.02587969534709e-005 -3.44190341653561e-008 -7.98048387630843e-008 1.05534059729625e-008 
-1.79928003067985e+005 1.22538345781374e+005 8.86410880408189e+003 -1.03330183789003e+003 -1.68346722531869e+001 1.52855253096613e+000 -7.18933427580945e-002 7.15748808712639e-003 -2.17547483691426e-005 -2.25735290280085e-005 1.67503882064608e-006 -1.04295473605435e-007 1.66510271065755e-009 
-1.16210538106395e+005 5.20206015725584e+004 5.70128388174298e+003 -4.53905281046349e+002 -1.33559425996670e+001 7.80314299181049e-001 -3.75238931939216e-002 3.14454965637705e-003 4.20028423564062e-005 -1.28731214938214e-005 8.27360123192054e-007 -4.44463494505812e-008 -9.51344270288004e-011 
3.75091450867327e+005 -4.04239505384576e+004 -1.74312479867157e+004 2.81120817570697e+002 5.84968936819319e+001 1.70535222084212e-001 -2.68888674249435e-002 -5.14556170310135e-003 -1.82746446550227e-005 1.61597974367817e-005 6.26052030640021e-008 -2.41516554675167e-008 -3.14200589043088e-009 
9.49008176160848e+004 1.41296994911597e+005 -4.27828706829754e+003 -1.09162819570882e+003 1.02338840502852e+001 1.66886511228956e+000 5.04823840032344e-002 2.57676615350784e-004 -2.93499679044703e-004 1.36633855485804e-006 5.94740511898216e-007 2.30963790711436e-008 -9.82266228549392e-010 
1.42988247397152e+004 7.32244623847732e+004 -5.91574260775186e+002 -5.62913413747901e+002 -8.72551417712966e-002 8.08800698906649e-001 2.73533012450178e-002 5.74074534246462e-004 -1.43187095587591e-004 -7.40280487740171e-007 2.87898848798046e-007 1.35241499404436e-008 -2.11295760709767e-010 
1.76597075937269e+005 -1.50662932367888e+005 -8.56568993442714e+003 1.16551715167980e+003 4.55155484938293e+001 -1.80083536381397e+000 -1.08774779407889e-001 4.56807926449035e-004 1.66939511401538e-004 -1.47926831839134e-005 -8.68155015867559e-007 7.02667152082744e-008 5.49059053877100e-009 
3.05658750017030e+005 6.03626655261896e+004 -1.51150670991197e+004 -6.09312752893827e+002 5.16780616345339e+001 2.12990440889660e+000 -3.17462051279715e-002 -3.81244544505862e-003 1.02664940659578e-004 8.31931579530295e-006 -1.11241692404189e-006 -6.54392451190177e-008 3.08500821203486e-009 
1.35559082333880e+005 4.29004277970516e+004 -6.71188504447428e+003 -4.02475039712390e+002 2.15183893105796e+001 1.20995867894975e+000 -6.13760666795388e-003 -1.92398553739025e-003 3.60232785235544e-005 5.39491523211394e-006 -4.73138457927873e-007 -3.84347930541725e-008 1.04303609284256e-009 
-1.42585552674245e+005 -1.54481204166385e+005 8.16455950010509e+003 1.47196696014156e+003 -1.47434283945920e+001 -4.17466445748099e+000 -9.85154009620872e-002 -4.86575529076097e-004 1.34110414240269e-004 4.34477244813980e-005 3.12005110585906e-006 -3.82982890306349e-008 -1.46982385397777e-008 
2.94103688446746e+005 -7.29318409943166e+004 -1.62767874443203e+004 4.87200446327721e+002 7.97441796243769e+001 3.61505581161422e-001 -1.21362760728437e-001 -5.75427973874854e-003 -4.26089923214615e-004 -1.65839353653952e-005 2.16705438311187e-006 2.35013105945853e-007 5.44707556797609e-009 
1.57633836691130e+005 -2.25519979965833e+004 -8.74603804381501e+003 1.11996157415680e+002 4.06627479404173e+001 5.44080152238893e-001 -5.13737920004349e-002 -2.80298811102257e-003 -2.22070300143729e-004 -1.19706463965894e-005 7.98045554670672e-007 1.19391015363971e-007 3.97245955879068e-009 
-3.37780593712408e+005 -2.96049338025884e+004 2.13022670985481e+004 4.67992062845139e+002 -1.12395280413542e+002 -4.31517235217661e+000 2.48307906198914e-001 3.15365247077697e-002 7.75928152832550e-004 -1.55700129891354e-004 -1.53809306176186e-005 1.55152716878276e-007 1.17839741695109e-007 
5.13344813991464e+004 -1.58928643466429e+005 -3.26131285880508e+003 1.58300532709293e+003 3.82769724114641e+001 -5.49323908293296e+000 -3.35674864422083e-001 4.67101936568632e-003 2.16031016897976e-003 1.16824713515645e-004 -7.70645200825371e-006 -1.29411563231635e-006 -2.50166552133553e-008 
5.47769734418583e+004 -7.58885376493144e+004 -3.46661909374358e+003 7.40809551061561e+002 2.87163439658819e+001 -2.33656896230718e+000 -1.87501355058244e-001 -4.42116513663480e-004 9.99385165070690e-004 7.12665383013840e-005 -2.46517190799939e-006 -6.52622721361500e-007 -2.26267931710403e-008 
-2.32521736138388e+005 1.29627902893257e+005 1.50705926849148e+004 -1.43860970674160e+003 -8.38134892751817e+001 7.84347848181376e+000 3.50537349451755e-001 -4.71718074993099e-002 -2.13246627672775e-003 3.44199350707170e-004 1.57742311653381e-005 -2.78531924766463e-006 -1.22895101155335e-007 
-2.31896875949142e+005 -1.08968998135735e+005 1.48569256454170e+004 1.07451338741701e+003 -9.95328640111264e+001 -4.46720302372782e+000 5.41944298495104e-001 2.18732221769993e-002 -3.63409927863681e-003 -1.51264083939409e-004 2.81349078807579e-005 1.14934753859765e-006 -2.34203175235774e-007 
-9.42330952694756e+004 -6.50931132410777e+004 6.02359868473003e+003 6.56062185750807e+002 -4.18471285009720e+001 -2.89115050049293e+000 2.37066982804434e-001 1.49182073183478e-002 -1.60876904193474e-003 -1.04714253542492e-004 1.25191016169902e-005 8.10425150764104e-007 -1.04945492798710e-007 
8.48744370716915e+004 1.70953278450115e+005 -4.82336941108770e+003 -1.51149874663407e+003 5.66581866504999e+001 3.04847508934201e+000 -4.04735316537696e-001 1.34285398946531e-002 1.62412540825654e-003 -1.83246567611060e-004 1.40910426189176e-006 1.13211772392460e-006 -8.60647685682608e-008 
-3.10782635188840e+005 3.22694091799555e+004 1.75450155192205e+004 -5.45929748518791e+002 -7.21518136321602e+001 4.64098960596747e+000 -9.64977003769553e-003 -2.48522597829938e-002 1.70692123936862e-003 4.85226373209792e-005 -1.39188680839405e-005 6.02530097016228e-007 5.68629837378522e-008 
-1.60815462109749e+005 1.05569244201281e+003 9.08467826446755e+003 -1.38012635287428e+002 -4.05908761228693e+001 2.02579321279808e+000 3.05905756078341e-002 -1.34424581584900e-002 7.01266389261173e-004 3.99407588898602e-005 -6.99639799582259e-006 1.98837419918955e-007 3.55837952241490e-008 
6.80495857528872e+004 -9.77913186837438e+003 1.06785088861205e+001 1.41956359112559e-001 -2.35608515753380e-003 2.94546406184947e-005 1.91073458872402e-006 -8.61361255994619e-008 -1.35568543544828e-008 5.99666965527184e-009 -3.51533519919791e-011 
1.26419278455505e+006 -1.89264897446752e+003 -2.47995068836743e+001 1.20110851423890e-001 2.52991716157130e-003 -2.39274123131732e-005 6.13922139234645e-006 2.49218401434228e-007 2.83897519747911e-008 -1.68039573313597e-008 -5.05685316787815e-011 
5.27597990383055e+005 -5.65159879087605e+002 -1.09781450014415e+001 4.24936287410266e-002 1.29049212911976e-003 -1.25016134838284e-005 3.18757217863852e-006 1.40981098007742e-007 1.65563082522763e-008 -7.13872235723177e-009 -1.99872962875453e-011 
4.85817237576289e+004 -9.68748331978007e+003 1.21751526768562e+001 1.07936181198050e-001 -2.40760710366234e-003 -1.73124680648648e-004 -3.89228579009303e-005 -4.81175067005006e-006 -3.65133396322018e-007 5.61362050732158e-009 4.24318734996246e-009 
1.26021416099348e+006 -2.08455655715890e+003 -2.30942032457576e+001 1.68969963693677e-001 4.59151936027686e-003 2.90865994669711e-004 1.82568819692615e-005 -8.96574069881158e-007 -3.67031828697802e-007 -7.16752541249552e-008 -4.82378374087932e-009 
5.26381719549151e+005 -6.50574597873534e+002 -1.03324318867896e+001 6.79039542601565e-002 2.48801030931661e-003 1.79004693726389e-004 1.38770555199833e-005 1.88068163569177e-008 -1.58178871474419e-007 -3.63904656053283e-008 -3.01352335668395e-009 
-7.63393972497314e-005 7.52789413857533e-007 -6.56941833675845e-007 -8.86706738993467e-008 5.13885668089233e-008 -2.31515759688560e-009 -8.42906002677101e-010 2.78551547759655e-010 -6.04049004387634e-011 1.70362078194994e-012 
2.40942006604457e-005 2.24278003365194e-007 1.78165749935593e-007 -8.87377756491757e-008 -4.52451765913563e-009 3.74047328002452e-009 -6.59066565966373e-010 5.06000066484316e-011 3.92854569341373e-011 -1.05187361750014e-011 
-7.73343740850865e-005 -4.99523883873183e-007 6.72307019298343e-007 9.04677655470527e-008 -3.56427255239755e-008 -4.45954764835461e-009 5.64898124510536e-010 1.31109741368854e-010 -1.30678104455126e-011 -3.41479339627397e-012 
2.37700182210308e-005 -8.17743694013409e-007 -1.16246443349894e-007 7.63609844915241e-008 9.69197648858887e-009 -1.97165339017662e-009 -2.94713517554059e-010 -1.95444187649775e-011 3.02668126895666e-012 3.08078437932305e-012 
-7.60005985670012e-005 4.37946627099422e-007 -7.50708574899914e-007 -1.13938243673945e-008 7.51782207973886e-008 5.98139063029836e-009 -2.29045073936106e-009 -4.22259588838516e-010 -4.73122820656369e-012 9.89517982879369e-012 
2.32196131426712e-005 4.14586066140787e-007 -2.53941918693428e-009 -1.30216187522327e-007 -7.29599851225953e-009 6.54409916130509e-009 8.84404771126456e-010 -9.02420982808127e-011 -4.17600616249453e-011 -4.60678673828257e-012 
-7.48931618037158e-005 2.06279700302433e-006 4.73445838773990e-007 -2.89839995210942e-007 -3.23953262289876e-008 2.23328598627096e-008 -7.65809818881186e-011 -1.12849347205729e-009 9.11517682650192e-011 4.41795295072054e-011 
2.27002705416012e-005 -6.04343764733151e-007 3.04237016665561e-007 7.56678217060534e-008 -3.64691843171711e-008 -2.56015378641677e-009 2.22815081937867e-009 -3.82758709249372e-011 -9.56417907540619e-011 5.75708635640096e-012 
-6.01484610964435e-002 -1.90956252227020e-003 1.04064362182748e-004 9.75672132840227e-005 -2.99937175778213e-006 -1.88613567930249e-006 1.04696986727234e-007 1.55967570583424e-008 -2.48876676212497e-009 2.83407733656752e-010 
3.94987185362436e-001 8.06088170744080e-005 2.06295309482913e-004 -7.40407998716138e-006 -5.59534553374604e-006 2.14326299095015e-007 7.66667148997503e-008 -6.84237711291969e-009 5.46984915141317e-011 7.82678958936176e-011 
1.29011037144712e+003 9.21677639001021e-001 -8.09076027678598e-005 -9.11729750652648e-005 2.61304230754827e-006 1.76824269095779e-006 -9.99418479129935e-008 -1.44521833180970e-008 2.38436097712769e-009 -2.73531405894009e-010 
-6.11181795413219e-002 1.15865123875533e-003 3.64176321772274e-004 -5.78292639628887e-005 -5.01678618125693e-006 1.35482527984783e-006 1.91584256623758e-008 -1.88256023011775e-008 -4.70471869732506e-010 1.70052123523640e-010 
3.95889939495283e-001 5.39163227782390e-004 -1.12903951027286e-004 -2.00278472510371e-005 3.67466357233055e-006 1.36321949918295e-007 -6.57932126076193e-008 -9.42406647865040e-010 7.29947905892087e-010 3.74127766457503e-011 
1.29195116012370e+003 9.18892453015971e-001 -3.40671753270457e-004 5.15967322494681e-005 4.66832213140563e-006 -1.23748214468705e-006 -1.67793616324995e-008 1.72599928054876e-008 4.18431315637335e-010 -1.54204098267548e-010 
-5.80451389493388e-002 1.41221723338243e-003 -2.29583469929700e-004 -2.94656873558721e-005 -1.23255597766733e-007 -6.96712926991647e-007 8.96546501700960e-008 3.33711553168816e-008 5.56006517940732e-010 -4.95209471255784e-010 
3.95879105371344e-001 -5.34643414904941e-004 -1.04601079306578e-004 9.22290704416221e-006 1.04676609832588e-007 1.86242365664830e-007 7.12296612764978e-008 -3.15572804153993e-009 -1.81168977473390e-009 -1.34208991361115e-010 
1.29378816519426e+003 9.18568734001376e-001 1.98997912300615e-004 2.82195809362227e-005 3.96277086436648e-007 6.47001607233092e-007 -8.47875323371911e-008 -3.12388134648974e-008 -5.70251356753129e-010 4.60895453971052e-010 
-5.79536893504998e-002 -1.43929361015612e-003 -3.31139559527646e-004 6.04654440393289e-005 1.26427982331721e-005 -1.05786514113352e-006 -3.40301934612264e-007 3.59069633188355e-008 7.01306890923475e-009 -1.52120122793298e-009 
3.94590589454994e-001 -5.40503948242782e-004 1.47258659888425e-004 2.66418387340604e-005 -3.13134862466655e-006 -8.13303377135061e-007 7.03847807217079e-008 1.90982656776804e-008 -2.95149025647612e-009 -3.17017800086033e-010 
1.29562779809001e+003 9.21196118137644e-001 3.18256943883014e-004 -5.44967366980827e-005 -1.20319721042055e-005 9.68735454076443e-007 3.22616000863126e-007 -3.35552728060644e-008 -6.68874622335353e-009 1.42924421406869e-009 
