-3.30903587042217e+007 -1.57711368151906e+007 1.04381312612938e+006 5.67023658002622e+004 -6.63070910680741e+003 1.29415063543487e+002 2.59090059429734e+001 -2.53546992820725e+000 1.70249492357566e-002 1.55892895781146e-002 -1.27366277112689e-003 -1.60038458940586e-005 1.06222856265982e-005 -7.02968722578246e-007 
3.05952958875409e+007 -9.69893225316900e+006 -1.01377482642505e+006 8.10263737009751e+004 7.46610223098620e+002 -3.95799253620508e+002 2.20671084338322e+001 7.86503221694663e-001 -1.93942750809227e-001 8.86902072479783e-003 6.86634319412340e-004 -1.15331666078790e-004 3.70957046856873e-006 5.83445935554269e-007 
1.96258679758802e+007 -3.54610786297923e+006 -6.49746267984012e+005 3.74069143354654e+004 1.08610988711309e+003 -2.24848649625668e+002 9.10270431151802e+000 6.82946153500776e-001 -1.05367881881459e-001 3.12202322225861e-003 4.98805828976058e-004 -5.99518334384084e-005 8.80757119496218e-007 3.84553474213313e-007 
-5.51950276313636e+007 -6.18807637865473e+006 1.22751480923997e+006 -1.43346621946476e+004 -2.16137208340982e+003 1.86606791092026e+002 -8.21847586948883e+000 -2.23796020926479e-002 3.62297517067337e-002 -3.22911667047088e-003 1.34503366879551e-004 2.68299223859646e-006 -9.22543295838172e-007 7.63373241949448e-008 
6.03156524309584e+006 -1.41307194091101e+007 -1.38442679527694e+005 5.75158818968012e+004 -2.32890598887548e+003 1.60332006205959e+001 6.82769740792359e+000 -6.53005052264865e-001 2.97608611906855e-002 1.57723277107121e-004 -1.52475587706333e-004 1.37411704842686e-005 -5.71422250250385e-007 -1.33890459951324e-008 
8.79586032264782e+006 -6.90683284789913e+006 -2.01186378929350e+005 3.22106508504299e+004 -1.02007073526701e+003 -1.07769721223426e+001 4.49919554211418e+000 -3.46513907475737e-001 1.21427961816496e-002 4.18970524139467e-004 -9.53930845676152e-005 7.06213889339971e-006 -2.09602422485155e-007 -1.50644055287389e-008 
-5.85647494972077e+007 2.57492456378417e+006 9.39256486035459e+005 -2.86568274178371e+004 -1.02403853920077e+002 4.01251476142861e+001 -3.38694030080810e+000 1.67214030416624e-001 -5.32664584754033e-003 -1.80601559656388e-005 1.75212678377360e-005 -1.53547682490198e-006 8.53090641331785e-008 -2.91581146234888e-009 
-2.15609122705086e+007 -1.30522861047677e+007 3.54917530944200e+005 2.72697033081530e+004 -1.35630162973470e+003 5.19974333229018e+001 -1.04950911894439e+000 -4.75046691554264e-002 6.73099063358982e-003 -4.58479155206918e-004 2.06204278708130e-005 -4.53518792430674e-007 -2.43248490433662e-008 3.72932483816995e-009 
-5.59395374956415e+006 -7.23901066801161e+006 9.22435363676969e+004 1.75376905724660e+004 -7.13919669511550e+002 2.36179752183819e+001 -2.09589624152758e-001 -4.27087735548235e-002 4.14780578652210e-003 -2.43047826652175e-004 9.19932612877032e-006 -8.31099916671976e-008 -2.18375930209613e-008 2.29451045435875e-009 
-4.69833182317955e+007 8.72445223219911e+006 6.01278168835680e+005 -2.70255128197799e+004 1.74529639550414e+002 -2.24052214490473e+000 -7.22403502626995e-001 4.17510844404229e-002 -2.15083746066305e-003 8.20590528474985e-005 -2.17792523297419e-006 8.35615001650761e-009 4.23112049960691e-009 -3.57188121836331e-010 
-4.40044261099667e+007 -9.20376741393443e+006 5.81322879642446e+005 1.23575211075367e+004 -5.97671658649830e+002 2.45439614114982e+001 -9.62890084261961e-001 1.98595838546989e-002 -1.19003293495723e-004 -4.13121707197849e-005 3.13704826324223e-006 -1.77234671578537e-007 7.48116334715773e-009 -2.34033160033095e-010 
-1.87828690509705e+007 -5.82052887262851e+006 2.48220137773853e+005 9.40254602101986e+003 -3.37364971502834e+002 1.33435666723146e+001 -4.39497578780681e-001 6.28147171185450e-003 1.59362623760042e-004 -3.05743627312088e-005 1.90155457162827e-006 -9.55450980245008e-008 3.55789874432420e-009 -8.79986769800988e-011 
-8.34694171066221e+007 -1.52825177050974e+007 1.05775945425497e+006 3.24706470862715e+004 -1.15537497169977e+003 -2.16424909485622e+001 5.70896215987270e-001 7.99219498721189e-003 -2.07036517614506e-004 2.30896699042529e-007 
5.95543774298607e+007 -1.74821205488326e+007 -7.61272271404309e+005 3.73756139763250e+004 8.20282561508474e+002 -2.55479762515002e+001 -3.86155017451436e-001 1.03804962536869e-002 1.39193412967160e-004 -6.78495884880022e-006 
3.20178836637322e+007 -6.89918235117029e+006 -4.09465218241617e+005 1.47631549201223e+004 4.42195172395635e+002 -1.01268798778071e+001 -2.09781608975583e-001 4.15255451307016e-003 7.49587861664787e-005 -2.32743269741148e-006 
-1.04578767586522e+008 -5.60385262141495e+006 1.32479238816357e+006 1.13281067064060e+004 -1.43722553569349e+003 -6.06893224448715e+000 6.91764979456842e-001 4.28485375189237e-004 -2.40983830140218e-004 1.17115315532851e-006 
2.00503818079061e+007 -2.15967385121901e+007 -2.52224399766727e+005 4.60142423880390e+004 2.41967169223006e+002 -3.10114837735097e+001 -6.20777753516428e-002 1.19504926324721e-002 -2.70262251923995e-005 -4.11832451293660e-006 
1.55785614324556e+007 -9.36295313313576e+006 -1.97308913602961e+005 1.99878379127911e+004 1.99805017627852e+002 -1.35699160005541e+001 -7.16885954560011e-002 5.34913441059693e-003 3.10714264907907e-006 -1.91970092139254e-006 
-9.30457813251772e+007 -1.63581858921343e+007 4.56145543788171e+005 1.32936924263780e+004 -2.07014822707369e+002 -3.50740950359465e+000 5.24896714106881e-002 9.45840674702414e-004 -7.63407197276720e-005 -2.71456593116044e-005 2.52454608950775e-006 1.84788739309051e-006 -2.52689303668712e-008 
1.05333890930029e+008 -1.18734998312805e+007 -5.21690976839313e+005 1.00725227422065e+004 2.17737722912506e+002 -3.09141982410797e+000 -4.09369777986735e-002 2.72581290503336e-004 -5.31567324960578e-005 2.66701881842546e-005 4.69592763528136e-006 -1.34803935841942e-006 -3.99060151165390e-007 
4.56910712166236e+007 -5.14683049284893e+006 -2.26151009453813e+005 4.36622562197476e+003 9.43863005560657e+001 -1.33982118076533e+000 -1.78422793089747e-002 1.63240229752814e-004 -1.74202745160338e-005 8.40295783943062e-006 1.57346557089267e-006 -4.11130106096836e-007 -1.32122858946906e-007 
-1.21650796109351e+008 -1.21320970297945e+007 5.93714806948986e+005 9.49266566482889e+003 -2.63703059675402e+002 -2.12927952235095e+000 6.24536769497943e-002 3.54463072298057e-004 -4.81562891244619e-005 -8.83669314628746e-006 -3.29438776169183e-007 2.57583720521108e-007 6.52670775124308e-008 
7.78346233839843e+007 -1.55093435768391e+007 -3.82117262675229e+005 1.30137861637547e+004 1.47522060438595e+002 -3.83658476371361e+000 -1.97797554912064e-002 5.66153442986703e-004 -1.30816711961791e-005 5.27410083213573e-006 9.33187300636250e-007 4.45902796715593e-008 -4.79945095609624e-008 
3.37708100726996e+007 -6.72296294173755e+006 -1.65648374576710e+005 5.64127893832725e+003 6.39531288121089e+001 -1.66349069859906e+000 -8.52280194961819e-003 2.74771424684286e-004 -7.91763625804199e-006 1.17962758628121e-006 3.57381491269090e-007 4.19829452211231e-008 -1.34749855005881e-008 
-5.97672666248814e+007 3.34712566276831e+007 3.34960606461161e+005 -2.96821637642319e+004 -4.82960770544494e+002 4.19682204906381e+000 3.14865347948003e-001 5.72321494514362e-003 -4.57105882571728e-005 -4.90622075189261e-006 -9.94097869018463e-008 
-1.94468041299848e+008 -5.07222449737272e+006 1.12074098174009e+006 1.25928795540961e+004 -4.53595470956214e+002 -1.23514732904270e+001 -7.47919569287710e-002 5.04848923154162e-003 1.73018306016666e-004 1.28699679776138e-006 -4.53368539382275e-008 
-8.76019760217272e+007 -3.22897447103506e+006 5.05023311982348e+005 6.57695890241432e+003 -1.95023308801968e+002 -5.77862749864178e+000 -4.28017672113095e-002 2.16186381756540e-003 8.06788932511879e-005 7.41522998211345e-007 -1.89369782437056e-008 
7.08486777912154e+008 5.31027148705073e+006 -1.08480262018147e+005 -1.69013760025012e+002 1.48148083290888e+000 2.82960496753044e-003 -1.25758064430322e-005 4.59364352580735e-008 
-2.02984883958193e+008 1.66298430255458e+007 3.10680172293103e+004 -4.14418421798394e+002 -6.38831746680451e-001 3.95444636172564e-003 1.06069393249759e-005 -4.51754953984813e-008 
-1.04251306955676e+008 6.99884695432368e+006 1.59570719871305e+004 -1.73517793675015e+002 -3.09868918325175e-001 1.62575523037153e-003 4.83034314936386e-006 -1.34960021233752e-008 
1.05943446782414e+009 8.58581203275045e+006 -2.06580522152708e+004 -3.12933129438616e+001 2.09622254239156e-002 3.16962844535062e-005 3.69646971994597e-008 
-9.40352536208717e+008 8.93861432549556e+006 1.83598014444507e+004 -2.61026882261097e+001 -3.29895177998438e-002 8.58812402446704e-006 4.17466679240342e-008 
-4.34044408017455e+008 3.32226189363724e+006 8.47384534353657e+003 -9.43425204688072e+000 -1.45688498334790e-002 2.41278746709982e-006 1.64872968873666e-008 
2.13787106245928e+009 -6.55364647203126e+006 -5.28968101362835e+003 2.38650363393213e+000 1.18329648571802e-003 -1.29592583957183e-007 
1.87170129580198e+009 5.81599473489570e+006 -4.63121771066915e+003 -2.68245173517180e+000 6.15446723756673e-004 5.34895889695154e-007 
7.89517230359087e+008 2.63993163399463e+006 -1.95353403322732e+003 -1.20865707554694e+000 2.52188420480204e-004 2.37962258995483e-007 
4.43395841517090e+009 9.48902752703673e+005 -3.14215469304711e+003 -1.31643889465188e-001 1.99696700509349e-004 5.13105201042896e-008 
-5.09759782344336e+008 6.94350684635238e+006 3.61048457688765e+002 -8.16770963953954e-001 -2.56915607543919e-005 -2.48881087575509e-008 
-3.19036031974074e+008 2.81839258989748e+006 2.26001790035103e+002 -3.31027145643051e-001 -1.53953857676310e-005 -1.27521466774204e-008 
2.27723048563438e+009 6.92201609177504e+006 -1.05599389148338e+003 -3.69763910590484e-001 1.44494236864982e-004 -3.16247245471084e-008 
-4.17388169163219e+009 2.42516696757610e+006 1.93589355007385e+003 -4.90470373938042e-001 -9.54861629387685e-007 7.19905823366323e-008 
-1.98866426736380e+009 -1.32877401501815e+006 9.22366771436539e+002 -4.16768567870643e-002 -4.54145382038541e-005 3.59879482615330e-008 
-3.64017236845732e+005 9.78499487963431e+003 1.99236381696060e+004 1.20835275207388e+002 -8.47443392209651e+001 -2.03940468016075e+000 6.87637979346085e-002 4.49951984331539e-003 4.42979186185977e-004 3.71624109944076e-005 -3.04769560967141e-007 -2.13494167777310e-007 -1.14581807225751e-008 
-1.51049589466073e+004 -1.53553147988426e+005 1.06566638667652e+003 1.36925321222413e+003 1.55323207833097e+001 -3.10805561328958e+000 -1.13535926592223e-001 -2.70053191164462e-003 -1.08182868841111e-004 2.35510312068661e-005 3.14764013647277e-006 7.69165820239452e-008 -6.84538059892290e-009 
2.33753754436193e+004 -7.58868142905096e+004 -1.17958858605772e+003 6.60993456386590e+002 1.49003496329285e+001 -1.35415128848718e+000 -6.17873799037846e-002 -1.70038019579031e-003 -8.99246574650877e-005 8.39647291086045e-006 1.56857976981761e-006 5.58418643279744e-008 -2.39048115622464e-009 
-1.98191224101143e+005 1.49775746817871e+005 1.23931262157376e+004 -1.38975683529460e+003 -8.75430233362095e+001 3.26647595944961e+000 4.32628815107948e-001 1.24910033426668e-002 -1.48069581049955e-003 -1.91631155259987e-004 -2.66499547353307e-006 1.15447783834228e-006 9.44975882690897e-008 
-2.62451352196867e+005 -8.08597507566707e+004 1.64090211174617e+004 9.58248373921555e+002 -7.55956191818083e+001 -5.52677709597257e+000 4.16925406001606e-002 2.52119196409989e-002 1.63464223668911e-003 -4.86498164044707e-005 -1.46894216366686e-005 -6.21782706350530e-007 6.08526793991547e-008 
-1.11590529532148e+005 -5.22020707152484e+004 6.98694684881508e+003 5.88353692974338e+002 -2.96520613889881e+001 -2.99289643664798e+000 -1.61261993998680e-002 1.13215456631904e-002 9.26747370973288e-004 -7.68023759530102e-006 -6.97846319379691e-006 -4.02457380029184e-007 2.18584382187116e-008 
1.36455844534611e+005 1.66993385042538e+005 -8.75724043892288e+003 -1.74496442211846e+003 6.26771111944950e+001 8.50152137248913e+000 -3.51084832278355e-001 -4.91993301195964e-002 2.19991113489453e-003 3.71286208358790e-004 -1.55468533510180e-005 -3.08487177275844e-006 1.18100978771861e-007 
-2.75445353904346e+005 6.92258271843111e+004 1.79645991314177e+004 -7.95192600758524e+002 -1.09553267649447e+002 4.51124419710995e+000 5.44053249429346e-001 -2.62824180521333e-002 -3.70455555387439e-003 1.76809287887244e-004 2.97325609143096e-005 -1.31666103627783e-006 -2.53713640499894e-007 
-1.46091952615973e+005 1.98868635971971e+004 9.54705557034012e+003 -2.42104936009540e+002 -5.91053087716011e+001 1.49097473589732e+000 2.96750407520395e-001 -8.72575390554608e-003 -2.00303602710672e-003 5.53213229155407e-005 1.58945212717853e-005 -3.84943937838837e-007 -1.34390610766558e-007 
3.51879425308193e+005 3.87614059367962e+004 -2.02857090072624e+004 -7.86931521292215e+001 1.03454219832237e+002 -3.59571035389621e+000 -2.12241311042813e-001 3.49116698848431e-002 -8.66120826542866e-004 -1.73780526905579e-004 1.63706345241671e-005 1.72851080341746e-007 -1.29933695599466e-007 
-3.82074580318232e+004 1.54627482168625e+005 2.17407538340432e+003 -1.48920175593264e+003 2.20690345246378e+001 4.69281909705530e+000 -3.64453371781362e-001 -8.64067345531213e-004 2.36697556687568e-003 -1.35323038220574e-004 -7.44062365631400e-006 1.41416597512087e-006 -3.66967798490602e-008 
-4.78790652486969e+004 7.25759817371468e+004 2.77365818735632e+003 -7.24678569586631e+002 2.00865269881989e+000 2.60914751291657e+000 -1.60563554500764e-001 -3.38130876367782e-003 1.23386238006226e-003 -5.16500677064163e-005 -5.03287867281676e-006 6.78762143960279e-007 -7.01018464221652e-009 
2.80043746225897e+005 -1.05140023026600e+005 -1.38778417657826e+004 9.65207495117869e+002 3.30865295451262e+001 -2.16658224759130e+000 1.31411311127160e-001 -5.22931306779892e-003 -4.53997193200214e-004 4.57625408548066e-005 -2.31258227896920e-006 7.83274090885924e-009 1.34678608561703e-008 
2.39068515816905e+005 1.10959308401059e+005 -1.18041875769035e+004 -7.74932814503429e+002 5.10922101943976e+001 -2.82012736550019e-001 -2.02785142103868e-002 9.47267936686969e-003 -5.97554366094620e-004 3.49420482567302e-006 1.69156010613589e-006 -2.09021544790299e-007 1.01251772080122e-008 
9.41102173415115e+004 6.32064304332286e+004 -4.63856480099347e+003 -4.62901507626261e+002 2.23058107966881e+001 5.19591971484811e-002 -2.09934504274654e-002 5.08217424311873e-003 -2.54780627763050e-004 -2.17798312638828e-006 1.02442575574296e-006 -1.03109185854622e-007 3.82772750225232e-009 
1.09639081648330e+002 -1.63329214828128e+005 -1.69382894561506e+002 1.25415716344091e+003 5.48297650167986e+000 -1.39841260274012e+000 -6.63490649237290e-002 -5.50291945483732e-003 2.67246148527751e-004 1.48850339916442e-005 2.97778181610774e-007 -1.55940430621661e-008 -5.22572869854670e-009 
3.46711163109730e+005 -7.07241745981978e+003 -1.63098171450688e+004 2.58563261023091e+001 5.21098695344796e+001 5.43750804404411e-001 2.51122611044079e-002 -4.60666544971234e-003 -3.03272172250864e-004 7.54978872477764e-006 4.54668389090097e-007 5.58583154498137e-008 -6.21681818742179e-010 
1.70154351263026e+005 1.00214081687030e+004 -8.01304563213057e+003 -9.27194818220002e+001 2.52772466461606e+001 3.90421821054221e-001 1.76594562663538e-002 -1.81468749685277e-003 -1.71880555115380e-004 2.47122974639333e-006 2.01346833376329e-007 2.87876491680269e-008 1.28757889381361e-010 
-2.81051796594020e+005 -1.05848025553801e+005 1.41164450332271e+004 1.00300984536452e+003 -4.38147890673810e+001 -3.40066077485673e+000 -2.98234123341297e-002 9.08212448473784e-003 3.76724699848104e-004 -2.81085373309432e-005 -1.85307437872607e-006 8.31080355267901e-008 1.16059003610513e-008 
2.13583718591143e+005 -1.21377575807332e+005 -1.06884887987221e+004 9.20929909817031e+002 5.46937254811203e+001 -1.04201475483130e+000 -1.57383686152962e-001 -4.17926708488995e-003 4.59103981714697e-004 2.18397865695003e-005 -1.48408409075632e-006 -1.29565637694540e-007 3.63514143605189e-009 
1.27832586111026e+005 -5.10397096903907e+004 -6.43672355592103e+003 3.70762676036291e+002 3.07090265753028e+001 -2.31499783249945e-001 -7.54337343743939e-002 -2.81812204100910e-003 1.95255876118205e-004 1.31208112372734e-005 -5.78262349289756e-007 -7.08345475693814e-008 8.31818778788020e-010 
-3.53389603742212e+005 3.83668251924037e+004 1.98392735359514e+004 -1.84712001953532e+002 -9.62106308537772e+001 -8.42275295660892e-001 2.12612147806578e-001 3.57857248296762e-003 -3.76905097960439e-004 1.99842385096654e-005 1.90508702950305e-006 -1.88887434010399e-007 -1.32088344313203e-008 
-7.11055263353321e+004 -1.50781694002515e+005 4.23338936115542e+003 1.41805068040521e+003 -3.75794343104213e+000 -4.39580923211731e+000 -6.17876425720576e-002 7.90224090294196e-003 -2.37411457401250e-005 -1.98968786012762e-005 2.16207492672263e-006 1.44379725602363e-007 -1.17873692779044e-008 
-6.43337158216504e+003 -7.74445202297565e+004 4.53670371876240e+002 7.15717814803896e+002 6.16072389583192e+000 -2.10504475208181e+000 -4.83737818710993e-002 3.60860180134794e-003 2.02208312881103e-005 -1.14479220472098e-005 9.09071721483548e-007 8.68566747498008e-008 -4.72777040864352e-009 
-1.29697149519458e+006 -3.66806801927664e+003 2.25402143707743e+001 -1.17124894922661e-001 1.51790301398180e-002 -1.17673660064868e-003 -1.25395609677623e-005 2.53192483946033e-005 -3.89111741339605e-006 1.00538739101020e-007 7.12246676665084e-008 
4.16333743305630e+005 -9.40357330908924e+003 -5.25182120193613e+000 -1.69467631854129e-001 1.44623370041709e-003 8.57338015068469e-004 -1.86467089285053e-004 1.46347512500991e-005 1.43665815051493e-006 -5.57823690160479e-007 6.03927003501313e-008 
2.09361705785938e+005 -3.89369637927697e+003 -2.59197335497017e+000 -7.84484004581656e-002 -3.96481620603855e-004 5.76976576920716e-004 -9.84750098489198e-005 5.19408469822636e-006 1.17080615080710e-006 -3.06831554051728e-007 2.48695420273745e-008 
-1.30412978266593e+006 -3.49063824169896e+003 2.20169456056829e+001 2.65401064554971e-003 3.95295157647737e-003 -4.82636341508524e-005 1.62540938996393e-005 -1.97891886615831e-006 1.68703125681825e-007 4.80226056131293e-009 -3.73266245912977e-010 
3.97478689926265e+005 -9.45294393324558e+003 -7.01158957583150e+000 -1.26972342861852e-001 1.47178726257621e-003 -1.13586974375577e-004 1.26438229467152e-005 -1.77770952540203e-007 -7.60909704930538e-008 1.05331028770741e-008 -1.59148011575301e-009 
2.01550757536092e+005 -3.91796073720395e+003 -3.44232288671599e+000 -6.23702488824334e-002 6.85581689922221e-004 -6.19846206692032e-005 4.96199322201994e-006 1.12150454330333e-007 -5.81043802459419e-008 6.63417453442162e-009 -8.24252418872431e-010 
-6.42487064379879e-005 -2.44593510281337e-007 6.63254748042999e-007 2.14152192791788e-007 -4.21596824529683e-008 -1.47077525923259e-008 1.79506809633421e-011 4.06185947514255e-010 6.79684399590156e-011 2.76310342990416e-012 
2.28152005646530e-005 2.27370676440096e-008 -2.39659336282181e-007 8.26658095410930e-008 2.77736324560524e-008 -2.11738294060816e-009 -1.22951948609325e-009 -1.09377792654337e-010 1.98223937618156e-011 9.02506567451094e-012 
-6.23611902147972e-005 3.64419317624323e-007 -9.74549638954973e-007 7.07316158651421e-008 9.14885369235545e-008 -1.21355421892129e-008 -4.20592522062104e-009 9.74420205562442e-010 1.30132983710385e-010 -5.13462634760419e-011 
2.38059231563540e-005 1.19539434184115e-006 -5.19957755112415e-008 -1.42915324657051e-007 1.40294336225771e-008 9.18168965063831e-009 -1.43733397398037e-009 -3.59541053468027e-010 8.27589136822215e-011 1.07683716376512e-011 
-6.28571424743186e-005 5.15344483875071e-007 4.70240264524893e-007 -1.06529218679728e-007 -2.54757701793490e-008 3.11852221046294e-009 -7.24853414217950e-011 2.45227275238908e-011 2.11662497215013e-011 1.03462514298957e-012 
2.47557258005520e-005 1.21063296983374e-008 1.58386067389165e-007 6.55030458313105e-008 -1.00275302086998e-008 -1.41331834621123e-009 2.50504936948770e-011 1.29703142588630e-011 1.06991326791634e-011 -3.11369674799711e-012 
-6.28939765598603e-005 -1.45967055455409e-006 -4.33393118151804e-007 1.82115787227737e-007 4.54191892706700e-008 -5.78772264024071e-009 -1.87409170482769e-009 2.38564534864926e-011 3.87716846921388e-011 2.77905783912877e-012 
2.59819438737480e-005 8.31065211054453e-007 -2.57746646767261e-007 -7.62020025322716e-008 1.56716704158984e-008 4.62717173529704e-009 -1.97265498289606e-010 -1.53294370163176e-010 -4.36122626456732e-012 4.18362501760732e-012 
-5.87710534058706e-002 6.93140362661696e-004 -1.56501398586013e-004 -4.48228821229481e-005 2.50013748983338e-006 1.62244217037499e-006 5.34830349023762e-008 -3.01973620438861e-008 -3.45255610649025e-009 5.13992928338927e-011 
3.95501468018541e-001 -3.41723282670595e-004 -7.23906180399099e-005 9.70283035746846e-006 3.58108148212109e-006 -1.92709603724285e-008 -9.50481588934412e-008 -6.57171512718997e-009 1.04526866780242e-009 2.11058876541290e-010 
4.41771299214793e+003 9.19244541095261e-001 1.30407857343116e-004 4.19142672049439e-005 -2.06030711413584e-006 -1.48040829767342e-006 -4.96347283322956e-008 2.73117267336005e-008 3.10169618949450e-009 -4.63049129026529e-011 
-5.89155248807212e-002 -6.79784050292983e-004 1.12626340433838e-005 4.63584360582617e-005 -5.75212841365220e-006 -1.21481457122033e-006 3.05631596189118e-007 1.56961098624475e-008 -1.05390045081220e-008 3.09937917583688e-010 
3.94869407697789e-001 -1.39183716628554e-004 8.94617817767820e-005 -6.08366918408819e-006 -3.14482857553855e-006 5.57486982409032e-007 6.21326930872157e-008 -2.26214443878177e-008 -2.03338316702983e-010 7.05456684673377e-010 
4.41955284745023e+003 9.20487129846004e-001 6.42624988420814e-007 -4.08697956745291e-005 4.95839845501806e-006 1.09120630307707e-006 -2.72865266362427e-007 -1.43013233735788e-008 9.45575704414080e-009 -2.73989027888163e-010 
-5.95465769126148e-002 9.21852719687712e-005 8.84759828277075e-005 -3.56797638330391e-006 2.59627020234454e-006 1.26810630500322e-007 -9.52542716564524e-008 -1.19744457610893e-010 2.03862887410561e-010 8.79290394805928e-012 
3.94950016307458e-001 1.38284723073982e-004 -1.88407000700341e-006 -6.08657614432380e-007 3.55139792676496e-007 -2.51022759283071e-007 -4.20964321998725e-009 3.30654892186952e-009 -2.15315297903472e-011 3.12927223997851e-011 
4.42139324677142e+003 9.19866435230341e-001 -7.65562903313508e-005 1.42297868217653e-006 -2.42066813754138e-006 -1.01616464366508e-007 8.70846411858621e-008 2.37186399603125e-010 -1.96434715946546e-010 -1.04521102019873e-011 
-5.85943186879251e-002 8.54393230087445e-004 5.89927156873798e-005 -2.91339606147609e-005 -6.20327514165772e-006 2.53356605990948e-007 1.95922864546720e-007 6.89610434101310e-009 -3.13486601985024e-009 -2.66834738618357e-010 
3.95081302372699e-001 -6.50177746431401e-005 -7.03323929859303e-005 -9.03757484801086e-006 1.34576812669367e-006 4.71540059090616e-007 2.46376979242400e-009 -1.02529404382051e-008 -6.15274999268072e-010 1.32095383709000e-010 
4.42323224869534e+003 9.19126469031790e-001 -6.60965545765500e-005 2.64355682299209e-005 5.88434279222380e-006 -2.31972255760818e-007 -1.81248589014446e-007 -6.25732396094598e-009 2.89994771703740e-009 2.43325264815584e-010 
