-8.78893765405031e+006 1.32761941079397e+007 9.17646701293012e+004 -2.58447637945657e+004 -1.40513854518001e+002 -1.33928651951683e+001 -1.19913284898527e-001 2.24827105241846e-003 6.82913377896300e-005 2.18832051102239e-005 3.79966598983658e-007 3.76472755033658e-008 5.86190021378832e-010 3.25392174553245e-011 
-6.11957841045970e+007 -4.37890044311963e+005 7.17540862417227e+005 2.79901207006705e+003 -2.65550523847680e+002 -1.78938405222146e+000 -5.69425005592856e-001 -5.64457925800885e-003 -6.03630000671782e-004 -5.66001337342161e-006 -2.21793797530119e-007 2.76573540099360e-009 6.73015451202317e-010 2.09921295458320e-011 
-3.17987411256023e+007 -1.61015661370041e+006 3.73765762927878e+005 4.17558805047729e+003 -1.27273889978092e+002 4.33205301607729e-001 -2.91728625402782e-001 -3.24830006480291e-003 -3.29518953320193e-004 -5.29296957660723e-006 -1.57881383742381e-007 -2.42723040930506e-009 2.98715642641152e-010 7.82847749492577e-012 
1.74745260877306e+007 1.27103318113622e+007 -2.41114681908894e+005 -3.03552952887884e+004 -4.27009305697438e+002 -1.43426251010815e+001 1.35249584633638e-001 2.39541300884817e-002 1.64795393617558e-003 8.42306613536178e-005 3.17906107906020e-006 9.32362491790804e-008 5.31499110346276e-010 -1.41202126607660e-010 
-5.62809552249108e+007 5.35657951231620e+006 7.21802326860739e+005 -2.57450845233029e+003 -4.63044804177294e+002 -1.97640175333836e+001 -1.03533286048282e+000 -2.88211435342966e-002 -7.91456349773666e-004 6.54679451335070e-006 1.68442461412298e-006 1.30000950857245e-007 6.82419193215740e-009 2.82282244917172e-010 
-3.18959658113982e+007 1.54371640741949e+006 4.10566289038868e+005 1.77306012969418e+003 -2.03054302582723e+002 -9.06966145697603e+000 -5.67062990598071e-001 -1.78795467321595e-002 -5.93682207457562e-004 -5.23886961079678e-006 5.70041815789031e-007 5.97716595675691e-008 3.59010359261331e-009 1.65429519468156e-010 
3.97181752094456e+007 9.18928157672903e+006 -6.54286276902530e+005 -3.89246819486163e+004 -5.80605990319937e+002 6.76645493865051e+000 2.21403276296183e+000 1.55749961754045e-001 7.52534304482899e-003 2.20618420698469e-004 -2.24722330948634e-006 -8.60934355505246e-007 -7.17125483880222e-008 -3.88910589213911e-009 
-4.00063779991281e+007 1.08411216431032e+007 6.28185863453324e+005 -1.48109437483544e+004 -1.18304382464143e+003 -5.60545485550089e+001 -1.96449732864774e+000 -1.77972357202696e-002 3.39096178453903e-003 3.50331345319540e-004 2.10416306155445e-005 8.49631580360236e-007 1.25112465052892e-008 -1.51350367175328e-009 
-2.55083344874919e+007 4.83853189894032e+006 4.03411533198353e+005 -3.87441785388031e+003 -5.71720487898075e+002 -3.06440020552950e+001 -1.27898677693856e+000 -2.56600859490506e-002 1.03083991926009e-003 1.64252731662782e-004 1.14727433258523e-005 5.43135063865969e-007 1.41208222897240e-008 -4.05098128370799e-010 
5.12962412789448e+007 1.96731590152930e+006 -1.15792568409491e+006 -4.22092363542162e+004 5.98355018675570e+002 1.42716401045767e+002 1.01429110701092e+001 3.37640368340951e-001 -1.04825938654474e-002 -2.40573224201571e-003 -1.78901743632250e-004 -5.95004153952834e-006 2.75718566844472e-007 5.56658829313276e-008 
-1.41548118553790e+007 1.47328362507555e+007 2.92123350152043e+005 -4.49989863990269e+004 -2.67656945840620e+003 -7.78344119645952e+001 2.46473484939364e+000 5.07629188850156e-001 3.54443005774242e-002 1.09926109548038e-003 -5.48326370280407e-005 -1.02939504558533e-005 -7.33602404935621e-007 -2.17813352885577e-008 
-1.28988715852232e+007 7.66635528595754e+006 2.76134006064245e+005 -1.96590787935859e+004 -1.49178035161776e+003 -5.63778897786333e+001 2.64609559772860e-001 2.36138845320586e-001 2.00202401113725e-002 8.36690913588264e-004 -1.07355648691342e-005 -4.88160927683274e-006 -4.20459017428386e-007 -1.74071671957553e-008 
9.60535003432917e+007 1.01654393481396e+007 -1.20156391996381e+006 -2.12062750372274e+004 1.19969157922552e+003 1.31561025020974e+001 -4.11664966544655e-001 -3.71985784509800e-003 1.84663920528035e-005 4.26513207672296e-007 
-4.01690620454889e+007 1.99640184784923e+007 4.91292618070884e+005 -4.08640231252135e+004 -5.12082196504817e+002 2.33612861805450e+001 2.10979182089093e-001 -4.43805735173316e-003 -4.24965198301780e-005 -7.78424713074352e-007 
-2.41728206061045e+007 8.33863798316733e+006 2.97068992824577e+005 -1.70420973166813e+004 -3.06303318560586e+002 9.67731402081656e+000 1.20969619553405e-001 -1.76115894192181e-003 -2.02802512992313e-005 -3.76372091415678e-007 
1.06207252021448e+008 -1.22317493199698e+005 -1.33401797153401e+006 -4.76987367084837e+002 1.35601525954401e+003 2.11625467722508e+000 -5.03421104031110e-001 -2.62573694124110e-003 5.74054650162821e-005 1.39036850194852e-006 
2.06256178173629e+006 2.18306744253646e+007 -3.20487195824088e+004 -4.50897478768245e+004 -5.18534904243138e+000 2.67557428545828e+001 6.38387474404063e-002 -6.18794031552005e-003 -6.49533143841184e-005 -6.12393231875670e-007 
-5.81511472760555e+006 9.82949997093369e+006 7.00073739565155e+004 -2.02550805439428e+004 -8.81501897320993e+001 1.19031908397855e+001 6.05878577071104e-002 -2.61836557187174e-003 -3.32815181544520e-005 -4.43523882164266e-007 
-1.43851819573710e+008 5.50541883618955e+006 6.77077843921623e+005 -5.10862214997482e+003 -2.57579800441528e+002 1.91853519078882e+000 3.47166439158473e-002 -6.96338070519437e-004 -1.16756641752783e-004 5.70006035071122e-006 6.58206987158979e-006 1.31833930027050e-008 -3.60578234348124e-007 
-3.93188970200003e+007 -1.81487333464701e+007 1.83931576789559e+005 1.40898539312381e+004 -9.65229778516820e+001 -3.06329960764420e+000 2.95001524278185e-002 -1.09402997114721e-004 -5.76703845317612e-006 1.63237012623520e-005 8.07542750790866e-007 -8.23874881557088e-007 -7.48883160445313e-008 
-1.70146223217081e+007 -7.86856568980815e+006 7.97424809964133e+004 6.10867883172198e+003 -4.18484935822236e+001 -1.32792716009238e+000 1.29285208169936e-002 -6.11728252440272e-005 -1.32928239752628e-005 7.50395114350122e-006 9.82778251302688e-007 -3.50305995297037e-007 -6.70363740465842e-008 
-1.27665857785926e+008 1.06099383301767e+007 5.92439104465991e+005 -8.88485790274592e+003 -2.12464235975655e+002 2.54609859310324e+000 2.03019669330500e-002 -6.95430268985182e-004 -1.78782915491396e-005 8.69094813463154e-006 -7.19096153498838e-007 -1.37121787126185e-007 7.17935955998036e-008 
-7.36309390103703e+007 -1.60316247189142e+007 3.41848701001608e+005 1.20948164821812e+004 -1.50429010566317e+002 -2.31145999819100e+000 3.16727155261793e-002 -1.74810941386029e-004 1.77659147372223e-005 3.01956990510306e-006 -7.73296942797270e-007 1.29475030255696e-007 2.43697096222550e-008 
-3.18909803857429e+007 -6.95070057641083e+006 1.48207725288693e+005 5.24372789182536e+003 -6.52189383307713e+001 -1.00175822127585e+000 1.37595324804325e-002 -1.04640472903855e-004 7.20405342298124e-006 2.31513418021248e-006 -4.17403405028809e-007 4.60383913059726e-008 1.75152153813393e-008 
1.09513417983111e+008 -2.76951904818274e+007 -6.28084409246932e+005 3.05080149322087e+004 2.40740739029224e+000 -1.19124534828702e+001 2.74630594431445e-001 -5.51054821474039e-004 -1.50281651585830e-004 4.18250865390493e-006 -1.65138633651178e-008 
1.76233868161467e+008 1.73944903698400e+007 -1.00232103410185e+006 -9.47570050890000e+003 6.09086827903787e+002 -6.16153567209715e+000 -1.27348516120447e-001 6.76333381686804e-003 -9.75484929286753e-005 -1.44756253545217e-006 1.36530026097754e-007 
7.78893365959452e+007 8.72751364966988e+006 -4.42755088836061e+005 -5.17103105379020e+003 2.79306812677242e+002 -2.50409148145109e+000 -6.58362234521058e-002 3.11770266100287e-003 -4.06050787231584e-005 -7.71822605467889e-007 6.24676937557106e-008 
5.19366533300979e+008 -1.31541826183846e+007 -7.96862854650616e+004 3.60023057937998e+002 9.90432120166314e-001 -4.53808314403756e-003 -4.52702257144825e-006 1.53234408887270e-007 
4.94214119523655e+008 1.22566764176431e+007 -7.57504826892300e+004 -2.90707986956204e+002 1.22371528447385e+000 2.31174585422205e-003 -1.31501091176519e-005 3.76354015149926e-009 
1.99189540186141e+008 5.57405830343825e+006 -3.05302040862763e+004 -1.33381752306457e+002 5.00502574502179e-001 1.10273259926769e-003 -5.49164094541135e-006 -6.20342805636949e-009 
8.88992648605842e+008 -1.08501449795617e+007 -2.20039306990400e+004 4.04326341328612e+001 6.24850955121772e-002 -2.20131653615915e-005 -3.82985931139608e-008 
9.75880586637514e+008 7.82263946261137e+006 -2.41593140603136e+004 -3.64782538445848e+001 4.86931312066429e-002 8.52353146754085e-005 -1.53627744801368e-007 
3.64811256939662e+008 3.69774381414102e+006 -9.02787888194810e+003 -1.67995423878770e+001 1.72294514821103e-002 3.53492412940493e-005 -4.83182615012305e-008 
2.19901647135700e+009 6.28804398985097e+006 -5.26400292436364e+003 -2.29768847218148e+000 1.06011517959418e-003 8.84499294375238e-008 
-1.83291325630185e+009 5.99157610854837e+006 4.38651887955346e+003 -2.57230267956618e+000 -5.90950017020786e-004 2.69988115936026e-007 
-8.33872161530897e+008 2.53521268912788e+006 1.99568372493198e+003 -1.09406013449465e+000 -2.74103044146576e-004 1.15539755119615e-007 
2.55385078978625e+009 6.14103013639883e+006 -1.77283106643489e+003 -7.24154856790153e-001 9.37463367242674e-005 3.96842065835804e-008 
-3.41224167296806e+009 4.03882742482725e+006 2.36904178495419e+003 -4.50383693895397e-001 -1.35165263885435e-004 1.26685655094267e-008 
-1.46023049752981e+009 1.50022957780767e+006 1.01378408678579e+003 -1.66300591298385e-001 -5.77048717610679e-005 4.25650259467926e-009 
-1.43133443993325e+009 7.28819054582332e+006 9.79578404260829e+002 -9.09982051503212e-001 1.51525888798867e-005 9.13742266312914e-008 
-4.20329267070433e+009 -2.64072161197186e+006 2.87688596271581e+003 6.84019875561138e-002 -2.96584770308460e-004 1.74762658359585e-008 
-8.80462171657696e+008 -3.01998313433909e+006 6.02571486519420e+002 2.95581532514805e-001 -9.59253305954170e-005 -2.02323289917470e-008 
2.59814242452797e+005 1.14962216055202e+005 -1.28429995734725e+004 -1.04181195445770e+003 3.08791622082217e+001 2.66644848914767e+000 1.38047911934201e-001 6.45176631696486e-004 -7.42018842129029e-004 -4.10661276978107e-005 -1.66082774172720e-007 1.92393431250788e-007 1.57497926632834e-008 
-2.49880633428532e+005 1.15357160746669e+005 1.24640467094535e+004 -8.24597567291346e+002 -5.62197213527468e+001 -1.42975521800392e-001 7.90111156852584e-002 1.18272462780985e-002 3.28892553441882e-004 -2.67549732327662e-005 -3.02335887337022e-006 -1.26594453153279e-007 7.31477543960346e-009 
-1.15987243841521e+005 3.45061511116633e+004 5.79335197932571e+003 -2.27104846273249e+002 -2.39824327731510e+001 -2.79829841308194e-001 1.88559990251572e-002 4.45697155887956e-003 1.86630940460453e-004 -6.80051289144762e-006 -1.13962413509007e-006 -6.41078622733900e-008 1.48940774243596e-009 
3.56615779368781e+005 -2.43823392272576e+004 -2.01673076544511e+004 3.39675146710402e+000 1.00852612806547e+002 2.69272789927413e+000 -2.67848965488468e-001 -2.39049526939954e-002 5.15416350064513e-004 1.48166972792838e-004 1.74610784005446e-006 -8.41684790708943e-007 -4.01910401244130e-008 
3.90491693764259e+004 1.61228137051984e+005 -2.27244722128176e+003 -1.53016611265876e+003 -1.41404859393845e+001 5.16846677271869e+000 2.51873789065226e-001 -1.25455261606622e-002 -1.77979595460792e-003 1.21290711911974e-005 1.06246144958613e-005 2.82426983905112e-007 -5.78063768338638e-008 
-1.38971380474188e+004 6.34016881191777e+004 7.92123505757605e+002 -5.83030505959905e+002 -1.37860174472427e+001 1.74661572447704e+000 1.18323981005309e-001 -2.80590613556175e-003 -7.20979240524506e-004 -7.61258979171329e-006 3.90523666453886e-006 1.77077034120379e-007 -1.87177677918324e-008 
1.66779155113038e+005 -1.57103640507297e+005 -1.02210945320690e+004 1.55752011983275e+003 6.25405810860752e+001 -6.30195183609018e+000 -2.13786974768751e-001 2.67048320715596e-002 3.23992979315672e-004 -1.54375910224664e-004 2.85321870811371e-006 9.53754557727849e-007 -4.23523850276890e-008 
2.88404926386718e+005 7.47828670626790e+004 -1.80559885226092e+004 -8.04457582791174e+002 9.92644142839979e+001 3.47065351679991e+000 -3.74178344635087e-001 -8.81274564957606e-003 1.86781241838169e-003 -1.12020468366092e-005 -1.13351584551684e-005 3.88072149197283e-007 6.72801085555614e-008 
9.66415628559997e+004 4.13605103973602e+004 -6.04573507003919e+003 -4.35733262496695e+002 3.26337323334240e+001 1.84739027219225e+000 -1.24771035459681e-001 -5.56970984405880e-003 6.84605693649985e-004 8.46337231710127e-006 -4.55437853947785e-006 6.92704629466309e-008 2.91335888459538e-008 
-1.64741353997970e+005 -1.57318441513835e+005 1.00477536868432e+004 1.49835811368977e+003 -6.32455411507479e+001 -4.52688169276188e+000 2.30751832113661e-001 2.83529498189639e-003 -3.82600429325200e-004 4.71409074655227e-005 -2.65621584523217e-006 -2.66581314087051e-007 2.77185734039186e-008 
2.83485059053734e+005 -7.91790896837715e+004 -1.74595730129943e+004 8.63672106499716e+002 8.50799006449516e+001 -3.88405669516286e+000 -1.55249225172765e-001 1.07499121611339e-002 -3.07152959836967e-004 6.66690567345627e-006 3.74931650844947e-006 -3.04622473093275e-007 -1.09392543523419e-008 
1.21827271486659e+005 -1.73924653010747e+004 -7.49831754276940e+003 2.05202920774887e+002 3.77208021315275e+001 -1.10160041558115e+000 -7.84062449882325e-002 3.84707819336734e-003 -8.51518153602847e-005 -1.29971688240358e-006 1.64852719470231e-006 -9.42206132862800e-008 -6.46395086611759e-009 
-3.57459980614714e+005 -2.70688751638214e+004 1.99829064218574e+004 7.62049450271768e+001 -9.57987255811262e+001 1.24295887780635e+000 2.17835059489128e-001 -5.44267269520139e-003 -5.12478936495431e-004 -5.18702288801738e-006 2.84894171332583e-006 9.25327830829440e-008 -1.79573340346046e-008 
3.01616819369435e+004 -1.61023546532827e+005 -1.89894813587683e+003 1.49111105669892e+003 -8.64821735924868e+000 -4.50637371207699e+000 1.01230248570631e-001 9.02790793568478e-003 -1.56732044258385e-004 -3.30474259762468e-005 -9.34274494760185e-007 2.21853300784030e-007 5.08566944246385e-009 
4.06750017404365e+004 -5.94419752525065e+004 -2.38193527166721e+003 5.63361811560341e+002 4.71746010517222e+000 -1.82233645091659e+000 2.03223673621459e-002 3.90222768276347e-003 -1.67366207831860e-005 -1.22286609585295e-005 -5.94317584341740e-007 7.71586334721030e-008 3.43642718035361e-009 
-2.65052591542025e+005 1.13752874296910e+005 1.32298486936017e+004 -1.05350025603421e+003 -3.85824131629762e+001 3.34113158653324e+000 -5.62131924137675e-002 -7.85574918705328e-003 5.10988745668216e-004 1.79494087933012e-005 -2.27380345271047e-006 -5.67587744230446e-009 1.12232284973605e-008 
-2.55842286282581e+005 -1.12647575863974e+005 1.27988096400900e+004 8.26425031190899e+002 -6.11132597011262e+001 -5.36351694581984e-001 1.50194467887153e-001 -6.70330838840455e-003 -3.47272614067522e-004 3.19691495298430e-005 5.63090269304356e-007 -1.50812843060916e-007 2.59443624698625e-009 
-7.65698818066369e+004 -5.26099036832666e+004 3.80127201474353e+003 4.04388061693475e+002 -2.00818911292487e+001 -4.84787418337355e-001 6.18995039291912e-002 -1.90681632037010e-003 -1.75437270682146e-004 1.07207284030935e-005 4.05119488988408e-007 -5.71891820892521e-008 5.78737522510767e-011 
2.37586781294205e+004 1.62904856164004e+005 -1.26706465472961e+003 -1.24884831957553e+003 7.05177838197919e+000 1.27669878914107e+000 -4.81854578400197e-002 6.37004849901198e-003 2.00018631171320e-004 -1.38928532452257e-005 3.34152245941210e-007 -1.50720448188344e-008 -4.80987998478770e-009 
-3.59033205076079e+005 1.28834224707385e+004 1.69296594712817e+004 -1.14614809239277e+002 -5.32002366185039e+001 5.42948726897440e-001 -4.10032810519997e-002 -3.18702445986021e-003 3.62487401630234e-004 4.76249402991354e-006 -1.67563803515213e-007 5.58315323443290e-008 -1.50341740106172e-009 
-1.40096601499764e+005 -8.58341721216349e+003 6.60109078405775e+003 6.14995812901978e+001 -2.09342000789572e+001 9.49710739151932e-002 -1.18770372438077e-002 -1.75041564170428e-003 1.22030324683335e-004 3.00516684821517e-006 -9.01003468710766e-008 2.26661136290601e-008 -1.73870807902776e-010 
2.94555270203538e+005 9.66083825711512e+004 -1.47525096741711e+004 -9.26620799381770e+002 3.72933235824777e+001 2.51986925335095e+000 1.39526185539318e-001 2.97637964250563e-003 -6.44480296199100e-004 -5.19558967218298e-005 -1.81446353394325e-006 9.16355118894901e-008 1.92475815977613e-008 
-2.12104102850619e+005 1.28779335839572e+005 1.06108668261300e+004 -9.36942604645792e+002 -5.18783775414344e+001 -1.63254442163023e-002 6.35474265830658e-002 1.18307844226004e-002 5.31371717504678e-004 -1.18433072030721e-005 -2.93287662567700e-006 -2.33811511825249e-007 -4.40941927947527e-009 
-1.06133893480801e+005 4.14810142285291e+004 5.31839103312538e+003 -2.81120481170888e+002 -2.31196884979684e+001 -2.26121974608815e-001 1.27341523511382e-002 4.30919812840542e-003 2.59274554308390e-004 -1.41175615438013e-007 -9.76774339554180e-007 -9.78693380079036e-008 -3.32896717254503e-009 
-9.84994228070439e+005 7.41069658910008e+003 2.19275122179958e+001 5.91456396002264e-002 -1.46804579207839e-003 3.87046499542100e-005 1.41946099926924e-006 -1.61323339963541e-007 -2.65259892349619e-008 -9.88888289422945e-009 -2.56141136725695e-010 
-4.87665761604729e+005 -7.28073945371795e+003 1.73488350881282e+001 9.38049833415394e-002 2.34614352422196e-003 3.84436409491460e-006 7.23869573157491e-006 3.63063943597747e-007 3.10534894345811e-008 -5.54422813999092e-009 -2.30574759546495e-010 
-1.79473350761239e+005 -3.31314031259864e+003 6.60154478757539e+000 3.60914660255050e-002 1.23655911696727e-003 3.88237843560666e-008 3.80111523351317e-006 2.10332538863330e-007 1.94001487941921e-008 -1.86423094863171e-009 -9.22030212382726e-011 
-9.69995416573331e+005 7.58860399220668e+003 2.25140064147591e+001 3.78188326166908e-002 -2.13446195244397e-003 -3.12823492372641e-004 -5.78407168783116e-005 -6.16547477260585e-006 -3.18139682837009e-007 2.36509739137403e-008 9.95823704896726e-009 
-5.02084377418614e+005 -7.13671627637689e+003 1.87465283231414e+001 1.46501033994278e-001 5.38434710029386e-003 3.44292400048351e-004 1.18072741739533e-005 -2.90592677093307e-006 -6.60195334469619e-007 -8.49596486075703e-008 -4.77206446252852e-009 
-1.86045180435265e+005 -3.25821145355147e+003 7.17817708663538e+000 6.41725724140885e-002 2.98740301867514e-003 2.20171609413758e-004 1.23719221126618e-005 -9.13576012909579e-007 -3.19658413996805e-007 -4.77361264396725e-008 -3.57444647359331e-009 
-7.48939120099268e-005 -1.80234922219282e-006 -4.29123879286458e-007 1.06840838333577e-007 4.54453149273542e-008 -8.87248589567116e-011 -1.72100170448930e-009 -2.88158756178223e-010 2.25500332699931e-011 1.47418685862692e-011 
-1.96233300897965e-005 3.49759453155487e-007 -1.64531618434998e-007 -7.46466368548044e-008 6.41831148861917e-009 4.06358981380506e-009 2.64376109942898e-010 -9.40345991340290e-011 -2.31066258011064e-011 -1.68055483920637e-013 
-7.67378032171918e-005 6.33155498612514e-007 1.41834502653688e-007 -2.79564833427654e-007 -9.09416758705945e-009 1.70402720647035e-008 -5.71564152551790e-011 -5.69975735515983e-010 3.24831674237056e-011 1.10346758582133e-011 
-1.99546555113086e-005 -2.03755014866889e-007 3.00284356959098e-007 2.23146970683973e-008 -3.15357514406920e-008 -9.35689119707321e-010 1.44394050040814e-009 -1.44888915719480e-011 -4.46015973241617e-011 2.85272151221913e-012 
-7.80939356138122e-005 -1.76266976704186e-006 2.93136757728979e-007 1.71172477862290e-007 -3.29866348917257e-008 -5.90621550429536e-009 1.45828279852745e-009 6.30715167572524e-011 -2.90410023742510e-011 -2.56828592057545e-013 
-1.99758948724787e-005 -3.86493568159362e-007 -2.47947866396445e-007 4.85480053968179e-008 1.61598618568889e-008 -3.29780580188435e-009 -3.45264625586861e-010 1.18282770289401e-010 4.82519970882850e-012 -3.02067458830810e-012 
-7.90534954196502e-005 1.56803686881905e-007 -3.45494981750705e-007 -1.11070379031336e-007 1.83572434372144e-008 3.35034228063068e-009 2.64718104223218e-011 1.36446862923607e-012 -1.98670524010939e-012 3.25171622005002e-012 
-2.06399458189076e-005 1.11791218252941e-007 1.71337352602489e-007 -4.25221782893538e-008 -1.07478538446593e-008 5.97351607080017e-010 8.51519799590762e-011 1.91847029043082e-011 6.17274875465989e-012 8.51218250159900e-013 
-5.72015231243082e-002 3.64971232001751e-004 1.29109687915324e-004 1.73750274451328e-006 -3.67420253308659e-006 -9.15236887989711e-007 9.97810214869191e-009 2.30614624751110e-008 2.35791192414786e-009 -1.75010861788121e-010 
4.23441628008906e-001 1.13976893578697e-004 -3.20609558259729e-005 -1.04842644472568e-005 -1.36403696682403e-006 1.60957554969482e-007 6.78991860037219e-008 3.01670928872642e-009 -1.03814613538681e-009 -1.98933151490934e-010 
2.58530392764718e+003 9.19558467068951e-001 -1.30011431554952e-004 -2.33891828943974e-006 3.58937404899315e-006 8.55226367020813e-007 -1.07872735914981e-008 -2.15272315940173e-008 -2.17079130519420e-009 1.68100533171119e-010 
-5.63229499200376e-002 1.74145357725851e-004 -2.45250311806438e-004 -2.32857265557341e-005 9.88882020529081e-006 8.28924301375506e-007 -2.82203576349519e-007 -1.70331103526224e-008 6.31057829189834e-009 9.16040266127112e-011 
4.23133236026561e-001 -4.38947005558910e-004 -4.08945303172687e-005 2.19298942845351e-005 1.92415165281876e-006 -7.12538747653393e-007 -5.20376181059208e-008 1.80318997930055e-008 6.93887261084865e-010 -3.59327452013828e-010 
2.58714283055748e+003 9.19665499168582e-001 2.24403335340446e-004 2.32065147641917e-005 -9.09845780514394e-006 -7.78340995138177e-007 2.60457275170073e-007 1.55451889322413e-008 -5.82754738668119e-009 -7.70876227784082e-011 
-5.73263840277013e-002 -8.81791583029735e-004 6.70963265426317e-005 2.36640428114171e-005 -5.85312221156101e-006 8.15134815954430e-008 1.67476789692828e-007 -1.42556566620714e-008 -2.24671021957180e-009 3.79774351650198e-010 
4.22553801438004e-001 -4.23867561420748e-005 7.18562966634109e-005 -9.67920329433223e-006 -7.55319634290465e-007 4.50799250266404e-007 -2.48035000197061e-008 -8.61728658311331e-009 1.02024711980171e-009 8.25368230605818e-011 
2.58898344898185e+003 9.20691448450889e-001 -5.06294068889739e-005 -2.20743517388658e-005 5.17211639066720e-006 -7.20168680624335e-008 -1.51980081738223e-007 1.30780959276505e-008 2.03540645619830e-009 -3.48276279129544e-010 
-5.82903482224811e-002 -5.58841896337624e-005 1.17073378442466e-004 7.37160395583559e-006 1.47150380973490e-006 -3.38471629074595e-007 -8.15521728287702e-008 1.87679623556874e-009 2.57196667877698e-010 4.12154627387867e-011 
4.22757563922973e-001 1.90115089380871e-004 3.13377064519411e-006 -3.30039227486491e-006 -8.46864685174036e-007 -2.06874341500776e-007 1.51896021760579e-008 3.29525957047542e-009 6.61417434173558e-011 2.98087041092163e-011 
2.59082414306904e+003 9.19964089676803e-001 -1.13287567901115e-004 -8.54728525959502e-006 -1.30106878909638e-006 3.25268616170401e-007 7.52822846901670e-008 -1.59132073776059e-009 -2.33298927875667e-010 -4.06622542747216e-011 
