-5.40701903025591e+007 5.72990626736416e+006 7.81643810562288e+005 -2.84107959361010e+004 1.27241694800233e+002 1.27869860765857e+001 -1.71711114807531e+000 9.51574759000848e-002 -4.13311452147322e-003 1.12968781500364e-004 6.11204657075756e-007 -3.42652105848318e-007 2.84462844898920e-008 -1.58085385208250e-009 
-3.28583656746794e+007 -1.15121691474420e+007 4.80671537993018e+005 1.89171594612143e+004 -9.37350553901697e+002 3.88426284450987e+001 -1.22035301212489e+000 9.30877524277824e-003 1.74573746491460e-003 -1.75157601180873e-004 1.02991144538034e-005 -4.45196285408235e-007 1.15036727721408e-008 1.81368276380598e-010 
-1.20302680644387e+007 -6.74311869268917e+006 1.75652326660041e+005 1.30520353564687e+004 -5.13879617477884e+002 1.94208438097530e+001 -4.73693210659642e-001 -4.90030969641191e-003 1.36128011946107e-003 -1.05279495422983e-004 5.43777391976140e-006 -2.02247403289335e-007 3.19325837884300e-009 2.60882708591547e-010 
-3.74065702629032e+007 1.06624045118662e+007 4.56045092929791e+005 -2.58849556571521e+004 1.24588983626833e+002 -7.88964369079725e+000 -3.50626746633627e-001 1.85324488802294e-002 -1.09842400352553e-003 4.71090099928054e-005 -1.51413588203559e-006 4.24379067992654e-008 1.04907036906547e-011 -5.88772661103368e-011 
-5.14656120283107e+007 -6.96432082679373e+006 6.38570087319134e+005 8.69218502448981e+003 -4.16554228394540e+002 1.52394637739674e+001 -7.33818973968815e-001 1.48604900588530e-002 -4.71394194177869e-004 -8.07150918287189e-006 8.45116017326883e-007 -6.50631007378783e-008 3.11667698688749e-009 -1.26583087659200e-010 
-2.36970393195029e+007 -4.82566208985470e+006 2.93773035835859e+005 7.32839189394065e+003 -2.35425202792810e+002 8.95857885776178e+000 -3.55586523045738e-001 6.01489025756561e-003 -1.37830950411007e-004 -9.19886219598005e-006 6.08503213344491e-007 -3.91558734335041e-008 1.66366125607906e-009 -6.15048508954415e-011 
-1.34024881834082e+007 1.30878576001621e+007 1.51044836079412e+005 -2.54894612925594e+004 -9.04405578914599e+001 -1.28135572594938e+001 -1.32002185996738e-001 2.27462893838475e-003 -7.57167464648979e-005 2.01329793180126e-005 8.10123358345558e-008 3.37033686308700e-008 2.76231916877526e-010 2.95123946437654e-011 
-6.00236642752909e+007 -1.53432041790520e+006 7.10153726770687e+005 3.61754642234618e+003 -2.63612691756902e+002 7.79894030000475e-001 -5.48825439811371e-001 -2.05274514204763e-003 -5.70511810200205e-004 -3.94533532520752e-006 -2.21192980748506e-007 -2.75901995710591e-009 5.53732406945263e-010 3.30433691039580e-012 
-3.07576771031790e+007 -2.17690829923905e+006 3.63652233939792e+005 4.57677992127389e+003 -1.31423669196005e+002 1.74596303610786e+000 -2.79455751815018e-001 -1.33244733629066e-003 -2.96878801195438e-004 -4.19613974042224e-006 -1.26553056679117e-007 -4.97039742672622e-009 2.67113690289680e-010 -1.29689884512072e-012 
1.29821504284089e+007 1.30276470671814e+007 -1.72457884973262e+005 -2.91326680083269e+004 -3.71471898168879e+002 -1.47194853587386e+001 3.01567757308938e-002 1.54469085876760e-002 1.14343574024993e-003 6.27924517680696e-005 2.42901401188186e-006 8.37716287272506e-008 1.38129052179407e-009 -3.88850514656582e-011 
-5.73265225189041e+007 4.24512935334868e+006 7.26306365312242e+005 -1.25006018847093e+003 -3.95819151767301e+002 -1.53324901993986e+001 -8.93963648170392e-001 -2.39217633464619e-002 -8.01661651887843e-004 -2.82696999106115e-006 8.17256375854402e-007 7.87744661666966e-008 4.44332424862072e-009 1.97981819769129e-010 
-3.20534226368142e+007 9.16385243756613e+005 4.05842983589233e+005 2.35476208497787e+003 -1.72884097822593e+002 -6.66260262486781e+000 -4.80632332063361e-001 -1.43802129047156e-002 -5.46830901945068e-004 -8.02462441387393e-006 1.84524525351896e-007 3.33855770692927e-008 2.23005974897322e-009 1.09784683900473e-010 
-1.81483811064820e+007 -2.37985669844522e+007 2.25887105219544e+005 5.07362985285611e+004 -2.13673507156288e+002 -3.41920212551835e+001 4.91232926940682e-002 1.31777395528849e-002 3.10667035533843e-005 -4.51941960495595e-006 
9.54371795624673e+007 -4.30734864164160e+006 -1.22090084286682e+006 8.66379132642171e+003 1.32447440696351e+003 -4.54597984831326e+000 -6.37349220899536e-001 1.76160491251758e-004 2.21992219929492e-004 1.00572205893382e-006 
4.40423925106584e+007 -4.30913877706314e+005 -5.63516002567298e+005 6.85771960611120e+002 6.09335528892684e+002 1.19359189449469e-001 -2.89819017748030e-001 -7.54908939110514e-004 9.78967223536896e-005 7.38465035969024e-007 
-6.20850819294351e+007 -1.96651785725066e+007 7.92194097001633e+005 4.20363362838570e+004 -8.55918531643146e+002 -2.86294604493785e+001 4.06476483765533e-001 1.14479758963296e-002 -1.37816843285569e-004 -4.28642283208523e-006 
7.76308831717930e+007 -1.33106780867412e+007 -9.95438481431934e+005 2.83132446232894e+004 1.08519729832272e+003 -1.89701668688115e+001 -5.32180484972988e-001 7.19993227448847e-003 1.96176241995430e-004 -2.43326547213399e-006 
3.88140557197512e+007 -4.74266851478015e+006 -4.97939759416658e+005 1.00757138083544e+004 5.42351573028601e+002 -6.72142475537301e+000 -2.65129557645860e-001 2.51421637124382e-003 9.69732121818806e-005 -8.23255600106522e-007 
-1.42330207087745e+008 -6.06317544593938e+006 6.90533243915268e+005 4.21681139522448e+003 -2.93132995238598e+002 -4.03180827433914e-001 6.01341585498714e-002 -3.50076422406082e-004 -6.65960141488135e-005 -1.66581082662997e-007 1.03122534259707e-006 9.04952492076786e-008 -1.27355424377759e-008 
3.81062825226542e+007 -1.81736477349649e+007 -1.84121392696179e+005 1.49040438561860e+004 5.38809496058294e+001 -4.03763813809091e+000 4.43319344147023e-003 5.31287627861729e-004 8.70327208033104e-006 3.21672602921162e-006 -2.66802144101825e-008 -3.67983221190689e-008 -7.91541417411433e-010 
1.65241679479961e+007 -7.87982910287019e+006 -7.98299883305652e+004 6.46216543754256e+003 2.33609920425290e+001 -1.75021658926350e+000 1.92507912123882e-003 1.99432656476992e-004 2.98726832959494e-006 2.38311324227519e-006 4.93583485471354e-008 -2.85546832015923e-008 -2.21223131352615e-009 
-1.48828433281766e+008 -4.16363403950386e+005 7.12968267098437e+005 -4.64389580220972e+002 -2.87892827166185e+002 8.90961441800999e-001 4.92562761617717e-002 -9.38207234288693e-004 -6.75449956198146e-005 3.56342058176338e-005 3.87893328457537e-007 -2.41942138304987e-006 2.59890295080272e-007 
8.58710679264141e+005 -1.89226391673696e+007 -2.72996661617313e+003 1.51319851543414e+004 -2.43463196175232e+001 -3.71907666700590e+000 1.97534653590888e-002 2.85370246293420e-004 5.65757395943103e-005 3.44466489056249e-006 -4.38781059988928e-006 3.12366834352403e-007 2.76748554707847e-007 
3.74181433406551e+005 -8.20456262291969e+006 -1.18150138756561e+003 6.56098428342781e+003 -1.05561135439639e+001 -1.61223621373951e+000 8.42846907513161e-003 9.97630043027757e-005 3.66310357297411e-005 2.20608757406172e-006 -2.75849207451857e-006 1.85374669154248e-007 1.74044334371219e-007 
-9.62272085157201e+007 3.15199877328665e+007 5.23757777801494e+005 -2.51440028321395e+004 -5.09750339533341e+002 5.50968350001339e-001 2.22416291947130e-001 5.82188697109011e-003 2.51716368466764e-005 -3.16085703339222e-006 5.01999706996546e-008 
-1.85897395231397e+008 -9.98916288251301e+006 1.02212086971415e+006 1.61423076392408e+004 -3.21075473717888e+002 -1.09194764658637e+001 -1.31312641546367e-001 2.24568504881789e-003 1.30062621136107e-004 2.78129212564125e-006 1.51472646366986e-007 
-8.26803873136052e+007 -5.43426043502624e+006 4.54632214591683e+005 8.08436240495140e+003 -1.33469411156904e+002 -5.02318042908662e+000 -6.62542584352793e-002 8.69300867949392e-004 5.93455823653525e-005 1.49101639160264e-006 4.89852615205055e-008 
5.84156692862312e+008 -1.13842890252276e+007 -9.02283569682187e+004 3.13113667350601e+002 1.21338902445767e+000 -4.02671335727749e-003 -8.37393896697318e-006 3.64491483849903e-008 
4.27169632611791e+008 1.37312589312960e+007 -6.58704371412003e+004 -3.38718986944809e+002 1.07606554845185e+000 3.15509492339935e-003 -1.25818971796594e-005 -6.78026091313123e-008 
1.68860871455583e+008 6.16330598460554e+006 -2.60364803156345e+004 -1.52820185995996e+002 4.31680225773791e-001 1.45087715980074e-003 -5.16159535376911e-006 -3.22670677123255e-008 
-9.51047148369108e+007 1.26065131004068e+007 1.77299295363733e+003 -3.93519382294261e+001 -8.40714860727074e-004 1.91852773134439e-005 1.88939267924014e-008 
-1.38681844195325e+009 -6.19611453670247e+005 2.59545472610722e+004 1.30529387714310e+000 -3.41330124424933e-002 2.31612240592305e-006 4.19864057488075e-008 
-5.68663673209282e+008 -7.98071051781728e+005 1.06427026600341e+004 2.23128673402715e+000 -1.40567965250932e-002 1.56534627995126e-007 1.46954199723966e-008 
-9.86709458239231e+007 9.33786217904791e+006 2.61515891871445e+002 -4.14390833872060e+000 4.31507650905909e-004 4.00503838408157e-007 
-2.63813838428288e+009 -6.48631006262232e+005 7.00440553052815e+003 -2.43646014633943e-001 -1.53802560885047e-003 2.91611584716123e-007 
-1.15403276511597e+009 -4.16248449763547e+005 3.06431800120753e+003 -4.83335016907343e-002 -6.81428749854954e-004 1.27780405518989e-007 
6.53325244541692e+008 7.38649719087627e+006 -4.49261102537969e+002 -8.48001353545383e-001 2.30196028655084e-005 2.37713153132687e-008 
-4.13493413105057e+009 1.11108943868502e+006 2.84037353642105e+003 -1.09120450566628e-001 -1.60424039856307e-004 -1.96296300603100e-008 
-1.70872273603903e+009 2.70925297815061e+005 1.17373052090401e+003 -2.36086740727768e-002 -6.62367282207547e-005 -7.76826165155956e-009 
-3.21906121129871e+009 5.41335229898403e+006 2.33722909121264e+003 -6.24502920227231e-001 -2.62114658317172e-004 6.71772630427408e-008 
-3.05590617866114e+009 -5.55169937240791e+006 2.21844855953954e+003 7.00087288204114e-001 -2.23620832514932e-004 -8.47247205951142e-008 
1.62259147021762e+007 -3.36346984083723e+006 -1.19798335817752e+001 4.06884387771203e-001 9.87124628705661e-006 -4.78026154211979e-008 
-4.08760091712770e+004 -1.64615778156711e+005 1.76239828824091e+003 1.27872107814873e+003 -2.09934729711937e+001 -1.29100939524813e+000 3.81477013408603e-002 -6.94491735019306e-003 4.18024051148452e-004 1.75665002859316e-006 -1.21544667884024e-006 1.02455285526656e-007 -7.39905933916656e-009 
3.33711929228772e+005 -8.64615092466404e+003 -1.61990148539899e+004 2.05155154216650e+002 5.18405994562746e+001 -1.15127908083424e+000 4.42425150455150e-002 -1.95359328716104e-003 -3.01904690722744e-004 2.76268235632350e-005 -1.00846030233327e-006 1.87507909475587e-008 3.16608564821803e-009 
1.81994480022565e+005 -6.71783714507221e+003 -8.84193453354549e+003 1.27151060170922e+002 2.81494356631276e+001 -6.43849716828252e-001 2.45100959838396e-002 -1.14930835391595e-003 -1.60186786390351e-004 1.51258424292003e-005 -5.64917971189207e-007 1.14188379985802e-008 1.64412908708011e-009 
-3.12674630582456e+005 -9.67094479398259e+004 1.42827088616181e+004 7.45659087639286e+002 -4.61319940134174e+001 -1.34446122724531e+000 2.00158231361118e-003 2.52155384427420e-003 8.42751783379209e-005 -1.46419403172292e-005 3.22039468442261e-009 3.38377779645978e-008 1.69492121079161e-009 
2.03575263045612e+005 -1.15803726882326e+005 -9.41055534259430e+003 8.79306572710748e+002 3.24147506126329e+001 -1.14540193968013e+000 -3.99685579843114e-002 -1.56393150436170e-003 1.79637928699193e-004 1.13770704695108e-006 -7.01659046988466e-007 -9.12487881540887e-009 1.10048469594947e-009 
1.07497866508150e+005 -6.45426958767944e+004 -4.97873823719660e+003 4.90277928808719e+002 1.72188299362069e+001 -6.44170242305681e-001 -2.19356996045611e-002 -8.23310161439281e-004 9.93394723952404e-005 4.49600046252135e-007 -3.84183470958545e-007 -4.59699849067250e-009 6.23769357901574e-010 
-3.73616293648327e+005 3.88910025818175e+004 1.79895340500523e+004 -1.81017413850879e+002 -6.70330453983730e+001 -5.44168282732706e-001 5.15250800916663e-002 2.75368887843121e-004 -2.62770512369705e-005 1.65886364918659e-005 1.02676625164328e-006 -3.08538638077170e-008 -2.99608624048884e-009 
-6.50595085128740e+004 -1.42174854573082e+005 3.31284162115231e+003 1.15796306873974e+003 -8.04430965055398e-001 -2.12835634887982e+000 -3.28259676132579e-002 1.91229010346365e-004 -1.40178282952566e-004 -8.26501010270626e-006 8.19304389250056e-007 6.07464009433799e-008 -2.58836891195562e-010 
-4.02529022788638e+004 -7.73358808174622e+004 2.03228174749717e+003 6.31903509558602e+002 -1.25061625666891e+000 -1.17370255196170e+000 -1.73565674106625e-002 1.10945878964351e-004 -7.70160499090994e-005 -4.32202407827849e-006 4.61132521216122e-007 3.28927517375568e-008 -1.78568337937690e-010 
-1.71915584563487e+005 1.55531724558479e+005 9.26314918615500e+003 -1.26351700258139e+003 -6.24025605786877e+001 1.40792708671247e+000 1.64339188619640e-001 1.12985780891831e-002 5.06391743708820e-004 -2.65463632244287e-005 -5.16818339397516e-006 -2.78511359689145e-007 2.44834892699666e-010 
-2.81384316265188e+005 -6.38526075044235e+004 1.55694718358022e+004 7.54125156352173e+002 -5.33852036538965e+001 -3.28675177841933e+000 -6.21564803581688e-002 1.89844355847743e-003 6.80770381892836e-004 5.95640158803099e-005 1.04155053765590e-006 -2.09045992823595e-007 -2.27749087388101e-008 
-1.56172468963843e+005 -3.30337076300005e+004 8.63743054035164e+003 3.97445858296505e+002 -3.00132901829588e+001 -1.78322039768721e+000 -3.19278353179309e-002 1.18242284389382e-003 3.78953472786578e-004 3.22787619711980e-005 5.05947901181159e-007 -1.17929417547918e-007 -1.24662796176438e-008 
1.55897876964255e+005 1.56123013738704e+005 -9.95233341820624e+003 -1.71036318139949e+003 3.01624275166061e+001 8.35487536849636e+000 2.24993489861985e-001 -3.15625698195852e-002 -3.44857467869072e-003 1.65036943829300e-005 2.69883425496920e-005 1.50126373991080e-006 -1.21552839352542e-007 
-2.69543237484242e+005 7.72076960761989e+004 1.72677027734960e+004 -6.22647710329023e+002 -1.10168759906881e+002 -2.54606087819881e-001 4.68223465108503e-001 2.82387257677600e-002 -1.27797054210083e-003 -2.82823814413852e-004 -7.36445862326651e-006 1.74003895865695e-006 1.64717403298666e-007 
-1.45638493224306e+005 4.41972843054322e+004 9.33019199948976e+003 -3.62137688849405e+002 -5.99575818597090e+001 -3.48113825431980e-002 2.59231395233444e-001 1.50663701245620e-002 -7.42793634132224e-004 -1.54643046880694e-004 -3.69581932150552e-006 9.71388143723962e-007 8.86702393001610e-008 
3.37595539643021e+005 1.50777436919227e+004 -2.23057018842990e+004 -3.88471786984924e+001 1.45260888403571e+002 -1.50220128825146e+000 -7.87206537444545e-001 2.13384802731105e-002 5.45101849909391e-003 -2.37141830790786e-004 -4.26160466583447e-005 2.60718171611986e-006 3.47032126705814e-007 
-1.91624660875403e+004 1.59699296718441e+005 1.33318561135150e+003 -1.73198177751735e+003 5.45950279780902e+000 9.17225789800264e+000 -1.64322501333470e-001 -5.61674329340926e-002 1.95086704716053e-003 4.20591431819990e-004 -2.15447337383753e-005 -3.37957284830551e-006 2.36534268092412e-007 
-6.32792892530405e+003 8.76054968564829e+004 4.52048500288546e+002 -9.48770933507339e+002 4.80564740318451e+000 5.00449856690091e+000 -9.97936701384632e-002 -3.04907055958911e-002 1.13604605766437e-003 2.27334851569647e-004 -1.23266679848206e-005 -1.81792561007411e-006 1.33824721714520e-007 
2.11169157330651e+005 -1.32767747510671e+005 -1.20768694852315e+004 1.41848484069874e+003 2.40492513381711e+001 -5.84052200184665e+000 3.02619578283958e-001 7.93755800097670e-003 -2.58065849088639e-003 1.33533390045769e-004 7.12332614904639e-006 -1.47215810891727e-006 6.30978485386080e-008 
2.53351750544964e+005 9.94897274065094e+004 -1.45014273411533e+004 -7.04404300615414e+002 8.65861855543738e+001 -1.14419571998988e+000 -2.54098884896819e-001 2.79747590282570e-002 -4.83096105291440e-004 -1.45892832375252e-004 1.39561425952216e-005 -6.29440873903016e-008 -9.60871968932765e-008 
1.41264758635028e+005 5.28013540176509e+004 -8.08890010762214e+003 -3.67746854427518e+002 4.77269796038680e+001 -6.99429247595903e-001 -1.35438228607930e-001 1.54152952113302e-002 -2.96536912217283e-004 -7.82208172284504e-005 7.72989109546810e-006 -5.27609607883953e-008 -5.18245256647224e-008 
-9.67544154835335e+004 -1.61166891621131e+005 4.60936819740892e+003 1.23009033597246e+003 -3.11006019716908e+001 -8.28528208926903e-001 4.98904607534394e-002 -9.76533372557735e-003 4.47233466261560e-004 5.93678629836598e-006 -1.67390590400393e-006 1.70481785131449e-007 -8.60236279546569e-009 
3.24335419316444e+005 -2.95965810881453e+004 -1.58899713930891e+004 3.70543833544688e+002 4.78252575170641e+001 -1.47183983636206e+000 7.79750673358908e-002 -1.78165121127012e-003 -4.38432064501440e-004 3.20580752671419e-005 -1.32234173073391e-006 2.27704141934119e-009 8.39316454165980e-009 
1.76283054954402e+005 -1.82020814387592e+004 -8.63678178918342e+003 2.18638306305285e+002 2.57942346131815e+001 -8.18222094381560e-001 4.32539944355455e-002 -1.09531147990124e-003 -2.34391859520869e-004 1.76310596581862e-005 -7.44721785565343e-007 3.35235060140767e-009 4.48771035913153e-009 
-5.62621684112863e+005 3.22193193722848e+003 1.85179722626862e+001 -1.35400776873647e-001 9.24065304180397e-004 8.78495243505059e-005 8.48527294873807e-006 -1.02635658175250e-006 9.91926924408253e-008 -1.32504277967510e-008 1.42466450965890e-010 
3.23014008630146e+005 -6.46519791481324e+003 1.66052589521195e+001 -4.38104852874134e-002 -1.77483233782242e-003 -1.14080716581227e-004 1.20038338190068e-005 -3.95469759527682e-007 -3.00208052398415e-009 5.29342484450056e-010 -7.84699573248099e-010 
1.42448248761211e+005 -2.81973997454430e+003 6.72510055167312e+000 -1.63833558632020e-002 -6.39349103612020e-004 -6.86977304327088e-005 5.37706816033073e-006 -1.05625772206479e-007 -1.18222478688518e-008 1.60451039840469e-009 -4.27169228397737e-010 
-5.56034529782647e+005 3.36400269644582e+003 1.70594258784158e+001 -1.01097512172498e-001 3.51349539737134e-003 1.42365717138397e-004 -2.41053274195843e-007 -1.31505807533115e-007 -1.56192829056104e-008 -9.31392538336292e-009 -1.94755052387714e-010 
3.10214389233505e+005 -6.33502920376615e+003 1.58759426347412e+001 -7.78281951015536e-002 -1.83731148412990e-003 9.23601791425502e-005 8.27200976875310e-006 2.41291358409451e-007 2.82273706858198e-008 -4.26364669453991e-009 -1.83940334593392e-010 
1.36861780842539e+005 -2.76696374384480e+003 6.44156488474461e+000 -3.16302357068914e-002 -9.52511094639246e-004 3.20750602186370e-005 4.28441890277929e-006 1.43357378809370e-007 1.67573619619713e-008 -1.34191537424829e-009 -6.98472782905693e-011 
1.38438436480213e-005 5.37955000032517e-008 -6.30416357543221e-007 -7.81442266025537e-008 3.39379504971016e-008 1.73407291741362e-009 -3.21085638571062e-010 7.33586019584875e-012 -1.70925547856850e-011 -2.69867682732940e-012 
4.59330733495320e-005 7.78531881038488e-007 1.34502153539143e-007 -7.78842738317508e-008 -6.62709630641719e-009 2.36439906877338e-009 5.31099049414916e-011 -4.71943941173680e-011 3.62164300845852e-013 4.52691010647853e-012 
1.16285152487689e-005 -9.64938288008547e-007 7.69770710721818e-007 1.01651055468582e-007 -4.38642237828322e-008 -6.39367379677294e-009 4.14402839783296e-010 1.09459896066530e-010 1.03616128574278e-011 9.00317882658800e-013 
4.64604430734502e-005 -4.98025568299305e-007 -1.12483755654592e-007 9.69918155382677e-008 1.25844297813087e-008 -2.81295192132477e-009 -3.98145379719742e-010 1.07202544131342e-011 -1.24575713036307e-011 -2.08857164216228e-012 
1.15675656358756e-005 -8.25987507469861e-007 -8.89409042811546e-007 1.29033142891615e-007 1.09019999534401e-007 -8.04596078973172e-009 -7.08831417111115e-009 1.61524563153535e-010 3.55273103030976e-010 6.39829746244175e-012 
4.66606285400118e-005 6.73220518145927e-007 -1.96327636180775e-007 -1.59622607212150e-007 1.84700549854273e-008 1.27980896094381e-008 -7.48658714454699e-010 -6.82265817496679e-010 1.44580285718391e-011 2.79517785334812e-011 
1.03613092926830e-005 6.88839632485207e-007 1.77597919883972e-007 -2.31257114191555e-007 4.38664909168202e-009 8.53218127031435e-009 -1.47421831772765e-009 1.42651471111970e-010 2.82503109984693e-011 -2.06064061293053e-011 
4.63996549771870e-005 -3.39163313937440e-007 3.15333985410565e-007 1.98971079728652e-008 -2.47085202051944e-008 2.23735091114039e-009 2.48679625317503e-010 -1.82730748469508e-010 4.14376831361057e-011 3.70086787414778e-012 
7.81195861103004e-003 9.93190900473263e-006 -9.10927577993617e-005 1.74198699463671e-005 -2.42977400267457e-006 -4.36160343970712e-007 9.85643455222877e-008 5.10326432754591e-009 -6.55440675835614e-010 -7.64072504705071e-011 
3.82242050449710e-001 -1.96927123707748e-004 2.74523428353650e-005 6.25820054777564e-007 -1.11925418451451e-006 2.36833636580726e-007 1.90103967156830e-008 -3.83049492873021e-009 -1.99127901512539e-010 -4.71587436780966e-013 
1.56969300804900e+003 9.19957050448239e-001 9.09553510475987e-005 -1.80055993176330e-005 2.19674454056374e-006 4.11573334979457e-007 -9.11341109182249e-008 -4.61627463598449e-009 5.86950364998083e-010 7.11724875428122e-011 
7.37905917561628e-003 -3.92157976947540e-004 -1.03146911620384e-005 2.04918977603605e-005 5.28226337218441e-006 1.01290062250599e-007 -1.48393937708182e-007 -1.04944383576683e-008 1.08130642843506e-009 8.51613718139936e-011 
3.82093355700744e-001 6.95874236168436e-005 5.52619427430442e-005 6.54045670023475e-006 -5.14152989682378e-007 -3.83989011608419e-007 -2.02947640550926e-008 5.73755246199894e-009 4.75657777086555e-010 -6.11401729743414e-012 
1.57153332204803e+003 9.20291911553336e-001 -5.16612146177326e-006 -2.01158602969372e-005 -4.73162511981879e-006 -8.04864090637931e-008 1.38119092883616e-007 9.85322068541732e-009 -1.00175814603197e-009 -8.34846134796909e-011 
7.61689264334417e-003 8.63084462396968e-004 2.24423885161733e-004 -3.56981394628936e-005 -1.08790145417857e-005 1.16636114259929e-006 4.06115103781809e-007 -2.76640548848038e-008 -1.40530394882630e-008 3.19213394889316e-010 
3.82548482306431e-001 2.86215649542500e-004 -5.94840581189928e-005 -1.94802939096676e-005 2.40112606906284e-006 7.91501925524067e-007 -6.76601053532143e-008 -2.81799615175746e-008 1.22044694697122e-009 9.62990798562860e-010 
1.57337284442245e+003 9.19023696015903e-001 -2.11419594548272e-004 3.62524833484204e-005 1.02058029004414e-005 -1.14819166153330e-006 -3.82402442398803e-007 2.72022490123307e-008 1.32979908796800e-008 -3.33949902993651e-010 
9.42415081057090e-003 5.79251536204288e-004 -1.79618924268756e-004 1.09215243995947e-005 3.95056223708926e-006 -1.04632562551788e-006 1.86258562296118e-008 1.65254109436544e-008 -2.65990143087809e-009 2.38841122914665e-010 
3.82542793403114e-001 -2.39625622095132e-004 -1.07250543626016e-005 1.13217171110669e-005 -1.71317868847045e-006 -1.10261525209671e-007 5.91283315660193e-008 -4.45449019755237e-009 -2.04997776201706e-010 1.39085593306007e-010 
1.57521087818642e+003 9.19363541281562e-001 1.80844308179699e-004 -1.10356295108152e-005 -3.86268254279229e-006 9.94493217748057e-007 -1.93766859428452e-008 -1.54177224085906e-008 2.55262471776352e-009 -2.32990434294303e-010 
