2.51796529935862e+007 -1.68781088354775e+007 -1.01388552297478e+006 9.56957823962481e+004 7.17940283808191e+003 -3.28284371680705e+002 -5.45597608103489e+001 5.28621945630623e-001 4.25961378149499e-001 1.02308337194167e-002 -3.17232343696816e-003 -1.99027854883315e-004 2.08640449373782e-005 2.56194747956338e-006 
3.44650039264370e+007 8.27315557848994e+006 -1.34168134479554e+006 -7.19779038022736e+004 5.44322597927015e+003 5.36444106217535e+002 -1.73755864260903e+001 -4.26991236623129e+000 -1.11372626669063e-002 3.34277024536691e-002 1.24744813741501e-003 -2.42525436368083e-004 -1.95581628140350e-005 1.48535043554199e-006 
1.56448138212507e+007 6.17024662193931e+006 -6.11447834549678e+005 -4.83747375043966e+004 2.16254904904553e+003 3.20594905092850e+002 -3.62024049405224e+000 -2.33556403226039e+000 -5.01433150635005e-002 1.67935010240950e-002 9.95444156772630e-004 -1.08892206886646e-004 -1.26114316700548e-005 5.27572208151818e-007 
-1.22180423241244e+007 -1.92797259886608e+007 4.48112976982822e+005 1.14988200252006e+005 -5.14219896175654e+003 -4.39323563683296e+002 4.78567778189959e+001 1.08435516062792e+000 -3.95449875222980e-001 8.17126427845721e-003 2.85704317136704e-003 -1.92835977536882e-004 -1.61738651010948e-005 2.43845056489136e-006 
3.89352134806671e+007 -3.92449857476683e+006 -1.48605192769027e+006 4.98496129337099e+004 6.20271947078171e+003 -4.68985676335959e+002 -1.99590392812371e+001 3.97197596486774e+000 -1.60868776557842e-002 -3.01302622654590e-002 1.41884664725428e-003 1.91172149268921e-004 -2.06067916783985e-005 -7.68349336015190e-007 
2.19128322876790e+007 -9.57924099350025e+004 -8.40247405303192e+005 1.46962191545161e+004 3.84661736651572e+003 -2.04921767064164e+002 -1.56261130354314e+001 2.00907509172455e+000 3.24362551516206e-002 -1.69414765144010e-002 4.61433568075760e-004 1.22119303185839e-004 -9.32877385331775e-006 -6.63398747415351e-007 
-4.40111490184515e+007 -1.18639365354801e+007 1.22909042499198e+006 1.70117018021887e+004 -4.81125502789401e+003 2.57834584554679e+002 1.25396202955936e+000 -1.38446618835349e+000 1.08506897206864e-001 -1.45705754700172e-003 -5.13242705713831e-004 5.43586296321728e-005 -1.64470788493489e-006 -1.99153882084149e-007 
2.18014091140650e+007 -1.24605127657633e+007 -6.03209559010351e+005 7.70285777576882e+004 -1.63889539399868e+003 -1.64706656243335e+002 1.99915694607934e+001 -7.96034814032169e-001 -4.03071025986258e-002 7.93184188797223e-003 -4.53564995941914e-004 -8.26490103515116e-006 3.59097870376628e-006 -2.73423635170983e-007 
1.60598694126608e+007 -5.42459382707027e+006 -4.49716952527583e+005 3.93788048974778e+004 -3.76215236898121e+002 -1.14726821008849e+002 1.05481367751792e+001 -2.81550307361987e-001 -3.27873788602053e-002 4.38786439644005e-003 -1.89015530199491e-004 -1.00544222615202e-005 2.08871547157325e-006 -1.25383097428415e-007 
-5.79439904154203e+007 -2.16198305885084e+006 1.12498244478770e+006 -2.45129372773472e+004 -9.10089914365217e+002 1.07955437413095e+002 -6.64121387260157e+000 2.15285171610737e-001 3.63750045857865e-003 -1.12667531754487e-003 9.10742801205955e-005 -4.15966984959159e-006 2.70441796796000e-008 1.46843420411873e-008 
-5.41570450872283e+006 -1.41556733049745e+007 1.17564212913007e+005 4.25586723712332e+004 -1.99068203245684e+003 5.43361077250226e+001 1.29920279005601e+000 -2.87933743526240e-001 2.10419982728329e-002 -8.71087938746583e-004 5.13299206925596e-007 3.40427113341583e-006 -3.29099776463232e-007 1.77291577611066e-008 
2.96800344152111e+006 -7.33663741405336e+006 -5.39235535894746e+004 2.52754440553838e+004 -9.68872083209118e+002 1.78222748041482e+001 1.38298982318909e+000 -1.76132209483979e-001 1.08619348440551e-002 -3.48387235034088e-004 -9.17513554162002e-006 2.24994401172283e-006 -1.78589651797472e-007 7.94605847870105e-009 
1.06748905933452e+008 -2.12972447149033e+005 -1.33400422818305e+006 -3.29724142259086e+002 1.35616175916145e+003 2.05323628263076e+000 -5.03865205069152e-001 -2.64334982650443e-003 5.64984218429122e-005 1.61198896469113e-006 
3.87530185822088e+006 2.18294417570930e+007 -3.59278540321704e+004 -4.50885973064714e+004 -1.82207095250761e+000 2.67621161221351e+001 6.31877535295090e-002 -6.20049019752014e-003 -6.36008678211267e-005 -1.57931603861344e-007 
-5.06356198210344e+006 9.83313416984240e+006 6.82798347097845e+004 -2.02617619723831e+004 -8.66633120672067e+001 1.19087503315181e+001 6.03144451542622e-002 -2.62167044931030e-003 -3.21890729391590e-005 -1.74845476684595e-007 
9.58980836797222e+007 -1.05332123073763e+007 -1.20860087884145e+006 2.10195944353322e+004 1.27160720687361e+003 -1.06644235436460e+001 -5.42828057240062e-001 2.24111055015633e-004 1.24882746783688e-004 1.96464984008641e-006 
4.55600101629064e+007 1.94181745433182e+007 -5.59407269076245e+005 -4.08165664318058e+004 5.33342660441861e+002 2.59686827608679e+001 -1.38001041362791e-001 -8.06879014510764e-003 -4.38753797524855e-005 1.38394177021781e-006 
1.43745324372112e+007 9.40171556403883e+006 -1.75139774290877e+005 -1.96914178089516e+004 1.59427790367351e+002 1.23568027848203e+001 -2.77186677829844e-002 -3.64383637268209e-003 -2.76446094607467e-005 4.98551384937942e-007 
-1.37403470935064e+008 -7.93836223589627e+006 6.69881463139948e+005 5.81326471690919e+003 -2.88663695637271e+002 -8.90355760219561e-001 6.13388562016190e-002 -6.52540333369931e-004 -5.69786714778230e-005 2.51826699330234e-005 3.28028335157496e-006 -1.14091519825760e-006 -1.75069113429620e-007 
5.10217371219871e+007 -1.75852549534988e+007 -2.44717571279075e+005 1.45320964978447e+004 8.16327444082301e+001 -4.05429833544581e+000 -2.98917837842878e-003 7.68123853558113e-004 6.91658497356920e-005 -1.47025435112952e-007 -3.61420157274999e-006 -7.51860293879333e-008 1.77171940803748e-007 
2.21156899138481e+007 -7.62461832444665e+006 -1.06105575130000e+005 6.30098885216138e+003 3.53945758177489e+001 -1.75743566733460e+000 -1.32380269581784e-003 2.88041598330719e-004 3.06854644073972e-005 2.68387209231602e-006 -1.51276716039115e-006 -1.71070791826086e-007 7.15661950061487e-008 
-1.47756241131981e+008 -2.37964539440161e+006 7.11589181040375e+005 1.12841765491034e+003 -2.92534750534698e+002 4.80235347150346e-001 5.19252918395325e-002 -7.46679951988879e-004 1.80583916732108e-005 6.87549803068153e-006 -1.30641015751856e-006 1.97268048647146e-007 5.13887039261041e-008 
1.44573267366619e+007 -1.88293972551241e+007 -6.51615564006413e+004 1.51937352266016e+004 1.68256339080728e+000 -3.87259957868460e+000 1.52577103561792e-002 5.99845999796210e-004 1.43204425653051e-005 -3.54831245731149e-006 2.98855539260582e-007 1.12812820269046e-007 -4.21917229848813e-008 
6.26208465537493e+006 -8.16405316370057e+006 -2.82517399583822e+004 6.58785432046725e+003 7.29250297527601e-001 -1.67893811111119e+000 6.50911380625114e-003 2.47763055145106e-004 1.19962464760330e-005 -1.42792068531821e-006 -3.04641498333762e-009 7.75114075113721e-008 -1.91211094287646e-008 
-1.80131221382010e+008 2.27249867895291e+007 8.73639066764602e+005 -1.32010925981789e+004 -4.43338825256676e+002 -3.70302669193670e+000 3.05382293371779e-002 2.85317553407656e-003 6.42280966114480e-005 5.65137570045324e-007 -9.97705313523235e-008 
-1.37691706824104e+008 -2.04662343594684e+007 6.75283111718198e+005 2.05748227497688e+004 -6.78655634895247e+001 -5.61867162327173e+000 -1.31145742017175e-001 -1.36084349642130e-003 2.45368939340660e-005 1.22097285938562e-006 1.84610063164744e-009 
-5.83211219995928e+007 -1.00017764640660e+007 2.86080441712355e+005 9.79419450179635e+003 -1.91271234207518e+001 -2.47684452523093e+000 -6.09835376110862e-002 -7.01002130322518e-004 9.68463969730376e-006 5.31616171566689e-007 5.57170283496400e-009 
6.56888359617370e+008 8.47435943213924e+006 -9.85095169258346e+004 -2.51895089157438e+002 1.21241587514051e+000 3.64796054587179e-003 -6.20871829830410e-006 2.41877771532352e-010 
-3.26086399597056e+008 1.53865026356558e+007 4.90099680706167e+004 -3.64702889961833e+002 -9.01811792065318e-001 2.84855893747329e-003 1.26264129139400e-005 6.86810587083769e-008 
-1.55793959309909e+008 6.38891310773308e+006 2.34084388210282e+004 -1.50191231706082e+002 -4.16099944861871e-001 1.13156413133336e-003 5.50032390992370e-006 3.37496366643161e-008 
-6.52269492248269e+008 1.12908046828818e+007 1.24348235194914e+004 -3.73072897325942e+001 -1.06603961582237e-002 2.46086550958768e-005 -2.84713402658522e-008 
-1.25021523298446e+009 -5.25506945905960e+006 2.38451198754283e+004 1.40438345533631e+001 -3.51304181478262e-002 1.35661237010922e-006 -6.35264559164091e-008 
-4.88285373773644e+008 -2.65589515827135e+006 9.31317168854396e+003 7.40374586964042e+000 -1.40533617679925e-002 -4.64706649237192e-007 -2.60339312119779e-008 
-5.25477852615934e+008 9.18333477040306e+006 1.42363319399606e+003 -4.26289837594843e+000 1.96447961915288e-004 7.13017320683661e-007 
-2.57861964105853e+009 -1.93876570122141e+006 6.99206000473150e+003 3.37409759436639e-001 -1.60945960694646e-003 9.82817378731550e-008 
-1.12192303053834e+009 -9.79158167180261e+005 3.04245000150065e+003 2.08412479103746e-001 -7.08415147513583e-004 2.53566206267286e-008 
3.11976095181009e+008 7.44756972006645e+006 -2.14333042665399e+002 -8.53083762899149e-001 2.21154251254600e-006 6.50382572367032e-008 
-4.17398694908976e+009 5.86180499640254e+005 2.86253258801684e+003 -5.18901300522490e-002 -1.54058993273993e-004 2.45265836109823e-008 
-1.71621121534609e+009 5.45618671304666e+004 1.17696336573105e+003 -1.92001770841433e-005 -6.32658903050648e-005 7.88166619007324e-009 
-3.45795061004791e+009 4.96828047585686e+006 2.49587868068474e+003 -5.23918706236250e-001 -2.82179591558605e-004 1.93581873210877e-008 
-2.79141993430625e+009 -5.94145242400381e+006 2.01457332247633e+003 7.74449298272106e-001 -1.77955008152143e-004 -1.24883729212902e-007 
1.70736854142194e+008 -3.35098040519192e+006 -1.23439930861137e+002 3.99612520265280e-001 2.92451550093349e-005 -3.70295651272205e-008 
-1.17841896540536e+005 -1.56425154155449e+005 5.87494934303493e+003 1.35597562089914e+003 -7.51514374180184e-001 -2.96383970809822e+000 -1.88946949693548e-001 -2.82089255464566e-003 8.31840921298722e-004 5.43156679095165e-005 -2.03469243652319e-007 -2.85243905354843e-007 -1.79571692210417e-008 
3.12903214563860e+005 -5.74841061111322e+004 -1.58532322775979e+004 3.19928623713045e+002 6.58389927597718e+001 1.31799732290058e+000 -6.18815550785678e-002 -1.28397362116250e-002 -4.67120324950217e-004 3.06980617974836e-005 3.80073448814195e-006 1.11815479031975e-007 -1.35144760422322e-008 
1.70816952204215e+005 -2.18977628593749e+004 -8.67220467260392e+003 9.47431295990039e+001 3.48404067957924e+001 8.58672692665519e-001 -2.26902552735654e-002 -6.62604800953899e-003 -2.91378880867727e-004 1.32830619404634e-005 2.01774861472957e-006 7.43290729994696e-008 -6.16754342727237e-009 
-3.36201647396218e+005 -5.05000757640246e+004 1.94153774201958e+004 6.67291772851141e+002 -9.11672078558973e+001 -4.43048064824498e+000 2.16166792873684e-001 2.50419386374333e-002 -5.24319438247493e-004 -1.43279604369653e-004 7.95474918875281e-007 8.90435235968110e-007 1.16043789280011e-008 
9.64991611395842e+004 -1.50219552209969e+005 -5.44318107272122e+003 1.37399305790542e+003 4.74453094163403e+001 -4.20210578408131e+000 -2.91893309620877e-001 9.76927762761877e-003 1.64786541575518e-003 -2.55298600323871e-005 -9.90091748119163e-006 -1.41719453411212e-008 6.29042622301573e-008 
6.84575472752533e+004 -7.64911547036626e+004 -3.91389651199986e+003 6.89239006875948e+002 3.00186551426645e+001 -1.98099434514226e+000 -1.65909287387719e-001 3.80997920751998e-003 8.98171045885656e-004 -5.75916223536698e-006 -5.26861162492417e-006 -5.53685005032372e-008 3.25768559229865e-008 
-2.76771722306665e+005 1.08028583388881e+005 1.71249480761959e+004 -1.06014089069276e+003 -9.52579197240397e+001 4.23181274810772e+000 2.77355770095978e-001 -1.83944774857668e-002 -2.91532633911654e-004 1.07239085303259e-004 -3.84350972573406e-006 -5.82861493806647e-007 4.43344148487851e-008 
-1.91452892770800e+005 -1.22976767558620e+005 1.20376457888281e+004 1.24827385196259e+003 -6.48349349647347e+001 -4.74117684583544e+000 2.41958066197314e-001 1.00725054835924e-002 -1.23501729893384e-003 1.77081357907397e-005 7.10133809951986e-006 -4.12933614891401e-007 -3.30366155182552e-008 
-8.65275152011087e+004 -7.05997054671435e+004 5.44015836094127e+003 7.16480851124084e+002 -2.90974660304985e+001 -2.73543070522806e+000 1.12727161740375e-001 6.31737490115853e-003 -6.35787263039347e-004 3.57028769772615e-006 3.95366449929114e-006 -1.86635864146037e-007 -1.98208036466338e-008 
2.29204109982165e+004 1.76178997013277e+005 -1.23222994373405e+003 -1.70927035830439e+003 1.81806147602194e+001 5.64186882165464e+000 -1.00637332751097e-001 -8.37396175189325e-003 2.80495376716764e-005 -2.02436540949174e-005 3.19557577406126e-006 1.82329923169109e-007 -2.33056526763882e-008 
-3.09446414217408e+005 1.06617846281868e+004 1.87938495482636e+004 -1.98098371979040e+002 -9.55384135583331e+001 1.50014943482257e+000 2.19304023027807e-001 -4.25198920109605e-003 -6.61751028069794e-005 -2.03033578247632e-005 -2.05285209767291e-006 2.73898934497626e-007 9.00768601781492e-009 
-1.64607837433618e+005 -3.64726347352446e+003 9.99730072159252e+003 -1.28362242898529e+001 -5.14960541721533e+001 4.86103099280027e-001 1.21478364398892e-001 -1.78525258934456e-003 -3.72793573846505e-005 -9.67184247138219e-006 -1.25384143001191e-006 1.34992851614661e-007 6.01162318684853e-009 
3.08837338040244e+005 9.65548273346073e+004 -1.69129600713324e+004 -7.24146622203638e+002 8.89340835875627e+001 7.48094552850725e-001 -2.60439088285063e-001 2.43235345548045e-003 8.23771944974021e-004 8.94527627310010e-007 -4.13018425904084e-006 -3.04734682424105e-008 2.43480805880301e-008 
-1.61122562889858e+005 1.29403232127685e+005 9.01936312664861e+003 -1.25498012372934e+003 -2.68073097924676e+001 4.43472873728047e+000 -2.03043357369301e-002 -1.23389331715769e-002 1.06364409906857e-004 4.90961232507165e-005 2.71541647707714e-007 -2.83212694654988e-007 -4.21261197915739e-010 
-1.01231440913691e+005 6.33640171581391e+004 5.67016004050021e+003 -6.25059657664620e+002 -1.89934057794060e+001 2.30499249250442e+000 3.40884879128186e-003 -6.66070149243001e-003 1.19579821418613e-005 2.59464783833793e-005 3.64248434316382e-007 -1.48224627787887e-007 -1.52409890443028e-009 
3.55743846846496e+005 -5.00835063096154e+004 -1.74980191646893e+004 5.46407885015617e+002 5.89708438872018e+001 -2.58113988853123e+000 1.52651917065575e-002 9.20660173242277e-003 -4.97161047234175e-004 -1.91578057983294e-005 2.45499488251838e-006 -3.74037414559753e-008 -1.05078050495940e-008 
1.21036239661273e+005 1.40104752504626e+005 -6.03762585190285e+003 -1.09371997119913e+003 3.66329122361302e+001 1.42064575519397e+000 -1.41599109092828e-001 5.20939690008722e-003 4.06494055164844e-004 -3.18783597066672e-005 -2.68600349815529e-007 1.46554372093059e-007 -5.83421151099887e-009 
4.56172345041074e+004 7.68122482812127e+004 -2.26773101949319e+003 -6.08506809234206e+002 1.61930941042771e+001 8.92489656332180e-001 -7.56132295995753e-002 2.26085377931561e-003 2.41778829110109e-004 -1.58397481337711e-005 -2.73889259951227e-007 7.95333678133599e-008 -2.52525533859282e-009 
1.45354055754336e+005 -1.51301708325689e+005 -6.76418331743616e+003 1.14936060387351e+003 2.18265885217971e+001 -1.04970597238275e+000 4.07724620924657e-002 -6.01798044847842e-003 -3.16330857490228e-004 7.95788626287869e-006 -2.44912757217449e-007 3.67579723132581e-008 5.39507313343806e-009 
3.19272803958862e+005 5.05382390377939e+004 -1.51345917372342e+004 -4.01479985885591e+002 4.63803201010376e+001 3.07023123307449e-001 4.20085627697015e-002 4.30926072995671e-003 -2.89453308664750e-004 -9.16901654432253e-006 -2.10920228928375e-007 -5.77313128829740e-008 1.83518732324831e-009 
1.61666252712338e+005 3.47304047635798e+004 -7.66327554871478e+003 -2.74474057085117e+002 2.34172089984505e+001 2.23637933732634e-001 2.01158866870121e-002 2.59907659037222e-003 -1.36524482102617e-004 -5.30744800930566e-006 -9.97091172857171e-008 -3.25117075843146e-008 6.86190617334333e-010 
-1.64546362851920e+005 -1.45914393503354e+005 8.40499383239553e+003 1.30978920889348e+003 -7.59096290189983e+000 -2.88674685967866e+000 -2.02184077701201e-001 -6.54158317309414e-003 6.99892709036717e-004 7.56257583189549e-005 2.73179672906060e-006 -1.72530866997189e-007 -3.08667692297046e-008 
2.93521806159967e+005 -7.62615022279923e+004 -1.50639139792816e+004 4.61596217361799e+002 6.52217801246575e+001 1.28685980238842e+000 -4.09761495201196e-002 -1.32859007079071e-002 -7.81387054649873e-004 8.14783649755226e-006 4.16050444966928e-006 3.23265947362206e-007 2.83500942437117e-009 
1.64266088547626e+005 -3.27937792024433e+004 -8.43636026667132e+003 1.75152751440048e+002 3.50602570137889e+001 8.38752885677043e-001 -1.12075114030703e-002 -6.71188211443896e-003 -4.51964399215804e-004 3.31211274360328e-007 2.06614756289212e-006 1.80797530344524e-007 3.13442590040888e-009 
-4.27572092010355e+005 -6.11484759775665e+003 2.37758782917423e+001 -1.46228170713204e-001 -5.75332250750129e-003 3.47102192374467e-003 5.29010180154720e-005 -9.36466445448257e-005 -7.34972925194726e-007 2.79377768287052e-006 -2.52607639692095e-010 
1.00284274481241e+006 -6.51001586802246e+003 -1.19890186801942e+001 1.23910360279953e-001 -2.08618909332808e-002 -2.58133797378044e-004 4.98391881434331e-004 1.57977761557300e-006 -1.44691965586721e-005 5.98450895820539e-008 4.46495000477897e-007 
4.28354211958076e+005 -2.62536620733277e+003 -5.75775274610376e+000 7.28242846628252e-002 -1.05757305285675e-002 -4.93650343837693e-004 2.60763755179913e-004 1.05589973062554e-005 -7.65226682668916e-006 -2.56122176775737e-007 2.38500048724573e-007 
-4.39616012225458e+005 -5.92995646177506e+003 2.27259453829805e+001 -1.19103910260895e-002 4.54013657331094e-003 -1.02059609177646e-003 7.49543440728237e-005 4.42085727532674e-006 -2.02968918426099e-006 2.93837826550204e-007 -1.19250307951994e-008 
9.89728777976209e+005 -6.60368293031967e+003 -1.16055475444681e+001 1.65859246757922e-002 4.54826538496549e-003 1.05690162522513e-005 -9.31430249224194e-005 1.47508723425225e-005 -9.55157601038429e-007 -1.07678021608844e-007 3.62471961121370e-008 
4.23058608045873e+005 -2.67008814324169e+003 -5.54617950030499e+000 1.83568718252814e-003 2.02436023290670e-003 1.16608559922516e-004 -5.75139845271676e-005 7.41866371136369e-006 -2.99649185726693e-007 -8.62818915219967e-008 2.05830719268737e-008 
-3.87471472402934e-005 -2.53255165903253e-007 -7.44258084896670e-007 -5.82883882040581e-008 5.91933753050951e-008 8.60588110178890e-009 -1.48398014396047e-009 -5.18036217747920e-010 -5.03415662255664e-012 1.82040219963067e-011 
3.89576711332569e-005 1.03746849953477e-006 3.74404836949539e-008 -1.13591161686239e-007 -1.19227698518094e-008 4.63631913386047e-009 1.00474458101073e-009 -4.01962926040242e-011 -4.45175421638093e-011 -3.09363230450868e-012 
-3.98676887652216e-005 6.96803009289112e-007 6.94977953874550e-007 -2.10538662414319e-007 -6.78162289856159e-008 1.32009606196394e-008 2.43273140932913e-009 -4.63169437766893e-010 -3.25752994694331e-011 9.44710744344800e-012 
3.95817629421719e-005 -2.41562350907064e-007 2.24249100875002e-007 1.17714814862796e-007 -2.47791458196441e-008 -6.56058999303895e-009 1.17283071085643e-009 1.59076694615259e-010 -3.56540241559295e-011 -3.17939729459952e-013 
-4.02836446210138e-005 -2.03722749248084e-006 -2.60658576418437e-007 2.45486180569407e-007 1.55007351387765e-009 -1.13056029368316e-008 8.86071336604153e-010 2.58162213371808e-010 -4.08739686542828e-011 -3.87485684385521e-012 
4.03722795888417e-005 4.25572913252084e-007 -3.40196657522660e-007 -1.94643075807651e-008 2.59645210169418e-008 -1.08161250297293e-009 -7.93361279770976e-010 1.25939187720519e-010 1.40344870470792e-011 -5.51344430565038e-012 
-4.20093798707261e-005 5.60920460475171e-007 5.09046673469873e-008 -1.88670237085154e-007 -1.01867862929822e-008 4.20743016360856e-009 5.01737237675331e-010 9.19813566194026e-011 9.47696684744366e-012 1.43664290070890e-013 
4.02939307225181e-005 1.02073268825564e-007 2.97826562801816e-007 1.13232916246506e-008 -1.71976383855341e-008 -1.22676692006196e-009 1.69470167042359e-011 5.08304995406960e-013 1.33007444606304e-011 4.04840537055191e-012 
-3.94934695402692e-002 8.71924909769286e-004 1.27163957615593e-004 -1.20698743871579e-005 -6.67240031647356e-006 -6.04752889066769e-007 1.42397854594313e-007 2.85438762364758e-008 -2.78628525294563e-010 -6.59464748387547e-010 
3.87085303746447e-001 7.37218442805217e-005 -5.08167575567063e-005 -1.21000478828916e-005 -3.01435033692068e-007 4.12049933121078e-007 5.64745992904267e-008 -4.92670849503644e-009 -1.73100311167506e-009 -8.04814743602229e-011 
1.40047805247566e+003 9.19095201605972e-001 -1.29548569105012e-004 1.08619716203943e-005 6.40097346196903e-006 5.68603221220155e-007 -1.33822851675130e-007 -2.67111970266411e-008 2.72504763581536e-010 6.18137725617962e-010 
-3.80366473268855e-002 2.15170866687904e-004 -2.67451518692784e-004 5.72691379257401e-006 1.13798536922277e-005 -3.82510897348789e-007 -3.15251102930477e-007 1.44127989656730e-008 5.81631835817379e-009 -4.12213271609059e-010 
3.86713220368579e-001 -3.98858361751678e-004 6.52400498623524e-006 2.24236362522888e-005 -6.66897086926129e-007 -7.44611684639809e-007 3.00450906112532e-008 1.69932625171100e-008 -9.67563612295324e-010 -2.38666235418156e-010 
1.40231644101868e+003 9.19647504612323e-001 2.49410001206055e-004 -3.49598963415452e-006 -1.05823322116009e-005 3.37422313125430e-007 2.92638666911089e-007 -1.34384846230507e-008 -5.39564348958339e-009 3.87046546434704e-010 
-3.85395122188312e-002 -3.77194389054981e-004 1.00007885348305e-004 4.45718934000000e-006 -5.05173785850219e-006 7.97373475114860e-007 9.15945221123905e-008 -2.58858681239852e-008 6.49598267093545e-011 4.56750283055815e-010 
3.86346093376080e-001 5.43244673419299e-005 3.97697813916711e-005 -9.87605246736168e-006 8.80171812441767e-007 2.94576269275155e-007 -6.03751424276543e-008 -2.61156837196587e-009 1.34443643079742e-009 -5.24148304092372e-011 
1.40415666020816e+003 9.20263534343706e-001 -8.22404793922686e-005 -4.93211013465378e-006 4.47993633414405e-006 -7.27585512758426e-007 -8.29134543252271e-008 2.37994743217622e-008 -8.95184290129282e-011 -4.19135098269767e-010 
-3.85451891547123e-002 3.77588907939459e-004 1.18823273430017e-004 1.32188420082993e-005 7.27808679454214e-008 -7.38805078305385e-007 -6.23470511859927e-008 5.79050672045088e-009 6.64850697894497e-010 1.49226212697414e-010 
3.86594152300879e-001 1.66245489283513e-004 2.37688225619394e-007 -4.63486838709261e-006 -1.48928029803552e-006 -1.03865516869611e-007 3.37169854777004e-008 3.15270671734329e-009 1.12620550296547e-010 4.58771886535603e-012 
1.40599652338683e+003 9.19577978709549e-001 -1.18343253125164e-004 -1.38107440880770e-005 2.08103428779168e-008 6.97025424710825e-007 5.85501365571074e-008 -5.18548543177944e-009 -6.27194469878364e-010 -1.42628597415471e-010 
