-1.24243466060324e+007 -1.92657751704584e+007 4.53361112028183e+005 1.14677412219984e+005 -5.17567918155247e+003 -4.34976967939028e+002 4.79732221939043e+001 1.03642384509705e+000 -3.94344247191436e-001 8.60413889010725e-003 2.82495077978657e-003 -1.95774181475382e-004 -1.56980188196535e-005 2.44609393073270e-006 
3.88314342066706e+007 -3.96987867541883e+006 -1.48379363400973e+006 5.02274879819461e+004 6.16724146196013e+003 -4.70815178786649e+002 -1.95378360637326e+001 3.97012682744488e+000 -2.01964678219907e-002 -2.99158553681180e-002 1.45069474238042e-003 1.87418370583559e-004 -2.07580153432569e-005 -7.21308356083996e-007 
2.18820039167201e+007 -1.21423096379937e+005 -8.39586786763094e+005 1.49303678225906e+004 3.83114397287354e+003 -2.06350416544922e+002 -1.54132154618771e+001 2.01306407341544e+000 3.01263588106731e-002 -1.68718871664945e-002 4.81776134725508e-004 1.20419190844697e-004 -9.45893913186259e-006 -6.39065277024484e-007 
-4.41618326326164e+007 -1.18260617121842e+007 1.22988963449684e+006 1.67169303151393e+004 -4.79168763359244e+003 2.57964317820298e+002 1.10575126156161e+000 -1.37129074342290e+000 1.08313819215987e-001 -1.53551435820662e-003 -5.04149578467923e-004 5.40606853982977e-005 -1.68462705230367e-006 -1.92954161050919e-007 
2.16324427888730e+007 -1.24793058884801e+007 -5.99680293318965e+005 7.69301371925068e+004 -1.65159076853778e+003 -1.62878268079722e+002 1.99074672831368e+001 -8.01019204960638e-001 -3.92186262493400e-002 7.86321947455097e-003 -4.54992335742184e-004 -7.60930437085203e-006 3.53738348042934e-006 -2.73115074588747e-007 
1.59885571318312e+007 -5.43851107303295e+006 -4.47915029974661e+005 3.93568690747428e+004 -3.85028246666316e+002 -1.13763617944111e+002 1.05186075502930e+001 -2.85581923229914e-001 -3.21860389497298e-002 4.35936768573931e-003 -1.90720015494557e-004 -9.67335716823776e-006 2.06420528807528e-006 -1.25863057195348e-007 
-5.80203211560775e+007 -2.12708645739970e+006 1.12385947893501e+006 -2.45695155760644e+004 -9.01782141439262e+002 1.07346702307001e+002 -6.61844543259716e+000 2.15751234191355e-001 3.48208806015887e-003 -1.11284707903354e-003 9.03829911918802e-005 -4.15425885058078e-006 2.98898881596705e-008 1.43479510154185e-008 
-5.59884592140874e+006 -1.41523867255765e+007 1.19526681278287e+005 4.24366774624846e+004 -1.98657453324278e+003 5.44590706732880e+001 1.26832650189619e+000 -2.85366261660138e-001 2.09223750039742e-002 -8.71019101350571e-004 1.09273914558182e-006 3.34313662771811e-006 -3.25623073565942e-007 1.76715084719813e-008 
2.88150627875271e+006 -7.33845163868410e+006 -5.27584690341821e+004 2.52161952481220e+004 -9.67541161986588e+002 1.79510519318873e+001 1.36413307238434e+000 -1.74807799328846e-001 1.08141273343338e-002 -3.49802609082749e-004 -8.79234021727682e-006 2.21686298201389e-006 -1.77056163341881e-007 7.94996954235707e-009 
-5.43120214199408e+007 5.55631027336498e+006 7.90845281132793e+005 -2.84637799450160e+004 1.19968088537472e+002 1.39279000920775e+001 -1.79062566490697e+000 9.87782379468159e-002 -4.24202605175312e-003 1.12028147015947e-004 1.04388433391884e-006 -3.81101693005160e-007 3.07408505773886e-008 -1.67762282429904e-009 
-3.16605269692197e+007 -1.16151848596180e+007 4.74468412613411e+005 1.93272604118607e+004 -9.58575646633876e+002 3.96354294968738e+001 -1.22662814628667e+000 7.70740355745176e-003 1.92261740761529e-003 -1.86613822619766e-004 1.08366247427090e-005 -4.59712788898077e-007 1.11691835717621e-008 2.60069997737916e-010 
-1.14233940362656e+007 -6.78039869822223e+006 1.71380585545677e+005 1.32766252598216e+004 -5.24458890048942e+002 1.97257112687365e+001 -4.69402132177618e-001 -6.13203649991724e-003 1.46706733243668e-003 -1.11298414282945e-004 5.67964343980055e-006 -2.05993512254378e-007 2.77709806782659e-009 3.12752379174459e-010 
-9.64714360730377e+007 -1.03158977956137e+007 1.23396176684619e+006 2.16014029978056e+004 -1.34737483887930e+003 -1.35903306336208e+001 6.63979201334958e-001 4.05255889454958e-003 -2.42135503313001e-004 3.71554021805662e-007 
3.97225065990627e+007 -2.02139237851628e+007 -4.98955702410234e+005 4.32161621677481e+004 5.21235292793450e+002 -2.95032873762848e+001 -2.16447290121336e-001 1.18856060338146e-002 4.64179111840561e-005 -4.89609577523729e-006 
2.39246833231784e+007 -8.44007740740843e+006 -3.02556439180122e+005 1.80730205261771e+004 3.19759035168773e+002 -1.24116595242588e+001 -1.39419087725364e-001 5.09130842352657e-003 3.72463109258086e-005 -2.09300634871723e-006 
-1.06679376034871e+008 2.11273135691456e+005 1.35773307406636e+006 -1.24243309473867e+003 -1.45517745845144e+003 2.82759952337209e+000 6.68987747337574e-001 -3.48438055278192e-003 -1.97429679547891e-004 2.28193502350088e-006 
-2.98506714130923e+006 -2.20355298617489e+007 4.96021222058698e+004 4.66671895673347e+004 -9.36492204049365e+001 -3.06959101944081e+001 1.12366284561951e-001 1.08968766112718e-002 -9.85556199720733e-005 -3.71383327928570e-006 
5.35921560911359e+006 -9.92584936268388e+006 -6.36278385186336e+004 2.10713968022434e+004 4.99836223940246e+001 -1.39870789160856e+001 8.17236560350522e-003 5.12236335465436e-003 -3.08220285255015e-005 -1.98070903247964e-006 
-4.63298576507302e+007 1.92345463489860e+007 2.08671671724201e+005 -1.46866915525851e+004 -6.28719046545077e+001 2.99898640032713e+000 -1.82904629566661e-003 -4.35602425275317e-005 3.30511943275965e-005 -4.75947328802759e-006 1.40348008465614e-007 2.51740092128646e-008 -3.06357388000454e-008 
-1.31129968187929e+008 -5.79771140100002e+006 6.00942258744918e+005 4.03818448417387e+003 -2.21151475695867e+002 -4.92611260329849e-001 2.49665179502792e-002 1.88809860287421e-004 -1.04441357216601e-005 -7.70717132915095e-006 8.43897546437414e-007 -1.01927728240585e-007 1.11491845034187e-008 
-5.68609863508113e+007 -2.51360152817752e+006 2.60562519842282e+005 1.75086562096721e+003 -9.58902143336702e+001 -2.13387266414684e-001 1.09287626655967e-002 6.41304692770146e-005 -9.12241856055992e-006 -2.47009208097399e-006 3.97665928939570e-007 -5.59382517911069e-008 8.21834278637474e-009 
-6.75856163336585e+006 2.01864009711003e+007 2.83675654113361e+004 -1.52151402889923e+004 -3.35165239992933e+000 2.94126384208812e+000 -4.77616581773843e-003 -4.92970525117522e-005 8.19707093152169e-005 4.50136013467004e-006 -4.53525206555157e-006 -8.05991928702736e-007 2.22081559403914e-007 
-1.37807222866805e+008 -8.57030324057846e+005 6.27950230567029e+005 4.53248436404928e+002 -2.25154440533398e+002 7.16270187514925e-002 2.24346903563037e-002 4.41899345807931e-004 1.42800735860174e-005 -3.27465603862602e-005 -3.60822882614071e-006 1.75760242892960e-006 4.52330788321250e-007 
-5.97557231090769e+007 -3.71374347568170e+005 2.72272292871280e+005 1.96470451063932e+002 -9.76252598177105e+001 3.14487498403122e-002 9.79459902597117e-003 1.52783083003760e-004 -6.64831117125871e-007 -1.18876556570822e-005 -9.41170447353961e-007 6.73045755118592e-007 1.43723517634487e-007 
2.25274602380865e+006 3.46440509036760e+007 -1.83352239457209e+004 -3.57717788501145e+004 -3.38542796730386e+002 1.23354615231409e+001 4.21274562509219e-001 1.67963284580803e-003 -2.48452800317420e-004 -6.99579712049965e-006 -4.54777332774803e-009 
-1.95482529662404e+008 3.34237647830446e+006 1.21576600034842e+006 4.46857691489369e+003 -6.80233061156929e+002 -1.21387792519928e+001 1.16676898144449e-001 1.00230178101621e-002 1.49197515985130e-004 -3.30396212223534e-006 -6.35843705202712e-008 
-8.97616928921317e+007 5.95734262928068e+005 5.58124196318956e+005 3.01802273547325e+003 -3.02821009652387e+002 -5.90192766143643e+000 4.19577274549082e-002 4.54023024825343e-003 7.54213228610176e-005 -1.15954181498934e-006 -9.03842355220968e-009 
7.00433418711121e+008 6.01012715008830e+006 -1.06468972365618e+005 -1.88677625882371e+002 1.41581592536716e+000 3.06345257909301e-003 -1.10381492046138e-005 9.84715885871915e-008 
-2.30569791189386e+008 1.63992335948453e+007 3.51546009702398e+004 -4.03483528166904e+002 -7.05957096167286e-001 3.66737931233650e-003 1.14780917621479e-005 -9.98649311551923e-009 
-1.15911930811729e+008 6.88306493346721e+006 1.76633114325492e+004 -1.68354789749448e+002 -3.37095510659437e-001 1.49721565086012e-003 5.12843687268706e-006 5.26340228494392e-009 
-5.83662375265245e+008 1.15730520291128e+007 1.10829632388602e+004 -3.77848289796833e+001 -9.23912450708113e-003 2.40090866355689e-005 -4.85632697941729e-008 
-1.28001679873397e+009 -4.67696400780379e+006 2.43203712979711e+004 1.23600552655365e+001 -3.50036255631793e-002 2.40649590393147e-006 -1.05035716960972e-007 
-5.03543820116886e+008 -2.42927847301672e+006 9.56755848533728e+003 6.72881602764962e+000 -1.40602598375574e-002 -8.57764858357378e-008 -3.58550157009509e-008 
-4.70279100038665e+008 9.21566183184459e+006 1.27034981719180e+003 -4.25255347560170e+000 2.33870690697508e-004 6.44989520001340e-007 
-2.58974852695563e+009 -1.77082169527348e+006 7.00281736119310e+003 2.60270018845178e-001 -1.60319606298879e-003 1.43540681097944e-007 
-1.12757874707273e+009 -9.06054262123330e+005 3.04934105499979e+003 1.74439077155545e-001 -7.06506745113028e-004 4.33039933693845e-008 
3.56645329135329e+008 7.44205721683107e+006 -2.45041094197433e+002 -8.52893146886131e-001 5.57375699806193e-006 5.87194821155882e-008 
-4.17026381119704e+009 6.54857794150313e+005 2.86053161412069e+003 -5.92710499680669e-002 -1.53437159561995e-004 1.47133361498837e-008 
-1.71579910348983e+009 8.28085396048035e+004 1.17690806044329e+003 -3.05223523792893e-003 -6.30947708120700e-005 3.68171266116201e-009 
-3.42796168910912e+009 5.02795326987394e+006 2.47677425529685e+003 -5.37421507876484e-001 -2.80214558966639e-004 2.81510942330951e-008 
-2.82692291846998e+009 -5.89276935267823e+006 2.04229781161484e+003 7.65748682423604e-001 -1.84603109901086e-004 -1.21358136512313e-007 
1.50622436809311e+008 -3.35377013127790e+006 -1.09029263391555e+002 4.00960567669220e-001 2.68178937010022e-005 -4.02200029192833e-008 
1.95616196663050e+005 1.53361470789104e+005 -1.21157585049686e+004 -1.36468743847632e+003 9.70124738459602e+001 2.11829886653329e+000 -5.41101201507222e-001 2.68970894032432e-002 1.72185357945622e-003 -3.14768625879851e-004 9.24185142358700e-006 1.74632401204541e-006 -1.99933253489367e-007 
-2.50078613677765e+005 8.28975703044519e+004 1.55158982113526e+004 -1.04897759587177e+003 -6.20864770681129e+001 6.63886860806010e+000 -1.06317212246716e-001 -3.01521130025485e-002 2.92498364767156e-003 1.28929293036259e-005 -2.26010812164135e-005 1.51621806358279e-006 6.82709669162385e-008 
-1.42606498250562e+005 3.62390697907504e+004 8.85734817751265e+003 -4.88821975124299e+002 -3.79638779343312e+001 3.42386558479854e+000 -2.88369225173601e-002 -1.73999500617747e-002 1.46680654509096e-003 2.28888002901515e-005 -1.24828338945490e-005 7.16872636451873e-007 4.64669504806613e-008 
3.72255983077799e+005 1.73281138792146e+004 -1.93141382151410e+004 9.24140645462750e+001 7.22564113819794e+001 -2.23148909740612e+000 3.94336316274157e-002 3.88433133102501e-003 -8.22674025615761e-004 5.06146730393458e-005 -4.10849091050660e-007 -1.84508542264454e-007 2.07807022610718e-008 
-6.31889074040956e+003 1.48226343079831e+005 5.10705616603213e+002 -1.24608995432408e+003 2.06569410696426e+001 1.79169214775194e+000 -1.21229727007591e-001 9.45373382764568e-003 -2.67807035356118e-004 -2.90995893134146e-005 3.60701329926681e-006 -1.93743006035446e-007 1.62546045003807e-009 
-2.21474362416850e+004 7.77991557494881e+004 1.23932017413422e+003 -6.67571664119663e+002 7.35460576999139e+000 1.07009921740367e+000 -6.64812018501063e-002 4.82070105928762e-003 -1.00474279364292e-004 -1.80430390549399e-005 1.93833535601607e-006 -9.35533020778399e-008 -1.96011502780667e-010 
2.67780230627586e+005 -1.16120126042141e+005 -1.25609170960806e+004 9.45192761941436e+002 3.66335842005664e+001 -1.56466082421016e+000 -7.01611555642465e-003 -2.07994170014883e-003 1.59081922661174e-004 4.68107300386379e-006 -9.12865130138714e-007 1.13986438350717e-008 -2.71502084366905e-011 
2.52200464622144e+005 1.00169759403254e+005 -1.15975756377725e+004 -7.19834006044341e+002 4.22314828708050e+001 7.78957129754488e-001 -1.19429219892847e-002 -5.42787644368558e-004 -1.33165404642936e-004 1.41167576659306e-005 -7.86437851401888e-008 -2.54324247663967e-008 -8.96819983296430e-011 
1.20241831813687e+005 5.89208050565584e+004 -5.53924556692760e+003 -4.29855104417197e+002 2.06956243680400e+001 4.94883183267117e-001 -6.19082947400358e-003 -1.86591241199090e-004 -7.86822494779127e-005 7.26879834707536e-006 3.95564853880619e-009 -1.41427609458996e-008 -4.47672255669398e-011 
-2.36364872644768e+004 -1.63767879011765e+005 1.20652968015384e+003 1.26214706029163e+003 1.75682777563677e+000 -1.92010758153350e+000 -1.07729949464689e-002 1.80322079784218e-004 -1.19240860810323e-004 -1.11728933132494e-005 4.05823912982802e-007 4.15884593516426e-008 -3.65488279540006e-010 
3.41205482374765e+005 -1.46348840934209e+004 -1.57408029924686e+004 5.64630523239426e+001 5.29612994894360e+001 2.21595809036270e-001 -2.74122535347832e-002 5.69341751207015e-004 6.39076142751373e-005 -8.08552494524263e-006 -7.42748648349332e-007 1.10699642121844e-008 1.13938943599939e-009 
1.81859552942775e+005 2.83286744178555e+002 -8.42111400023272e+003 -3.16492992533575e+001 2.81444584880208e+001 2.11175592771006e-001 -1.42750433571758e-002 2.90958435461353e-004 3.97667278664127e-005 -3.74836080108843e-006 -4.14622682431734e-007 3.88159441789569e-009 6.26566732108674e-010 
-2.95222743150613e+005 -9.60988419188662e+004 1.51872967157338e+004 9.59963191770185e+002 -4.19461659894500e+001 -2.72410036389827e+000 -7.74198448836038e-002 -3.49402809129447e-003 2.00461232180751e-004 4.17657623705280e-005 2.32294549246257e-006 2.89404787006541e-008 -5.79610005537345e-009 
1.98415571886233e+005 -1.23314601332557e+005 -9.93472697467314e+003 9.07959921652143e+002 5.15311979362453e+001 -4.49402225832387e-001 -5.79675931044773e-002 -5.99120104994279e-003 -5.09952546797911e-004 -1.10900345300727e-005 1.44836108624280e-006 1.50507927308182e-007 8.61831756592274e-009 
1.19403297975947e+005 -6.07338682923279e+004 -6.01169377584998e+003 4.36591952231104e+002 2.94495236646511e+001 -1.12576902494185e-001 -2.73066272767652e-002 -3.01056667102382e-003 -2.80085680268643e-004 -7.87128641819556e-006 6.59392730277399e-007 7.85641486058127e-008 4.84741921658214e-009 
-3.40662754179792e+005 5.52390354802621e+004 2.05457868095735e+004 -2.44935404991035e+002 -1.11352254441272e+002 -3.15441935628922e+000 2.21475988809877e-001 3.37826913302075e-002 1.38613096444811e-003 -1.21649431941953e-004 -1.88389813304999e-005 -6.21027362066505e-007 8.65328426259164e-008 
-8.43048597773779e+004 -1.46781186978783e+005 5.13450757655786e+003 1.49729476137346e+003 6.77542552471916e+000 -5.23632775462053e+000 -3.33090664163067e-001 -1.74704401060157e-004 2.13223476016207e-003 1.67415787970717e-004 -1.81388470758208e-006 -1.31407248940058e-006 -9.21095038896562e-008 
-2.83033182151014e+004 -8.04807180620804e+004 1.74243005720324e+003 8.07528470455444e+002 8.88116052391185e+000 -2.63628504438770e+000 -1.87332491802716e-001 -1.68309150047777e-003 1.06655441846645e-003 9.46388277828512e-005 -7.19538428055529e-008 -6.68285159980725e-007 -5.29947979596548e-008 
-9.74835893292136e+004 1.76277331845182e+005 6.65714562641072e+003 -1.92888273473370e+003 -5.23963734197774e+001 1.03016365569627e+001 4.15904357883653e-001 -6.19378038989010e-002 -4.08684241718269e-003 4.42171873901844e-004 4.22820202705705e-005 -3.28333628624594e-006 -4.42262000802584e-007 
-2.85193139416300e+005 -4.20592582508603e+004 1.93142137004837e+004 5.10464814685443e+002 -1.27323266404263e+002 -3.76644719058004e+000 6.91843812467458e-001 3.47630166295068e-002 -4.66010654587292e-003 -3.58261217887489e-004 3.45293948238195e-005 3.76524060957771e-006 -2.56974002425656e-007 
-1.46397150303543e+005 -3.06563721862611e+004 9.93785647294482e+003 3.62717516029659e+002 -6.51958431180091e+001 -2.48985470280157e+000 3.47869942100425e-001 2.13945632392704e-002 -2.28104092918133e-003 -2.11155928743274e-004 1.63308802541873e-005 2.15450604299444e-006 -1.15489473680180e-007 
2.35548831936660e+005 1.38665197551574e+005 -1.47174487753073e+004 -1.20575337378225e+003 1.10487437785177e+002 1.52447317837330e+000 -6.15054842480511e-001 2.87904150873205e-002 2.56444303204135e-003 -3.64896983136394e-004 1.95505501588132e-006 2.79514421611530e-006 -1.88448011025071e-007 
-2.19759892774762e+005 1.02706236170792e+005 1.37335509700112e+004 -1.23406731015287e+003 -5.20628806853791e+001 7.42071670926424e+000 -1.33085378468343e-001 -3.70404842415451e-002 3.18656961345310e-003 8.73257874195656e-005 -2.97177105993083e-005 1.11072243197466e-006 1.76679587147278e-007 
-1.27397335489582e+005 4.79686352722166e+004 7.98351063959838e+003 -5.99018205276943e+002 -3.29352835773333e+001 3.87140115157026e+000 -4.13328889660310e-002 -2.10362248684602e-002 1.57023463307244e-003 6.36646289881347e-005 -1.58705243602437e-005 4.57230718749375e-007 1.02728146589620e-007 
-4.94442179945329e+005 -5.04835715779109e+003 2.01954094436924e+001 -6.82040679850254e-002 1.99539952770543e-002 -1.71337905797526e-004 -3.16441831073555e-004 4.34862693988580e-005 2.22352975313132e-006 -1.38806807904665e-006 1.22913401508247e-007 
9.21516435553879e+005 -7.02768893006427e+003 -1.05269265905797e+001 -1.68837399028141e-001 -4.82918923937449e-003 2.21012282593239e-003 -1.64263369424802e-004 -2.85416909155071e-005 7.70026070215574e-006 -2.32714165359468e-007 -1.74012749400315e-007 
3.95313501803659e+005 -2.87184169365467e+003 -4.72377018909525e+000 -7.33963335524708e-002 -4.46810305477124e-003 1.19243177649689e-003 -5.50103962415090e-005 -1.97551430662842e-005 3.88233101983807e-006 2.10710320014339e-008 -1.05714049270674e-007 
-5.04376941946968e+005 -4.88594160713207e+003 2.07163995576543e+001 1.10872989775658e-001 4.10358907007224e-003 -2.79681450418400e-004 3.90306926172100e-005 -3.72294451958142e-006 1.90152495757427e-007 2.57302791699923e-008 -4.64525740068911e-009 
9.07370752103450e+005 -7.11947842996293e+003 -1.22943956611720e+001 -1.06910803498456e-001 4.79964916097112e-003 -2.01522542290047e-004 7.54585506869545e-006 1.61837784234046e-006 -3.62464077538026e-007 4.19634816243971e-008 -3.19768328524175e-009 
3.89529132392900e+005 -2.91326007558260e+003 -5.59218066074589e+000 -5.70413634020959e-002 2.18303874002476e-003 -8.61616016460340e-005 -5.39158400614012e-008 1.25324485098053e-006 -2.13342346411510e-007 2.10218548110553e-008 -1.24244302619178e-009 
-4.13431473948868e-005 2.96827641485247e-007 -8.11128554633724e-007 1.78753069246176e-007 4.64871628886869e-008 -1.41526735991547e-008 5.14689622330215e-010 3.67981965542205e-010 -1.19129049902379e-010 1.15912316488121e-011 
3.72602664226483e-005 4.50230922333766e-007 -1.69582641448034e-007 -1.00846225377253e-007 2.46768559831097e-008 1.98261558589640e-009 -1.30294013733048e-009 2.18013468676231e-010 2.27448504320790e-011 -1.65993012775437e-011 
-4.05964420002454e-005 1.61641292263665e-006 4.67836755694351e-007 -1.28800336198665e-007 -2.60198664805228e-008 3.80542396527052e-009 4.48793121909195e-010 -2.18797174174275e-011 -1.24017968959749e-011 7.65337540400618e-013 
3.67801512633270e-005 -5.39902005452154e-007 2.14068568772568e-007 5.86759070973934e-008 -1.13712927708951e-008 -1.43907386199072e-009 1.01699147496864e-010 -2.98488962169397e-011 8.06059187191592e-012 4.15157474784063e-012 
-3.85248563231512e-005 -3.27097880845396e-007 -2.93589527262142e-007 2.22784034454833e-007 4.84257724227929e-008 -4.72849952956627e-009 -2.08669096683857e-009 -3.00014517332689e-010 -1.20649607061814e-011 1.53502025834609e-011 
3.69766566977839e-005 2.63225426102174e-007 -3.00223888976227e-007 -7.39058218696477e-008 1.81678468674091e-008 5.36487421030674e-009 2.86955049296284e-010 -1.14228783448059e-010 -5.48894871979286e-011 -4.95795205207728e-012 
-3.59330209441349e-005 2.92327281740867e-006 -4.26803144430564e-007 -3.68851643312200e-007 6.22467625580528e-008 2.56069635782797e-008 -5.29634196233160e-009 -1.17269019485995e-009 3.25988445798721e-010 4.27171491319164e-011 
3.67819374716943e-005 3.32463186777080e-007 4.17588842291764e-007 -7.27574044925410e-008 -4.55769933027691e-008 7.75207901478490e-009 2.50853784811386e-009 -5.22824425576095e-010 -1.00309598595996e-010 2.44991145626820e-011 
-3.34905630956489e-002 -2.51531234089198e-004 8.19424844717179e-006 1.58792096989112e-005 -6.03847775157926e-006 2.40024659953787e-007 1.88383799996773e-007 -2.52142555811703e-008 -3.72985481262890e-010 5.87676839555160e-010 
3.85344521581722e-001 -1.18150123859320e-004 4.39283664900050e-005 -7.27518117569708e-006 -3.40474347564969e-007 4.77945514597477e-007 -4.08729634483779e-008 -7.03080356837881e-009 1.68304480299652e-009 -1.46328925169510e-010 
1.42254952870378e+003 9.20082828404907e-001 1.01484738346736e-005 -1.47652087823391e-005 5.25475961074328e-006 -1.91443971155349e-007 -1.74465451498721e-007 2.26898704505340e-008 4.86203830813389e-010 -5.51571256704184e-010 
-3.38381253109533e-002 -8.28297395575066e-005 4.65413780266130e-005 1.83333332409776e-005 3.07329901303201e-006 -4.66852150037705e-007 -1.03703019768799e-007 6.05565785328825e-009 1.15651940852379e-009 -3.71574919897412e-011 
3.85330193074149e-001 9.60237878092983e-005 3.15305014275759e-005 1.68094933070807e-006 -1.17903287406284e-006 -2.58573241796226e-007 2.20434975273302e-008 4.52042970649316e-009 -1.93590286639376e-010 -3.90117242212560e-011 
1.42438965012720e+003 9.20011208475043e-001 -4.28976768005274e-005 -1.89728859179914e-005 -2.82601302123840e-006 4.40983413671444e-007 9.54661640807825e-008 -5.62133076097619e-009 -1.06683539855529e-009 3.59241064298655e-011 
-3.30708388107647e-002 9.03885395689529e-004 8.76692312448951e-005 -4.01515145822339e-005 -5.99629660287281e-006 8.65960243029575e-007 1.98632069430271e-007 1.19157447114683e-009 -2.59771990555975e-009 -4.54317671088961e-010 
3.85548535024872e-001 2.74522545075901e-005 -7.43704107964807e-005 -9.22256925453321e-006 2.55214393732055e-006 4.50998652336494e-007 -2.85635837890153e-008 -1.03007820253309e-008 -7.43203993440546e-010 3.01757767591038e-011 
1.42622874511454e+003 9.19019217570816e-001 -9.83767241033365e-005 3.67321036203029e-005 5.78610941209342e-006 -7.72859965008305e-007 -1.81468455328388e-007 -1.38015795544831e-009 2.28513828577153e-009 4.07441645296001e-010 
-3.19001343328992e-002 6.07927107272530e-005 -1.32060250469199e-004 3.53875130166678e-005 1.91847316971342e-006 -2.10502479488527e-006 6.28070901125244e-008 7.69755690179308e-008 -6.14575218479629e-009 -2.36021286573200e-009 
3.85204947871650e-001 -2.60972809647976e-004 4.04095346256866e-005 7.47337781947439e-006 -3.65538457354245e-006 5.50712455106430e-009 1.58751730832611e-007 -8.88797337874406e-009 -5.14999115214318e-009 5.71595554245890e-010 
1.42806728181484e+003 9.19729674489931e-001 1.29810966829228e-004 -2.94831688729028e-005 -2.06246106671899e-006 1.87659102927819e-006 -4.76140014984881e-008 -6.96565229569804e-008 5.26462374271344e-009 2.15264047775383e-009 
