1.34304255177988e+007 1.30125301744847e+007 -1.76484447012908e+005 -2.91996563875430e+004 -3.74748255067969e+002 -1.47091468845527e+001 3.51904204275692e-002 1.58660809560494e-002 1.16923049979414e-003 6.38978922635716e-005 2.47073824545616e-006 8.45097244868400e-008 1.35687735309106e-009 -4.30953448910480e-011 
-5.74045315163158e+007 4.31271127383670e+006 7.26108370599039e+005 -1.32425747638000e+003 -3.99325016510505e+002 -1.55765646917266e+001 -9.01547642696786e-001 -2.42100742348302e-002 -8.02657079881211e-004 -2.44560232293593e-006 8.57072713176270e-007 8.12153064013322e-008 4.56094263759238e-009 2.02458742204518e-010 
-3.21100057571466e+007 9.54067162056964e+005 4.06154348020487e+005 2.32198907233761e+003 -1.74418120701604e+002 -6.79409442062335e+000 -4.85205581476209e-001 -1.45776547806272e-002 -5.50035305897243e-004 -7.93540926439516e-006 2.01471114801589e-007 3.46130321396257e-008 2.29542969252445e-009 1.12607060774495e-010 
3.68482312344232e+007 1.00762579486811e+007 -5.71743967893043e+005 -3.72406762042294e+004 -5.90538211785215e+002 -1.30991508100185e+000 1.52862854765404e+000 1.16486421971103e-001 6.08964795677608e-003 2.17858148230183e-004 2.53273197819829e-006 -3.79361295850640e-007 -4.13213441041771e-008 -2.61650412990872e-009 
-4.31184712985831e+007 9.91673571981145e+006 6.57044080771947e+005 -1.16607417505047e+004 -9.95780715804987e+002 -4.78230682760411e+001 -1.83713319211231e+000 -3.18080204511241e-002 1.55261211424426e-003 2.21448009082756e-004 1.48575130613178e-005 7.01132718176772e-007 2.00752312623197e-008 -2.29913968557028e-010 
-2.69077970964367e+007 4.25203604161414e+006 4.10270545177206e+005 -2.36494768239037e+003 -4.70623090532724e+002 -2.54084234669151e+001 -1.13987860323037e+000 -2.90749327098851e-002 1.97542985530313e-004 9.56829641429360e-005 7.67326615269980e-006 4.13861578016195e-007 1.50099269607512e-008 1.48643414505886e-010 
5.09096056365114e+007 3.57251149565630e+006 -1.06555464588546e+006 -4.33135484768071e+004 1.55947450822193e+002 1.02651468816255e+002 8.36192483770212e+000 3.61621437477567e-001 1.39518632771941e-003 -1.29861448424476e-003 -1.27463331095282e-004 -6.60606003322204e-006 -7.79809561460960e-008 2.19124245201285e-008 
-1.87210562489471e+007 1.42536600965137e+007 3.81924905801601e+005 -3.76944994670068e+004 -2.38469184060319e+003 -8.38482548535450e+001 3.72095643713471e-001 3.25368424066155e-001 2.76168476451065e-002 1.26100628875879e-003 4.49599402813359e-006 -4.94205978851758e-006 -4.96929738285929e-007 -2.63523484773575e-008 
-1.53340042095023e+007 7.24330211806400e+006 3.14548320923239e+005 -1.56406474885509e+004 -1.28994362917187e+003 -5.54365094837811e+001 -6.68758932788660e-001 1.36276473970313e-001 1.46065808816023e-002 8.08281962261692e-004 1.56252302169144e-005 -1.95441477963038e-006 -2.57341001183561e-007 -1.63492149275086e-008 
4.80704485902813e+007 -6.74747756826509e+006 -1.45973628792619e+006 -1.09486626970087e+004 4.71445643030172e+003 3.41163477742227e+002 2.99750494293375e+000 -1.57594097470439e+000 -1.42241645974224e-001 -2.11336599963503e-003 7.19034852631012e-004 7.45532863030946e-005 1.55587598646799e-006 -3.75156089309802e-007 
1.08839843220292e+007 1.47509736094036e+007 -3.39396828497164e+005 -8.34853267669336e+004 -2.59856082886555e+003 1.56958510014251e+002 2.37998782975819e+001 1.00594486073255e+000 -5.53598235945122e-002 -1.05665003041806e-002 -5.31263354203851e-004 2.38783488390784e-005 5.60185604872794e-006 3.23387721276156e-007 
7.74749029023458e+005 8.57958703935998e+006 -2.98456196312002e+004 -4.34571721021034e+004 -1.87710426888013e+003 4.84440418704016e+001 1.24015432513810e+001 7.00814224209104e-001 -1.48131081617955e-002 -5.42476216658668e-003 -3.58366724648734e-004 5.01987759698730e-006 2.83077307010191e-006 2.11655747655672e-007 
-9.90067913906015e+007 8.91549919573889e+006 1.25286886088914e+006 -1.96586082806391e+004 -1.30582192751280e+003 1.48915852792906e+001 5.37284591512990e-001 -7.56473951739383e-003 -1.06125198762867e-004 3.55091901154899e-006 
-3.87769493810469e+007 -2.02191902082251e+007 4.94132080893174e+005 4.22262947639114e+004 -5.68379205336849e+002 -2.62435101414673e+001 3.25556863985778e-001 7.43155719488302e-003 -1.53282778575584e-004 -7.73321736928909e-007 
-1.12035953235609e+007 -9.65956663109887e+006 1.42978939056197e+005 2.02397959309613e+004 -1.73026925932571e+002 -1.27482274707893e+001 1.12441554388849e-001 3.82191692038887e-003 -6.22358016456942e-005 -5.72633436206244e-007 
-7.21330303464086e+007 1.76664600024847e+007 9.03494445795215e+005 -3.75459223894984e+004 -8.97692073134413e+002 2.49756185568377e+001 2.96374074294832e-001 -9.04258052695412e-003 6.98925901861571e-006 2.44637540452754e-006 
-7.37911719079209e+007 -1.44306924466961e+007 9.30506582431024e+005 2.94184108572315e+004 -1.00117115727292e+003 -1.64958032816383e+001 4.64198918795314e-001 2.54920137496674e-003 -1.39373021983470e-004 1.30419798420369e-006 
-2.86550797466653e+007 -7.60954934904411e+006 3.61396324655237e+005 1.56104434912615e+004 -3.93551990010957e+002 -9.00154540729234e+000 1.90059245499531e-001 1.71916164569326e-003 -6.31400882658682e-005 4.31534447317023e-007 
1.12740036079313e+007 -2.08027055463559e+007 -5.81416090511177e+004 1.72303181182284e+004 3.42424677932258e+001 -4.87542099526819e+000 -1.31067139503052e-002 1.23174314464569e-003 -3.34158796683860e-005 -1.34277829516092e-005 1.76019128085106e-006 4.43730381323584e-007 -5.04841979029835e-008 
1.34092039717200e+008 1.42738035646829e+006 -6.67770818838864e+005 -1.41958786893077e+003 2.89159104463223e+002 6.41953941085109e-001 -6.13273050468235e-002 -4.54908031065607e-004 -1.02144379814398e-004 1.24123525805989e-005 5.02991333976749e-006 -5.03051968834295e-007 -1.56963480039713e-007 
5.81404418405366e+007 6.18722207463727e+005 -2.89533924636253e+005 -6.15430257314207e+002 1.25375363438014e+002 2.78023726284003e-001 -2.67198557644004e-002 -1.68329044655719e-004 -3.50272801293869e-005 3.58769243668074e-006 1.74036523026188e-006 -1.39121552268842e-007 -5.29779220372463e-008 
-3.01401401618463e+007 -2.04389440258285e+007 1.48661868628090e+005 1.69902343407248e+004 -6.42591103205278e+001 -4.87345182780031e+000 1.43585663551148e-002 1.20358667746713e-003 -8.87250034809218e-007 -5.59426532493198e-006 -1.32653618610502e-006 -1.39169543842705e-007 5.94512856897966e-008 
1.31606510206158e+008 -3.90384140408723e+006 -6.56893800755179e+005 3.22574301581582e+003 2.86495838835016e+002 -9.06703161923005e-001 -6.28073131293891e-002 9.78040559643803e-006 -4.94803880522163e-005 -1.10151266019467e-006 1.21219817604550e-006 5.00361876213044e-007 5.67535752115119e-008 
5.70624313337954e+007 -1.69280002518283e+006 -2.84816922807972e+005 1.39870221547243e+003 1.24219353406722e+002 -3.93584423480704e-001 -2.72635199111542e-002 3.66667371004646e-005 -1.81712553432116e-005 -1.35291758900780e-006 3.21502312804958e-007 1.90472300387012e-007 2.99777747266966e-008 
1.20503739847559e+008 -2.66811164371199e+007 -6.98159015955355e+005 3.04177600346897e+004 5.07256623553451e+001 -1.31639226567404e+001 2.73933569396612e-001 4.64831597753933e-004 -1.76986493703846e-004 4.78453830693778e-006 1.48416909489731e-007 
1.69912557193821e+008 1.89157807179358e+007 -9.78151217749975e+005 -1.13763012764579e+004 6.31009355420563e+002 -5.47720554487643e+000 -1.64791433747500e-001 7.31188916308917e-003 -8.09208211124129e-005 -2.01516135719820e-006 8.72617269433500e-008 
7.46579192282364e+007 9.39834542666769e+006 -4.29753837767371e+005 -6.04111654096347e+003 2.88053852237826e+002 -2.15593463385647e+000 -8.29888874562091e-002 3.34111105398632e-003 -3.23765938326925e-005 -1.12302636663366e-006 1.58182496352366e-008 
3.28986889252408e+008 -1.64731576123385e+007 -4.90223324676165e+004 4.30075543862486e+002 3.92686818381033e-001 -4.64923263501789e-003 2.38866189707543e-006 1.26266539353658e-007 
6.24718931625500e+008 7.89417964478553e+006 -9.29595022717012e+004 -1.55780312370291e+002 1.37458144242890e+000 1.71938724848883e-004 -1.22117032598886e-005 1.63402862149235e-007 
2.59758332327212e+008 3.78526780064481e+006 -3.86521560081501e+004 -7.72540956136842e+001 5.79646916372217e-001 1.87299887640567e-004 -5.29375180690213e-006 6.12812040296280e-008 
1.32041178369488e+008 1.25811745974969e+007 -2.47452672392596e+003 -3.92232007815635e+001 2.62125083772798e-003 1.95661952658632e-005 2.85243945637229e-009 
-1.38115117563097e+009 1.24782858685460e+006 2.58307741220145e+004 -3.59203275549115e+000 -3.39099084620589e-002 2.95657536940859e-007 -6.10996661263315e-008 
-5.76092192639232e+008 -2.57483857735675e+004 1.07742660009634e+004 2.03722464797292e-001 -1.41140440320866e-002 -7.48301735620973e-007 -2.41116905794774e-008 
6.94835203956248e+007 9.34066392201301e+006 -1.82477986653903e+002 -4.07649248706597e+000 5.03738624195385e-004 3.91847580495519e-007 
-2.64528187632690e+009 -1.45546198500138e+005 6.96625317735951e+003 -4.61672794476921e-001 -1.48799047925227e-003 2.69136392128214e-007 
-1.15954126174922e+009 -1.95931823163348e+005 3.05385095167505e+003 -1.44979151404554e-001 -6.59863387939936e-004 1.14638163102101e-007 
7.85971265177227e+008 7.35085790665950e+006 -5.40653077700538e+002 -8.44335979222977e-001 2.76260263745002e-005 2.43085672903160e-008 
-4.11309664682373e+009 1.31514191154328e+006 2.82732993932702e+003 -1.32526263875189e-001 -1.64470918539304e-004 -2.50351431603439e-008 
-1.70308611158784e+009 3.55329649945090e+005 1.17066105132583e+003 -3.32744843610220e-002 -6.79338363564753e-005 -1.08031874882097e-008 
-3.12012116724408e+009 5.57915628469469e+006 2.26777366465407e+003 -6.61415591270360e-001 -2.50098882904133e-004 7.18146076408281e-008 
-3.15438303474429e+009 -5.38929158704673e+006 2.29228180125896e+003 6.66871821420804e-001 -2.37235663920242e-004 -6.16775173881654e-008 
-4.43147846287104e+007 -3.36274895866626e+006 3.20192529321234e+001 4.07712979470062e-001 1.56218420838806e-006 -4.57471686511532e-008 
7.04955207978655e+004 1.70771048223722e+005 -4.26336766033382e+003 -1.64988351747955e+003 3.20971109043418e+000 5.98547483805741e+000 9.02357247378590e-002 -1.96766171660536e-002 -3.85497180606669e-004 9.52783283685714e-005 1.17676946189756e-006 -5.79516512094164e-007 -7.15555945735259e-009 
-3.09484362692906e+005 3.34515743950451e+004 1.77900501011988e+004 -1.71616081276960e+002 -9.26773598345420e+001 -7.59419441653492e-001 2.89899099788347e-001 6.17286865135156e-003 -1.14318862624779e-003 -1.94565872082461e-005 6.46815280029319e-006 8.38164253300803e-008 -4.00596469790754e-008 
-1.62674821670307e+005 2.41049836448365e+004 9.37570329994134e+003 -1.53020483353426e+002 -4.96463145576324e+001 -1.83609993193706e-001 1.59037586728033e-001 2.58364156870892e-003 -6.27604689722288e-004 -6.94438075019095e-006 3.51162720841999e-006 2.36527960280514e-008 -2.17414967543958e-008 
3.21776941084150e+005 6.72999416792383e+004 -1.99158430715888e+004 -7.00334118233593e+002 1.03994832253088e+002 2.62986579510815e+000 -2.75181791964854e-001 -2.64212570751104e-003 3.75519875355346e-004 -4.43500184002208e-005 1.37284792236998e-006 3.93192728698705e-007 -1.54906691311069e-008 
-1.23781213388840e+005 1.43636869628792e+005 7.55172326769991e+003 -1.40658575805903e+003 -4.29167989837136e+001 4.92328142618900e+000 1.07491087659135e-001 -1.02447236313330e-002 2.00544896972383e-004 1.17979568547978e-006 -4.15466798601984e-006 1.43964502567839e-007 2.48268077537083e-008 
-5.41570807841261e+004 7.93013816024508e+004 3.30289897502236e+003 -7.80568827457025e+002 -1.91390140446366e+001 2.74373462670236e+000 4.74580250414344e-002 -5.61188237866895e-003 1.20912445678683e-004 -9.61083668332656e-007 -2.17414715195764e-006 9.17257294332147e-008 1.27362791543757e-008 
2.91529484872894e+005 -9.57574699122360e+004 -1.77981711250152e+004 1.01396898006808e+003 8.83732670259733e+001 -4.11780176781104e+000 -2.45415273755080e-001 8.40306915174236e-003 8.76247758239236e-004 2.17021733783645e-005 -4.78651264589760e-006 -3.36012822845318e-007 2.42697582303651e-008 
1.67446640446256e+005 1.32802541664984e+005 -9.99280783548848e+003 -1.25642449806329e+003 5.95768696705445e+001 4.22606791494204e+000 -1.80770335956449e-001 -1.21566431010776e-002 9.64304934341772e-005 5.55169687947574e-005 3.03387703294811e-006 -3.06714729397263e-007 -2.58318859283143e-008 
1.00384816115086e+005 6.73777490632753e+004 -6.02527148816136e+003 -6.35371720092298e+002 3.53241637850930e+001 2.11360449127864e+000 -1.06454330883586e-001 -6.20481682358185e-003 8.59438228228176e-005 3.05745632016401e-005 1.44148477984102e-006 -1.77128661742950e-007 -1.29191938223287e-008 
8.06377031596882e+003 -1.73159043013637e+005 -5.55886454882819e+002 1.58011052979476e+003 -1.99883611383103e+001 -4.80811409946193e+000 2.08502276727042e-001 1.13261143564467e-002 -1.15474410560738e-003 -3.60567740513101e-005 6.38255947984977e-006 9.25939644093312e-008 -3.89003319213395e-008 
3.19790813878756e+005 1.31888282320611e+004 -1.75702905252139e+004 5.30562302306033e+001 8.31401288885424e+001 -1.99783486050940e+000 -2.03652100886750e-001 1.38964226187434e-002 5.65048485474033e-004 -7.37266047176930e-005 -1.87188912974565e-006 4.37540329669035e-007 2.35058474096859e-009 
1.70988378766491e+005 3.73355402121866e+002 -9.43179449684726e+003 8.90011351928090e+001 4.38740640614326e+001 -1.25440326061491e+000 -1.01417375611335e-001 7.88396580840543e-003 2.58786941922859e-004 -4.09065998179312e-005 -7.58756587976016e-007 2.38033691394481e-007 -2.28362450912275e-010 
-2.90058254314190e+005 -1.12513807747624e+005 1.43061066693483e+004 7.95833797736795e+002 -6.14347870018228e+001 1.22770176218550e-001 9.34275348486221e-002 -1.12681873643276e-002 1.39417181972766e-004 3.46094841460069e-005 -2.36252162492600e-006 1.37874162331381e-008 1.19123697480691e-008 
2.20923473392416e+005 -1.06275374347124e+005 -1.07475898486470e+004 9.37002441239264e+002 2.66175385190426e+001 -2.38592253922068e+000 1.04167642750801e-001 1.57983960487983e-003 -6.35263263528471e-004 2.03426192336289e-005 9.93357082039597e-007 -1.64661139733452e-007 5.37313176535509e-009 
1.06522787741524e+005 -6.12574926682610e+004 -5.19832046885588e+003 5.33778717090548e+002 1.19488302697800e+001 -1.27862534912925e+000 5.92363029704609e-002 4.17097895758753e-004 -3.35257480574558e-004 1.22300783063758e-005 4.42849489444675e-007 -8.76941649184914e-008 3.33582448817979e-009 
-3.81851868855624e+005 2.39415323521521e+004 1.81839228958942e+004 -1.34482280670159e+002 -5.65643505247425e+001 -2.77714472406012e-001 -6.79517386387153e-002 1.14588783626922e-003 4.91744565481415e-004 7.92471352283401e-006 5.39743193473991e-007 -2.02930338456872e-008 -6.98416060038879e-009 
-3.87615477995562e+004 -1.42844789158638e+005 1.87899227643966e+003 1.09997820515740e+003 -1.33331548413917e+000 -9.43063944195673e-001 -2.43387376795641e-002 -7.59397068160239e-003 -3.55690119771717e-005 1.16587584215975e-005 5.17104928234572e-007 8.70601455562974e-008 8.37770567591493e-010 
-3.59958230593978e+004 -7.54643844928555e+004 1.73051236879261e+003 5.85129161664882e+002 -2.97423208713485e+000 -5.24180806975189e-001 -1.57439724082799e-002 -4.01750963835176e-003 6.64825882877036e-007 6.61045045958594e-006 2.98883016999578e-007 4.57597066267776e-008 1.67339301640601e-010 
-2.04990923694516e+005 1.46771743200043e+005 1.07846665624132e+004 -1.12597496448275e+003 -6.54752470571439e+001 5.00521092681572e-001 2.14055085264252e-001 1.72266769368857e-002 -3.33167430164524e-005 -8.75680207974703e-005 -5.72950201506524e-006 7.10171704149556e-008 3.96588599654115e-008 
-2.69160530320316e+005 -7.73591728694217e+004 1.40386411268278e+004 8.29118367001284e+002 -4.12252267721183e+001 -3.51776451635932e+000 -1.26630967228021e-001 7.20692507041078e-003 1.22038993961078e-003 3.81286834739545e-005 -3.54635163963857e-006 -4.75106730951837e-007 -1.31111819835545e-008 
-1.52133304459016e+005 -3.54487400169264e+004 7.95874725133736e+003 3.99235736585704e+002 -2.48372408876242e+001 -1.86881065513559e+000 -5.88903052205035e-002 4.57480259579703e-003 6.52845780784570e-004 1.68285207767532e-005 -2.13762223329085e-006 -2.51713116771214e-007 -5.39338299126786e-009 
1.21512231842474e+005 1.64411072400130e+005 -7.43702004110852e+003 -1.69932084094046e+003 1.88402563642603e+001 7.68253731263109e+000 1.15498711480160e-001 -3.57068192494255e-002 -1.45012024842559e-003 1.98267406597354e-004 1.33690105519993e-005 -1.13220821138187e-006 -1.19979857001205e-007 
-2.91775582586953e+005 5.77833956678444e+004 1.75541120299452e+004 -4.11276590899688e+002 -1.03950530297185e+002 -3.05323963927672e-001 4.45403058431396e-001 1.32665828282800e-002 -2.29152255992479e-003 -1.26769761283477e-004 1.30232288836564e-005 1.14353518834943e-006 -7.15178750582087e-008 
-1.50912731038043e+005 3.76744543430899e+004 9.10098690826802e+003 -2.90311197002229e+002 -5.50170005366958e+001 1.53774451900951e-001 2.43724879716732e-001 5.64024311910815e-003 -1.28828785276214e-003 -5.97960088648537e-005 7.53132571016300e-006 5.66339662605641e-007 -4.32731989142738e-008 
-4.00885924699948e+005 5.66648941734595e+003 9.60451199748199e+000 -1.14448172131659e-002 4.40464161615834e-003 3.82181963194428e-005 -6.73962161627983e-006 -1.05301111116971e-006 -1.27627744415097e-007 -1.85293633700901e-008 -5.56923146674355e-010 
1.29380694509720e+005 -4.01914607241898e+003 2.05497352369880e+001 -7.14658412604005e-002 2.12110745448212e-003 2.19227868031655e-004 1.36048336292045e-005 7.21814594691055e-007 1.72623998597876e-008 -1.83972080597246e-008 -1.02671469245006e-009 
5.66756140459462e+004 -1.82261282475545e+003 8.64211215440159e+000 -3.83488728460014e-002 7.73037403801305e-004 1.07998094761207e-004 7.96567423868321e-006 4.96259777563754e-007 2.23989715630138e-008 -7.05500853219627e-009 -4.73176084428628e-010 
-3.89475758713954e+005 5.74387182028769e+003 9.82706758245844e+000 3.25593077168564e-002 -2.89982929503233e-003 -1.26039308908822e-003 -1.15229410064076e-004 1.93463582935360e-006 2.42262668223667e-006 3.76190176843895e-007 1.89495657845368e-008 
1.21504795488719e+005 -3.85713545049316e+003 2.01056130119244e+001 1.64420094907595e-002 9.17584960078889e-003 1.39108660615377e-004 -1.02756941562765e-004 -1.85277734148633e-005 -1.29431843611960e-006 1.25239940420510e-007 5.00880358269392e-008 
5.30983797704843e+004 -1.75485451968727e+003 8.37140501836799e+000 4.78698341048310e-003 5.19998058080282e-003 2.00462518328922e-004 -4.28897262730030e-005 -1.00964503629154e-005 -9.42732492542631e-007 2.87797893525817e-008 2.48060671479988e-008 
2.75027011996205e-005 1.57712504139704e-006 -8.36016084934463e-007 -7.33825693504071e-008 8.26818187435961e-008 5.95910287864336e-009 -3.37889272229029e-009 -2.25381412299108e-010 9.37917401630516e-011 2.95775302781287e-012 
3.86128593162003e-005 4.92120893945366e-007 7.14138941514388e-008 -1.39609937685102e-007 -9.42863741572506e-009 8.04306554684201e-009 5.47091193625858e-010 -2.59113649662839e-010 -1.22265698201944e-011 6.38716177293602e-012 
2.96404295041333e-005 2.17226514793512e-006 6.56889140382766e-007 -1.98610789079041e-007 -5.67684164165742e-008 1.36708699522955e-008 1.85556977594636e-009 -5.37881261690475e-010 -4.19603950907601e-011 1.55062201921289e-011 
3.82844219142012e-005 -6.31911538939492e-007 2.42052753185358e-007 1.03054740240730e-007 -2.56058430190062e-008 -4.80998676558830e-009 1.30714052745292e-009 1.22063316872130e-010 -4.32479562450365e-011 -3.29379273251712e-012 
3.24928802739772e-005 -2.65461154544393e-007 -3.64499908104376e-007 1.84636731426549e-007 1.47554078078051e-008 -4.88602522224020e-009 3.10449748729437e-010 -3.50573894905787e-011 -2.05535575788240e-011 4.48435408745938e-012 
3.85300211318418e-005 3.63184364324991e-007 -2.53271813568728e-007 -3.98173430411175e-008 1.58955653457209e-008 4.62065218033624e-010 -2.05758252817912e-010 2.23435903027441e-011 -1.78304908216842e-012 1.21122607458192e-012 
3.42579412342911e-005 2.66120935292459e-006 2.32100867559979e-007 -2.77462365299572e-007 -3.96925102453598e-008 1.21304513191573e-008 3.24337979255836e-009 -1.13631989127906e-010 -1.55901146107290e-010 -1.13851991793836e-011 
3.83717228906751e-005 6.73518766574146e-008 3.75236244706116e-007 3.93758650575915e-008 -2.96059403048088e-008 -5.18557715145710e-009 7.95228229849671e-010 3.29540954719897e-010 1.86784193838115e-013 -1.30790630061674e-011 
2.43038862455036e-002 -1.25548126100931e-004 4.19887277760582e-004 9.45085653325029e-006 -1.39764834062144e-005 2.31893760471766e-008 3.33185037337389e-007 -5.80123375809332e-010 -6.56369710603405e-009 3.27281377817310e-011 
3.83905272543206e-001 6.16131069267949e-004 3.11721464691216e-005 -3.08622925645350e-005 -2.59606823523263e-007 8.25418724367036e-007 -1.35063043688750e-009 -1.79929083896616e-008 -3.57334208609925e-011 3.23500295693560e-010 
1.63590883558058e+003 9.19987560793049e-001 -3.96629377429977e-004 -7.44932368041104e-006 1.30793262533868e-005 -3.84057917823261e-008 -3.08715836308970e-007 8.10292696581155e-010 6.04747045766840e-009 -3.76264251911601e-011 
2.61830580080557e-002 1.57351675918276e-003 -4.94627740841919e-005 -2.90231461525453e-005 4.33305722929714e-006 -7.69434030052749e-007 -1.21513388253495e-007 3.60220390441070e-008 1.65715062472761e-009 -7.99687300570113e-010 
3.84649274945033e-001 1.79071159289068e-005 -1.03040383034744e-004 6.36918170721972e-006 -6.72691144661727e-008 -3.02571152754917e-007 7.44392686255424e-008 5.73898530311962e-009 -2.10958572875386e-009 -6.54094666904078e-011 
1.63774683536757e+003 9.18427249909992e-001 5.62375030034876e-005 2.77933549386638e-005 -4.20854973579672e-006 6.96565072889126e-007 1.14291823652905e-007 -3.29993766734175e-008 -1.55604379125401e-009 7.31399436525216e-010 
2.80422128473067e-002 5.57250891132230e-005 -3.23382403193324e-004 -1.42885132210983e-005 5.06454461425233e-006 8.66806835055126e-007 -3.57369410665324e-008 -1.11355282203208e-008 7.78487288263282e-010 -5.32402337903772e-011 
3.84103032449828e-001 -4.86307788744789e-004 -3.04510701095679e-006 1.79044586734290e-005 1.71417585935084e-006 -1.59696918056286e-007 -4.39640115510635e-008 1.79241723514995e-009 1.87519136452760e-010 -4.58702839609733e-011 
1.63958496018272e+003 9.19903265878115e-001 3.01654479903313e-004 1.14406621637463e-005 -4.72315977822407e-006 -7.88114260008617e-007 3.23123918847677e-008 1.03697039825832e-008 -6.92346475053217e-010 4.74414928780767e-011 
2.64205953086747e-002 -1.23843546715365e-003 1.88266298811960e-004 7.93689443644531e-005 -3.75732630873598e-006 -2.04960817193921e-006 -3.39517436945894e-008 3.92063532673492e-008 4.55528483634175e-009 -4.14905588670864e-010 
3.83792062096148e-001 3.17634803698173e-004 1.52281637036668e-004 -1.13568389381109e-005 -4.99262363305415e-006 7.81440768321739e-008 1.09658870218106e-007 6.90055901714418e-009 -1.65067542433047e-009 -3.53390351274212e-010 
1.64142632880812e+003 9.21045786815485e-001 -1.87250701621319e-004 -7.33767096524040e-005 3.77675025997784e-006 1.90935260828735e-006 2.74313449118687e-008 -3.69495595224492e-008 -4.17903105580898e-009 4.04828879729157e-010 
