-3.86446768904816e+007 -1.38821186559817e+007 1.16278635865811e+006 3.52136196772820e+004 -5.85746266790368e+003 2.25930309691596e+002 1.17504162145957e+001 -2.11119760127285e+000 9.65356206008084e-002 5.23547893031017e-003 -1.04753088435623e-003 5.21753282923736e-005 2.78232712893815e-006 -6.02029721186746e-007 
2.49041603606335e+007 -1.12623304099276e+007 -8.05117135798877e+005 8.10985906144790e+004 -7.00416926291285e+002 -2.77012514687409e+002 2.34118250074196e+001 -2.78512633606419e-001 -1.14046909101128e-001 1.08392869607774e-002 -1.53901103714053e-004 -5.92220239427571e-005 6.02315775355776e-006 -1.00452905087668e-007 
1.73574586478159e+007 -4.57764681157854e+006 -5.50588934509046e+005 3.96759547987469e+004 2.32728278635023e+002 -1.71394959225020e+002 1.12895971267361e+001 6.99584411520077e-002 -7.09285621879046e-002 5.24813008998796e-003 2.63183940254656e-005 -3.70437448460809e-005 2.92945503776299e-006 8.70916726237562e-009 
-5.66487461361243e+007 -4.11252232266746e+006 1.18286094396348e+006 -2.05475005558228e+004 -1.44893620562248e+003 1.45138810373520e+002 -7.78194600691932e+000 1.52571081949724e-001 1.57797021472676e-002 -2.07078729848509e-003 1.27784784294605e-004 -3.15182547170763e-006 -2.69779771464056e-007 4.07259089525101e-008 
-1.28497649997933e+006 -1.42537676661587e+007 3.29778411731903e+001 4.97272315641683e+004 -2.20150036483571e+003 4.23928059044486e+001 3.50446056469941e+000 -4.54315981333040e-001 2.72926968741009e-002 -6.82570796216581e-004 -5.09415851416807e-005 7.82943952569064e-006 -5.27605168112167e-007 1.56769917208805e-008 
5.23325386538428e+006 -7.18798383574550e+006 -1.22541327670484e+005 2.86942720395254e+004 -1.02595878281855e+003 7.60894553356750e+000 2.67845904638330e+000 -2.58513133594338e-001 1.29453536399562e-002 -1.50085315183591e-004 -4.04540293425613e-005 4.50921178336512e-006 -2.53905257830032e-007 4.15533067829292e-009 
-5.63604018194800e+007 4.13385731655269e+006 8.65206459979144e+005 -2.87766409505678e+004 3.72592730615094e+001 2.50255732988526e+001 -2.49047332688595e+000 1.31334394014862e-001 -5.03589174437644e-003 8.16628477784832e-005 6.61400762342616e-006 -8.19379016730679e-007 5.44479954176869e-008 -2.49716163349123e-009 
-2.82736137890966e+007 -1.23867206873666e+007 4.19911979402361e+005 2.29659022490163e+004 -1.14565001292442e+003 4.61071600554536e+001 -1.22173528560740e+000 -1.17720539049002e-002 3.81400202896238e-003 -3.02008315320621e-004 1.57282097329560e-005 -5.44169424368569e-007 2.82345197087939e-009 1.36011648351097e-009 
-9.21337943052402e+006 -7.04499577537164e+006 1.34679477636157e+005 1.52504651333709e+004 -6.15890048692135e+002 2.20384275110813e+001 -3.94632403932093e-001 -1.98967149734218e-002 2.55929723599317e-003 -1.69800262205110e-004 7.71703968188447e-006 -2.05808940641819e-007 -4.13311148390382e-009 9.85336931439130e-010 
-4.22425281979678e+007 9.70632988022147e+006 5.32182128787689e+005 -2.64580945505125e+004 1.58226314062469e+002 -5.40690771525014e+000 -5.10886187717503e-001 2.89709909459752e-002 -1.58701366736691e-003 6.42069816345128e-005 -1.95174592150011e-006 3.57004508610743e-008 1.37976153482951e-009 -1.68921071998649e-010 
-4.89952785061650e+007 -8.17683451162027e+006 6.10870849669766e+005 1.04611263623223e+004 -5.02347306976064e+002 1.98823288453570e+001 -8.48255574992272e-001 1.81860103932968e-002 -3.52578096387859e-004 -2.05309230010348e-005 1.78395346332999e-006 -1.12783011819359e-007 5.11462164370988e-009 -1.87422088023158e-010 
-2.17449780299525e+007 -5.37336578241296e+006 2.71198997546846e+005 8.32992985601242e+003 -2.84758324656401e+002 1.11817660986064e+001 -4.00221319354113e-001 6.71358807257245e-003 -2.39204318836299e-005 -1.76206624258163e-005 1.15524878805167e-006 -6.39499804847842e-008 2.58937482380419e-009 -8.26224325503889e-011 
-4.66872518889739e+007 -2.17276844458349e+007 5.93962740327086e+005 4.64699664147652e+004 -6.30300920850225e+002 -3.16932456994016e+001 2.79486544365337e-001 1.27174441277950e-002 -7.83468918530190e-005 -4.20113783869810e-006 
8.51752298585944e+007 -1.01743501227697e+007 -1.10674517212689e+006 2.14579319579840e+004 1.20766427795245e+003 -1.39058557993098e+001 -5.93917026043047e-001 4.67006927961371e-003 2.22212272699700e-004 -9.79623093732702e-007 
4.12814162048195e+007 -3.20367628760604e+006 -5.35615269395202e+005 6.71649947369635e+003 5.83329312317343e+002 -4.25278246993153e+000 -2.84960021188930e-001 1.29991556618754e-003 1.04687915904653e-004 -2.18941218494856e-007 
-8.37759928263304e+007 -1.49620979560050e+007 1.07167096209766e+006 3.17928096681694e+004 -1.17032063040828e+003 -2.11390187089016e+001 5.77433227723937e-001 7.82435584132434e-003 -2.15870416207953e-004 -2.51242239269755e-006 
5.70029064021144e+007 -1.76957377433440e+007 -7.44846125773506e+005 3.78393117982811e+004 8.01490397849789e+002 -2.58520333849143e+001 -3.74956843962973e-001 1.04348046708061e-002 1.21958242890283e-004 -3.96615257594741e-006 
3.09506393369940e+007 -7.01633093325719e+006 -4.02978427966246e+005 1.50166990168938e+004 4.34710066839384e+002 -1.02963226385576e+001 -2.05260777727721e-001 4.20071421615105e-003 6.85406378984551e-005 -1.62588884315663e-006 
8.47170621933208e+007 1.66417279227939e+007 -3.86530436916409e+005 -1.27063816754343e+004 1.31163530447949e+002 2.60892593824791e+000 -7.56375409965322e-003 -3.11221107425320e-004 -8.03226236041843e-005 1.60627057292228e-006 3.86122020146840e-006 5.88240102335501e-007 -8.33125229066063e-008 
-1.15479768652136e+008 1.05467920121032e+007 5.19746132297040e+005 -7.74843564891982e+003 -1.91540339555986e+002 1.31870985496317e+000 2.06154968941645e-002 -1.52678719248108e-004 6.91766424761505e-005 1.59054299592184e-005 -1.10969155655414e-006 -8.90700026797680e-007 -1.28538935322571e-007 
-5.00383521972835e+007 4.57124867261563e+006 2.25288985163514e+005 -3.35851128961778e+003 -8.30247249630342e+001 5.71207996320552e-001 8.86082886154984e-003 -3.34451146121970e-005 3.71646736507643e-005 5.64150547095524e-006 -9.68146439853250e-007 -4.00592576454884e-007 -3.46799228542300e-008 
1.14453178675646e+008 1.29791389778908e+007 -5.24734425204096e+005 -1.02032598250883e+004 1.80895286116198e+002 2.35322020476411e+000 -1.28605378517866e-002 -4.66231549932834e-004 -1.23979477749995e-005 4.89114351587515e-006 -1.94385149857455e-007 1.86963874593976e-007 -2.69651364891262e-009 
-9.05579955568513e+007 1.42829245113271e+007 4.09339111632702e+005 -1.05734736022955e+004 -1.59823641834080e+002 1.86015629787959e+000 2.23366710031074e-002 1.01891345117149e-004 3.51408786911157e-005 -2.99086427338684e-006 1.84900245644579e-007 -1.80960248518880e-008 -4.60184863478710e-008 
-3.92364847283250e+007 6.19071717258074e+006 1.77433422248285e+005 -4.58305772538442e+003 -6.92782671678856e+001 8.05931420288817e-001 9.74328297008738e-003 6.86357897617638e-005 1.18537283876624e-005 -1.86933270583138e-006 1.41685351084043e-007 -2.06818053039981e-008 -1.59803447076931e-008 
1.69337845518541e+008 2.00323239629307e+007 -1.22027392203544e+006 -2.55397844407582e+004 8.75745460734308e+002 1.92755678495662e+001 -5.17822125643286e-001 -1.62807452799553e-002 3.45874848349227e-004 1.51987874953230e-005 -3.26954576108516e-007 
-1.04153090621871e+008 2.78796796154435e+007 7.41783687422643e+005 -3.22516847693417e+004 -6.29943819031601e+002 1.92739860753532e+001 4.95322615609249e-001 -1.22249865152137e-002 -4.50554396841913e-004 8.09962138878685e-006 3.60565816938940e-007 
-5.23119392852271e+007 1.22483235315963e+007 3.73132931008136e+005 -1.41047898422660e+004 -3.12545840324456e+002 8.32001272678368e+000 2.41015292522289e-001 -5.17452702675824e-003 -2.15574637430085e-004 3.40439299693804e-006 1.95369847695015e-007 
5.96861284514127e+008 -1.09520560679604e+007 -9.22016019950585e+004 3.02311992253553e+002 1.24702219875629e+000 -3.91078830367730e-003 -9.20255289895735e-006 -1.60955096606297e-008 
4.10764167539643e+008 1.40232713861751e+007 -6.35237423707279e+004 -3.47012195669814e+002 1.04252840193700e+000 3.26912832086665e-003 -1.28965942727360e-005 1.07339381755026e-009 
1.61536513985909e+008 6.27720919709539e+006 -2.49836175649477e+004 -1.56096008597479e+002 4.16505716657695e-001 1.49674903828834e-003 -5.35116315429643e-006 7.48190700051686e-009 
-8.50315563562671e+008 -1.11534705995968e+007 2.13202126694001e+004 4.32622306091052e+001 -6.10858606979172e-002 -5.43513582621838e-005 1.90535096142465e-007 
9.70152906123782e+008 -7.91139334346481e+006 -2.43433339263532e+004 3.69698562444760e+001 4.93429281850798e-002 -8.33294705380550e-005 -1.64738953741826e-007 
4.37345671069120e+008 -2.78742745644006e+006 -1.09735618663590e+004 1.34079804202223e+001 2.30174080468264e-002 -3.20398919359090e-005 -7.69698968655768e-008 
-5.23299472769082e+008 -9.32020586401963e+006 1.48073015040938e+003 4.51716430970010e+000 1.53529022612817e-004 -8.29510024038648e-007 
2.53492207145074e+009 -2.05330493387898e+006 -7.18099124450490e+003 4.35961880964981e-001 1.79345477004630e-003 5.01430931207334e-008 
1.11761601320443e+009 -7.67555581525738e+005 -3.16598344483729e+003 1.27213228035255e-001 7.82198811989327e-004 3.71712179863603e-008 
4.12855458861776e+009 -2.89227555671288e+006 -2.94933172434313e+003 3.36481346217322e-001 1.92741182571043e-004 -3.01898875417980e-008 
1.60107520095927e+009 6.45271507012068e+006 -1.14377670238538e+003 -7.70323019241153e-001 6.63644138958980e-005 -5.79632005138426e-009 
5.52543026888148e+008 2.71313501668824e+006 -3.94724215640148e+002 -3.23664710389209e-001 2.22041496168236e-005 -1.84502279778688e-009 
4.17527000087580e+009 5.32182582217065e+006 -1.45653188300679e+003 -9.37782631173410e-002 7.40528371355686e-005 -1.47500751382690e-008 
-3.11568921917057e+009 4.27116754345621e+006 1.08688834956786e+003 -4.09604119968192e-001 5.11620161926025e-005 4.46931004440594e-009 
-2.23030755824455e+009 -2.70540283133404e+005 7.78043790653984e+002 -9.96660925691889e-002 -6.01920562637847e-006 7.13317605446308e-009 
2.73647640419763e+005 1.11765414442662e+005 -1.32977804853587e+004 -9.85970812470018e+002 3.90932498324338e+001 2.41587279802351e+000 4.53077538796485e-003 -1.86715081110620e-003 8.05071771747653e-005 5.20497939396842e-006 -9.99162708587172e-007 -5.65118995792294e-008 1.46554848022212e-009 
-2.48025864281635e+005 1.18280635277562e+005 1.18590673075192e+004 -8.63073418058990e+002 -5.16674622879119e+001 9.15853615994253e-001 7.47890444105943e-002 6.20726724616923e-004 -4.38065811062466e-005 1.27399786388580e-005 6.09868868301698e-007 -4.59634793482053e-008 -3.30020976010573e-009 
-9.49989323005983e+004 3.56294822979575e+004 4.53210481549355e+003 -2.52635284385827e+002 -1.89437045560614e+001 2.12233793970651e-001 2.49366079305026e-002 2.83501224507418e-004 -1.79042085292896e-005 4.10655500888793e-006 2.45525996543145e-007 -1.32773665369783e-008 -1.17107379648040e-009 
3.63237530867109e+005 -2.76691765354319e+004 -1.98008281240793e+004 1.82291378249576e+001 8.52192809124791e+001 2.00401005370956e+000 -5.58785510959041e-002 -6.52631569852697e-003 -6.59806056435781e-004 -3.51645580241687e-005 1.13496969109452e-006 2.58161518955117e-007 1.46656903590691e-008 
4.20310140483706e+004 1.59736554892627e+005 -2.51508532914971e+003 -1.43664067069328e+003 -1.28521377914587e+001 3.20887921423651e+000 1.40024940293091e-001 4.89828937312871e-003 1.31894849049873e-005 -3.94170356108877e-005 -3.64391345767207e-006 -7.51905941245555e-008 9.33023872799527e-009 
-3.65182606637976e+002 5.51568727700890e+004 -6.36081608829191e+001 -4.85650160698033e+002 -7.72076442311529e+000 1.00016950419684e+000 4.94554613024326e-002 1.92220288066361e-003 3.11630824960416e-005 -1.19030583880873e-005 -1.27630708247999e-006 -3.57740532540776e-008 2.55840180086489e-009 
1.67949252270997e+005 -1.59958429671438e+005 -1.06033882396631e+004 1.51819214770366e+003 8.32453613490522e+001 -4.04851529423229e+000 -4.92043018643381e-001 -1.01313265387717e-002 2.23663412763004e-003 2.18507882431507e-004 -1.77890365361415e-006 -1.68827555143542e-006 -9.58179148912074e-008 
2.88378250807328e+005 7.33725187798471e+004 -1.82054797815020e+004 -9.24843612725418e+002 8.73890065807554e+001 6.08883004223904e+000 -8.30153016274596e-002 -3.34225725625230e-002 -1.77799584419998e-003 1.07611985935155e-004 1.95475655487872e-005 4.71306736715264e-007 -1.12791491550634e-007 
9.08124043093947e+004 3.12465788735133e+004 -5.72689111531856e+003 -3.72894165035440e+002 2.61486344648094e+001 2.21650267768884e+000 -8.13701098074136e-003 -1.08739807285332e-002 -6.90667431450908e-004 2.75337201210751e-005 6.67322636965981e-006 2.27187215419530e-007 -3.42315766942788e-008 
-1.69611637889614e+005 -1.59257502220300e+005 1.10774453549264e+004 1.66728943820018e+003 -8.02404255500375e+001 -8.10330867263279e+000 4.89830712529077e-001 4.61277366146477e-002 -3.56859071114193e-003 -3.39529637867671e-004 2.94482782800584e-005 2.74984651955275e-006 -2.60566850252201e-007 
2.75705984877604e+005 -8.60880214568147e+004 -1.82004929121113e+004 9.96422829859909e+002 1.11336544615692e+002 -5.96270644424714e+000 -5.48381845777253e-001 3.94399631194423e-002 3.64232045667566e-003 -3.08016951036538e-004 -2.84067605918215e-005 2.64655901777742e-006 2.35813072922516e-007 
1.00150899822154e+005 -2.26577180768721e+004 -6.59388638209083e+003 2.69452297033727e+002 4.07918195334071e+001 -1.68712539133379e+000 -2.04784807638679e-001 1.14600056373989e-002 1.37355127532471e-003 -9.03454233316782e-005 -1.07790822711428e-005 7.83063811185932e-007 9.01333592378686e-008 
-3.56418698747466e+005 -1.95730365861374e+004 2.06203233028620e+004 -1.17205330065984e+002 -9.99407141912905e+001 4.31232330981345e+000 1.34022768292348e-001 -3.42132179979351e-002 1.50333781405114e-003 1.23699474600490e-004 -1.81766633939650e-005 3.93823530138114e-007 1.03997772440233e-007 
9.65536064753029e+003 -1.65009919084854e+005 -5.53312937757149e+002 1.56490290612217e+003 -3.31128562208612e+001 -4.40392761787659e+000 4.03369162984978e-001 -5.58287446210309e-003 -2.19418859335690e-003 1.78326009322610e-004 2.67952306933764e-006 -1.42193218161078e-006 7.98328063621297e-008 
1.78156129164800e+004 -5.49508204596124e+004 -1.02053948699926e+003 5.32855484221563e+002 -7.16722141734787e+000 -1.65861296654526e+000 1.30848811243310e-001 -5.12180057722616e-004 -8.01453837612523e-004 5.52489250674417e-005 1.63622704482101e-006 -4.96087189659423e-007 2.27765472301612e-008 
-2.49919567668958e+005 1.19114708787925e+005 1.24152204212561e+004 -1.06409717456399e+003 -2.69619941149355e+001 2.09531947479269e+000 -1.21790208409810e-001 6.69742003137170e-003 2.85494830799249e-004 -4.14890379127316e-005 2.46107888343422e-006 -6.45316678983907e-008 -8.31336060433041e-009 
-2.74306665882921e+005 -1.07205758283952e+005 1.35058955227177e+004 7.28562039892423e+002 -5.61270266632961e+001 4.02820005339537e-001 5.54528068742969e-003 -8.27187091591663e-003 6.54561488915977e-004 -1.14106084343514e-005 -1.14800737801848e-006 1.85360188331260e-007 -1.23366360763904e-008 
-8.24360591510518e+004 -4.10568440766531e+004 4.05426524036971e+003 2.88759742467287e+002 -1.78348213624501e+001 5.33861308430890e-002 6.71892588586749e-003 -3.06518338878201e-003 2.09542315536404e-004 -2.18890613709255e-006 -4.86591928488608e-007 6.52171510888338e-008 -3.83192676223298e-009 
4.36803342319180e+004 1.62526211384806e+005 -1.88277658248073e+003 -1.24918683318789e+003 2.26116529736464e+000 1.56885056438833e+000 6.12908655896653e-002 3.55434325911551e-003 -3.13456040880412e-004 -8.89449756477455e-006 1.36690657163809e-007 2.87354466970744e-008 3.09124545433177e-009 
-3.63476325710892e+005 2.09664623134621e+004 1.70241039751116e+004 -1.39903689733069e+002 -5.52403094617085e+001 -3.39882883237702e-001 -7.35454181267205e-003 4.96891976063599e-003 2.02455639970546e-004 -1.20964753497974e-005 -3.66994438112771e-007 -2.69870788505839e-008 2.28111986538697e-009 
-1.24536084315960e+005 4.30076949904574e+002 5.82067844812029e+003 3.64803949773381e+000 -1.86968833825044e+001 -1.78453447605561e-001 -5.08493387459074e-003 1.53198287469298e-003 8.10690488790255e-005 -3.71383374604230e-006 -1.29015951362312e-007 -1.03008872315231e-008 6.43360647575800e-010 
3.08581794250758e+005 9.10969797931156e+004 -1.53244898311274e+004 -8.71363225328274e+002 4.97110769787756e+001 2.92916220536348e+000 2.52435318611433e-005 -7.10935537260260e-003 -1.39023871361432e-004 2.27053241046982e-005 3.60561008209524e-007 -1.00749284011612e-007 -4.26628254583498e-009 
-2.01490324891394e+005 1.35106558449853e+005 9.93422131757215e+003 -1.03352418926789e+003 -5.08680357013143e+001 1.37401281206775e+000 1.36835861249382e-001 2.09983593916762e-003 -3.59698932481116e-004 -5.15487734492601e-006 1.43050058998379e-006 3.69446645739555e-008 -6.09214822307550e-009 
-8.07146945027088e+004 4.18577575528608e+004 3.97853465534459e+003 -3.12831071605117e+002 -1.91762341556769e+001 3.42113318519164e-001 4.60991039725091e-002 1.00158623036555e-003 -1.15541449355922e-004 -2.66685500894752e-006 4.67477885651037e-007 1.65872134737145e-008 -1.87901730179039e-009 
-5.23953844446699e+005 7.02054492949627e+003 1.97384312409506e+001 -1.13235435780241e-001 1.02669945916356e-002 -1.12893004242603e-003 4.66016016433184e-005 1.32329374046908e-005 -3.12915257243599e-006 2.67083270757013e-007 1.61539991253136e-008 
-8.56835890385405e+005 -5.76014746690413e+003 1.80670625588822e+001 -7.62810200669698e-002 2.90953154065942e-003 3.92868497322165e-004 -1.39195431493115e-004 1.67529104821390e-005 -2.08700896268802e-007 -3.06108668573868e-007 5.63422935042100e-008 
-3.53796991775335e+005 -2.68441448863075e+003 7.48860752070999e+000 -3.47331969458733e-002 7.00104652088357e-004 3.26711923341086e-004 -7.93304342389937e-005 7.57828285278554e-006 2.12808474648651e-007 -1.91035158595720e-007 2.84341404132920e-008 
-5.09757961305596e+005 7.17464633978925e+003 1.88933973664230e+001 -4.72969462135021e-002 1.82696536735827e-003 1.54653889795892e-005 1.16083038808432e-005 -1.47072417602433e-006 1.34855955135477e-007 -1.41084193851368e-008 3.07352922229222e-011 
-8.68213978672346e+005 -5.61847928972761e+003 1.74142057881340e+001 -4.06235119698512e-002 5.36300118528569e-004 -1.12858342530795e-004 1.25674138848279e-005 -3.56911804475980e-007 -3.15917970057654e-008 2.79275018028830e-009 -1.23358488166617e-009 
-3.59107011698417e+005 -2.62586230413427e+003 7.17825114153871e+000 -1.93671226631298e-002 2.70818933137344e-004 -6.52813389686175e-005 5.38784526817737e-006 -3.68432625125230e-008 -3.07738031380429e-008 3.15232412512928e-009 -6.53156816164628e-010 
-2.75181513835197e-005 -8.59524667266056e-007 -3.59721628218932e-007 1.14891202011984e-007 3.27127187193534e-008 -2.18826969498404e-009 -9.77917192406862e-010 -5.60194963018256e-011 1.19502985066441e-011 3.36931160444152e-012 
-4.26689893238110e-005 6.72302885904651e-007 -1.55999516175660e-007 -5.47257204150314e-008 8.48800556707742e-009 2.62336025505866e-009 -6.54876392597048e-011 -4.03240408722602e-011 4.83344195840597e-012 -1.86582429430953e-013 
-2.76213131237241e-005 1.26635330982838e-006 4.05723498245792e-008 -2.86374650734742e-007 -1.45783835049796e-008 2.03091593854722e-008 1.85651796826691e-009 -9.32445043037058e-010 -1.49986624313767e-010 3.26455503278448e-011 
-4.20393006832565e-005 4.14487945910013e-007 2.98892851218743e-007 1.20873618669322e-008 -3.29832103259945e-008 -2.02326959911881e-009 1.77632620946844e-009 1.76054828269974e-010 -6.80558971439225e-011 -9.39156207471392e-012 
-2.80091256738926e-005 -1.27105668771339e-006 2.98608159140635e-007 1.19433746923237e-007 -3.70807532875706e-008 -4.08688277822484e-010 1.04525090357792e-009 -2.62675180732666e-010 4.17135290280728e-011 7.60771597703264e-012 
-4.09502835542677e-005 1.68785945673226e-007 -1.79389723315613e-007 5.97365616560490e-008 7.34452047177703e-009 -3.58037353546219e-009 4.16828816348292e-010 6.89796733789502e-011 -3.87701401889537e-011 2.25870481564418e-012 
-2.88200237521753e-005 -2.37812839341804e-007 -4.20770342474559e-007 -8.66990124992944e-008 2.17771625954899e-008 4.27428334207806e-009 -1.39475140352798e-010 -1.34386247510865e-010 -7.01122816493594e-012 6.53646323850048e-012 
-4.02794612817259e-005 7.73237998423148e-007 1.16991082634522e-007 -4.89079060606338e-008 -9.21086045679844e-009 1.18167418880166e-009 2.64414991068699e-010 7.38809090238654e-012 -2.25296213119974e-012 -7.25898038754552e-013 
-2.49454702006238e-002 -8.06424610556191e-005 -8.01268795084270e-005 1.50897785860057e-005 2.63453803812294e-006 -9.03139901468381e-007 -7.88543317678548e-008 1.43463793123125e-008 1.41090393621315e-009 -5.91195671095329e-011 
4.33942378310355e-001 -1.62228888541887e-004 5.25621657737445e-006 6.10694002413914e-006 -1.95052077846770e-006 -1.95817360716480e-007 5.49860946442858e-008 4.96725122240923e-009 -4.79031868990071e-010 -4.89125820184920e-011 
5.55097765400637e+003 9.19962004460771e-001 5.96332356898380e-005 -1.49034956145647e-005 -2.24394203919206e-006 8.36174494235399e-007 7.22356031200634e-008 -1.30163837744283e-008 -1.28336882135374e-009 5.19079714647602e-011 
-2.54540470236234e-002 -4.35873816502594e-004 -8.97679809616770e-005 -1.56857192869943e-005 4.40128067298570e-006 1.56882715769429e-006 -1.19994421445494e-007 -6.24696863053125e-008 9.89913614307843e-010 1.97053160630796e-009 
4.33635737038697e-001 -1.61265878593766e-004 -1.39361313662516e-006 9.03481890628386e-006 2.66704473085040e-006 -3.25055492526994e-007 -1.39698484309965e-007 5.89307538005792e-009 4.74188250851158e-009 7.01175192135539e-011 
5.55281778756802e+003 9.20186702287553e-001 7.81378981228896e-005 1.72952344794645e-005 -3.84922445318225e-006 -1.48603954035332e-006 1.02249530006809e-007 5.78638961917916e-008 -6.15858274290797e-010 -1.80481857585957e-009 
-2.65470260503264e-002 -4.15931586029748e-004 1.62208863196564e-004 1.35313345493942e-005 -7.51532541413353e-006 -1.59347665558699e-007 1.78324605364890e-007 -1.22199494479235e-008 -1.11004201707991e-009 4.57321229430925e-010 
4.33610891078396e-001 1.68370757393481e-004 2.75265808447369e-005 -1.57363167703807e-005 -9.27229514042611e-007 5.31373613771922e-007 -8.71746820128958e-009 -8.22519504932021e-009 1.18059245039629e-009 -5.78935346463257e-011 
5.55465842360551e+003 9.20245920426002e-001 -1.32603666815187e-004 -1.31652666290094e-005 6.62623715665668e-006 1.73522276310409e-007 -1.64244632230464e-007 1.08279089386453e-008 1.12038570346232e-009 -4.26003172165242e-010 
-2.65742507178914e-002 1.72778792525411e-004 -6.72424577882867e-005 -1.46476289678390e-005 5.28867648396411e-006 2.73630506378856e-007 -1.26033824686743e-007 -7.75400922298000e-009 1.09963941240479e-009 1.86318989810583e-010 
4.33758241871596e-001 -7.81677083224093e-005 -3.75807674002756e-005 9.36859006511224e-006 8.18125859404019e-007 -3.86048364014721e-007 -1.88131222700779e-008 5.70966701134130e-009 5.27472596282931e-010 -2.26390927550527e-011 
5.55649824885576e+003 9.19759514607862e-001 5.70715026259147e-005 1.15962789450981e-005 -4.75598944416343e-006 -2.36379757112235e-007 1.15103889347892e-007 6.98656762094563e-009 -1.01189979227887e-009 -1.68379334074561e-010 
