-4.65311975749482e+007 8.40203417257963e+006 6.22528256717956e+005 -2.72041559345375e+004 1.76528045528069e+002 -1.04326333195808e+000 -8.02936857948797e-001 4.64396286777834e-002 -2.34969414086911e-003 8.77245910843664e-005 -2.17985337356673e-006 -6.93934070167119e-009 5.58036468800251e-009 -4.39411726661353e-010 
-4.23227474966219e+007 -9.49695950932547e+006 5.71302960992124e+005 1.30013157604242e+004 -6.30637564599495e+002 2.60764021434205e+001 -9.99056080912876e-001 1.99894717016322e-002 -1.15489210625941e-005 -5.01912155598049e-005 3.67986064901238e-006 -2.01857481905111e-007 8.28453855224307e-009 -2.41118272080282e-010 
-1.78636574386634e+007 -5.94471410565588e+006 2.40651562532129e+005 9.76525802936940e+003 -3.55180287414309e+002 1.40379208997781e+001 -4.50451484161328e-001 5.86410751972641e-003 2.37407652663477e-004 -3.59055065964277e-005 2.19171857751336e-006 -1.07111058663129e-007 3.84703954036240e-009 -8.32475388836949e-011 
-2.57510630053143e+007 1.21177746186965e+007 3.09855023895616e+005 -2.52726947799461e+004 3.46756782094974e+001 -1.08521194003662e+001 -1.90638739008663e-001 6.86996822189860e-003 -4.90816198202938e-004 2.64348427291255e-005 -6.88281081866865e-007 3.54901704921646e-008 -3.44195544358605e-010 1.26196885949792e-011 
-5.63519335927816e+007 -4.44194353249084e+006 6.80254421071366e+005 5.95601781887415e+003 -3.08223098455246e+002 7.79476983968424e+000 -5.86924447804157e-001 7.12234846057162e-003 -5.30041848165850e-004 -1.17789662744946e-006 2.49361364311489e-008 -2.07621814545264e-008 1.09315221310482e-009 -4.57231087430322e-011 
-2.75131421852947e+007 -3.62955601534070e+006 3.31265192456725e+005 5.80150247463141e+003 -1.68244587983201e+002 5.28885948378671e+000 -2.93767410414015e-001 3.09252786362767e-003 -2.32263947558506e-004 -3.36954758355976e-006 8.46699184028993e-008 -1.47700046088831e-008 6.19631907374726e-010 -2.57330853624982e-011 
-2.12805743508657e+003 1.33750769607926e+007 2.06763242944842e+003 -2.66593735911594e+004 -2.18438495272606e+002 -1.41323348364738e+001 -9.61215511751631e-002 3.98401445485710e-003 3.24182817029939e-004 2.90989189062229e-005 9.13696622327511e-007 4.89593623793656e-008 1.07834310053524e-009 3.29834262209251e-011 
-5.96218363246233e+007 1.20921394351447e+006 7.24903397729867e+005 1.53889113614442e+003 -2.87185492148285e+002 -5.87804434263650e+000 -6.36804869657875e-001 -1.14176751249395e-002 -6.72616171390098e-004 -7.70301900214872e-006 -1.17012459856710e-007 1.51720364931825e-008 1.23304703950286e-009 5.74704700806942e-011 
-3.19301968736540e+007 -7.41094663665276e+005 3.87022535310067e+005 3.58566069709616e+003 -1.30767877706099e+002 -1.67499543651109e+000 -3.30211159730100e-001 -6.51222261366163e-003 -3.92911794045523e-004 -7.13140385250535e-006 -1.57225446153622e-007 3.02940417998583e-009 5.46896015052200e-010 2.72810825944743e-011 
2.56950937813483e+007 1.20305845852770e+007 -3.48360056334844e+005 -3.24660595811132e+004 -5.03641167862046e+002 -1.25841684814235e+001 3.98146634506895e-001 4.34751459310029e-002 2.71520432032556e-003 1.26751155965645e-004 4.29250049009432e-006 7.65778017518516e-008 -3.77952530622996e-009 -4.90981311096814e-010 
-5.14105720775867e+007 6.98913521407072e+006 7.08821574464422e+005 -4.98257642127897e+003 -5.97065850785361e+002 -2.76578081887618e+001 -1.29050793587776e+000 -3.52592506871827e-002 -5.85464111537338e-004 3.75988870042531e-005 4.02427930437139e-006 2.55829471791012e-007 1.19716480346559e-008 4.11196078979170e-010 
-3.02087547201448e+007 2.48586179408355e+006 4.14758259816635e+005 7.03890842083047e+002 -2.66738189014619e+002 -1.34700430679448e+001 -7.30651611424581e-001 -2.33420083608094e-002 -5.94219949201029e-004 6.94544195725812e-006 1.70476453586349e-006 1.28724767694815e-007 6.78707391577601e-009 2.70562873541585e-010 
5.80078755481791e+007 2.01229476138034e+007 -7.14035243572687e+005 -4.11893083419719e+004 7.23374568178064e+002 2.35572392705625e+001 -2.65543381755512e-001 -4.50929719383505e-003 2.85225728368908e-005 -7.31531594134773e-007 
-8.05137724538557e+007 1.21782276649958e+007 1.00608518215709e+006 -2.50739430150617e+004 -1.00487773607295e+003 1.47458970734137e+001 3.45833124087086e-001 -3.29620976898930e-003 -1.73057895305990e-005 -1.28924702180884e-007 
-3.99143914109053e+007 4.20596105646845e+006 4.97863044560715e+005 -8.67575685710171e+003 -4.97911320744477e+002 5.14432029296537e+000 1.72408260707601e-001 -1.19781226945169e-003 -9.59096831376992e-006 -1.16602492401125e-008 
9.11372444276594e+007 1.26636875082513e+007 -1.12455029522311e+006 -2.62337716741549e+004 1.12100622938398e+003 1.57520221337724e+001 -3.82119978762375e-001 -3.88860655280752e-003 1.55035737859135e-005 1.43488505990717e-007 
-4.92378591859725e+007 1.87752160364356e+007 6.19834003175434e+005 -3.83742969146142e+004 -6.34799129109545e+002 2.18655663422889e+001 2.43930065326658e-001 -4.08076074428293e-003 -3.55108868269551e-005 -7.56003226833720e-007 
-2.79388041790928e+007 7.64621795981392e+006 3.50045250159859e+005 -1.56064875662959e+004 -3.56555202508870e+002 8.84165782707380e+000 1.33934850868672e-001 -1.58982911905460e-003 -1.69264856567008e-005 -3.46276219138917e-007 
-6.75615082616028e+007 -1.85454941574175e+007 3.38219473270482e+005 1.52778390294038e+004 -1.53758400361540e+002 -4.24099659852376e+000 3.90139177178292e-002 5.79953826091433e-004 -3.40554454528772e-005 4.13698190626162e-006 7.59255729503265e-007 -1.33244336517619e-008 -8.73705220924151e-009 
1.19952608371199e+008 -8.79061691166365e+006 -5.94051292250385e+005 7.47146815997349e+003 2.54860300910175e+002 -2.30477468983260e+000 -5.53160722173296e-002 5.38388236689442e-004 6.43298578143956e-005 1.79550635484425e-006 -9.62567240077973e-007 -7.63268965339805e-008 1.46821102648987e-008 
5.19809533182460e+007 -3.81049058713217e+006 -2.57524065049826e+005 3.23884488108294e+003 1.10483347858269e+002 -9.99568842698433e-001 -2.39717308508434e-002 2.66454812807806e-004 2.82726848120429e-005 -3.58077676317209e-007 -4.73753431500370e-007 -1.45081400513620e-008 7.83653982881750e-009 
-1.01399729183900e+008 -1.51543127569253e+007 5.04173783260475e+005 1.21957758966128e+004 -2.27788395509806e+002 -3.08575705737654e+000 5.56833601560945e-002 -1.62160640631522e-005 2.35504493345265e-005 2.25856747047788e-005 -4.83526553735970e-006 -7.73256692848110e-007 4.50966834324676e-007 
9.79492306885950e+007 -1.31190104250101e+007 -4.81661873293863e+005 1.11156686796602e+004 1.97213859481503e+002 -3.38817013418678e+000 -3.64560185403381e-002 1.04292414360419e-003 7.55952190316902e-005 -2.41303947627741e-005 -1.43067100855316e-006 1.77335531467586e-006 -1.48058259817070e-007 
4.24429489567506e+007 -5.68687326921367e+006 -2.08803571633120e+005 4.81862899738373e+003 8.54927849049522e+001 -1.46902460627719e+000 -1.56562360895942e-002 4.71338692293281e-004 2.04494724921763e-005 -1.06718620555955e-005 1.64025598731060e-007 6.77999157798902e-007 -1.05471796439368e-007 
-2.16246417950181e+008 1.55500165793046e+007 9.87886501156788e+005 -6.96696998456968e+003 -3.69954322312542e+002 -3.70243915945940e+000 -2.30900391750277e-002 1.26352070302828e-003 4.07061300139684e-005 4.34826769979631e-007 3.86333279353981e-008 
-9.44323775812402e+007 -2.46958800778042e+007 4.35490148481126e+005 2.09108826302252e+004 1.38190640611966e+001 -3.06221396105065e+000 -8.99424267720567e-002 -1.56365294425146e-003 -5.07246254047004e-006 4.47329581700887e-007 3.70521657868579e-008 
-3.75104044246914e+007 -1.17474008067102e+007 1.73085369928041e+005 9.77939861445301e+003 1.63226777979165e+001 -1.30471902013182e+000 -4.06323034116898e-002 -7.50430897870007e-004 -3.52277923451101e-006 1.87094288177847e-007 2.10422979766015e-008 
-6.19618573126526e+008 1.14405613474628e+007 7.34044425004581e+004 -2.08515198160270e+002 -7.05810351421464e-001 3.40123360289845e-004 6.55418781630796e-007 -1.10989750177997e-008 
-4.86479833004338e+008 -1.17914546924151e+007 5.76960095271257e+004 2.46639082598521e+002 -4.08084101685790e-001 -1.16842483908847e-003 -1.62987858101455e-006 -7.38556584411407e-009 
-1.93443402968470e+008 -5.33259517618983e+006 2.29433795855688e+004 1.10793373709947e+002 -1.57735026666372e-001 -5.09438987303130e-004 -7.34301242475256e-007 -7.30983298190052e-010 
2.68814848656056e+007 1.26174805097319e+007 -5.18519706815877e+002 -3.92111401814071e+001 8.88341359391218e-004 1.82316535194191e-005 6.24345668862723e-008 
-1.39015693813270e+009 3.80545709745837e+005 2.58700927710455e+004 -1.33973975082105e+000 -3.33322235604619e-002 4.02195175679405e-006 1.43296112464938e-008 
-5.75365391221396e+008 -3.86086381921926e+005 1.07075016791782e+004 1.13189120766547e+000 -1.38138160965196e-002 8.62115753378350e-007 1.39587045732575e-009 
2.64452219872861e+009 -4.39490979992122e+006 -6.35901034039544e+003 1.48036842493671e+000 1.24613691783764e-003 2.20481527225354e-008 
1.26690503922532e+009 7.23440934271410e+006 -3.04559458080725e+003 -3.03070396718490e+000 3.45766549016947e-004 3.44568226361648e-007 
5.17467697118592e+008 3.23063026927572e+006 -1.24397552258985e+003 -1.34826487088239e+000 1.33993188726803e-004 1.52324446170499e-007 
4.29398730840862e+009 2.08719105074815e+006 -3.03212554038836e+003 -2.64213968557240e-001 1.76106944702165e-004 1.17331519452967e-008 
-1.13992274695207e+009 6.72843884203777e+006 8.05132103401372e+002 -7.87553198824523e-001 -5.80553431138273e-005 2.11560062472367e-008 
-5.73480591797472e+008 2.70202504563766e+006 4.05038909009121e+002 -3.15776220101895e-001 -2.82289526832107e-005 8.56398354531906e-009 
1.62376782221720e+009 7.26924514146983e+006 -8.20194966486866e+002 -4.87648718400468e-001 1.66748078838904e-004 -8.07928407734712e-009 
-4.36270514645995e+009 1.66328445701375e+006 2.20325338151797e+003 -4.74599681104820e-001 -3.56868739994412e-005 5.21067590805673e-008 
-1.85070241928091e+009 -1.67115420611548e+006 9.34645039657908e+002 -1.25583799204921e-003 -6.07042253780534e-005 2.12380299268315e-008 
-2.12554685960427e+005 1.33264639283256e+005 1.03598349550071e+004 -1.11312207263454e+003 -2.30572146482383e+001 1.69473246374947e+000 -4.02716190694190e-002 6.09055988824855e-003 -1.46574170385944e-004 -1.65726151497524e-005 1.26192482697800e-006 -6.63821621195188e-008 3.90492810169979e-009 
-3.05400828109247e+005 -8.75481634982130e+004 1.44912443771939e+004 5.73975917128854e+002 -5.35510367937102e+001 2.88816375474282e-003 -1.58979561463390e-002 -1.12033342613157e-003 4.17200441979017e-004 -2.01572718549897e-005 1.60189903163103e-007 1.78104965168005e-008 -4.07723929948504e-009 
-9.49030075316172e+004 -4.05721424867968e+004 4.47592500718807e+003 2.81797745543191e+002 -1.75439579854416e+001 -1.13633751667076e-001 -3.09408009134239e-003 -8.19018400379322e-004 1.59502173127878e-004 -6.08560102123844e-006 -2.81762795759314e-008 1.08801136966213e-008 -1.72855521016933e-009 
9.17538272026397e+004 1.58909663504125e+005 -4.13718204791610e+003 -1.21933343276908e+003 1.08826805355950e+001 1.95503792460101e+000 2.54575477917205e-002 -1.35769276071304e-003 -1.48743355376302e-004 1.29329593856188e-005 4.35833197261116e-007 -3.39397001932275e-008 -2.33486442413151e-009 
-3.53103051289482e+005 4.12655018075300e+004 1.61913235269256e+004 -2.94693243545062e+002 -5.47013292432826e+001 1.37753336572065e-001 4.17190772414697e-002 2.26487999021610e-003 -1.35669957444240e-004 -7.01944489108997e-006 7.63595211370360e-007 2.79363193717061e-008 -9.92472001077139e-010 
-1.33034171920450e+005 3.78508889667580e+003 6.08323653540428e+003 -2.11272999638980e+001 -2.02906741427109e+001 -8.69215067438216e-002 1.30587464734866e-002 9.06840210146782e-004 -3.82690867920003e-005 -3.40476874978994e-006 2.42959650375693e-007 1.23410479883159e-008 -1.92212036996787e-010 
3.34274867422770e+005 7.33488396633660e+004 -1.63722248916459e+004 -7.15883145918034e+002 5.21834136604888e+001 2.02322468662376e+000 -8.89248079611601e-003 5.19118238685002e-004 1.06411470662251e-004 -1.30274331594247e-005 -1.51987975989999e-006 -1.12310566448123e-008 2.26960754577313e-009 
-1.62339812388970e+005 1.42402886394336e+005 7.70669839089171e+003 -1.08137116099143e+003 -3.94466649284573e+001 1.41700966113475e+000 5.42829132885958e-002 4.79491594018825e-004 1.87643695946256e-004 1.71645290418138e-005 -3.82141330130177e-007 -7.51468317534774e-008 -1.40030886340013e-009 
-8.14955737493904e+004 4.59264968750733e+004 3.89565667762770e+003 -3.37149974554012e+002 -1.77290664003921e+001 3.64335708018118e-001 2.00002583468628e-002 1.38478833488142e-004 5.98532465278953e-005 7.05174879771040e-006 -3.09636886278202e-008 -2.60968141836206e-008 -6.59477274536325e-010 
3.34803494077102e+005 -7.47765729816187e+004 -1.86455458761604e+004 4.33471482246389e+002 9.03679899681100e+001 1.53945774682904e+000 -9.30999387960745e-002 -1.33151169309629e-002 -1.06152895930906e-003 -1.47285540704462e-005 4.96703473451041e-006 4.84730728109475e-007 1.69960368360231e-008 
1.37217246762937e+005 1.44125412032895e+005 -7.83911451026374e+003 -1.39341197684418e+003 7.95846699107574e+000 3.83696224164245e+000 1.78678922310102e-001 5.42197270879048e-003 -4.92851597427985e-004 -8.56230686614762e-005 -4.27208738485146e-006 9.82059949275922e-008 3.11525543044727e-008 
2.57973103573474e+004 5.68405863111407e+004 -1.50881388473257e+003 -5.28834459045942e+002 -3.46244355530247e+000 1.26444958179112e+000 7.05257507297525e-002 2.87487279969795e-003 -1.02375714434519e-004 -2.96314717961090e-005 -1.87661103947219e-006 1.28488496394531e-009 9.96679766218001e-009 
7.04279746612379e+004 -1.77870135963725e+005 -4.62919271523761e+003 1.82382333784799e+003 5.49404629483782e+001 -7.15952465255002e+000 -5.39045568604873e-001 1.30788177700061e-002 4.39432859758580e-003 1.41808035772965e-004 -2.68559684683399e-005 -2.60284633661921e-006 7.95424390270075e-008 
3.16124928093708e+005 2.40190806033866e+004 -2.05368388769934e+004 -4.41492799938609e+002 1.16955961487615e+002 5.03723523500475e+000 -3.55334648615887e-001 -4.69571761489573e-002 -1.84653211642645e-004 3.42480129595020e-004 1.98897223132544e-005 -1.68857457395755e-006 -2.57529911689105e-007 
1.08325243253143e+005 2.10171419750133e+004 -7.03093951234943e+003 -2.85318529040391e+002 3.80193054711137e+001 2.30377256068618e+000 -8.94813025143866e-002 -1.77277539318575e-002 -3.73299838575348e-004 1.12718789426179e-004 8.99828612443416e-006 -4.22739228400938e-007 -9.77688208863706e-008 
-2.51518193949636e+005 -1.26165493478162e+005 1.64988894859567e+004 1.23117772544542e+003 -1.20496599169899e+002 -4.45508843208941e+000 7.74969384625613e-001 9.99636575032196e-003 -5.95078011145735e-003 5.21225046939313e-005 4.88448222988440e-005 -1.56669618271164e-006 -4.02795571585702e-007 
2.07635052510186e+005 -1.26732455773440e+005 -1.36941796032009e+004 1.46651095876864e+003 7.16846579998532e+001 -9.02722317303571e+000 -1.98643555264822e-001 6.33753798253475e-002 3.85770762764106e-006 -5.06228123475611e-004 1.12125623281319e-005 4.16587028292080e-006 -1.96631113016898e-007 
9.19481822588976e+004 -3.65766923223984e+004 -6.05634225303728e+003 4.39044887471793e+002 3.40823027914265e+001 -2.91971056803133e+000 -1.25261928533982e-001 2.19895898149818e-002 4.17159890601616e-004 -1.84891798971913e-004 6.02014647047244e-007 1.60105365485645e-006 -4.22635670084035e-008 
-3.48981516384672e+005 3.11915482020521e+004 1.95909847930546e+004 -5.84902214712758e+002 -7.55509090204373e+001 4.99391039855547e+000 -9.29290901727482e-002 -2.02510933587018e-002 2.25416813274872e-003 -4.41470970130895e-005 -1.07640161867780e-005 1.18490389637756e-006 -2.32285526974330e-008 
-9.44869964940257e+004 -1.59340656810983e+005 5.30774753628680e+003 1.36868589409585e+003 -5.75023828502149e+001 -1.87108050121995e+000 3.39169944204123e-001 -2.06444559572054e-002 -5.22031500840414e-004 1.67873414759911e-004 -9.91980320977625e-006 -3.06416886386504e-007 9.54486256908306e-008 
-9.45055361691637e+003 -5.92495087812889e+004 5.31466245347315e+002 5.31026883566303e+002 -1.52942860869722e+001 -1.01844848579198e+000 1.27868807017260e-001 -5.97796781192326e-003 -3.44319337379466e-004 6.31889935586058e-005 -2.79983319113414e-006 -1.92477297907112e-007 3.57983171493394e-008 
-1.62388103432451e+005 1.45625679514013e+005 7.97909381735929e+003 -1.19437960039399e+003 -1.26420866044071e+001 1.52186083724423e+000 -7.15953908057499e-002 8.45390019119790e-003 -8.00090404213141e-005 -2.10096650625643e-005 1.65350110496086e-006 -1.21299338944896e-007 3.01613004659367e-009 
-3.30379699953414e+005 -6.77382300422871e+004 1.58944031493564e+004 4.06864802820604e+002 -5.57822467262387e+001 5.22292035198031e-001 -4.23487605987015e-002 -2.70361893596559e-003 5.50389464695505e-004 -2.09947506678776e-005 3.88049354335589e-007 4.73443285114816e-008 -9.10902247807295e-009 
-1.06979952510421e+005 -3.44387652325429e+004 5.13605617796032e+003 2.29459299960926e+002 -1.90821167840133e+001 7.94197474872574e-002 -1.02273350259440e-002 -1.55785924038174e-003 2.02733189853763e-004 -6.04574837853017e-006 2.35595597851359e-008 2.54153547973500e-008 -3.47282365457607e-009 
2.54625854829012e+005 -7.15200450890998e+003 -1.72035700996405e+001 1.15144792132727e-001 -1.57818344111145e-003 -6.12119279979250e-006 4.68689248385556e-006 -4.29962371760378e-007 5.04626110965661e-008 -1.09163575178636e-008 1.38929485936581e-010 
8.59990236631543e+005 5.30922178218723e+003 -1.65271565866671e+001 -3.80394131209784e-003 2.87151114565591e-003 -1.13979236313556e-004 7.34568896361026e-006 -3.10373096648079e-007 1.82389281356362e-008 -4.04470380577249e-009 -3.55602018991222e-010 
3.53648025222175e+005 2.49056218710154e+003 -6.79295532458433e+000 -1.23620455676038e-002 1.54660590503366e-003 -5.89132901690164e-005 3.50675354651976e-006 -1.21602239614583e-007 4.53979135337540e-009 -1.02098706302001e-009 -1.94817318758783e-010 
2.40188301334586e+005 -7.28451678970884e+003 -1.59638471183347e+001 9.28783610566938e-002 -1.03724771974669e-003 4.73403133928178e-005 2.62559588496894e-007 -3.33854742139487e-007 -4.93577896174050e-008 -1.22355015985460e-008 -3.28686315132505e-010 
8.70476789032901e+005 5.17748280358974e+003 -1.63461297219546e+001 3.19062060323536e-002 2.05396111738128e-003 3.81326582368262e-005 9.03723104378634e-006 5.04032656093284e-007 3.26297174164942e-008 -5.75199291254928e-009 -3.33104171181952e-010 
3.58574590538194e+005 2.43598231577130e+003 -6.81881363828297e+000 6.90844262971200e-003 1.09641175769432e-003 1.83452131752837e-005 4.85900684536684e-006 3.03633602358792e-007 2.25961658918050e-008 -1.76801547115987e-009 -1.35631924405997e-010 
-5.37733314065264e-005 1.13741932919834e-006 2.04443429140666e-007 -1.25431666053458e-007 -1.17187670961374e-008 3.44520987284542e-009 9.89533479461386e-011 4.73982564112284e-011 1.02555433440067e-012 -6.98899181773377e-012 
-3.42493435001308e-005 1.72579106150738e-007 1.95465022819701e-007 2.86453441411030e-008 -1.09925518730761e-008 -6.52403588722033e-010 1.90920473573762e-010 -1.32459212989621e-012 -7.80403027475773e-012 1.20303075962675e-012 
-5.32388105508396e-005 -9.63164315728016e-007 -1.40155814877805e-007 1.75434433222359e-007 2.22082331999203e-008 -4.86075458913290e-009 -8.88690598185203e-010 -1.96015737068701e-011 1.34992082694805e-012 -1.75122906543492e-012 
-3.31047364301441e-005 5.77026604467007e-007 -2.25456288715437e-007 -3.09110852932480e-008 1.44005088174047e-008 2.10242249768200e-009 -1.13327982411640e-010 -9.06371191307260e-012 -6.16498549287755e-012 -4.59337046026081e-012 
-5.27081406599248e-005 1.36422890287853e-006 -3.80636843214620e-007 -2.86833783088764e-007 3.96000650210029e-008 2.28812439994013e-008 -2.15318144429055e-009 -1.33254118033324e-009 8.11412132742582e-011 6.41621341854009e-011 
-3.23093021774244e-005 7.69030513828963e-007 2.91109544417624e-007 -5.59287854545954e-008 -3.48158744066868e-008 3.82624685442602e-009 2.17691321108929e-009 -1.57444093317473e-010 -1.00511666863315e-010 4.78141623382850e-012 
-5.31526451495990e-005 -8.14742201194063e-007 4.63774941915913e-007 3.66063432531268e-008 -3.92783125548160e-008 2.89727102220338e-009 4.92072070308198e-010 -1.35999378889856e-010 3.17199895987115e-011 -8.64827396932345e-012 
-3.10955554762391e-005 8.09938123310230e-008 -8.43423599364552e-008 7.48252891229182e-008 -1.45510547096285e-009 -2.43972147307903e-009 5.31961178997350e-010 -6.98214752149612e-011 -1.84579843944128e-011 7.79636000946581e-012 
-4.56430586518499e-002 -1.18658800689317e-004 1.06106521382727e-004 -1.82105677138051e-005 -5.39201845372502e-008 7.39139479158933e-007 -3.74307986523636e-008 -1.02245004845521e-008 1.39287514782906e-010 6.91288439894961e-011 
4.28726925531116e-001 1.57129677908090e-004 -1.90223063029454e-005 -4.67446101485120e-006 1.77523112865239e-006 -7.61288985464666e-008 -4.10448350427140e-008 1.64165757282637e-009 3.64076667565353e-010 1.66611972860768e-011 
4.07918341716955e+003 9.20093373327305e-001 -9.09757453026721e-005 1.46825256666360e-005 9.62001463871675e-010 -6.66280705057080e-007 3.45462025961753e-008 9.39611364715844e-009 -1.48283560647781e-010 -6.21507371143249e-011 
-4.53919376761563e-002 3.27357103262954e-004 4.62767049429924e-005 -2.81515267610400e-006 -3.71657854432643e-006 -6.86838495054507e-007 6.52237690485303e-008 1.65273544061679e-008 1.94863024668294e-010 -4.41133294073277e-011 
4.28855290214540e-001 -3.73103457324128e-005 -3.65706616518169e-005 -7.11478954838299e-006 -9.33408962012541e-007 2.46462183290399e-007 5.27805249864915e-008 -1.51325942012642e-009 -6.18925311276217e-010 -2.96140991521917e-011 
4.08102313229453e+003 9.19642553861489e-001 -5.74395159967290e-005 1.55327149751875e-006 3.56429148729531e-006 6.40165354140164e-007 -5.86290254335514e-008 -1.49178018606431e-008 -1.83197449885535e-010 3.41200585273981e-011 
-4.51663605522952e-002 -3.59767561172350e-004 -2.26375138308153e-004 2.93315370899554e-006 1.10501246798773e-005 2.13181634810651e-007 -4.04923877248134e-007 -1.63348256078774e-008 1.33065336392675e-008 9.13179793374161e-010 
4.28398894280575e-001 -3.84038568263418e-004 1.20252736456219e-005 2.23716129985887e-005 2.25877497096353e-007 -9.02741799162642e-007 -2.88513055402371e-008 3.08787782479345e-008 1.69619149461770e-009 -9.94665997787699e-010 
4.08286269738588e+003 9.20169208769028e-001 2.04966107301003e-004 6.46369403664421e-007 -1.00122216175977e-005 -2.71236239737637e-007 3.65074306539471e-007 1.70189531388155e-008 -1.19171560330763e-008 -8.98709744022337e-010 
-4.65132534297062e-002 -6.41745870577218e-004 1.43623884179309e-004 4.48846793373471e-006 -5.84523132429821e-006 5.90196088483833e-007 7.61889608617809e-008 -1.61715979437200e-008 1.36626214641115e-009 -1.27337979085903e-011 
4.28114137879800e-001 1.16354983255785e-004 3.70864073145119e-005 -1.34721457708636e-005 6.26149413312114e-007 3.42378239485413e-007 -4.79878974388977e-008 -4.90158719045457e-010 6.04310423875098e-010 -1.36276199593189e-010 
4.08470368112966e+003 9.20512914050755e-001 -1.16688442484896e-004 -5.18507429288635e-006 5.15322003093357e-006 -5.15337062073291e-007 -7.18808875242462e-008 1.47962332288524e-008 -1.17691003334689e-009 -9.05916976461518e-013 
