2.36801320654817e+007 -1.72308132621758e+007 -9.59978013665436e+005 1.00809703075969e+005 6.85217404863978e+003 -3.87390377221634e+002 -5.34771662103481e+001 1.15913856677029e+000 4.37735409671121e-001 4.11881810265966e-003 -3.52030842691583e-003 -1.47019374547758e-004 2.64911358149978e-005 2.21096929256965e-006 
3.42938528797948e+007 7.77755910966159e+006 -1.37984555098471e+006 -6.78215768455196e+004 5.92206724501963e+003 5.14393778486012e+002 -2.28119508527631e+001 -4.24470948946356e+000 4.52668548663537e-002 3.52256987080481e-002 7.21332871402822e-004 -2.81003062820709e-004 -1.53639663017739e-005 2.05941402161362e-006 
1.58102270744095e+007 5.94238648274947e+006 -6.37440917001732e+005 -4.66849160555062e+004 2.45234492821292e+003 3.14949417893603e+002 -6.63681667588515e+000 -2.38753373887680e+000 -2.12340733436100e-002 1.83882246310447e-002 7.50509847085390e-004 -1.34843043147113e-004 -1.09548756148181e-005 8.70642410710955e-007 
-1.38988732983197e+007 -1.91013964490063e+007 5.10247319867786e+005 1.11119331722206e+005 -5.52220148059931e+003 -3.86449196342414e+002 4.89174268114098e+001 5.18665775527119e-001 -3.78351201801081e-001 1.30331972305147e-002 2.44182280869445e-003 -2.22305996828475e-004 -1.04027832089806e-005 2.45542942708050e-006 
3.76747934568239e+007 -4.46113330813911e+006 -1.45776417613959e+006 5.42451820154617e+004 5.76741197753234e+003 -4.88399735968783e+002 -1.49199908435771e+001 3.91708197493275e+000 -6.33837456153866e-002 -2.72512444593702e-002 1.75888445755450e-003 1.44597109774025e-004 -2.18192853765807e-005 -2.17850781966797e-007 
2.15156677179810e+007 -4.00755238945505e+005 -8.31589683621187e+005 1.74465250986441e+004 3.65352203883826e+003 -2.20782557697156e+002 -1.30443571449194e+001 2.03846896788087e+000 5.39624657847359e-003 -1.59081641352596e-002 6.86167148280030e-004 1.00298511400282e-004 -1.05753729373960e-005 -3.71101239567285e-007 
-4.50110701276177e+007 -1.14068679489239e+007 1.23782333242407e+006 1.35507803330964e+004 -4.57546197726043e+003 2.58485478259105e+002 -4.34487781510675e-001 -1.22776339009597e+000 1.05506192111874e-001 -2.30966709510493e-003 -4.07589493355099e-004 5.03343008052993e-005 -2.04409358923370e-006 -1.29081537819141e-007 
1.97789088219836e+007 -1.26750103785245e+007 -5.61097293100547e+005 7.57936990455220e+004 -1.78213488061921e+003 -1.43242691879903e+002 1.89471067995888e+001 -8.47275418494949e-001 -2.78612329879441e-002 7.09500663178896e-003 -4.63645507923342e-004 -1.02672797481256e-006 2.95323911071982e-006 -2.64766049355788e-007 
1.51853487046621e+007 -5.58640917616904e+006 -4.28124597910132e+005 3.90787978272013e+004 -4.77230108658182e+002 -1.03328721910648e+002 1.01655269676796e+001 -3.25190219065808e-001 -2.58276873579156e-002 4.02935689875771e-003 -2.05366364243264e-004 -5.77039182513400e-006 1.78950740640808e-006 -1.28030206611688e-007 
-5.80508251996227e+007 -1.74434668253918e+006 1.11135820598189e+006 -2.51587162505057e+004 -8.13547228435697e+002 1.00777467911105e+002 -6.36351439488180e+000 2.19581787810474e-001 1.89268449062134e-003 -9.66604135406163e-004 8.27870543461639e-005 -4.06925747277254e-006 5.81531456227648e-008 1.09700558391853e-008 
-7.58897303459607e+006 -1.41079879161798e+007 1.40778587876691e+005 4.11109649479103e+004 -1.94055824635779e+003 5.56196915164045e+001 9.45383369126062e-001 -2.57995051343099e-001 1.96126725812030e-002 -8.65284190830741e-004 6.76318325391451e-006 2.72217480659152e-006 -2.88052571246789e-007 1.67520552080838e-008 
1.92069758601973e+006 -7.35426738856159e+006 -4.01027231323154e+004 2.45692135064495e+004 -9.52132785830751e+002 1.92536256630972e+001 1.16515614385385e+000 -1.60586802389129e-001 1.02796050884626e-002 -3.61903774748321e-004 -4.97634801324938e-006 1.87620146142087e-006 -1.59894348943432e-007 7.80986238311928e-009 
-3.11449072427062e+007 2.28880905681989e+007 3.84268630719700e+005 -4.76111392651464e+004 -3.47129535425981e+002 2.91439619762469e+001 5.69485940928740e-002 -7.77720774973715e-003 6.06764326128256e-005 5.59905370091092e-007 
-9.42968284260514e+007 -5.86792974538976e+006 1.17853446183454e+006 1.13814839688941e+004 -1.21629379621113e+003 -4.95256827191860e+000 4.81423494437431e-001 -1.00314933183437e-003 -8.02883294663903e-005 1.72067740947685e-006 
-4.04733383161263e+007 -4.08813044257004e+006 5.05837755946833e+005 8.13368271174675e+003 -5.25174633168430e+002 -4.07269130774243e+000 2.12962015185962e-001 4.09844231368726e-005 -3.99480389788847e-005 7.39151655237937e-007 
1.58588426461453e+007 2.36269159406391e+007 -2.01106401326488e+005 -4.84978756171124e+004 2.32952651384762e+002 2.81250141903873e+001 -1.32680608332415e-001 -5.79652444058799e-003 5.58511109574198e-005 -6.48608919216328e-007 
-9.64078779297671e+007 3.77230980946944e+006 1.19707577166410e+006 -8.25792379111820e+003 -1.20334858559777e+003 6.02787634812721e+000 4.25916427716390e-001 -2.69790622135270e-003 -3.05959092705525e-005 9.14920037580154e-007 
-4.43975996843019e+007 2.01747051456694e+005 5.51232240426684e+005 -6.44941507215005e+002 -5.56070065565266e+002 9.31333639048167e-001 1.99996558778021e-001 -8.46720346068891e-004 -1.73014349674073e-005 4.52820219737701e-007 
-6.92002192428400e+007 -1.84588342409662e+007 3.43246036709730e+005 1.52103532453499e+004 -1.56145238376400e+002 -4.22280421003911e+000 4.01921831267615e-002 1.00585598983752e-003 -6.49913754032721e-005 -6.16041117953683e-006 2.23479921546946e-006 -5.19027040959000e-009 -4.40736257399580e-008 
1.18720018686632e+008 -8.92813944824067e+006 -5.91544463369167e+005 7.58325275182594e+003 2.53567985922915e+002 -2.33699324067093e+000 -5.29348563355963e-002 1.54678964760093e-004 -1.11577885822355e-006 1.83092212353997e-005 -1.08508724850483e-006 -4.74188487831537e-007 6.72808000902542e-008 
5.14747573104250e+007 -3.87123842590060e+006 -2.56481748978852e+005 3.28803257609981e+003 1.09941055731514e+002 -1.01367336574945e+000 -2.28475649039385e-002 9.33285685529914e-005 -8.57127834982835e-006 7.13506532305117e-006 -7.49530157682429e-008 -2.09299719607938e-007 1.79913465680912e-008 
-1.02827902412697e+008 -1.50312856322778e+007 5.08180858075227e+005 1.20950861266304e+004 -2.29525080965729e+002 -3.05645191727330e+000 5.71386193394485e-002 7.86096983206418e-004 -3.84618970481837e-005 -2.37450990240443e-005 -2.22560573858212e-006 1.04473165206329e-006 3.39574586333088e-007 
9.64656200019298e+007 -1.32315102268403e+007 -4.77957916407641e+005 1.12017775818134e+004 1.95299673051633e+002 -3.40591446112614e+000 -3.38575989356341e-002 4.47301228822231e-004 -5.49138132661397e-005 1.08150168032357e-005 4.70349360964241e-006 2.03573434386278e-007 -2.80268149460028e-007 
4.18253475692483e+007 -5.73708924305737e+006 -2.07231937061192e+005 4.85694063233806e+003 8.46760918626863e+001 -1.47681755811637e+000 -1.45297082231421e-002 2.09700353832600e-004 -3.33655512609485e-005 2.74270067766360e-006 2.31961808134474e-006 2.50056108156222e-007 -1.11169050036323e-007 
6.27101099241123e+007 -3.08102453464938e+007 -3.35818888894561e+005 2.94750886278110e+004 -1.48472853674295e+002 -6.93801074238601e+000 2.29411653631611e-001 -2.88899633818522e-003 -5.80684270818275e-005 9.80466571664647e-007 1.77809368983001e-006 
1.99601591577589e+008 1.07067421511136e+007 -1.05822571545217e+006 -2.30806241836363e+003 4.96668098318946e+002 -7.33514198901967e+000 -5.26077739386495e-003 3.97519925566688e-003 -1.22658322219860e-004 5.56347086021286e-006 5.42820203267886e-007 
8.98398102733578e+007 5.74485911834443e+006 -4.76286876057198e+005 -1.85624730622564e+003 2.31826532995482e+002 -3.17661226360408e+000 -8.62462181529822e-003 1.89497730190467e-003 -5.30939193553029e-005 2.82093448950397e-006 -3.04397088030462e-008 
2.95664808993305e+008 -1.68445928743587e+007 -4.38267825113855e+004 4.35619059584736e+002 3.00520527908457e-001 -4.56951146044702e-003 3.86442143171512e-006 3.76681140432478e-007 
6.39757959273077e+008 7.14340021759646e+006 -9.46968435408551e+004 -1.33775321516565e+002 1.37506611786947e+000 -1.25657161279728e-004 -1.06844556826851e-005 1.17686961731675e-007 
2.67016826476568e+008 3.47250025994495e+006 -3.95234578219475e+004 -6.79567483432407e+001 5.82094191911742e-001 5.75960792280579e-005 -4.62869406376447e-006 3.26946753881583e-009 
1.57182241391787e+008 1.25594964125234e+007 -2.94494073147722e+003 -3.91781880722898e+001 2.99896682743004e-003 1.80238532643011e-005 1.04229598883154e-008 
-1.37844901527231e+009 1.45429313862762e+006 2.57844142932843e+004 -4.13461995097884e+000 -3.39129549494930e-002 7.02050703753253e-007 1.45301548717808e-007 
-5.76057490252088e+008 6.04516805611227e+004 1.07753551380207e+004 -2.22451463716354e-002 -1.41312209099365e-002 -4.87364119617862e-007 5.23297869154718e-008 
8.81632336061374e+007 9.33900856406640e+006 -2.31347293336006e+002 -4.06837498735359e+000 5.10541837439571e-004 2.97207087280149e-007 
-2.64551725652749e+009 -8.98387377171686e+004 6.96057042651783e+003 -4.85439251143103e-001 -1.48253304481115e-003 3.60098457339982e-007 
-1.15990870022372e+009 -1.71508153862252e+005 3.05204792888942e+003 -1.55518793610045e-001 -6.57435275751806e-004 1.61163653698802e-007 
8.00668623686484e+008 7.34649216145943e+006 -5.50782442861202e+002 -8.43890677749495e-001 2.79633912464638e-005 5.95765762913208e-009 
-4.11044374942874e+009 1.33775414501892e+006 2.82572381637713e+003 -1.35162376651926e-001 -1.65029701696603e-004 -1.76265608787589e-008 
-1.70236608827702e+009 3.64693322684783e+005 1.17025522814547e+003 -3.43633043066692e-002 -6.81581837299954e-005 -6.82895363448822e-009 
-3.10894473766711e+009 5.59726665815105e+006 2.25981271832492e+003 -6.65404666064902e-001 -2.48440311406053e-004 9.56453720161203e-008 
-3.16514325436845e+009 -5.37092138740499e+006 2.30026145088797e+003 6.63067137653792e-001 -2.38321567273330e-004 -5.80880560826549e-008 
-5.10400108986726e+007 -3.36247323406519e+006 3.69119279890761e+001 4.07730455563270e-001 5.91974953162167e-007 -5.37318201447760e-008 
3.37134269805316e+005 3.93919295340666e+004 -2.14082046595967e+004 -3.56952230903057e+002 1.23267251090811e+002 3.21337827700763e-001 -4.57316352223980e-001 1.34840405007299e-002 1.59098279845454e-003 -1.64165619601276e-004 -2.87612473070580e-006 1.27748886100276e-006 -3.35538124231589e-008 
-6.93027735726898e+004 1.53477436189420e+005 4.27569537153433e+003 -1.57582318853471e+003 -1.77445343689211e+001 6.68333903973904e+000 -5.76778860376262e-002 -2.43719520324922e-002 1.40102567020827e-003 7.53428482957033e-005 -1.32165083971294e-005 5.35003177647530e-008 8.98024545881248e-008 
-2.29458698434837e+004 8.37923968094270e+004 1.40413983523316e+003 -8.59988528817176e+002 -4.44081116125718e+000 3.60068641131690e+000 -4.96937346765230e-002 -1.25201143836957e-002 8.16254042741466e-004 3.36429059100396e-005 -7.20203704473648e-006 8.12376168633003e-008 4.67536327010934e-008 
2.53145830946725e+005 -1.18029267734641e+005 -1.51158887877711e+004 1.24011823731166e+003 6.03062071010990e+001 -4.82212884058043e+000 -2.36582988479101e-002 7.23025883319634e-003 -4.29167407420767e-004 4.43545385588197e-005 1.70712169705392e-007 -3.43643108316480e-007 1.54126016185427e-008 
2.14488653347596e+005 1.16125311276919e+005 -1.25743055524326e+004 -1.00329139587892e+003 7.32466229822548e+001 1.97669798261780e+000 -2.01185692096734e-001 3.56808060344138e-003 -9.24063133362333e-005 -2.07141573106085e-005 4.12171923337308e-006 -9.39300089726787e-008 -1.65501767423947e-008 
1.25451375576663e+005 5.72157465460200e+004 -7.37336155030834e+003 -4.86657853038482e+002 4.18260889427794e+001 8.63315759849272e-001 -1.09070872935837e-001 2.20400999356649e-003 -6.66176512485855e-005 -9.25587635882343e-006 2.21562418832437e-006 -6.45833776053926e-008 -8.24025572659833e-009 
-4.99211739173141e+004 -1.70273725096138e+005 2.42754977736968e+003 1.45882948315178e+003 -2.86014181934168e+001 -3.46082808301483e+000 1.34095647200218e-001 4.83345499231365e-003 -2.45549187654176e-004 -2.70237365156229e-005 4.59651842356174e-007 1.78262434189646e-007 -5.04057246500111e-009 
3.23076213052148e+005 -1.12633268887551e+004 -1.70506831635366e+004 2.50211496732611e+002 7.09767116639713e+001 -1.88848046112259e+000 -1.11822175909467e-001 5.65657329992468e-003 2.71881638981014e-004 -6.65759318215918e-006 -2.07196732193529e-006 4.08324657437740e-008 1.06910507114018e-008 
1.70769775672240e+005 -1.32789202673946e+004 -9.04147224557573e+003 1.95570716511637e+002 3.69315692701843e+001 -1.15829757550596e+000 -5.45572113227723e-002 3.24305113928605e-003 1.35700573677307e-004 -4.73018654148752e-006 -1.09192296989242e-006 2.94187846881533e-008 5.52481490617526e-009 
-3.23773328393439e+005 -9.25998986732458e+004 1.55388960305205e+004 6.44271380295785e+002 -6.17668701195048e+001 -2.99534820557882e-002 9.17334743202119e-002 -7.06556028503073e-003 -1.28962332995349e-004 2.54493858031174e-005 -1.51607630950623e-007 -8.47240799663765e-008 4.82386949326666e-009 
1.84983033960116e+005 -1.19854746301137e+005 -8.77817538201112e+003 1.00242678283447e+003 2.18705834232625e+001 -2.28584507450110e+000 6.56675475954125e-002 2.97463344193850e-003 -3.97675301428244e-004 -3.95215333825398e-006 1.26438842444688e-006 -3.64895523699981e-008 -4.44962968682446e-009 
8.50577982666280e+004 -6.82252925640297e+004 -4.04722989201061e+003 5.65615451141044e+002 9.16257635212220e+000 -1.23040932424326e+000 3.90078310968062e-002 1.30053922972040e-003 -2.18986224700281e-004 -1.04725470258704e-006 6.72534242126591e-007 -2.31520240751474e-008 -2.18383483046496e-009 
-3.71783450042935e+005 4.62331990441897e+004 1.75253852868799e+004 -2.95266616624933e+002 -5.56821023611912e+001 3.89481517859136e-002 -5.46837963168740e-002 -5.84394996741689e-004 4.29482418721905e-004 1.15982829710400e-005 3.80262900095690e-007 2.62887857288894e-008 -4.00616527770190e-009 
-8.45760071647927e+004 -1.38895181935822e+005 4.13597271779263e+003 1.07558805769607e+003 -8.40686995827808e+000 -1.03940897568027e+000 -6.36953509143103e-003 -6.58696030952319e-003 -1.37749214850788e-004 1.01326594034140e-005 2.95992246330640e-007 5.85375160842786e-008 3.95656851230718e-009 
-6.15381620167440e+004 -7.24948348638269e+004 2.97376573990690e+003 5.65233873106313e+002 -6.89954650238691e+000 -5.60650599343890e-001 -5.79633904014223e-003 -3.55741361122211e-003 -5.55021348436834e-005 5.95792835792675e-006 1.76219128672292e-007 3.25371347713886e-008 1.95058300273478e-009 
-1.61215510026661e+005 1.56819713235038e+005 8.49606124862829e+003 -1.22310167078350e+003 -5.94130090151076e+001 5.28407285132128e-001 1.89951546576434e-001 1.89746672078600e-002 4.12600032771869e-004 -6.70441388348890e-005 -7.66386208997342e-006 -2.98617133094882e-007 2.14691947586809e-008 
-2.91295103305464e+005 -5.84264152385259e+004 1.53436159300679e+004 7.01210525453329e+002 -4.59787433998306e+001 -3.31871909888708e+000 -1.42347833766850e-001 3.79508889206521e-003 1.21221170839958e-003 7.04380351351741e-005 -4.56732443033649e-007 -4.54814903608277e-007 -3.79626240093837e-008 
-1.63280398010918e+005 -2.45220819540378e+004 8.60627141684005e+003 3.23802817499217e+002 -2.73109218121554e+001 -1.76178917983383e+000 -6.80410837490092e-002 2.87036930498173e-003 6.69120864467182e-004 3.48987277129610e-005 -5.81313161080594e-007 -2.57349755835439e-007 -1.94483980291292e-008 
1.64566077879451e+005 1.53172272600132e+005 -1.02807524801784e+004 -1.68348689736289e+003 3.04744203482694e+001 8.75974325117848e+000 1.92187875016946e-001 -4.42302474347542e-002 -3.17900594185254e-003 1.96688977016372e-004 3.23401911455964e-005 -2.26639309029868e-007 -2.76036830492838e-007 
-2.71323952194688e+005 7.97947039372048e+004 1.68839098454119e+004 -6.18043485395629e+002 -1.10172566167480e+002 -2.34688798531554e-001 5.41675599434000e-001 2.54685446513072e-002 -2.65000679121496e-003 -2.93610260075151e-004 8.43371709873447e-006 2.69434475029466e-006 4.38534193894170e-008 
-1.38335712198034e+005 4.95310960855775e+004 8.61770352889183e+003 -4.05410227816429e+002 -5.78770171937459e+001 2.57677109876620e-001 2.99463073968108e-001 1.17420141555025e-002 -1.56262385869562e-003 -1.49089952082900e-004 5.94562647868992e-006 1.43719309725437e-006 1.14689355171573e-008 
3.38852166413490e+005 1.09022288574604e+004 -2.23071038178049e+004 -2.99978956063598e+001 1.39674737816295e+002 -1.66506927452675e+000 -6.55775297651764e-001 2.91057738420734e-002 3.39623242889999e-003 -3.35277708624204e-004 -1.53168347176992e-005 3.27025313847633e-006 1.59267171226322e-008 
-1.84832959936467e+004 1.59708849995775e+005 1.11501291394644e+003 -1.70793358834328e+003 4.52674328264918e+000 8.39602547993815e+000 -2.00630979968603e-001 -4.19325639534697e-002 2.77142949897946e-003 2.16132536562350e-004 -2.93216376347473e-005 -7.64270856859281e-007 2.72241439882387e-007 
5.02864998019804e+003 8.62227342060352e+004 -3.78363120211126e+002 -9.18830704109618e+002 8.53645783074670e+000 4.43879494590980e+000 -1.36444812252041e-001 -2.12534574253489e-002 1.63713599083597e-003 1.01419445765449e-004 -1.64186298375004e-005 -2.67383754361897e-007 1.46913376941510e-007 
-3.77910004563497e+005 5.82135637938740e+003 9.18908467044272e+000 -1.44061042847400e-001 -3.97353533297496e-004 3.42864511910867e-003 -6.43319162392567e-006 -9.34017824556543e-005 1.54971218099542e-006 2.73566656614379e-006 -8.82440037462942e-008 
1.13952974979923e+005 -3.69425437672902e+003 2.05547663139571e+001 -2.53500422353883e-002 -1.85979858327979e-002 7.91395623099383e-005 4.95574525780093e-004 -8.60898992217859e-006 -1.42595584827157e-005 4.38200510708467e-007 4.33238174273450e-007 
4.96565341841274e+004 -1.68671502984552e+003 8.66706303154935e+000 8.26832120931512e-005 -9.97452734772368e-003 -3.16713174366616e-004 2.65439063097460e-004 5.09155415089323e-006 -7.77737505657916e-006 -4.87570757249935e-008 2.40581397569112e-007 
-3.66197298231166e+005 5.89081169614203e+003 8.54616492610054e+000 4.40709687958171e-002 6.47251466604296e-003 -1.06452951057022e-003 7.65691762674035e-005 3.01088100818928e-006 -1.80367812740051e-006 2.61398970503789e-007 -1.48301708819103e-008 
1.06725840606364e+005 -3.53383224479447e+003 1.94750975053844e+001 -7.60421626830313e-002 8.09172682113175e-003 8.22496266054400e-006 -8.51790133367134e-005 1.40431808328001e-005 -1.02736484200111e-006 -8.60414454715041e-008 3.14593885303922e-008 
4.63511003559315e+004 -1.61919284841558e+003 8.13146455375834e+000 -4.82572151730791e-002 3.51963702818803e-003 1.13222840279203e-004 -5.33694156012245e-005 7.18828965856996e-006 -3.61612926865466e-007 -7.19956275814315e-008 1.83621397378841e-008 
3.65690623234099e-005 -1.16255970333744e-007 4.61945496234297e-007 2.53822884319717e-007 -5.98768946034280e-008 -1.27062169496015e-008 3.19245532203237e-009 1.67973229213405e-010 -9.65511931265170e-011 8.66689607716237e-012 
3.90351281585885e-005 -1.62026820245751e-007 -3.18240748251751e-007 9.34772455630347e-008 2.88434752393110e-008 -6.82556255570334e-009 -8.21102232223759e-010 2.81721396262371e-010 -3.54572217143954e-012 -7.58308179368624e-012 
3.88850920339847e-005 1.13510687708335e-006 -7.60943923719369e-007 -5.93303918724516e-008 5.20101234225991e-008 -3.92822948514285e-010 -1.43676318113350e-009 9.57904922860683e-011 2.22581043037976e-011 1.09525075207348e-013 
3.93478227490580e-005 8.86672451357582e-007 1.17010470912319e-007 -9.84197413927994e-008 -2.50586109851131e-009 4.05933840434400e-009 -2.98489560242475e-010 -6.92173218090299e-011 1.97985777279242e-011 5.98144198694820e-013 
3.87611431759303e-005 1.36136064605969e-007 7.25465221060152e-007 6.64495357800865e-008 -3.82882108454909e-008 -4.59259279578208e-009 -7.83697837883300e-011 3.92823881956201e-011 2.08191831436107e-011 7.05467498850153e-012 
4.00720285751863e-005 -3.06311689343430e-007 -4.30854884169002e-008 9.01960590826579e-008 7.70101011029960e-009 -1.69172628543601e-009 -2.30331616827396e-010 -9.33240278047415e-011 -1.82445018397661e-011 4.10425423327478e-012 
4.03451821751379e-005 -1.99660658718106e-007 -8.54669645797397e-007 1.49748321891409e-007 1.02268807394518e-007 -1.02553817940461e-008 -6.51876028130409e-009 4.66347177277198e-010 3.18284402829529e-010 -1.97478977498917e-011 
4.07849070310520e-005 9.07343495935535e-007 -2.15856247827587e-007 -1.47488374040500e-007 2.14218767190020e-008 1.16938117425487e-008 -1.04665714927275e-009 -6.05277823704306e-010 4.05198621248197e-011 2.39224011275211e-011 
2.65788277699116e-002 1.38041967891521e-003 1.87701979195210e-004 -5.71045668578504e-005 2.26904135423167e-006 1.26763678492140e-006 -2.39555698845005e-007 -1.46781628719231e-008 6.16229167349017e-009 -2.18831230754320e-010 
3.84763112109998e-001 4.14496322135891e-004 -1.12218173354094e-004 -5.71618753539850e-006 3.39343328189477e-006 -3.89490633096613e-007 -5.98278143847922e-008 1.56527446666214e-008 2.28556778954665e-010 -2.99796305510248e-010 
1.64326592588918e+003 9.18583529596275e-001 -1.67243720752898e-004 5.46000588665747e-005 -2.26423682253029e-006 -1.18359260331435e-006 2.24294280871041e-007 1.31909772161986e-008 -5.71135163954571e-009 2.16064277536921e-010 
2.93228237862941e-002 1.03805966008681e-003 -2.19387019404744e-004 -2.91339646197057e-005 -1.09928146054356e-006 4.22038777670720e-007 1.35841849303594e-007 -1.00069408943758e-008 -2.10692046407049e-009 2.44151784655874e-010 
3.84760889773825e-001 -3.79681454571198e-004 -7.18805193947239e-005 7.13041281709718e-006 1.34486644486472e-006 2.56473173698302e-007 -2.25791937908148e-008 -7.11536310035575e-009 6.19458483207875e-010 7.74995053062203e-011 
1.64510319137399e+003 9.18985830528263e-001 2.12674414811586e-004 2.57763686120729e-005 8.70020052531585e-007 -3.79526722505404e-007 -1.24790059549930e-007 9.14595698024880e-009 1.93170418781857e-009 -2.23420671380137e-010 
2.90582163987672e-002 -1.30326699985449e-003 -1.96660423855140e-004 6.18473927384735e-005 8.30578071268571e-006 -6.80620037876149e-007 -1.55709980924697e-007 -2.64416158302475e-009 3.70396344917837e-010 9.55423138775285e-011 
3.83998641191412e-001 -1.97540425056575e-004 1.41243412231966e-004 1.70958247047175e-005 -2.77859713537821e-006 -4.72702144655038e-007 1.18431626321262e-008 4.85771464432652e-009 3.14780681362514e-010 5.45381684009572e-011 
1.64694334549845e+003 9.21151607414262e-001 1.71399545479650e-004 -5.88375617641333e-005 -7.59283550564289e-006 6.46573756019859e-007 1.46051932184375e-007 2.65432767386988e-009 -3.68292743017756e-010 -9.57055878280580e-011 
2.74911477690503e-002 3.10241972962566e-004 4.36650497930314e-004 -2.40595181109454e-005 -1.28927361579705e-005 1.50023998596596e-006 3.41765842795901e-007 -5.15519148381041e-008 -1.09954644212469e-008 1.51801129879545e-009 
3.84623097024026e-001 6.79856104719138e-004 -1.89405302428878e-005 -3.03434515304262e-005 2.41244416346563e-006 7.71260436630738e-007 -1.04637098377017e-007 -2.29730192068110e-008 3.18772671396638e-009 7.73759888625646e-010 
1.64878458216050e+003 9.19556973924398e-001 -4.10405242353483e-004 2.51220922866452e-005 1.21156811191157e-005 -1.45344337265527e-006 -3.20805053077501e-007 4.95144987271338e-008 1.03171950562001e-008 -1.46307646937905e-009 
