-5.82112478440409e+007 -1.91681386981174e+006 1.11704442876118e+006 -2.48975402823852e+004 -8.52801380624719e+002 1.03711480183521e+002 -6.47885344117248e+000 2.18093774028292e-001 2.58337723553747e-003 -1.03098065955180e-003 8.61897818486862e-005 -4.11463197513986e-006 4.63444817501210e-008 1.24317702752242e-008 
-6.74866445473916e+006 -1.41298774432244e+007 1.31221448465816e+005 4.17065861758724e+004 -1.96138416761289e+003 5.51303347931316e+001 1.08736944923798e+000 -2.70129475850646e-001 2.02021370606094e-002 -8.69002843863567e-004 4.34090034425288e-006 2.99338463495864e-006 -3.04736531911369e-007 1.71859566080237e-008 
2.33408855693499e+006 -7.34801510932983e+006 -4.58009194485681e+004 2.48603150640966e+004 -9.59179847590110e+002 1.86874661743654e+001 1.25298259886819e+000 -1.66914376550060e-001 1.05227809749869e-002 -3.57207626039685e-004 -6.62343048014530e-006 2.02577960073055e-006 -1.67580770435823e-007 7.89005676904253e-009 
-5.41429023017953e+007 5.70526089079557e+006 7.82962715096887e+005 -2.84188373298590e+004 1.26240944294449e+002 1.29477511022875e+001 -1.72749634430498e+000 9.56715268427454e-002 -4.14881399343915e-003 1.12862673101064e-004 6.70538025278261e-007 -3.47991149822154e-007 2.87669428266647e-008 -1.59444218524988e-009 
-3.26946323069521e+007 -1.15272747062274e+007 4.79794263220281e+005 1.89753850050110e+004 -9.40373373831984e+002 3.89562325017651e+001 -1.22132827887640e+000 9.08851277936015e-003 1.77040761785884e-003 -1.76763831493958e-004 1.03751565173015e-005 -4.47317761136082e-007 1.14640004880954e-008 1.91971550432013e-010 
-1.19458697986440e+007 -6.74863561018074e+006 1.75046921069429e+005 1.30839641983185e+004 -5.15389929905995e+002 1.94648321511319e+001 -4.73136647994122e-001 -5.07125249526751e-003 1.37608292046118e-003 -1.06126296663101e-004 5.47223600250366e-006 -2.02827389217679e-007 3.13886408794167e-009 2.67961468252116e-010 
-3.75184013929908e+007 1.06478288613062e+007 4.57244681439540e+005 -2.58929052479481e+004 1.25202734841258e+002 -7.85695628173725e+000 -3.52655865551745e-001 1.86695165202852e-002 -1.10503172935347e-003 4.73445755421200e-005 -1.52135650907556e-006 4.24334785199341e-008 2.26397129838053e-011 -6.00457739716787e-011 
-5.13373707097577e+007 -6.98431328626640e+006 6.38169176343144e+005 8.71794451272284e+003 -4.17742270289218e+002 1.53079796482212e+001 -7.35440992752009e-001 1.49187394767889e-002 -4.70246106083783e-004 -8.20458255047731e-006 8.56306735128375e-007 -6.56468347426230e-008 3.14230705598997e-009 -1.27463922040792e-010 
-2.36275509564600e+007 -4.83483406469190e+006 2.93434419066324e+005 7.34297551556891e+003 -2.36123191282344e+002 8.99177836151776e+000 -3.56242064962591e-001 6.03177926312049e-003 -1.36532369816791e-004 -9.29435235878075e-006 6.15227980405752e-007 -3.94671350302855e-008 1.67608842409807e-009 -6.18541173673450e-011 
-1.35340331445103e+007 1.30827015346849e+007 1.52223663581757e+005 -2.54840504124356e+004 -8.94463977234564e+001 -1.28014758445766e+001 -1.32254242502250e-001 2.28420266850947e-003 -7.85288587200756e-005 2.01213829944744e-005 7.52852007395467e-008 3.36537088181992e-008 2.70341188230322e-010 2.94407462701816e-011 
-5.99378026241755e+007 -1.55651352400548e+006 7.09987864426032e+005 3.63373983551601e+003 -2.63676741007552e+002 8.30938714247041e-001 -5.48615517689013e-001 -1.98221313803327e-003 -5.69977129289590e-004 -3.91161079238272e-006 -2.20720960204123e-007 -2.86247618947281e-009 5.53119134428993e-010 2.97343865102894e-012 
-3.07087910585222e+007 -2.18823309365059e+006 3.63441339088876e+005 4.58487145471118e+003 -1.31560812554988e+002 1.77197473499696e+000 -2.79317255411897e-001 -1.29576907368515e-003 -2.96301353449825e-004 -4.17692654630395e-006 -1.25707103663827e-007 -5.02050090137058e-009 2.67396379766365e-010 -1.46620070162611e-012 
6.28796399600848e+007 1.92582539361135e+007 -7.84736397715523e+005 -3.94261458933346e+004 7.91224749613134e+002 2.26087733233621e+001 -2.84334781153744e-001 -4.39777365125690e-003 2.53396201578399e-005 -6.53529484660456e-007 
-7.72615324029734e+007 1.33147500733331e+007 9.60268706352826e+005 -2.73789052548892e+004 -9.60387534773400e+002 1.59514037480426e+001 3.32618010605348e-001 -3.39591277573701e-003 -1.85810065386417e-005 -2.54216445790734e-007 
-3.87778652374254e+007 4.77081641809455e+006 4.81647216286046e+005 -9.82063427674306e+003 -4.82110539735931e+002 5.74454040976591e+000 1.67624985894487e-001 -1.24926980273740e-003 -9.96268774855910e-006 -7.29264359486465e-008 
9.37929918195971e+007 1.13348753450679e+007 -1.16828275406534e+006 -2.35603691406520e+004 1.16558451463261e+003 1.43819054730916e+001 -3.98639166202369e-001 -3.81337867384097e-003 1.68759959138631e-005 2.90884755576365e-007 
-4.41570183414940e+007 1.94483849790864e+007 5.51365954899541e+005 -3.97928473927653e+004 -5.69636004885494e+002 2.27122057269291e+001 2.26790866308735e-001 -4.27655212495327e-003 -3.96484525619259e-005 -7.81252507212131e-007 
-2.58421911942746e+007 8.03155958701744e+006 3.21982258720329e+005 -1.64092928880147e+004 -3.30029578490928e+002 9.30661118486922e+000 1.27254375068339e-001 -1.68239888679148e-003 -1.89030556099807e-005 -3.69824131191704e-007 
5.82161696039342e+007 -1.91533844011558e+007 -2.90894766930116e+005 1.55612470680617e+004 1.40674360014454e+002 -4.08802382909424e+000 -3.91319216746580e-002 7.80444815737964e-004 -6.68748341256255e-005 -2.30075502586544e-006 3.42733869357999e-006 -2.58515113521295e-007 -8.08221024230240e-008 
1.23856899434370e+008 7.46801352952478e+006 -6.10853409842885e+005 -6.57469144190443e+003 2.54610369577802e+002 2.24113232234332e+000 -4.70870806296293e-002 -9.15934026361199e-004 -7.08553498308496e-005 1.92034326342699e-005 2.08554261224533e-006 -8.58932115137531e-007 2.83795525850913e-008 
5.37049276999422e+007 3.23795870290350e+006 -2.64858017571622e+005 -2.85061281642656e+003 1.10396708562781e+002 9.71704860784154e-001 -2.05744019868297e-002 -3.94968192846921e-004 -1.95539950444791e-005 7.68399384128987e-006 4.16195673661801e-007 -3.09389171110254e-007 2.30591946222593e-008 
1.81962917531788e+007 -2.07018563256017e+007 -9.35029059619738e+004 1.71126470761502e+004 5.09173042021238e+001 -4.80637951551133e+000 -1.74825879012327e-002 1.10454173322912e-003 -1.13381247060491e-005 -8.60325512297777e-006 -1.31468694337299e-006 9.86841500737611e-008 1.20522206465119e-007 
1.33707116000057e+008 2.33782280127748e+006 -6.64048296638989e+005 -2.21123381378547e+003 2.86492497789017e+002 9.02384807576833e-001 -6.04593579725363e-002 -5.12528355097093e-004 -6.61136759274692e-005 -1.91072783723854e-006 2.40930163323067e-006 7.90695241779876e-007 5.55544241653043e-008 
5.79757077198350e+007 1.01357946856725e+006 -2.87921615504132e+005 -9.58681757862291e+002 1.24219510581331e+002 3.90996574829921e-001 -2.63333577422835e-002 -2.07451338482934e-004 -2.08228703973065e-005 -6.58180943323686e-007 7.91065866618162e-007 2.72498109402096e-007 1.96348851659828e-008 
-2.30841852899955e+008 1.14619776768247e+007 1.02230565249986e+006 -4.08773954974598e+003 -3.34546341741354e+002 -3.33819216509333e+000 -3.68394647306503e-002 6.84742157105545e-004 3.09644534532658e-005 1.14448603697372e-006 -1.88926592519517e-007 
-6.88700654808995e+007 -2.62451961060493e+007 3.08116164493170e+005 2.07057067023210e+004 4.01649107056791e+001 -2.10470276729030e+000 -6.85132235832942e-002 -1.44905996227792e-003 -7.29110216567387e-006 -2.72696550941040e-007 -3.62351774401079e-008 
-2.53639277786045e+007 -1.23474119639701e+007 1.13652276974388e+005 9.60756775400241e+003 2.74763750932877e+001 -8.74983110852433e-001 -3.04347328723393e-002 -6.83957832167518e-004 -3.68985245616868e-006 -1.93337609893545e-007 -2.94934034034717e-008 
6.45703634998380e+008 -9.09239957745695e+006 -1.00385407232232e+005 2.49431708608653e+002 1.43171170950371e+000 -3.22498701443292e-003 -1.20181703061050e-005 1.45188448147977e-007 
3.40349479626050e+008 1.51586860554046e+007 -5.28053290892339e+004 -3.85408606544823e+002 8.60612788784705e-001 4.00799831339134e-003 -9.31066047186815e-006 -5.49081576357279e-008 
1.30145712787094e+008 6.71931985560516e+006 -2.01886762181202e+004 -1.71281964891314e+002 3.34014828256001e-001 1.79711005443552e-003 -3.67116728725760e-006 -2.71394793877285e-008 
-1.70581441369123e+008 1.25469691111861e+007 3.18860366400324e+003 -3.92838435825452e+001 -2.00840892773365e-003 1.99432832154230e-005 1.03818687397831e-008 
-1.38123357092050e+009 -1.24171893105225e+006 2.58780334686811e+004 2.94625385602819e+000 -3.42405359956986e-002 2.47261212858833e-006 -4.13805609154073e-008 
-5.63111094141021e+008 -1.05243416542979e+006 1.05502319631006e+004 2.90589998876265e+000 -1.40510694043728e-002 1.41609235251472e-007 -1.64255435045107e-008 
-1.54675630158932e+008 9.32979266803387e+006 4.11062473310688e+002 -4.16403535450608e+000 4.06365425460424e-004 4.32159479208838e-007 
-2.63374208301849e+009 -8.16831262959993e+005 7.01184372175781e+003 -1.69482775581143e-001 -1.55186598173625e-003 2.56620600770470e-007 
-1.15131460836393e+009 -4.89808207647275e+005 3.06546743492149e+003 -1.54803245199919e-002 -6.87252479972106e-004 1.06552004550972e-007 
6.08974662782633e+008 7.39691296331428e+006 -4.18713635587612e+002 -8.49065145338343e-001 2.11940231663014e-005 2.93459262097529e-008 
-4.14139606629599e+009 1.04287444756672e+006 2.84416373001832e+003 -1.01459102138875e-001 -1.58861254553398e-004 -2.12019980081010e-008 
-1.71026375912904e+009 2.42746026257401e+005 1.17452339340639e+003 -2.04453772059967e-002 -6.55791060390170e-005 -9.14577268219871e-009 
-3.25137249666396e+009 5.35699084664808e+006 2.35948363398441e+003 -6.11832907802858e-001 -2.65659968522567e-004 5.86887653154519e-008 
-3.02243687404353e+009 -5.60463815231674e+006 2.19305361720488e+003 7.10703172976521e-001 -2.18580807498666e-004 -8.85729924249295e-008 
3.64055124415583e+007 -3.36300662436833e+006 -2.66183477635582e+001 4.06345208819183e-001 1.25700625365692e-005 -4.58994080117999e-008 
-4.09597802625308e+004 1.78585810738648e+005 2.36600375691043e+003 -1.80068318869649e+003 -2.65132052457355e+001 7.71780010035233e+000 1.71843725080174e-001 -3.59122805072257e-002 -8.19724009655089e-004 2.27125768274545e-004 3.85938192059169e-006 -1.62388746898006e-006 -1.99875905519847e-008 
-3.02467240966758e+005 -1.51055060164233e+004 1.88037269760086e+004 2.53368095542690e+002 -1.07089223229682e+002 -2.00378848602949e+000 4.41383672879864e-001 1.06677640456174e-002 -2.44444566223229e-003 -4.86662007084490e-005 1.67381828936392e-005 2.42458355593808e-007 -1.22509339745662e-007 
-1.64175019332050e+005 -8.42092225657839e+003 1.02343509601759e+004 1.38927366835713e+002 -5.83741350784546e+001 -1.09467019002957e+000 2.40523175133974e-001 5.83504726883903e-003 -1.33110899809729e-003 -2.66830681097780e-005 9.11322970252240e-006 1.33287697605564e-007 -6.67022467483466e-008 
2.69287059092387e+005 1.15444756905171e+005 -1.68427868658178e+004 -1.07715650298750e+003 9.90847440117474e+001 2.70468802437639e+000 -3.55464481253482e-001 6.41623959643088e-003 8.68392839237381e-004 -1.10896061771130e-004 2.00253088966063e-006 6.49296075368506e-007 -4.68502452392703e-008 
-1.92882227349557e+005 1.18960427238764e+005 1.20348105634555e+004 -1.24448692241311e+003 -5.56556224949505e+001 5.34337623292248e+000 4.30270347965554e-002 -1.68050780727439e-002 9.46789937952668e-004 1.74514118841686e-005 -8.11027665062091e-006 3.56223693271683e-007 3.24002615765292e-008 
-1.04909643939788e+005 6.45699304254772e+004 6.55309790748175e+003 -6.77827738019602e+002 -3.03571312545948e+001 2.91458731444806e+000 2.37075821837117e-002 -9.17291842537335e-003 5.14763609768668e-004 9.61376888209400e-006 -4.41742608991024e-006 1.93511198094875e-007 1.76802889096384e-008 
3.44585456935894e+005 -4.25469948717376e+004 -1.97499737573049e+004 5.59408020451488e+002 8.74040195693036e+001 -2.98033810314654e+000 -1.34708060831710e-001 5.93495809841877e-003 5.56128534616880e-005 2.64820125986234e-005 -1.23594856470048e-006 -2.13002325701436e-007 1.23604283582061e-008 
8.85768597952541e+004 1.48286324723473e+005 -4.83666171993959e+003 -1.32950468210207e+003 3.84186057219195e+001 3.42013354897872e+000 -1.40852507822459e-001 -2.82465785502472e-003 -1.26294261572083e-005 5.83716708125524e-006 2.54603145358840e-006 -1.27960039007560e-007 -1.05552576644739e-008 
4.79259828987794e+004 8.05239107213146e+004 -2.63698770645444e+003 -7.24003690745068e+002 2.09830382486167e+001 1.86661467390758e+000 -7.69570465350581e-002 -1.54540487930931e-003 -5.91895278737318e-006 3.17112507804568e-006 1.38429670924833e-006 -6.96633670720161e-008 -5.74880560698068e-009 
1.36018809348621e+005 -1.55274783443223e+005 -7.00555635048897e+003 1.37127692949744e+003 1.16436006501571e+001 -3.71127567498051e+000 8.42325982015519e-002 6.96228823434318e-003 -3.68850102312659e-004 -2.53442735958097e-005 1.46154866287488e-006 1.13852927860488e-007 -9.77578632740659e-009 
3.05916293027167e+005 6.01172868016486e+004 -1.55015492706900e+004 -3.72364523353721e+002 6.86212555241036e+001 -4.12551899704357e-001 -1.36896778241715e-001 5.56682994384106e-003 3.35511226512906e-004 -1.85335949467328e-005 -1.53792290977067e-006 1.04522452467048e-007 5.89575871989953e-009 
1.65815745314347e+005 3.25059266647632e+004 -8.43722239321888e+003 -2.01477714987420e+002 3.74506147409761e+001 -2.26347533049001e-001 -7.47155059514829e-002 3.03785566711005e-003 1.82426044675685e-004 -1.01250870435979e-005 -8.35756782440503e-007 5.69881694123927e-008 3.20274559398553e-009 
-1.79371110412199e+005 -1.47049519587339e+005 8.58343086850519e+003 1.10993481291100e+003 -3.52511340952404e+001 -1.03581707675949e+000 7.35621165429678e-002 -6.32511099272776e-003 -1.69476174929486e-004 1.95489112469657e-005 -3.18184224403891e-007 -3.39077752754587e-008 5.18433526346673e-009 
3.00212927050376e+005 -6.45734820189331e+004 -1.40573740055077e+004 5.45784541615146e+002 4.30459038960212e+001 -1.41008532022109e+000 4.07352868916571e-002 3.16999957684325e-003 -3.57232218645252e-004 -3.77512981082542e-006 7.15815853657858e-007 -5.08929398431169e-008 -1.17762096547406e-009 
1.62343859787225e+005 -3.52804276394510e+004 -7.62904082594921e+003 2.99371063538706e+002 2.34560057461993e+001 -7.73005793860018e-001 2.19942620625515e-002 1.71865448665875e-003 -1.94799447135840e-004 -2.03380203327323e-006 3.90528744034659e-007 -2.76821877855945e-008 -6.34598094934862e-010 
-3.70232455839118e+005 -3.59624679378018e+004 1.79708097288249e+004 4.12263205934444e+002 -5.34011134557568e+001 -1.44468524569033e+000 -8.89276673467908e-002 -2.09294270454950e-003 4.88159956403130e-004 3.06725277610821e-005 1.32486678997320e-006 5.78937540934380e-009 -8.78121770968195e-009 
8.64500953049266e+004 -1.40871050650721e+005 -4.10878880511574e+003 1.06847652616317e+003 2.49940617850796e+001 -6.85819482758458e-001 -3.36467378431236e-002 -8.42010303537481e-003 -3.43069755648209e-004 5.92591321680116e-006 1.19110135205111e-006 1.34550324325686e-007 6.32626639800510e-009 
4.59914415133796e+004 -7.65227966798611e+004 -2.18849720995054e+003 5.83103358315866e+002 1.34599894501834e+001 -3.85542798345041e-001 -1.86434877442677e-002 -4.57558676862337e-003 -1.84780020024503e-004 3.36380278279705e-006 6.52609968958092e-007 7.30501566964361e-008 3.40398671575934e-009 
-2.94852563058159e+005 1.10201487425208e+005 1.65178034956524e+004 -7.62086047101134e+002 -9.41907589090928e+001 -1.34111983642192e+000 2.51714068467338e-001 2.89614358188384e-002 5.60041372534575e-004 -1.39034989456948e-004 -1.35235242241201e-005 -9.65572810748728e-008 8.68744964354681e-008 
-1.83909653520678e+005 -1.17446222797504e+005 1.02618637352781e+004 1.22068603877449e+003 -1.92035684570554e+001 -4.70888656395304e+000 -2.50608493341758e-001 5.34206009827011e-003 1.98185080112366e-003 1.03927276227448e-004 -4.91833514203676e-006 -1.06173101812331e-006 -4.65733564242424e-008 
-1.00458291304640e+005 -6.33753856093021e+004 5.62913547929013e+003 6.61512430308033e+002 -1.08474625264120e+001 -2.56914423011011e+000 -1.35003703749221e-001 3.02382226901359e-003 1.07902987525520e-003 5.59028986404322e-005 -2.72664310696343e-006 -5.77155197385460e-007 -2.49539322954019e-008 
1.14002627486329e+004 1.81461816020437e+005 -8.35577427553233e+002 -1.92906633749965e+003 -1.31711592962498e+001 9.65743990236342e+000 2.31986972583524e-001 -5.47541772164723e-002 -2.40501065990559e-003 3.82054819737697e-004 2.42030508261469e-005 -2.84707318240726e-006 -2.46405165952636e-007 
-2.99561034080177e+005 9.57568388375589e+003 1.93845728818794e+004 2.59133429682607e+001 -1.21810487309338e+002 -1.79711552355666e+000 6.14540627582274e-001 2.12107271560765e-002 -3.95776568671004e-003 -2.12386972004509e-004 2.88270262887969e-005 2.15605139790404e-006 -2.16761720363417e-007 
-1.62139578822120e+005 5.87144190767938e+003 1.05260147360420e+004 6.49928153817290e+000 -6.63307455791344e+001 -9.37796329463897e-001 3.35105733068332e-001 1.13088059518786e-002 -2.16012774142991e-003 -1.13889963890748e-004 1.57567846535587e-005 1.16010588434560e-006 -1.18726105079596e-007 
-5.94760970073838e+005 2.06683982414243e+003 2.59933533351732e+001 5.86301964043344e-002 -1.89421022883712e-003 -2.95140565952410e-004 4.02793320998534e-005 -3.64984478688087e-006 1.94724851394290e-007 6.47281698187370e-009 -4.38638682414073e-009 
4.05161354876785e+005 -7.15731805728976e+003 9.63848098454300e+000 9.38998574428953e-002 5.29222485295393e-003 -3.20284154106101e-004 7.74992468361788e-006 1.52442867573372e-006 -3.44272444579030e-007 4.15709253906141e-008 -3.39135460559183e-009 
1.78082364621155e+005 -3.08602595476795e+003 3.46475165873998e+000 2.83759672733039e-002 2.77920338429416e-003 -1.37407753977884e-004 5.59264889921487e-008 1.19216718038652e-006 -2.04132840381983e-007 2.13577710402487e-008 -1.35384806725338e-009 
-5.90417636027076e+005 2.27685486533927e+003 2.64242644726037e+001 1.06021553057852e-002 -3.15502121501223e-003 3.68866448927666e-005 3.14199280497960e-006 -1.47367149888411e-007 2.07936491305578e-008 -6.88039294857639e-009 -3.23256631930054e-011 
3.90928145425625e+005 -7.07466228476064e+003 1.11058817194998e+001 1.40825356851311e-001 1.30933513730421e-003 -9.90517412774130e-005 5.95608244079513e-006 -1.30184879629657e-007 2.27118375642037e-008 -1.71146843955533e-009 -2.10784634703818e-010 
1.71939520607090e+005 -3.05637359400212e+003 3.99443868758426e+000 5.51221922332510e-002 8.64632569629640e-004 -5.16583453306876e-005 2.92895730003912e-006 -5.52681494609832e-008 9.92534701305317e-009 -3.71124620995150e-010 -1.04004736874746e-010 
-4.31353318606659e-006 2.26609173187777e-006 -6.25592567779663e-007 -2.65955508360997e-007 7.07513472660538e-008 1.60816960147415e-008 -3.84405379279187e-009 -5.05912408605553e-010 1.64271835886835e-010 6.84308476636979e-012 
4.25031757703794e-005 1.55857944521365e-007 3.13003582387496e-007 -1.08024041880235e-007 -3.15414021433367e-008 7.46197360725294e-009 1.40432633993182e-009 -3.41825370308064e-010 -3.68493020354158e-011 1.29073208639450e-011 
-2.75787971893580e-006 7.99467336179360e-007 7.63151280805143e-007 -2.74176075682395e-009 -6.31760027105304e-008 3.68447756280880e-009 1.80715890299282e-009 -1.96634206391588e-010 -1.99596249280957e-011 4.67798735367573e-012 
4.20685238714420e-005 -9.06764932930090e-007 -1.73597254651651e-008 1.18569896188203e-007 -4.19371846950674e-009 -5.48069304389898e-009 4.65293797604532e-010 1.29334895678178e-010 -1.31734429538774e-011 -3.44310831127511e-012 
-4.41879283744940e-008 5.60772734573960e-007 -6.38453114501495e-007 4.94876315525394e-008 3.62021748539723e-008 -9.60889285013754e-010 -1.39980436495250e-010 -4.30018436559922e-012 -2.13808208582295e-011 3.73886032489777e-012 
4.16720302999919e-005 4.50020566685985e-007 -5.36693662520191e-008 -8.46226278492764e-008 3.09687101961326e-009 2.12149124893592e-009 -7.97837794980035e-011 -1.19181530950515e-011 4.86572730923253e-012 2.66491111840452e-012 
1.54282608331080e-006 2.48847506502690e-006 8.22526328676124e-007 -1.76373658851461e-007 -9.23759754324621e-008 2.96567457623194e-009 5.44064938232149e-009 4.69848810284098e-010 -2.22152383492616e-010 -4.06822467362500e-011 
4.12908919875525e-005 -5.76198980194944e-007 2.56806102274268e-007 1.29682121284422e-007 -1.49520927582542e-008 -1.02587179346895e-008 -1.97151379828928e-010 4.99299945319907e-010 5.03858987160677e-011 -1.75550636156982e-011 
3.31944509578580e-004 4.55332142042187e-004 1.75003273625277e-004 1.33468435580088e-005 -8.05679755327748e-006 -1.20494326139967e-006 2.60163717996368e-007 3.62182772229291e-008 -7.25885477274347e-009 -6.16350939001231e-010 
3.82246943032549e-001 2.13194257119353e-004 9.62809013076460e-007 -1.50231299447739e-005 -1.93021734482833e-006 5.57414875851859e-007 8.51213395246970e-008 -1.64386653284883e-008 -1.90128057036934e-009 4.47925457092258e-010 
1.54762210190726e+003 9.19426337885307e-001 -1.62858103183858e-004 -1.00345838122797e-005 7.43637346963942e-006 1.07559790822346e-006 -2.37985399070290e-007 -3.29391905227606e-008 6.60927689215136e-009 5.63852661760949e-010 
1.79777472008807e-003 6.71299745258211e-004 -1.85881473909608e-004 -1.76558327106663e-005 8.75061217739570e-006 1.19649989032723e-007 -2.22927240010850e-007 7.39906453958523e-009 3.34321670500834e-009 -2.22047452108495e-010 
3.82289457901509e-001 -2.09297481217311e-004 -3.90846137480198e-005 1.62257090483275e-005 7.72176005979192e-007 -5.58495882118830e-007 6.97760919167970e-009 1.08725333799737e-008 -5.73910066511268e-010 -1.32602901268749e-010 
1.54946049603202e+003 9.19293076213140e-001 1.84590519454377e-004 1.59922669417116e-005 -8.26927956132264e-006 -1.05948463896544e-007 2.06467876080535e-007 -6.78129135574702e-009 -3.09023103315190e-009 2.02042140165773e-010 
2.06967110853230e-003 -2.05080868482337e-004 1.51866176632436e-005 1.13978692521973e-005 -4.41782307874962e-006 3.83162301988195e-008 1.08717034945584e-007 -2.10006013471611e-009 -3.42646073741899e-010 4.66795305618248e-011 
3.81974001061699e-001 -4.41898123343363e-005 3.42850796152681e-005 -5.57207175363226e-006 -2.06063282098480e-007 3.08140529517943e-007 -5.21008171349816e-009 -3.60083122041493e-009 1.03370584373729e-010 -2.36347209501405e-011 
1.55130013416929e+003 9.20151615951470e-001 -1.74830091973786e-005 -1.24321439782045e-005 4.08765750117380e-006 -2.42844933516908e-008 -1.00134068793321e-007 2.07350577627033e-009 3.32040646853646e-010 -4.41730512879548e-011 
1.83820770589140e-003 -4.55139132879602e-006 6.64567403477762e-005 2.73602183344777e-005 4.39766873217226e-006 -9.36755169638273e-007 -2.91530621356197e-007 5.64801658872421e-009 9.46131017041513e-009 7.84682402923045e-010 
3.82089105993017e-001 1.66500599535286e-004 3.95622105364103e-005 1.92335306639565e-006 -2.15151754393069e-006 -5.02925698741929e-007 4.15128372578875e-008 2.08287727441284e-008 7.00468391779728e-010 -5.59657601449189e-010 
1.55314019012494e+003 9.19874637162901e-001 -7.53851636475605e-005 -2.39897022610804e-005 -3.65193179773854e-006 8.63335232691124e-007 2.60499101036871e-007 -6.02987593325144e-009 -8.57227175306593e-009 -6.85260543498904e-010 
