-2.15735344902286e+007 1.25141593827700e+007 2.57362291061689e+005 -2.52333432762508e+004 -3.90123425508936e+000 -1.15843778624658e+001 -1.62990043306948e-001 4.58737001823143e-003 -3.39205257449306e-004 2.25952370759730e-005 -4.28316612780503e-007 3.32302098950718e-008 -1.92828221414787e-010 2.06733043019301e-011 
-5.88010215228197e+007 -3.49291660098982e+006 6.91802807324131e+005 5.13006787925718e+003 -2.85453378900834e+002 5.42205995725187e+000 -5.59694591713258e-001 4.17858518705053e-003 -5.37989981981602e-004 -1.46506185692200e-006 -1.02368695397007e-007 -1.31543427915316e-008 7.68213827588488e-010 -2.72868572352887e-011 
-2.91299796195648e+007 -3.16311084354679e+006 3.42896586488346e+005 5.35548985890231e+003 -1.52087661582767e+002 4.09701263636095e+000 -2.82103389731384e-001 1.75684634110171e-003 -2.52247343464351e-004 -3.12421267733174e-006 -1.02995630636967e-008 -1.04708547342757e-008 4.30370212616010e-010 -1.67182818600633e-011 
4.54168647587183e+006 1.33419656161616e+007 -5.40605851883492e+004 -2.73311770423730e+004 -2.67656003752862e+002 -1.44775074911159e+001 -7.12397641928115e-002 6.32540546975899e-003 5.27792401474221e-004 3.67768139385786e-005 1.32205132919800e-006 5.90246882765253e-008 1.34777847958115e-009 2.61811198509608e-011 
-6.01098165296604e+007 2.21365748136211e+006 7.27196727928868e+005 7.04227157499405e+002 -3.12285943914540e+002 -8.64681177973513e+000 -7.01143867324359e-001 -1.52600522646182e-002 -7.21554080754006e-004 -7.98717427124447e-006 4.40196290381080e-008 2.79279891516494e-008 1.88981099378749e-009 9.03297298250932e-011 
-3.25361129292169e+007 -2.00393723426717e+005 3.94077439388861e+005 3.20856291598107e+003 -1.39088793945727e+002 -3.11889582850417e+000 -3.67175159611483e-001 -8.80757615854659e-003 -4.40156748650395e-004 -8.07803850669437e-006 -1.13489628632931e-007 8.80262308321542e-009 8.69883868716197e-010 4.55418433182931e-011 
2.96885768489523e+007 1.15026796541792e+007 -4.17294991157392e+005 -3.39080233193801e+004 -5.43104297322912e+002 -1.04173413741278e+001 6.49362587588508e-001 6.08429172703901e-002 3.59750374014516e-003 1.57881296784988e-004 4.69020533339711e-006 2.19737594685794e-008 -9.93289754502801e-009 -9.06090815154352e-010 
-4.99110901139937e+007 7.96008780503178e+006 6.96483716965471e+005 -6.78488736197983e+003 -7.02360844119875e+002 -3.33617128885807e+001 -1.46656132263892e+000 -3.76036857663537e-002 -2.46981849334814e-004 7.31356727539357e-005 6.38446729610008e-006 3.70601396114236e-007 1.58054762347314e-008 4.33894486464572e-010 
-2.96944749754852e+007 3.06000847754516e+006 4.15312595287993e+005 -1.10631233083594e+002 -3.18925666998207e+002 -1.67425931263700e+001 -8.50745249305311e-001 -2.63934579948735e-002 -5.04752508691812e-004 2.27084086157137e-005 2.92459415682335e-006 1.95701690804591e-007 9.47279297439906e-009 3.25689601251745e-010 
4.79582976270903e+007 6.38277274310808e+006 -8.78145901935549e+005 -4.25259596935127e+004 -3.64080952366617e+002 4.49038693689366e+001 4.99960610815717e+000 2.84980442898428e-001 9.36395479676042e-003 -1.13440605820120e-004 -4.33307280512406e-005 -3.64600716297070e-006 -1.83954141660730e-007 -3.72301392324837e-009 
-2.88539939170802e+007 1.29504471395856e+007 5.18526179993364e+005 -2.55904247904048e+004 -1.79137297391371e+003 -7.68228746666057e+001 -1.62370064800486e+000 9.28701200808338e-002 1.31514252775125e-002 8.81662785344689e-004 3.50010306576440e-005 7.82813414179265e-008 -1.23722011405176e-007 -1.21454429862539e-008 
-2.03395099964815e+007 6.25648415483659e+006 3.68004368923877e+005 -9.26364853089980e+003 -9.19238856671285e+002 -4.56929513817195e+001 -1.38551012437814e+000 2.00793457715330e-002 6.05522385687304e-003 4.82748733870805e-004 2.31882897144431e-005 4.19657510382908e-007 -4.70301686551862e-008 -6.10239390263941e-009 
-1.05994707000569e+008 -2.54944547610991e+004 1.35792104179182e+006 -7.16432309264947e+002 -1.45624633321823e+003 2.44226541579791e+000 6.71116910233883e-001 -3.28237781757126e-003 -2.05720332357460e-004 2.62803961311141e-006 
-3.12651027759599e+006 -2.20288939203180e+007 3.70654011122415e+004 4.66938468041827e+004 -7.94845623083925e+001 -3.07495496534974e+001 1.04605856553140e-001 1.09445745772394e-002 -9.40432080221136e-005 -3.09553906666290e-006 
5.31939261159528e+006 -9.91111573945692e+006 -6.92320072272605e+004 2.10567097399947e+004 5.63645828060928e+001 -1.39912482467646e+001 4.61116073553943e-003 5.13249375713920e-003 -2.93006251307751e-005 -1.55920087036321e-006 
-9.54832474815795e+007 1.04165788706184e+007 1.21385600671219e+006 -2.27938577966591e+004 -1.25720393774577e+003 1.68022666435113e+001 5.03656842616895e-001 -8.04283334876331e-003 -8.64940064905383e-005 3.52480909783728e-006 
-4.51586244350793e+007 -1.95580505788188e+007 5.70175630692767e+005 4.07355014335812e+004 -6.46677283903103e+002 -2.49866545752886e+001 3.55798215434682e-001 6.66730496305566e-003 -1.56763276022456e-004 -3.66237859694355e-007 
-1.42595705239959e+007 -9.45991345052516e+006 1.79772371885489e+005 1.97723173583341e+004 -2.11454591049921e+002 -1.23065690100794e+001 1.28237777590826e-001 3.50903789181068e-003 -6.50668092435039e-005 -3.87833943375074e-007 
5.78178508620701e+007 -1.92258837985866e+007 -2.85171503071164e+005 1.56294895668368e+004 1.38075200571371e+002 -4.11157516231323e+000 -3.90984018902197e-002 4.61408835610811e-004 -1.77009645810709e-005 2.56759575029701e-006 9.79131868200748e-007 1.69993450897641e-007 -2.86012293572921e-008 
1.23698512002769e+008 7.33093664609027e+006 -6.13279513539139e+005 -6.44758880763051e+003 2.55993180583154e+002 2.20353313287049e+000 -4.98263555114567e-002 -8.82070954184197e-004 2.81167237813426e-005 1.02241186207484e-005 8.77860269267976e-007 -1.87111424069491e-007 -8.71091008002023e-008 
5.36249110915200e+007 3.17787335987131e+006 -2.65838841101852e+005 -2.79495894035168e+003 1.10964647598979e+002 9.55088177696933e-001 -2.14700881926516e-002 -3.70942329099268e-004 6.10572429574062e-006 3.66232879620209e-006 4.63999596881539e-007 -4.22564235303410e-008 -3.28113924807203e-008 
1.77008293702701e+007 -2.07260390352138e+007 -8.72266816027420e+004 1.71354439215858e+004 4.79009552106242e+001 -4.81169944990981e+000 -1.70234332947892e-002 6.18090309446407e-004 -2.93415224669784e-006 1.64396016731216e-005 -5.47393999908715e-007 -8.28331150079040e-007 6.44785003910989e-008 
1.33260217037499e+008 2.18774683919862e+006 -6.64845646604315e+005 -2.06904709602679e+003 2.87010620643190e+002 8.53808857899910e-001 -6.36383096370197e-002 -4.72872161131589e-004 1.28223060690227e-004 4.26947121515091e-006 -6.34317731012463e-006 1.29655651521376e-007 3.34267024117043e-007 
5.77698787276883e+007 9.48444545014105e+005 -2.88192628326312e+005 -8.96981857346579e+002 1.24410655915993e+002 3.70426890047150e-001 -2.74573879580863e-002 -2.36167223992228e-004 4.73325254413540e-005 4.12825424829053e-006 -2.41144774833234e-006 -8.46401380361104e-008 1.33491911142686e-007 
-1.80061064526430e+008 -2.15645251082367e+007 7.53008588095572e+005 1.34335260695621e+004 -2.36105923925059e+002 6.64039323243811e-001 -1.80474890835135e-002 -6.87179642161811e-004 1.18510631889387e-005 -1.64259409448794e-007 -1.73568444276771e-009 
1.51113838683619e+008 -1.98082685416717e+007 -6.32639571163263e+005 1.51026355998107e+004 1.16005977390282e+002 -1.48832110778063e+000 4.16503191720737e-002 -7.21413513562328e-004 1.15751099238724e-006 -1.61688626648410e-008 -5.36256910693836e-009 
7.41842610875642e+007 -8.50450474862925e+006 -3.10486321830994e+005 6.56505712603597e+003 5.95770925033787e+001 -7.00574731202221e-001 1.95859429344728e-002 -3.11922084488461e-004 1.94738898484605e-007 -2.43223291078568e-009 -1.84137999433446e-009 
-7.95764004542668e+008 3.72691695407378e+006 9.29389959365622e+004 -7.39161955232697e+001 -7.72888784179118e-001 2.75055910049341e-004 1.26531829797481e-006 1.98984982056789e-008 
-1.70704664025085e+008 -1.53966007446006e+007 1.99090995510803e+004 2.99542018562553e+002 -1.72485924785081e-001 -9.74606700088761e-004 3.18725704651135e-007 -8.88463148286466e-008 
-5.37886084985354e+007 -6.69009139725913e+006 6.27109446589788e+003 1.30190614958437e+002 -5.51249821388138e-002 -4.24277835144313e-004 1.52799704945599e-007 -3.98685151109990e-008 
1.07370934326341e+009 -9.07828582857573e+006 -2.60350308924317e+004 3.11139255024556e+001 6.82287579247910e-002 -1.79406879196370e-005 -1.65804405302133e-007 
8.13330805314326e+008 9.46019074317972e+006 -1.97268154147687e+004 -4.24248812289484e+001 3.05767397177091e-002 8.36230843564852e-005 1.62833947748744e-008 
2.89697433780464e+008 4.29852287749787e+006 -7.02658110095673e+003 -1.88629403665645e+001 9.68809981659624e-003 3.53394398554769e-005 1.47030932280955e-008 
8.99897410089888e+008 -9.01403337213183e+006 -2.37462065060940e+003 3.78497766415355e+000 9.33378048197183e-004 -2.79471995862692e-007 
2.51651244097794e+009 2.24026085849054e+006 -6.64561315757146e+003 -1.50099857218513e+000 1.27338534725980e-003 5.21731084304194e-007 
1.08943401764443e+009 1.10863573006042e+006 -2.87710896350609e+003 -7.11229241578804e-001 5.44501824884091e-004 2.36413449351217e-007 
4.42797303524013e+009 -1.02678263544724e+006 -3.15300383719973e+003 1.08880304837581e-001 1.96043344365177e-004 -1.40212089117996e-008 
5.78494698152355e+008 6.92799627555028e+006 -4.11705743005933e+002 -8.23276679532175e-001 1.84626915774136e-005 2.25548099816328e-008 
1.26541356206743e+008 2.86122636107499e+006 -9.00184322460203e+001 -3.39651911445989e-001 2.64314576657897e-006 9.30620802694325e-009 
3.30071607507840e+009 6.17194859218634e+006 -1.32253365607071e+003 -2.07148904738299e-001 1.09365149400581e-004 -2.78646337766819e-008 
-3.70872741312870e+009 3.49151002684399e+006 1.48606559646220e+003 -4.64030371794758e-001 3.70377852585081e-005 2.33778719566700e-008 
-2.15187710211192e+009 -7.69989388742875e+005 8.62246039829181e+002 -8.25138473612135e-002 -2.17377082795158e-005 1.75667822122165e-008 
2.89411132576541e+005 1.12099638883010e+005 -1.42947241118674e+004 -7.65954348978989e+002 5.92063246170511e+001 -4.96746943235577e-001 -1.65632270555445e-002 1.04660643336179e-002 -6.62040442424738e-004 3.14527435597609e-006 1.92892437965305e-006 -2.30693480801238e-007 9.88756222424996e-009 
-2.33307404546127e+005 1.06019731448638e+005 1.15278966914733e+004 -9.46589661229909e+002 -2.56672504015371e+001 1.97091877356936e+000 -1.23596740471828e-001 5.00395826848958e-003 4.14033521426974e-004 -4.12706930272646e-005 2.02966516599490e-006 5.89539992983514e-009 -1.29275125510675e-008 
-7.95749395300334e+004 5.96332033414908e+004 3.93738388127408e+003 -5.11420314282357e+002 -6.13835449522002e+000 8.67653638449408e-001 -5.86605152163305e-002 3.31055339871262e-003 1.27704440547407e-004 -1.87761331257832e-005 1.12183714957903e-006 -1.93547565543603e-008 -5.02198866465187e-009 
3.81132690689832e+005 -2.34828575925871e+004 -1.80236077710520e+004 1.40572782547873e+002 5.79256232533362e+001 5.32570396454340e-001 2.99125598940455e-002 -5.50250753240952e-003 -3.68575417482108e-004 6.58923445466570e-006 5.26278578584911e-007 7.70267605120275e-008 3.50714129660272e-010 
3.15542918995616e+004 1.48073572214713e+005 -1.35009321683894e+003 -1.14132294380893e+003 -9.20858599168093e-001 1.26829010671393e+000 6.47230448644725e-002 5.37382654637835e-003 -2.43844520628143e-004 -1.51100019954401e-005 -4.66330451903870e-007 6.51041181060224e-009 5.39062277801434e-009 
5.12380448810638e+004 6.59064208441209e+004 -2.37041423917773e+003 -5.13042787910542e+002 5.25838950708241e+000 6.40001907688594e-001 3.25465058351843e-002 1.93990957750455e-003 -1.48373407121380e-004 -6.32841567991933e-006 -1.62120038777503e-007 1.04765570695080e-008 2.51857874525917e-009 
2.06928378022949e+005 -1.44445686030363e+005 -1.04877328275166e+004 1.12058357088335e+003 5.82867247365960e+001 -1.43673172430272e+000 -1.96607117492837e-001 -5.26670309286478e-003 6.16628764460477e-004 3.50609895245685e-005 -1.67696523873200e-006 -2.10327616737304e-007 1.36766984352265e-009 
2.75072017272256e+005 8.48800496548285e+004 -1.39376834959629e+004 -8.40460897633214e+002 4.52989066174905e+001 3.21169330129444e+000 2.35742483933224e-002 -9.88964132692953e-003 -4.47189771536365e-004 2.90714529268622e-005 2.51259597877936e-006 -5.62702496913262e-008 -1.46829758035355e-008 
1.46443468781326e+005 2.50387537351290e+004 -7.44101654227700e+003 -2.77968205311476e+002 2.66170017595865e+001 1.33868611629936e+000 -8.51192415076113e-003 -5.06960910543777e-003 -1.45691660889791e-004 1.68254257645802e-005 9.93477408083836e-007 -4.64886826799496e-008 -6.62894333572116e-009 
-1.14617311429131e+005 -1.62610841281613e+005 6.75384525470122e+003 1.56459077533208e+003 -1.58430257057650e+001 -5.29734805831814e+000 -3.45480542784020e-002 1.25687992555915e-002 -7.58634100704611e-005 -4.12286457758436e-005 2.49059636102144e-006 2.41923395377982e-007 -1.58006724634037e-008 
3.13112835989466e+005 -5.00885444915976e+004 -1.77460028374013e+004 3.22578582872320e+002 9.00642234389770e+001 1.84465982706791e-001 -2.35122687257339e-001 -2.08868114006694e-003 6.02542374735966e-004 -1.86048150759247e-005 -2.88261592076786e-006 1.84895380237116e-007 1.74541936041475e-008 
1.32684736992769e+005 -3.88778657005434e+004 -7.50991211978561e+003 3.01787177690044e+002 3.99518655165021e+001 -4.36243623451076e-001 -1.11767599421011e-001 2.71911858024941e-004 2.70412057481903e-004 -1.25925432958267e-005 -1.08443986064067e-006 1.08789756299213e-007 6.49256809844294e-009 
-3.34557996215336e+005 -4.55940302071172e+004 2.06601302328374e+004 5.24354938777116e+002 -1.05578943544817e+002 -2.66713249019516e+000 2.32219556772653e-001 9.02540210260221e-003 1.83922755838967e-004 -3.63324468709294e-006 -4.84316346884327e-006 -2.18492665970415e-007 2.26330575203185e-008 
9.94594047554794e+004 -1.53766515508143e+005 -6.08551671473916e+003 1.49424553424066e+003 4.00178913374253e+001 -4.86791337787223e+000 -1.59537434916287e-001 5.27252939320709e-003 3.34683722982164e-004 4.32689859037233e-005 1.53183278651675e-006 -3.30871058790977e-007 -2.03216058640115e-008 
1.29924608102816e+004 -7.51519780602479e+004 -7.77343824752035e+002 7.39452976824407e+002 8.05689342872108e+000 -2.50552955829198e+000 -5.05874896353255e-002 3.32412723548472e-003 1.71988869482473e-004 1.95227747396897e-005 2.29578040469592e-007 -1.73686616180857e-007 -7.12969123267377e-009 
-2.61982656744955e+005 1.14479208563478e+005 1.62697996375229e+004 -1.20612430248874e+003 -8.47530830108229e+001 5.17009248666749e+000 3.03963141393426e-001 -1.63701190151675e-002 -1.67079032383297e-003 3.66651281420008e-005 1.15702439168342e-005 4.43045013748554e-008 -7.68897556179963e-008 
-1.97783293487581e+005 -1.28197073808256e+005 1.20258325104053e+004 1.23542514383021e+003 -7.25157218962742e+001 -4.70251023012793e+000 2.60214130018505e-001 1.99628611893548e-002 -6.95268453717991e-004 -1.27773615572269e-004 5.20658876641713e-007 8.68131995279457e-007 1.47671587662591e-008 
-1.16528806976955e+005 -4.76979355046411e+004 7.12902518314957e+003 4.50128494245083e+002 -4.17273432855785e+001 -1.65655893650736e+000 1.49765652264713e-001 7.57533454459640e-003 -4.84531591540920e-004 -5.51730011953563e-005 1.37786082427225e-006 4.03748517414607e-007 -7.67820338299640e-010 
4.11744592071727e+004 1.73043052457900e+005 -2.24569341993359e+003 -1.56267578492350e+003 3.72337622602430e+001 4.39021885948524e+000 -3.09729292888775e-001 -5.38568461465993e-003 1.79886904307139e-003 -3.00897569393322e-005 -9.08671973135965e-006 4.97327148425562e-007 3.87042554350706e-008 
-3.27892383344773e+005 3.25371787990684e+003 1.82039335701949e+004 -2.33352258813019e+002 -8.42974897909223e+001 3.12896094596942e+000 1.71596918314987e-001 -2.18968024137538e-002 -4.34929713316052e-005 1.19136596342622e-004 -3.68028333906507e-006 -5.78821072494904e-007 4.39404155384161e-008 
-1.46550359486226e+005 1.85162825536621e+004 8.15157872513695e+003 -2.61208303459437e+002 -3.51473012901305e+001 1.87286505191268e+000 4.85633349681075e-002 -1.06082220758478e-002 1.56923571691471e-004 5.18608207209382e-005 -2.58717749886545e-006 -2.17402325743819e-007 2.40228468094232e-008 
3.19882042170271e+005 9.43735277487568e+004 -1.57516419864794e+004 -6.30314621196918e+002 6.26740654376913e+001 -6.42057905938223e-001 -3.83563629170358e-002 1.12762621400308e-002 -4.78390626760678e-004 -1.52485560326071e-005 2.61790427119040e-006 -1.63349320030055e-007 -2.56917391135808e-009 
-1.97316091646212e+005 1.20049556377528e+005 9.60535492543199e+003 -1.03327152197393e+003 -1.98107982150015e+001 2.14235236162046e+000 -1.26083641426902e-001 2.69047986105075e-003 5.53715573149097e-004 -3.59765518124636e-005 6.90379533383215e-007 1.22065285221731e-007 -1.33778643033967e-008 
-5.90945903325455e+004 6.44801625188532e+004 2.86409231615770e+003 -5.37642390053304e+002 -2.93607175381783e+000 9.24657394365746e-001 -6.17931219527045e-002 2.34488073137307e-003 2.07744036087986e-004 -1.80580810815497e-005 5.74825477615403e-007 4.01024729603359e-008 -6.40759560409655e-009 
1.85830770725724e+005 -1.19362751804258e+002 -2.28855790587359e+001 -4.55043866520266e-003 3.54177938920307e-003 7.66942342303454e-005 -2.38100552038005e-007 -5.28999494209082e-008 -1.37143050194052e-009 9.36142549732081e-010 -1.71430116271499e-010 
-2.15360467813479e+005 5.81843926043296e+003 -1.70388403866247e+000 -1.33500639502356e-001 1.52609943252986e-004 7.55163860402140e-005 6.03094583889758e-006 8.03033663997139e-008 2.56419123452026e-008 2.16327048522643e-009 -7.81300673251141e-011 
-8.82103804831937e+004 2.50172062567401e+003 -1.14357944281342e-001 -6.38476908246175e-002 -1.19953376996367e-004 2.77797177593274e-005 3.19806688137015e-006 5.05390008382586e-008 1.38699023376339e-008 1.03730653766109e-009 -3.21749437811349e-011 
1.85409539200057e+005 -3.01594773107133e+002 -2.25547434765280e+001 6.22449713914670e-002 4.43219613687104e-003 -6.73508256031140e-005 -2.45624137894340e-005 -3.19138164683402e-006 -3.01806459730823e-007 -1.36944131757953e-008 6.21431828674059e-010 
-2.03742149478119e+005 5.79861882441570e+003 -3.20939199988008e+000 -1.08496905376011e-001 3.82270040937391e-003 3.47240038254424e-004 1.90975943317044e-005 2.65642756659886e-007 -1.46912529759255e-007 -2.78392644589759e-008 -3.37184090270876e-009 
-8.32102543390184e+004 2.49778461115096e+003 -8.56219619337675e-001 -5.55433463864344e-002 1.64956962890847e-003 1.87439160340805e-004 1.27568967927363e-005 4.74594613184565e-007 -4.71673923411099e-008 -1.35206123533085e-008 -1.87502008356359e-009 
7.43253997004431e-005 -7.78010569463391e-007 -2.37766361749415e-007 1.79407261520166e-007 9.71017746441892e-009 -4.12851465627306e-009 1.11895578011973e-010 -3.52085433224849e-011 -7.42700075597077e-012 -2.11915566278907e-012 
1.12538390244734e-005 -2.39098110631524e-007 -2.47387022737930e-007 -2.56613497363837e-008 1.44334168358006e-008 2.52397375115038e-010 -8.55996413536122e-011 2.55178941551118e-012 -3.63331773327087e-012 1.38355951020406e-012 
7.53135412554114e-005 2.18329727923236e-006 1.53248860813614e-007 -2.40616156757762e-007 -2.03001599280709e-008 1.06632983013250e-008 1.36107245490548e-009 -2.15766792380385e-010 -4.12749653551340e-011 2.26536608738632e-012 
1.00629226119235e-005 -4.08819385655956e-007 3.24744482863892e-007 1.82535171368196e-008 -2.50435013743328e-008 -2.46674004101233e-009 7.77883186205412e-010 1.26724300508638e-010 -1.80498308051834e-011 -3.74694023350416e-012 
7.72119623243550e-005 2.96789346035774e-008 4.99329624566296e-007 2.50358066042698e-007 -4.77625420461949e-008 -1.62944116844596e-008 1.75630478422785e-009 5.99413480649112e-010 -1.87340845177213e-011 -1.56980037998304e-011 
9.60777604056767e-006 -6.93485211378767e-007 -2.82721730343093e-007 8.13078838242759e-008 3.00204820640092e-008 -4.70084051269682e-009 -1.40353300922820e-009 1.23367960492073e-010 4.71026429897761e-011 -6.33539521896633e-013 
7.99881089054955e-005 1.40330407053136e-006 -7.41180462088941e-007 -2.91583878235879e-008 5.45333504302279e-008 -3.93623281635471e-009 -1.30407672129700e-009 3.55983243247610e-010 -1.07838795226830e-011 -1.17819121983400e-011 
8.92548710997690e-006 3.72929000341676e-007 8.99068845162349e-008 -9.74988735075163e-008 1.53029052665312e-009 4.04160832556574e-009 -5.52424025774280e-010 -3.36501335674138e-011 2.60226012322435e-011 -3.12970703641851e-012 
6.66297260876083e-002 9.36116329946927e-005 -1.60433397170692e-004 -1.71685371143641e-005 5.48385997541204e-006 6.75282131761107e-007 -9.25449056682853e-008 -6.13311877828107e-009 2.53610204492342e-010 -6.28054112947984e-011 
4.02464405713425e-001 -1.32181827558004e-004 -1.88215676558298e-005 1.30768366008856e-005 1.59302093142126e-006 -3.11456258532092e-007 -3.14102140574710e-008 3.13251139547460e-009 1.70558645077448e-011 2.56127820225525e-011 
4.99160422688512e+003 9.19865429173827e-001 1.52418504500311e-004 1.40791612197082e-005 -5.04954835687759e-006 -6.12010726216825e-007 8.39506202881226e-008 5.87035783352857e-009 -2.34486091252227e-010 5.49723771260140e-011 
6.60006846863239e-002 -4.65610195456756e-004 1.21436178483642e-004 3.05700490253141e-005 -6.50304661172067e-006 -1.01417832476537e-006 1.52103713440405e-007 2.66932649053732e-008 -1.65388439970130e-009 -5.41689248692982e-010 
4.02486524990131e-001 2.26835322204668e-004 5.83438515100748e-005 -1.23304849772772e-005 -2.27604881661332e-006 4.27679921143905e-007 6.69730615505805e-008 -6.81818132645286e-009 -1.53752697911305e-009 4.49399991906480e-011 
4.99344468898147e+003 9.20346740411905e-001 -1.22691655521721e-004 -2.85897439470283e-005 6.15771331069900e-006 9.41679182541564e-007 -1.40829795929240e-007 -2.46526285441943e-008 1.53618165425240e-009 4.99174898236597e-010 
6.59850081295517e-002 3.14207995251560e-004 -4.14391541911615e-006 -6.59731905739229e-006 6.69716486334452e-006 -7.46623873844507e-008 -2.90527581374190e-007 1.11900375448001e-009 6.57632200768833e-009 2.00081656120612e-010 
4.02976394085533e-001 1.90589531144252e-004 -2.18446364182806e-005 7.05673519995906e-006 7.77015620327575e-008 -6.13744186373499e-007 7.13919748740791e-009 1.82861307923802e-008 1.54703513833983e-010 -3.35976335625740e-010 
4.99528447079773e+003 9.19570072940058e-001 4.73298636151048e-006 8.16238945139955e-006 -6.14121135477921e-006 3.79478623810158e-008 2.65216875525698e-007 -7.83063040337394e-010 -5.98000510665707e-009 -1.81931590531632e-010 
6.67370849293121e-002 4.46222436223213e-004 -2.23411230896526e-005 -3.01095510155364e-005 -2.79162604394981e-006 1.11039181953349e-006 5.90417308165905e-008 -2.57904891355491e-008 1.35118607000701e-009 3.25928599907658e-010 
4.03200821763161e-001 2.37842669670912e-006 -5.14880007028067e-005 -2.55380386754339e-006 2.45414655916224e-006 2.08945240483795e-007 -7.11001024206379e-008 -2.50732829662600e-010 1.27016443361170e-009 -1.55147608168564e-010 
4.99712355918583e+003 9.19519114439878e-001 3.12135942744462e-005 2.66756827189361e-005 2.39262434539943e-006 -9.97671260426903e-007 -5.43769148942423e-008 2.32668156402577e-008 -1.19483383171025e-009 -2.94597382481488e-010 
