5.26682408182973e+007 -8.66279853862136e+005 -1.29517482528119e+006 -3.71350420010279e+004 1.63789211632696e+003 2.20134850098326e+002 1.20447343970252e+001 8.89201131458214e-002 -4.70327926640436e-002 -4.69389225763498e-003 -1.96354724209163e-004 6.10258932480401e-006 1.63807479707021e-006 1.24170429059212e-007 
-4.16174389314484e+006 1.52001891052385e+007 1.13844549884318e+005 -5.81838108586433e+004 -3.03605906652740e+003 -4.30976347210086e+001 7.96806087764521e+000 8.65913593923534e-001 4.00332681438621e-002 -5.51341769540236e-004 -2.53120947109965e-004 -2.08958693282935e-005 -6.25443971130362e-007 5.43665354503723e-008 
-7.77899200295610e+006 8.20907435407064e+006 1.95076436332154e+005 -2.72317597161390e+004 -1.79162482761715e+003 -4.58421829224527e+001 3.00787717072541e+000 4.53345774643835e-001 2.62609754792134e-002 1.92060250554705e-004 -1.14860312541518e-004 -1.17950028006894e-005 -5.03914250388562e-007 1.61703048548646e-008 
3.97531459652634e+007 -1.21439260218858e+007 -1.39726109051452e+006 3.55964875297089e+004 7.54204996052726e+003 2.08539151682979e+002 -2.97884137118380e+001 -3.08753211980391e+000 7.71320194192542e-003 2.23441316068564e-002 1.39404984345492e-003 -7.90952477233672e-005 -1.62428572172544e-005 -4.67648135713700e-007 
2.43838222031222e+007 1.25419265753012e+007 -8.44369159195936e+005 -9.36799366473150e+004 2.59215412314530e+002 4.55771571323897e+002 2.47242504968442e+001 -1.33472852378661e+000 -2.48129304267769e-001 -6.35892979998761e-003 1.42073943002217e-003 1.42446906142209e-004 -1.68075238130899e-006 -1.26369117626706e-006 
8.80754698770618e+006 7.95812791732634e+006 -3.06210409661727e+005 -5.37330374305698e+004 -6.43359708439250e+002 2.21851436469122e+002 1.62954304784144e+001 -3.92937977658562e-001 -1.33348081841191e-001 -5.71314100735996e-003 6.14435438752799e-004 8.42931326741125e-005 7.85937495095214e-007 -6.26575065778537e-007 
7.07192827892676e+006 -1.96040492292057e+007 -2.90140337760174e+005 1.32416315218495e+005 1.10513478719142e+003 -7.55711633531565e+002 -3.21946579754361e+000 5.43637215417864e+000 -5.29112563931949e-003 -4.45600505475231e-002 3.04202075726604e-004 3.93521641143365e-004 -5.10833360014397e-006 -3.66409981758163e-006 
3.97175231868402e+007 2.14106086489218e+006 -1.60731699162749e+006 -1.06764412496131e+004 8.69321798025892e+003 2.15592710892387e+001 -5.59113788098826e+001 1.44734285618148e-001 4.32055935743671e-001 -3.63411594390562e-003 -3.67852443601887e-003 5.38497099404594e-005 3.31503085586858e-005 -7.07728746278616e-007 
2.03854381400957e+007 3.17541518014489e+006 -8.28537761879781e+005 -1.94299126071459e+004 4.52927980332771e+003 8.98559900524899e+001 -2.95336317677926e+001 -4.86233987487800e-001 2.31349005320682e-001 2.67790851545922e-003 -1.99657011087089e-003 -1.20275267661136e-005 1.82381499865550e-005 1.76848142277886e-009 
-2.98613280609889e+007 -1.62391269190369e+007 1.00234883842107e+006 6.28285989295196e+004 -6.75403514618314e+003 9.09016225500603e+001 2.99618459966397e+001 -2.53305976746982e+000 -1.80585358519171e-002 1.84091178807671e-002 -1.19267299006209e-003 -4.78475021650169e-005 1.25000662562010e-005 -5.69817813254004e-007 
3.21839448526345e+007 -9.21273945822100e+006 -1.06899990619733e+006 8.00954168085351e+004 1.21706831615648e+003 -4.24875301296160e+002 2.04954006007718e+001 1.15658484662596e+000 -2.10153975595901e-001 6.94722054405715e-003 9.86572507607187e-004 -1.22692850378315e-004 1.60988154487492e-006 8.24418064540076e-007 
2.01886094841252e+007 -3.23850182635146e+006 -6.74956562129557e+005 3.62732828639176e+004 1.35028981251605e+003 -2.36387791846772e+002 7.84253498544619e+000 8.80421771015149e-001 -1.10390419311131e-001 1.80280304428813e-003 6.50654285094212e-004 -6.05814432221232e-005 -4.35807777314258e-007 4.99465871579005e-007 
-8.94228556366471e+007 -1.29656891508244e+007 1.15225118361724e+006 2.73902506288741e+004 -1.25963543278039e+003 -1.78719370377954e+001 6.23529764080082e-001 6.18198719682580e-003 -2.34593972465689e-004 -1.66142518679102e-006 
5.05485234715996e+007 -1.89393546712640e+007 -6.38424213618028e+005 4.05396803241950e+004 6.80058831927879e+002 -2.77429727013031e+001 -3.05994765307692e-001 1.12467394195935e-002 8.78241934355506e-005 -4.29511004872860e-006 
2.83791742816233e+007 -7.70169334958675e+006 -3.60163368503563e+005 1.65076251612466e+004 3.85691110130607e+002 -1.13520285287290e+001 -1.77133132588781e-001 4.66928936207924e-003 5.43551149230414e-005 -1.82808834779805e-006 
-1.05351685202206e+008 -2.79722275753623e+006 1.35097054466073e+006 5.23279894936470e+003 -1.45792836661333e+003 -1.70704918183368e+000 6.87844957337798e-001 -1.53889134353915e-003 -2.25908295366840e-004 1.96189044542307e-006 
9.20440242054328e+006 -2.19600811156646e+007 -1.05963037768418e+005 4.66936521416635e+004 7.82933601979322e+001 -3.11355129258313e+001 2.46923625462951e-002 1.15666061022362e-002 -6.38318154453339e-005 -3.64436347581154e-006 
1.07836446191230e+007 -9.70424981307844e+006 -1.33157860001800e+005 2.06785561689136e+004 1.27475763246915e+002 -1.39012992622080e+001 -3.24146182237196e-002 5.30139562533291e-003 -1.44554824295376e-005 -1.76692609170029e-006 
-6.48872932347503e+007 1.81940064107313e+007 2.97138118513259e+005 -1.40465959588413e+004 -9.36837155415051e+001 2.99852347202281e+000 5.19867209235358e-004 3.20250824692715e-005 3.03252191616711e-005 -1.08788414948729e-005 2.52434251533051e-007 2.63996376289145e-007 -4.12740116109488e-008 
-1.23947429032768e+008 -8.19187539543218e+006 5.70603164398565e+005 5.82841185386274e+003 -2.14618269402308e+002 -8.11947866796944e-001 2.73487268309834e-002 1.71242823710304e-004 -3.91655675519859e-005 -9.18035619750154e-006 2.03321330895255e-006 3.10331379408081e-008 -4.22348974761542e-008 
-5.37471677805260e+007 -3.55105685863914e+006 2.47357367666475e+005 2.52668592323084e+003 -9.30379609769860e+001 -3.52354662450122e-001 1.19228511791119e-002 1.02539550760714e-004 -2.24272781587410e-005 -4.94073279640128e-006 1.15793748955456e-006 1.57741258640030e-008 -2.50306933481222e-008 
-2.66709260315316e+007 1.98759549210299e+007 1.21566331241284e+005 -1.50653206902261e+004 -3.37018150152378e+001 2.98021237633279e+000 -3.46306213179226e-003 3.40522638167428e-005 7.26026569982719e-005 -1.80425380850177e-007 -4.12619267560152e-006 -6.37481385882393e-007 1.89223484040976e-007 
-1.35586751264700e+008 -3.40666852237410e+006 6.19518087572497e+005 2.29923023455823e+003 -2.24601717132601e+002 -2.08161589576549e-001 2.41682767178941e-002 3.32138657301543e-004 -6.51185141689735e-006 -2.68334345614691e-005 -2.98720082704869e-006 1.26548876965234e-006 4.00407338809680e-007 
-5.87925620881025e+007 -1.47665941751017e+006 2.68562748383628e+005 9.96776231503173e+002 -9.73663221910463e+001 -9.04352537389888e-002 1.06020230241039e-002 1.68300219962764e-004 -1.08177655381710e-005 -1.39246738922710e-005 -1.07403248821719e-006 7.24510503560817e-007 1.85265181418861e-007 
5.72177310152079e+006 3.46217314189773e+007 -3.62672150273128e+004 -3.59616619994628e+004 -3.28003168565505e+002 1.27126171756869e+001 4.21847341017596e-001 1.42091726023463e-003 -2.49326659898860e-004 -6.68739842395215e-006 -8.27968721125850e-008 
-1.95204844379033e+008 3.76475887709282e+006 1.21723355006465e+006 4.01718438693767e+003 -6.89125736616303e+002 -1.19896159085437e+001 1.28541998090606e-001 1.02052913026361e-002 1.37301409628442e-004 -4.82656017932858e-006 -1.82217113276595e-007 
-8.97256453070860e+007 7.92062320984441e+005 5.59295095982507e+005 2.81330779614169e+003 -3.07220597919329e+002 -5.84185788932180e+000 4.75699227741451e-002 4.63763655034263e-003 6.91778122167982e-005 -2.01174282067711e-006 -6.92868281604710e-008 
-5.19154011865404e+008 1.36178728267813e+007 6.23264449243144e+004 -2.52733270992628e+002 -6.74044114363025e-001 4.84420083009756e-004 2.53611966398187e-006 4.41193881086075e-008 
-5.72929797132530e+008 -9.76287239263234e+006 6.88585215516070e+004 2.17418480834312e+002 -5.06631194167774e-001 -1.29636455626737e-003 -1.71512262672982e-006 -1.17672845221722e-007 
-2.32943466687845e+008 -4.51608505427519e+006 2.79976677857246e+004 9.93451251906760e+001 -2.00748140104142e-001 -5.67853398081561e-004 -8.34465280207389e-007 -6.78722821553127e-008 
1.27673753403180e+008 1.25707945767408e+007 -2.39851767362666e+003 -3.91062354881461e+001 2.38200606157430e-003 1.85647870032102e-005 -4.15336837256811e-008 
-1.38380510103481e+009 1.20681256854557e+006 2.57547105069251e+004 -3.46585224558477e+000 -3.31250958858988e-002 2.41548813378958e-006 2.11857432281611e-008 
-5.77081643266659e+008 -4.28040752194129e+004 1.07406327815445e+004 2.48756021225952e-001 -1.37896812859171e-002 2.42983272735315e-007 1.00257440394803e-008 
2.60855207648029e+009 -4.59724068741830e+006 -6.28603593384012e+003 1.56024918062387e+000 1.24845987610913e-003 1.98425716041783e-008 
1.32438421010036e+009 7.13462852397634e+006 -3.19052516874823e+003 -3.00784958308700e+000 3.67826290059052e-004 2.67470087316718e-007 
5.43150721405290e+008 3.18978983335532e+006 -1.30848114174147e+003 -1.33937321801479e+000 1.43634243359358e-004 1.17103090711645e-007 
4.31029618324205e+009 1.98996301134253e+006 -3.04453767788236e+003 -2.52968718230901e-001 1.75363052722403e-004 -9.95626027930012e-009 
-1.08599381306628e+009 6.75359728135891e+006 7.67241418285299e+002 -7.91197027786278e-001 -5.55871867760297e-005 3.38298673344271e-008 
-5.51813201689346e+008 2.71474331339753e+006 3.89838712104316e+002 -3.17553562841329e-001 -2.72081733992865e-005 1.41293052040177e-008 
1.68181579361930e+009 7.24262713098689e+006 -8.43345933347876e+002 -4.76971078770422e-001 1.66969421854143e-004 3.18368688080025e-009 
-4.34911783891790e+009 1.73342350302374e+006 2.18041985714680e+003 -4.76761093074505e-001 -3.21643834895813e-005 3.84141018936247e-008 
-1.86395202300625e+009 -1.64124752080258e+006 9.34492355397521e+002 -5.09134942116430e-003 -5.92759095378094e-005 1.55535790546502e-008 
-1.73325929466520e+005 -1.56925367460768e+005 1.11041253630318e+004 1.54461952720161e+003 -7.80971758064417e+001 -5.13237695358977e+000 4.41949681677119e-001 2.56172500520251e-003 -2.47479031666460e-003 1.27430772488501e-004 1.00097639351984e-005 -1.42793196141490e-006 3.38020219401605e-009 
2.74711310931233e+005 -8.45991313905251e+004 -1.74870156881340e+004 9.68453381171756e+002 9.06282335628816e+001 -5.58424172505472e+000 -1.84101103151104e-001 3.16453405226258e-002 -7.74335629962068e-004 -1.55866545545774e-004 1.39748092412386e-005 3.61566491100742e-007 -1.17952912840691e-007 
1.14507906041328e+005 -1.96425350906388e+004 -7.28078905540009e+003 2.41640676465980e+002 3.92097620842164e+001 -1.67246694587929e+000 -1.00623749350166e-001 1.14659118742204e-002 -1.02021099772020e-004 -6.69087591962570e-005 4.41038977155815e-006 2.39234448737971e-007 -4.37425102970796e-008 
-3.57616451309342e+005 -1.95672984368769e+004 2.04357999171425e+004 -2.48495911301025e+001 -9.49367466102778e+001 2.03258915778231e+000 1.24239777429258e-001 -8.49122314048921e-003 5.33137326240838e-004 -2.14337651929170e-005 -2.47402161541746e-006 3.11809348034498e-007 -7.74272568539560e-009 
1.39599059209325e+004 -1.62235842801892e+005 -9.99531524568554e+002 1.50467873280405e+003 -1.71397381794608e+001 -3.95518273752038e+000 1.52718889000219e-001 -1.43263914526195e-003 -1.60899210071528e-004 4.34805465368867e-005 -3.37192494240635e-006 -3.22685393399771e-008 1.79160589140498e-008 
3.17531638253822e+004 -5.85651292886309e+004 -1.90044369021308e+003 5.56653810842358e+002 8.22081454670872e-001 -1.60622471705196e+000 4.68384758325547e-002 9.58450573468899e-005 -9.83733759668162e-005 1.76365153658567e-005 -1.06034417740374e-006 -3.50922747774306e-008 7.17816488774301e-009 
-2.49921568611362e+005 1.20744862679430e+005 1.27272814046480e+004 -1.11435742467072e+003 -3.75840780892956e+001 3.20223262672398e+000 -1.30964881928049e-002 -4.57566684684807e-003 -1.57881130559887e-005 1.18384179316248e-005 9.74934623937001e-007 -9.35975667757503e-008 -2.02246992939677e-009 
-2.67813330185291e+005 -1.07459600913007e+005 1.34067014068680e+004 7.82781759343802e+002 -6.27692087459314e+001 -7.23565405773264e-001 1.20412356402608e-001 -1.58593495529355e-003 -1.68957845412654e-004 -9.57520686571876e-006 1.05070405377141e-006 4.95005074466961e-008 -6.33310880644499e-009 
-8.06321212812130e+004 -4.88747132729511e+004 3.99362447520956e+003 3.72999132027279e+002 -2.02628568643811e+001 -5.07516445501654e-001 4.51922587476723e-002 -2.36167825190083e-004 -6.10482342544667e-005 -4.44694511706612e-006 3.14740390086576e-007 2.53203371092340e-008 -2.18345725562396e-009 
4.68415222920837e+004 1.63408363227772e+005 -2.30305384663271e+003 -1.25888604489542e+003 1.46677112297380e+001 1.76442878614269e+000 -7.42638179562572e-002 2.05531951475259e-003 2.96660758553582e-004 -5.48153221942826e-006 -6.29790457142521e-007 3.60662646409708e-008 3.49789623541409e-010 
-3.57942462713564e+005 2.00903420109876e+004 1.67349253145115e+004 -2.07369554822581e+002 -5.53140604430997e+001 1.01091286828570e+000 8.03563630065077e-003 -4.61960419270854e-003 1.30413278252130e-004 1.40598262972742e-005 -3.41704733132124e-007 -1.80365858558696e-008 3.16073609230746e-009 
-1.36434829514557e+005 -4.95246304083777e+003 6.36259820313154e+003 1.94628188932303e+001 -2.14789802741345e+001 2.36654234893013e-001 8.41493788077260e-003 -1.85989908809783e-003 2.55218490272319e-005 5.60471559651192e-006 -7.78947014526318e-008 -9.36349533502799e-009 1.14135562196183e-009 
3.11682975773850e+005 9.07634307111338e+004 -1.50583784459280e+004 -8.03394446339408e+002 4.11350237220372e+001 1.44951143297026e+000 6.49229365838223e-002 5.50137787970543e-003 -1.69593790702056e-004 -2.42071267139448e-005 -1.22471514527727e-006 -6.63133658048173e-008 6.49117834345235e-010 
-2.01429079016574e+005 1.30409206278170e+005 9.54886807662644e+003 -9.50631900177908e+002 -3.95724121803084e+001 4.97263190548304e-001 -4.63716993610296e-003 5.34569730108667e-003 4.52383051167149e-004 6.22518481614246e-006 -3.54669417731206e-007 -6.83355473203918e-008 -7.13354927717949e-009 
-9.85865175603822e+004 4.13975899749915e+004 4.68620501760836e+003 -2.89282347798947e+002 -1.77722303316393e+001 6.66919600820628e-002 -6.79722384213544e-003 1.56013984134426e-003 1.80501937456781e-004 4.19235203404595e-006 -3.55872922992413e-008 -2.02086774118913e-008 -2.69348349326711e-009 
3.52014516693735e+005 -5.41573513187955e+004 -1.94332262101056e+004 1.98400070636565e+002 9.01293953439040e+001 3.04063942916484e+000 -6.37364890561078e-002 -2.31594170405333e-002 -1.54485195156727e-003 1.84987271478172e-005 1.05950434372911e-005 7.77117553639659e-007 -4.11858242048356e-009 
9.27577106969585e+004 1.51495848658229e+005 -5.13896746764578e+003 -1.43023410292011e+003 -1.04655152065644e+001 3.66025074360521e+000 2.96194829097328e-001 8.63061546400728e-003 -1.15020316065047e-003 -1.38381690511741e-004 -4.24321211970650e-006 5.14556636321035e-007 7.22822635501705e-008 
7.39962047938036e+003 6.03369551701657e+004 -4.04710740730415e+002 -5.44226050337187e+002 -1.08899258195487e+001 1.11571549939878e+000 1.14771931419864e-001 4.99993943558133e-003 -3.06098195533114e-004 -5.27012796276039e-005 -2.39543337942206e-006 1.30276011829833e-007 2.71004123126943e-008 
1.14955057358911e+005 -1.72866008261969e+005 -7.41554738112531e+003 1.76749648847796e+003 7.04721145362333e+001 -7.54118181885264e+000 -5.90766326727492e-001 2.85271295672038e-002 5.07620932440101e-003 -7.10401022555849e-005 -4.31186689368737e-005 -6.93356070204523e-007 3.52104949188819e-007 
3.03479730171373e+005 4.68658899649503e+004 -1.97174791078119e+004 -6.73016760631581e+002 1.14726304501047e+002 5.84986691616111e+000 -4.50268038665888e-001 -5.07935827457334e-002 1.66778125499221e-003 4.39786120828450e-004 -6.11825064265481e-007 -3.71432992194258e-006 -1.07098785963792e-007 
1.03841625267117e+005 3.07540793557733e+004 -6.72995071735146e+003 -3.86276184636175e+002 3.69645907278973e+001 2.75227012119033e+000 -1.20730083880094e-001 -2.10304806611897e-002 2.23413265884458e-004 1.68429832204369e-004 3.12158502892703e-006 -1.32218012626400e-006 -6.70142566528524e-008 
-2.18728812383723e+005 -1.42364620823410e+005 1.43643939745718e+004 1.39644350021752e+003 -1.05511960004934e+002 -4.46907988476071e+000 6.57403589240858e-001 -2.90116437572702e-003 -4.28237071800681e-003 2.22731304725590e-004 2.31252950739990e-005 -2.88238168854102e-006 -5.55337314201115e-008 
2.38470654831332e+005 -1.08365361567527e+005 -1.55804259230809e+004 1.26776037950722e+003 7.97299040390605e+001 -7.82188716819709e+000 -1.29061133464903e-001 5.01797859532095e-002 -1.49278346689631e-003 -3.02792607850537e-004 2.57561178352063e-005 1.24186467160196e-006 -2.72135592119027e-007 
1.05596703707723e+005 -2.91335469929152e+004 -6.89066024505847e+003 3.60668990025683e+002 3.77025095787869e+001 -2.54689234857508e+000 -9.87625677653288e-002 1.88058958942418e-002 -2.20665945153762e-004 -1.29444286605117e-004 7.74641048618615e-006 6.83750071884695e-007 -9.65052637655778e-008 
1.31911871466973e+005 -8.21747819773514e+003 -1.75863879505056e+001 1.95906496989719e-002 -8.64160680501604e-003 -1.59951243883159e-003 -1.51951303179675e-005 3.13575920050711e-005 5.09816126644396e-006 4.33553507797854e-008 -1.12638561694519e-007 
9.36964161472612e+005 4.29783813793917e+003 -1.81423775105526e+001 -3.72264710599199e-002 5.12682954611202e-003 -7.67894380333247e-004 -2.29043108070779e-004 -1.70616634244420e-005 2.42819993486692e-006 7.58068485238057e-007 6.23396087017979e-008 
3.90224501546345e+005 2.07923294270717e+003 -7.26177588934821e+000 -4.72712963094856e-003 3.86274953169520e-003 -2.49565544922164e-004 -1.20893942812992e-004 -1.23632498015084e-005 7.68674643860769e-007 4.00741925219273e-007 4.49871923488243e-008 
1.15334737302428e+005 -8.36033536806448e+003 -1.83462300128283e+001 -7.66790727373878e-002 1.56527547443018e-002 2.13051536806078e-003 -4.26366219948176e-004 -2.30883742135836e-005 1.35202014954208e-005 -3.47719398865845e-007 -3.72819376076096e-007 
9.45412614648900e+005 4.14978524918612e+003 -1.91951080480933e+001 -2.06482287648171e-001 -1.47052354541458e-002 2.21108539298168e-003 1.97996301743458e-004 -6.93067519057128e-005 -1.65445193821895e-007 1.97279888152081e-006 -1.48603117824510e-007 
3.94324605319705e+005 2.02068513924701e+003 -7.52103748839388e+000 -8.24720211778172e-002 -9.37672839924317e-003 9.53005423141307e-004 1.49910861113208e-004 -3.46272161268917e-005 -1.48990811417769e-006 1.09021986643969e-006 -4.07250486352914e-008 
-6.98152857764346e-005 6.11981944512232e-008 -7.03202303687876e-007 9.79091949968700e-008 6.02079846484334e-008 -9.76986320065360e-009 -1.63495867285522e-009 4.50723730351522e-010 -8.81296771621975e-012 -8.42666743234245e-012 
-2.96888863819080e-005 3.28598581915889e-007 -8.24613800391693e-008 -1.00390892031547e-007 1.37676401250877e-008 4.89300245443590e-009 -9.76537001376487e-010 -6.29451773531086e-011 4.11937361153381e-011 -3.57330659641618e-012 
-6.97865608171547e-005 9.94270207183871e-007 3.68124096173127e-007 -1.26518753753317e-007 -1.86100190010614e-008 5.57306484473969e-009 1.08368918075741e-010 -1.25408851643715e-010 -2.58870959353832e-012 3.97460640762560e-012 
-3.01191820908100e-005 -4.75830159430558e-007 1.74763821459442e-007 4.54218515941748e-008 -1.26968991589448e-008 -8.28177936497082e-010 3.74049864564650e-010 -3.39134447724929e-011 -8.01571383608484e-012 2.55609132758031e-012 
-6.88312850752404e-005 -6.25171340967296e-007 -2.40565538765683e-007 1.47929442953449e-007 2.94580954888393e-008 -1.97566444096807e-009 -6.38345226004173e-010 -1.17431508305095e-010 -4.62818189370556e-011 -4.27585492301387e-012 
-3.00683998987492e-005 1.82289316915573e-007 -1.93405236438701e-007 -4.88532026743461e-008 9.56337748485780e-009 2.55946852739046e-009 2.40040041301582e-010 3.95515068194080e-012 -2.14657241488231e-011 -5.74382010670768e-012 
-6.75568291020788e-005 2.13351274787130e-006 -1.46805891053682e-007 -3.20335585421699e-007 1.91118331505561e-008 2.45645442098130e-008 -1.52934841512355e-009 -1.32739867709224e-009 1.09094687098103e-010 5.86936879578494e-011 
-3.02632484695246e-005 1.75685274848319e-007 3.37448594425004e-007 -2.31903831082291e-008 -3.82193680625784e-008 1.81311488846539e-009 2.29729838771630e-009 -1.08232514227755e-010 -1.02581725412626e-010 5.08867248954939e-012 
-4.98770260320694e-002 -6.97101791055456e-004 -1.79114038067208e-004 4.24407922034512e-005 3.96250825677107e-006 -1.64364064123217e-006 -8.35846034437248e-010 3.83582359363812e-008 -2.79281951348218e-009 -4.13896384669819e-010 
4.26331906125216e-001 -3.75506671202412e-004 7.22269792279439e-005 1.30014773196183e-005 -3.70800799499557e-006 -1.46674732838170e-007 1.11873541384110e-007 -4.01705144932269e-009 -1.90243264438024e-009 2.48122495966052e-010 
4.10862369771420e+003 9.20453867735736e-001 1.73895584353770e-004 -3.74366524693729e-005 -3.85815668874897e-006 1.50285365885076e-006 3.33290686570425e-009 -3.56067339060329e-008 2.57413136450098e-009 3.90278739910239e-010 
-5.13944605346128e-002 -5.75960617706700e-004 1.09001313042426e-004 -2.07812104663448e-006 -3.26279364548712e-007 6.59003201967251e-007 -5.50889034289172e-008 -1.16435410736893e-008 1.38651949173836e-009 6.14726261983450e-011 
4.26147976823312e-001 1.43260546598259e-004 2.68355336785098e-005 -5.17888042661824e-006 1.11297496796053e-006 -8.15953782675710e-008 -4.22875280230453e-008 4.02915003628097e-009 4.14335004605671e-010 -7.11910385430647e-011 
4.11046481078816e+003 9.20433239273915e-001 -9.23296211151674e-005 3.84677729172820e-007 1.90351482897471e-007 -5.92237196803986e-007 5.08985092152949e-008 1.05983756128368e-008 -1.27814303305027e-009 -5.47218478766216e-011 
-5.15821432175753e-002 4.31822056777757e-004 1.50441334380320e-004 -4.46242959547419e-006 -4.86916827949112e-006 -6.72101337771469e-007 4.05865231311523e-008 1.36867752745311e-008 1.25152364813208e-009 9.48911951438501e-011 
4.26490542395120e-001 1.45690782753772e-004 -4.29558476148746e-005 -1.30790814553877e-005 -8.90946937168743e-007 2.44565774130460e-007 4.93891716669044e-008 9.93472388198239e-010 -3.34145921470129e-010 -9.24685950038084e-011 
4.11230478761610e+003 9.19486045252232e-001 -1.51012777466446e-004 2.76450108574460e-006 4.60669394974592e-006 6.35558077006882e-007 -3.52614116745490e-008 -1.24104578524031e-008 -1.18448296867101e-009 -9.64192400216967e-011 
-5.06391846757517e-002 1.26299240036406e-004 -2.72459083190636e-004 -1.75089983020692e-005 1.15673726142283e-005 5.96989977563596e-007 -3.95039310740485e-007 -1.81968510260072e-008 1.30369758053706e-008 4.82392820760911e-010 
4.26162386868706e-001 -4.75666023254747e-004 -3.56869941716355e-005 2.50155947299940e-005 1.41862041780077e-006 -9.05459334974464e-007 -4.45936087049887e-008 3.02327373454605e-008 1.26124251995453e-009 -1.00596146161367e-009 
4.11414358113245e+003 9.19669040191469e-001 2.47319119443622e-004 1.92107741035521e-005 -1.05463124177812e-005 -6.20587490293353e-007 3.61738661412903e-007 1.87831979693346e-008 -1.19732324114375e-008 -5.12304720906112e-010 
