-3.38008787742211e+007 1.13078768223015e+007 3.97860220581821e+005 -2.55631650982068e+004 9.25119999172600e+001 -9.28387378506583e+000 -2.68495157369783e-001 1.28075792149078e-002 -8.15192295213384e-004 3.70518285871909e-005 -1.16958778160141e-006 4.06893770613371e-008 -3.43498490328095e-010 -1.68831274152815e-011 
-5.46070222820022e+007 -5.99024985088729e+006 6.56948334524961e+005 7.51024800875445e+003 -3.65261327604572e+002 1.20938701470163e+001 -6.63533744657434e-001 1.19112763095458e-002 -5.09195749547299e-004 -3.45078219948516e-006 4.08537763865630e-007 -4.19297772900979e-008 2.07433560621259e-009 -8.82489376973467e-011 
-2.57013960725174e+007 -4.37186724001471e+006 3.09652947063588e+005 6.66294575483182e+003 -2.04703522208499e+002 7.42295226059052e+000 -3.26587765072918e-001 5.03422609904900e-003 -1.87446118214292e-004 -5.68607068272591e-006 3.39528272681809e-007 -2.66173687720767e-008 1.14364855795141e-009 -4.53808082189961e-011 
-8.96634811029841e+006 1.32729406306918e+007 9.29566790703123e+004 -2.58363520178739e+004 -1.39473977627227e+002 -1.33814467573984e+001 -1.20147090451977e-001 2.24050258567499e-003 6.52519215156429e-005 2.18248935969179e-005 3.73543041470599e-007 3.75376650813194e-008 5.79467273060317e-010 3.25651394154910e-011 
-6.11078373381083e+007 -4.60335928712572e+005 7.17413496640956e+005 2.81520612514657e+003 -2.65423853842373e+002 -1.73663192974280e+000 -5.68818380247678e-001 -5.56966020744486e-003 -6.02824618177345e-004 -5.62498678541304e-006 -2.22219967927494e-007 2.64183224245013e-009 6.68745498998705e-010 2.06561768974511e-011 
-3.17482112551479e+007 -1.62180377577350e+006 3.73573885769596e+005 4.18336576971140e+003 -1.27313958568111e+002 4.60200531009080e-001 -2.91380154567375e-001 -3.20746967596697e-003 -3.28773410353205e-004 -5.26819684701787e-006 -1.57442991508431e-007 -2.48201255617101e-009 2.97119591168464e-010 7.65627631978934e-012 
1.73006734594835e+007 1.27173150757368e+007 -2.39716127063780e+005 -3.03290398993400e+004 -4.25887339174762e+002 -1.43544694832694e+001 1.32685216675610e-001 2.37509558115534e-002 1.63621301501206e-003 8.37361991411411e-005 3.16299277204480e-006 9.31269098941962e-008 5.59672795358198e-010 -1.38343368432504e-010 
-5.62382210548823e+007 5.33401558762996e+006 7.21920928757823e+005 -2.54627973377273e+003 -4.61529201359250e+002 -1.96679571158658e+001 -1.03219707664538e+000 -2.87216931275257e-002 -7.92287417214178e-004 6.28941242803243e-006 1.66237368158592e-006 1.28732279704816e-007 6.76702198717047e-009 2.80405195489491e-010 
-3.18699471982497e+007 1.53094280871685e+006 4.10484388675043e+005 1.78541809774510e+003 -2.02360882003445e+002 -9.01711260077247e+000 -5.65121532003969e-001 -1.78053332856065e-002 -5.92907642919604e-004 -5.32504175508199e-006 5.59930215862844e-007 5.91053088534800e-008 3.55663856996716e-009 1.64129860711969e-010 
3.95706569204701e+007 9.20896542249445e+006 -6.52491262694367e+005 -3.88886625487613e+004 -5.81100683980084e+002 6.56217319838908e+000 2.19717852207585e+000 1.54815473030575e-001 7.49430915588534e-003 2.20949140855068e-004 -2.10110383029137e-006 -8.47602810100612e-007 -7.09270759359673e-008 -3.86042492478287e-009 
-4.00063438277474e+007 1.08214501734388e+007 6.28867396997176e+005 -1.47383118272053e+004 -1.17871472796720e+003 -5.58712528419019e+001 -1.96248027336610e+000 -1.82123305143723e-002 3.34226051243824e-003 3.47065138702891e-004 2.08955982415959e-005 8.47196350105339e-007 1.28130493550596e-008 -1.47418993267231e-009 
-2.55078504080447e+007 4.82598467097029e+006 4.03589267074297e+005 -3.83934849118031e+003 -5.69356186404625e+002 -3.05248753183585e+001 -1.27615982957875e+000 -2.57848426466642e-002 1.00804392822095e-003 1.62473435154119e-004 1.13795432156545e-005 5.40448066006055e-007 1.42003626033799e-008 -3.87076297429797e-010 
-1.07215112875591e+008 6.14783238500794e+005 1.35698506488977e+006 -2.07300969226490e+003 -1.45280476306332e+003 3.36744213131024e+000 6.65292181975322e-001 -3.64372027226254e-003 -1.99775419424760e-004 2.74274905503550e-006 
-5.86432525490380e+006 -2.20185856825132e+007 6.97626649372473e+004 4.66041378648437e+004 -1.15129530845420e+002 -3.05889645211827e+001 1.21917632381697e-001 1.07570266506879e-002 -9.99054095712019e-005 -2.94047531153952e-006 
4.11947158849834e+006 -9.94435215868356e+006 -5.44931635131403e+004 2.10977530276099e+004 4.01480095198119e+001 -1.39746788605821e+001 1.27453234679454e-002 5.07001343675654e-003 -3.23011868561883e-005 -1.49656956264339e-006 
-9.54805883971565e+007 1.09865306885413e+007 1.19754911932324e+006 -2.39579535326865e+004 -1.23735344612071e+003 1.74903281149773e+001 4.90754568647264e-001 -8.18197727096432e-003 -7.95560199241868e-005 3.47426194545512e-006 
-4.76242505037550e+007 -1.92997851101182e+007 5.98547935238319e+005 4.01216433955379e+004 -6.75467697762037e+002 -2.44893796370757e+001 3.66116488139106e-001 6.38614169959393e-003 -1.56864345386526e-004 -2.28296913854228e-007 
-1.54095497805533e+007 -9.37758949859160e+006 1.93490205910024e+005 1.95663922824718e+004 -2.25575765751750e+002 -1.21243447105661e+001 1.33652712193888e-001 3.39084991184896e-003 -6.55356692712135e-005 -3.22567163859460e-007 
-2.61573570764165e+007 -2.05628354247831e+007 1.25379806600173e+005 1.70970786303971e+004 -5.30612382265546e+001 -4.90648881627125e+000 1.13606673401973e-002 1.14768322459606e-003 -2.99586652238029e-005 -1.16082118314890e-006 3.07767356993297e-007 -1.61644498307096e-007 4.60998699870086e-008 
1.31909404238392e+008 -3.30865298976655e+006 -6.60962848464994e+005 2.70108490245202e+003 2.88369547117468e+002 -7.28419077540534e-001 -6.35070021708146e-002 -1.33440939844718e-004 -1.56666346353668e-005 8.66584414638773e-006 -6.91422787057753e-007 9.60257636689613e-008 4.00414710384772e-008 
5.72231557129661e+007 -1.43456804047979e+006 -2.86562372982666e+005 1.17104551911644e+003 1.25023674352216e+002 -3.15391994489951e-001 -2.76003748174548e-002 -8.67481184852015e-005 -2.26180344919911e-006 4.42527371019008e-006 -4.39207779748446e-007 6.08838917242171e-008 1.37615714991582e-008 
-6.56453155868375e+007 -1.87608851424837e+007 3.22285813472600e+005 1.54869505682299e+004 -1.46354516327741e+002 -4.32862934666495e+000 3.73206596603388e-002 1.19329674679191e-003 -3.18273685791807e-005 -2.45189312518195e-005 -1.17136416060389e-006 1.32580337660228e-006 2.61832606043666e-007 
1.20161334258562e+008 -8.38991321182852e+006 -6.01615345847198e+005 7.11596873577667e+003 2.58773951857058e+002 -2.18708849512103e+000 -5.40430277765898e-002 1.63523744484307e-004 -9.05667218286204e-005 1.45557913881015e-005 7.12846219299917e-006 -7.91677871069873e-009 -4.58283248283757e-007 
5.21295612779262e+007 -3.63756406371919e+006 -2.60832305831362e+005 3.08512745216971e+003 1.12192947920222e+002 -9.47966786065317e-001 -2.35797036136248e-002 4.20914188781809e-005 -2.87716290480147e-005 8.84378726814052e-006 2.66806534471882e-006 -2.00633300519376e-007 -1.97699871989220e-007 
2.05650855898029e+008 -1.09415771410545e+006 -1.44654224756247e+006 6.35400384433415e+003 1.02277804006980e+003 -1.16846058148927e+001 -5.49024989620666e-001 1.41741335012572e-002 2.72177742596027e-004 -1.44491320644698e-005 -3.65665899874441e-008 
1.51803000600356e+007 3.28311071966252e+007 -1.08118795958535e+005 -3.77928020595512e+004 2.77463744660916e+002 2.14747064638794e+001 -3.85885295548587e-001 -1.12362104375605e-002 4.22818161184450e-004 4.61440615090461e-006 -4.15279336795377e-007 
1.41715064567613e+006 1.50886626749044e+007 -1.04822773256636e+004 -1.75062428703761e+004 9.96100472148497e+001 1.01657835496559e+001 -1.62143993383701e-001 -5.53638337555256e-003 1.86668223082337e-004 2.51590773639808e-006 -1.90196013794610e-007 
5.92248128576352e+008 -1.10935460524924e+007 -9.17146717042589e+004 3.06175897271998e+002 1.24747280726551e+000 -3.97265156762714e-003 -1.00149343492794e-005 4.23837306187348e-008 
4.15489482081505e+008 1.39408506095743e+007 -6.42720171114964e+004 -3.45650372578829e+002 1.05576699498405e+000 3.28606521335451e-003 -1.29852263206124e-005 -7.16028769431143e-009 
1.63669974678859e+008 6.24580414575366e+006 -2.53169008867391e+004 -1.55624348729841e+002 4.22225371441930e-001 1.50572687037686e-003 -5.31492066477400e-006 -1.16728631746910e-009 
9.52474260632355e+008 -1.03050208629982e+007 -2.34051589857913e+004 3.74041427208863e+001 6.36533696753668e-002 -1.78260909153866e-005 -9.89459594400292e-009 
9.27237973985711e+008 8.38637475298867e+006 -2.28055532064895e+004 -3.86873147611202e+001 4.32331902688893e-002 9.65832046577975e-005 -1.14491757343149e-007 
3.41989787591011e+008 3.90703940376534e+006 -8.40883734182232e+003 -1.75739289577601e+001 1.49964670816218e-002 3.92347624533645e-005 -4.47274923948084e-008 
2.16091123735418e+009 6.41338009343355e+006 -5.18037254377782e+003 -2.34835824347364e+000 1.05010815053388e-003 1.64378887036905e-007 
-1.86854462132172e+009 5.88519255759507e+006 4.47860734454535e+003 -2.54361922873570e+000 -6.04675249275253e-004 2.64714550300082e-007 
-8.48938786489841e+008 2.48684556383902e+006 2.03483140302714e+003 -1.08076663151851e+000 -2.79935755352783e-004 1.10720476369044e-007 
2.51687760485627e+009 6.18326459879529e+006 -1.74668119762726e+003 -7.28593308231753e-001 9.09759453046379e-005 4.91896314061836e-008 
-3.43630367075008e+009 3.98177679744416e+006 2.38513876594158e+003 -4.43894162429864e-001 -1.35186029374349e-004 6.47123611079771e-009 
-1.46915873649704e+009 1.47582731962589e+006 1.01972104017226e+003 -1.63530891484430e-001 -5.76727265034533e-005 1.53604262132643e-009 
-1.47499225080590e+009 7.26428745625664e+006 1.01234924879167e+003 -9.10578506029511e-001 9.85995776826236e-006 8.65573255138904e-008 
-4.18724126882312e+009 -2.70973525834941e+006 2.87416675655245e+003 8.26795968314534e-002 -2.98246783493463e-004 1.83238817543172e-008 
-8.62299149454703e+008 -3.03431649317604e+006 5.91847998963325e+002 3.00159236077357e-001 -9.48232498080863e-005 -1.96837527819043e-008 
-2.61587286678277e+005 -1.25340367964517e+005 1.63908119862772e+004 1.03744144677803e+003 -1.17236951351843e+002 -2.73145595079345e-001 5.87167275982191e-001 -3.76155350151258e-002 -1.75849338844682e-003 3.98958509702995e-004 -1.18690226679410e-005 -2.47615847737894e-006 2.66055995512416e-007 
2.04752819604894e+005 -1.22719680433307e+005 -1.28283096330840e+004 1.43323328074257e+003 4.08701438527775e+001 -7.98519431748295e+000 2.45122814971266e-001 3.34870567874384e-002 -3.97897257287922e-003 -1.01194383346041e-006 3.14249851134117e-005 -2.06707334998482e-006 -1.26963517554260e-007 
9.77861985744881e+004 -3.57680068702449e+004 -6.11454401767348e+003 4.51276146112693e+002 2.46836436299737e+001 -2.95729305297998e+000 4.43449555958910e-002 1.55290982920013e-002 -1.34463605075880e-003 -3.24772950569800e-005 1.26927847754260e-005 -5.72860834287100e-007 -6.88352714518335e-008 
-3.62472195298114e+005 2.64493035877470e+004 1.89013602083637e+004 -4.69192339039256e+002 -6.23595211524014e+001 2.94967345635067e+000 -1.10366183825397e-001 -1.72266716359967e-003 9.75599710479882e-004 -7.10520816555574e-005 1.61026430247350e-006 2.07225578134053e-007 -3.12713431365593e-008 
-8.72648107509939e+004 -1.54804747936943e+005 4.40942237496143e+003 1.23786728559303e+003 -4.14031879184479e+001 -9.87435922692641e-001 1.31490970801344e-001 -1.39111996736390e-002 5.35278180034524e-004 2.76558060026724e-005 -4.87347321694729e-006 3.36814093557815e-007 -6.21193983859268e-009 
-3.25520168218762e+003 -6.00257043510592e+004 1.15754796447118e+002 4.99816657112372e+002 -1.03987692451275e+001 -6.03578041050053e-001 5.79113049409923e-002 -5.06059577002293e-003 1.21449490570327e-004 1.60427483466957e-005 -1.94965888129513e-006 1.09159462220879e-007 1.95068623552315e-010 
-1.85746092076083e+005 1.41814173915782e+005 8.81849703327289e+003 -1.11643383628527e+003 -2.34490442090436e+001 1.46448916176080e+000 8.18517973691242e-003 4.19174216916691e-003 -2.17586254103062e-004 -7.87787832007105e-006 6.82104902330817e-007 -8.14526998012159e-009 2.45338915541055e-009 
-3.23105822481961e+005 -7.22629026335318e+004 1.49227185124953e+004 4.94469702443110e+002 -5.02980622506117e+001 -4.41751398074442e-001 -1.28874653297121e-002 1.52740822554153e-003 2.35220411369439e-004 -1.57936282341887e-005 2.54827167856355e-008 -1.42499296897444e-009 6.81650846209595e-010 
-1.05799462534093e+005 -3.85587411575952e+004 4.85626093668974e+003 2.75273681948424e+002 -1.68273503294006e+001 -2.83290447848924e-001 -5.63847920707363e-003 2.31227203492234e-004 1.05522481584163e-004 -5.25519518516465e-006 -4.54622649036212e-008 7.64998660235140e-011 5.62473942192610e-011 
1.23097658127097e+005 1.54825194116994e+005 -5.75730797537109e+003 -1.22237843170120e+003 1.28231257739264e+001 2.21028653390883e+000 2.33560430035333e-002 -2.00648236219359e-003 -1.91695038719992e-005 1.52770255630142e-005 -3.79421349704464e-008 -6.13443248953863e-008 -1.28639108167616e-009 
-3.39561050755997e+005 5.65031175614532e+004 1.57439687344328e+004 -3.74488646235129e+002 -5.65193750538690e+001 1.12323881304870e-001 5.61254102157243e-002 1.18697265508640e-003 -1.56727852039607e-004 1.80863511173542e-006 1.01816026865673e-006 7.82449275869105e-009 -2.90433942318610e-009 
-1.37132706371564e+005 8.47982423637090e+003 6.35080803286772e+003 -3.98982517484260e+001 -2.21192197565634e+001 -1.40227929329103e-001 1.89595803802573e-002 6.09299134470474e-004 -5.69379795339739e-005 -5.71147692697400e-007 3.83161896856069e-007 7.94459507630758e-009 -9.78179507245265e-010 
3.44991083107678e+005 5.70573979343520e+004 -1.76806095683003e+004 -6.48117983756681e+002 5.94110738466755e+001 2.39165398604652e+000 8.34614313310869e-003 6.80184552685612e-004 -1.10233461789838e-004 -3.22409588719438e-005 -1.69719093092026e-006 2.35880139178565e-008 4.89343783410164e-009 
-1.25257570630665e+005 1.49777762266839e+005 6.14871359732871e+003 -1.18319060512525e+003 -3.98459148987003e+001 1.60181964606650e+000 7.63105755771368e-002 3.21518411353308e-003 3.45530529757451e-004 8.94045721576679e-006 -1.53248602662753e-006 -1.17594962607515e-007 -3.17334020685806e-009 
-7.51589665599550e+004 5.13183965438406e+004 3.74466224129702e+003 -3.88609008624546e+002 -1.97473881679506e+001 3.99833242748117e-001 2.78027853789676e-002 1.14934808287510e-003 1.38222941955303e-004 5.98612824633250e-006 -4.33042885646459e-007 -4.58613569952636e-008 -1.58931886979658e-009 
3.06848490820335e+005 -9.56869794062598e+004 -1.81774249242401e+004 6.78208514664168e+002 1.03011335884751e+002 1.06607942812531e+000 -2.40206717748035e-001 -2.42042216276899e-002 -8.66361016292161e-004 8.74502168404599e-005 1.26458201038997e-005 4.50568919752544e-007 -4.44521173939578e-008 
1.73032054645565e+005 1.34655049306312e+005 -1.03618117531577e+004 -1.41442818647852e+003 2.30611112337266e+001 5.35372769684237e+000 2.19369553260827e-001 -3.43206820466702e-003 -1.66807399683888e-003 -1.21678094809652e-004 1.16864673747786e-006 8.67699996711455e-007 6.42848975257565e-008 
3.94819576842966e+004 5.81879928102909e+004 -2.38009349809886e+003 -5.83968843012363e+002 1.35433421518289e-001 1.91148474328287e+000 1.01800893643761e-001 7.10627729487579e-004 -5.52169169670544e-004 -5.26636340030525e-005 -6.03457837228127e-007 2.87176705498536e-007 2.76789765598899e-008 
1.46937097287193e+004 -1.82087158752034e+005 -1.07701315991411e+003 1.96716270875728e+003 1.97478889138428e+001 -1.00160748976352e+001 -2.99519133204799e-001 5.37815899579634e-002 3.69617670627070e-003 -3.12557562344011e-004 -3.97758435509692e-005 1.50993072743579e-006 3.95233822655397e-007 
3.16230867038260e+005 -5.84784960037696e+002 -2.10828143066947e+004 -7.39220434502255e+001 1.35434016814574e+002 2.05303473618090e+000 -6.81841520772471e-001 -3.05294867392077e-002 3.97121579925308e-003 3.56703948687334e-004 -2.24156580672043e-005 -3.72441652318345e-006 8.69192208496886e-008 
1.17007210704138e+005 1.47456396747627e+004 -7.79003109368853e+003 -1.89334932654607e+002 4.89669352915476e+001 1.59159794928278e+000 -2.30078906496661e-001 -1.58340660482180e-002 1.17978909538422e-003 1.59003096597196e-004 -5.10430768908270e-006 -1.51591959869061e-006 -2.89358483626745e-011 
-2.89434343962880e+005 -1.05799237883985e+005 1.81189949681334e+004 8.55161684763235e+002 -1.23355537395332e+002 -1.55929367357179e-001 6.34530362530201e-001 -3.11567316026958e-002 -2.97085704968025e-003 3.73920116732014e-004 5.55172689368289e-006 -3.31764647698111e-006 1.16448811326244e-007 
1.67894975017079e+005 -1.38774722185393e+005 -1.05292785985467e+004 1.55460117179060e+003 3.18009461634633e+001 -8.34386783345074e+000 2.07070554839184e-001 4.13160139446828e-002 -3.47219964094158e-003 -1.47609014624512e-004 3.42112143241210e-005 -4.59410034050326e-007 -2.65242231726803e-007 
8.65642829169851e+004 -4.31702052145203e+004 -5.42528032782734e+003 5.10553890667692e+002 2.20343268682068e+001 -3.10385796607396e+000 2.51602352447040e-002 1.79980830942876e-002 -1.05302374582364e-003 -8.59080755979557e-005 1.23268376066534e-005 1.01192484590342e-007 -1.08690325013513e-007 
-1.06798108930252e+006 6.43167321915351e+003 2.01221520273551e+001 -5.05044957956747e-002 3.66292923465672e-003 6.87155969306608e-005 1.04477718680363e-007 -9.50224845134399e-008 1.40597694528034e-008 -6.93442791505903e-009 -4.92702051688033e-011 
-3.95465323019227e+005 -8.09283582553171e+003 1.80149857917288e+001 -8.42605236209150e-002 1.13091815537185e-004 5.03954904601530e-005 5.93404086921205e-006 -9.79980406292399e-008 2.32820509261889e-008 -2.77151469776888e-009 -1.81998942859966e-010 
-1.37837132983981e+005 -3.63160475739488e+003 7.26636726431187e+000 -4.21481954092626e-002 -9.53703070073478e-005 1.45160415769785e-005 3.09563005046610e-006 -4.02043785432921e-008 1.09710861905846e-008 -8.98050117353604e-010 -8.62787565022561e-011 
-1.05495791440515e+006 6.59132408797241e+003 1.99113652047903e+001 1.83611879056184e-002 4.80852901376534e-003 1.49617203355525e-005 -9.95474581739439e-006 -1.47116426175892e-006 -1.68174916353145e-007 -1.89809041675540e-008 -6.40215529612242e-010 
-4.11509971724835e+005 -7.95260085728221e+003 1.70744193490342e+001 -6.59344759590605e-002 2.80422281104625e-003 2.55223867152956e-004 1.53110731801272e-005 7.37160181788329e-007 -3.13653389467731e-009 -1.22322838832612e-008 -1.47996708203048e-009 
-1.45043799559758e+005 -3.57547304298044e+003 6.77510796906468e+000 -3.68211010927022e-002 1.10766751867866e-003 1.28737201638030e-004 9.21007292206609e-006 5.48247663294559e-007 1.56956640890082e-008 -4.67099738143718e-009 -7.14061424752807e-010 
-6.71636347340396e-005 -5.79701973787669e-008 -4.93740398398501e-007 2.09645329532572e-007 1.53096580158702e-008 -1.27109750081349e-008 1.57228396638955e-009 1.55496136711530e-010 -1.25982274465524e-010 2.11429625470727e-011 
-2.82893363536485e-005 5.86981557551448e-007 -2.18264082573202e-007 -4.73374620741697e-008 2.48999184350398e-008 -8.17416855687377e-010 -1.02642359120923e-009 2.61623109799317e-010 9.92206777814521e-012 -1.49171034555700e-011 
-6.63176252689016e-005 1.47379155910342e-006 1.68462345794947e-007 -1.36437759187736e-007 -1.15458480949020e-008 3.76147659390876e-009 3.68098825309508e-010 5.63410549981201e-013 -2.30765031482312e-011 -1.21231416194320e-012 
-2.79905348394842e-005 1.38456734704498e-007 2.19230505500792e-007 2.41187215745373e-008 -1.16406648827266e-008 -7.20766982455888e-010 1.47605265959232e-010 -8.36229188585161e-012 2.48137638646140e-012 2.39545364668077e-012 
-6.52889467407938e-005 -6.65807913307812e-007 -7.67129441654137e-009 2.13795485727271e-007 1.91201058263514e-008 -7.52389888819272e-009 -1.34428262314078e-009 -5.41391229005788e-011 9.54910140883429e-012 6.92395931149373e-012 
-2.69739596595851e-005 4.26840242515194e-007 -2.56645140546057e-007 -1.97822959961454e-008 1.94595528644018e-008 2.61990072478224e-009 -1.89433516013269e-010 -9.06230811948137e-011 -2.56849262879494e-011 -1.40010622079130e-012 
-6.38565907324630e-005 1.54999878294580e-006 -6.12154344286531e-007 -2.25642867810253e-007 7.36585319709524e-008 1.46845215422309e-008 -5.19084605429614e-009 -6.42676175883177e-010 2.82587159369379e-010 2.36403625992159e-011 
-2.62396431943911e-005 8.70444882148647e-007 2.46534648395850e-007 -9.38444082313795e-008 -2.58717150302500e-008 7.92542235586063e-009 1.36400709888808e-009 -4.39080975780746e-010 -5.33916671090532e-011 1.80807615951078e-011 
-5.32300413206006e-002 -8.86979455505845e-004 -3.34173802321477e-006 4.63109247128488e-005 -3.07003156021911e-006 -1.20495876373827e-006 1.81578367985551e-007 5.87246051839309e-009 -4.56528315873619e-009 6.87519424403110e-010 
4.24875139121814e-001 -1.28038286472288e-004 9.11212014262535e-005 -2.62281928047886e-006 -3.44999197491363e-006 3.51413126403573e-007 5.55196047428160e-008 -1.34553602939489e-008 7.87045530073854e-010 1.91326810901616e-010 
2.56322249561951e+003 9.20710282452234e-001 2.07867553808122e-005 -4.23163136029370e-005 2.47779229473689e-006 1.13684575645296e-006 -1.66424109885876e-007 -6.31689802916941e-009 4.35577259603208e-009 -6.30429631887381e-010 
-5.42411254262275e-002 -5.76308054466961e-005 8.95919081375756e-005 -1.50868581819954e-005 1.32458618481384e-006 5.96024480434553e-007 -6.59884529843801e-008 -9.89761319913366e-009 4.93024619125448e-010 1.16103952214081e-010 
4.24986846398955e-001 1.39711459255202e-004 -1.83237071642308e-005 -2.18641619394287e-006 1.41324194142745e-006 -1.70020232750308e-007 -3.47538294920274e-008 2.92165811849499e-009 4.41907455815636e-010 -3.93266118588604e-012 
2.56506332321395e+003 9.20042619982281e-001 -8.03589243390535e-005 1.17767984132899e-005 -1.22622109188921e-006 -5.34513441356798e-007 6.08620189194618e-008 9.01136387319528e-009 -4.64851187515148e-010 -1.04453999858411e-010 
-5.38446947549337e-002 4.34545826817580e-004 4.94005677601259e-005 -1.23134662400447e-005 -5.43250224532997e-006 -4.41901970710028e-007 1.30211220500693e-007 1.90108683339028e-008 -7.15013414876046e-011 -1.71183892627689e-010 
4.25080192797082e-001 -6.96371745233718e-005 -5.11290026833278e-005 -9.06232103367291e-006 -1.44492065404621e-007 4.09694868445548e-007 4.67917513397114e-008 -4.57487329612893e-009 -9.86628969445146e-010 -7.93464718116567e-011 
2.56690288510706e+003 9.19521758329926e-001 -6.15848181045030e-005 1.08782031644956e-005 5.19615349308556e-006 4.20845311695279e-007 -1.17893405875744e-007 -1.73912562217500e-008 6.93031543943016e-012 1.45927876090994e-010 
-5.36233838405533e-002 -4.76871408684124e-004 -2.21501299109250e-004 2.16710401555769e-005 1.03170692200778e-005 -9.63126579196289e-007 -3.53571447046381e-007 4.16250539414602e-008 1.08287486389820e-008 -1.69167859192058e-009 
4.24540377213882e-001 -3.94427836182186e-004 3.83829709912848e-005 2.15233069540397e-005 -1.86711534018090e-006 -8.19251810746558e-007 8.26201295696343e-008 2.61330248269959e-008 -3.47615262071504e-009 -7.91023328644129e-010 
2.56874242981566e+003 9.20282707702143e-001 2.07857988910474e-004 -1.67593600820942e-005 -9.62738591402387e-006 8.11303746298860e-007 3.29526795987821e-007 -3.61299724751332e-008 -1.01434726607598e-008 1.48495325313021e-009 
