3.60857771512168e+007 -1.35056043464763e+007 -1.33084508435206e+006 5.12129460153945e+004 7.93052450522077e+003 1.02103873696976e+002 -4.02820960937160e+001 -2.82649076325927e+000 1.22329748113491e-001 2.77015641555871e-002 6.72392921546893e-004 -1.80112096695817e-004 -1.62201363469483e-005 5.18272554821943e-007 
2.56883145108563e+007 1.16140916697657e+007 -9.84472785765526e+005 -9.18561940285444e+004 1.49317842634100e+003 5.20738323702797e+002 1.81725099524042e+001 -2.36202523477933e+000 -2.57134125428193e-001 2.66152488447209e-003 2.12416931869404e-003 1.04369855663112e-004 -1.10879846639495e-005 -1.54992235347079e-006 
1.00437180739425e+007 7.60423856885089e+006 -3.87983194376078e+005 -5.43775911015605e+004 -2.42465608894917e+001 2.67598607687750e+002 1.38826068080262e+001 -9.68869923046754e-001 -1.50040164843814e-001 -1.44915327618816e-003 1.06505395399562e-003 7.44213588740027e-005 -4.24221445417365e-006 -8.81687415800618e-007 
1.74282158796454e+006 -1.97884133172012e+007 -8.99154449263899e+004 1.32758554946839e+005 -7.78060436459776e+002 -7.37324895700045e+002 1.53494965770792e+001 5.02754446435800e+000 -1.94877021209429e-001 -3.79337493216715e-002 2.26393965198673e-003 2.97765127092733e-004 -2.53402409702186e-005 -2.35264098481602e-006 
3.83598200424729e+007 5.23205213401364e+005 -1.61044943766940e+006 6.68853791922689e+003 8.54085967747596e+003 -1.42831238713836e+002 -5.24725471180926e+001 1.78989261295919e+000 3.76479091382909e-001 -2.04475836913929e-002 -2.87810141918324e-003 2.26712904209606e-004 2.23294689530928e-005 -2.48885517095444e-006 
2.03726209060496e+007 2.33057734675997e+006 -8.50990713559401e+005 -1.01858733899625e+004 4.64319840871803e+003 1.14277686881410e-001 -2.96218448357065e+001 4.35120499114777e-001 2.21313445738928e-001 -6.99178043803574e-003 -1.77212489970521e-003 9.02509719558270e-005 1.45547169643434e-005 -1.08573210520188e-006 
-3.42189644990966e+007 -1.51826828865828e+007 1.08812861811035e+006 4.95163588421648e+004 -6.42962019608459e+003 1.68486442017748e+002 2.11016415508186e+001 -2.46237572357930e+000 5.14451032779249e-002 1.20803735361414e-002 -1.27625290379853e-003 1.49232305171992e-005 8.02446728920243e-006 -7.54695430881978e-007 
2.80800216108815e+007 -1.02354023654269e+007 -9.46814939631418e+005 8.16043711888212e+004 2.26130223893714e+002 -3.58604057094503e+002 2.32204589566647e+001 3.84789164392850e-001 -1.70272636603795e-001 1.03226752574521e-002 3.59293835269398e-004 -1.00348428194797e-004 5.32545661594626e-006 3.12019507082795e-007 
1.86086043712070e+007 -3.89405279320731e+006 -6.18565434104057e+005 3.84615688343876e+004 7.87157118617435e+002 -2.09029280292728e+002 1.02175264882486e+001 4.60752209765459e-001 -9.62921913414592e-002 4.26241850277808e-003 3.24207097811786e-004 -5.51529634257022e-005 2.01322693039363e-006 2.44894266599794e-007 
-5.50082195364404e+007 -5.50851138560775e+006 1.21495223833120e+006 -1.66051419628782e+004 -1.91278175434493e+003 1.73071460051783e+002 -8.19920614637460e+000 4.96485991135876e-002 2.86726874454520e-002 -2.85331510757910e-003 1.38755782261914e-004 4.63115326924489e-008 -6.69109878642850e-007 6.50122003485332e-008 
2.93679422991095e+006 -1.41915009226681e+007 -9.17071665506283e+004 5.49672321052354e+004 -2.30092619747063e+003 2.64245441806623e+001 5.62818614295176e+000 -5.87569543752815e-001 2.97194952617814e-002 -2.10876962294582e-004 -1.13654967397786e-004 1.18062419561986e-005 -5.95701521030715e-007 5.62704376687102e-010 
7.33200938234322e+006 -7.01004182445943e+006 -1.74907193260062e+005 3.10846714676344e+004 -1.03092390165088e+003 -3.82091103131660e+000 3.85633843034639e+000 -3.19025713842089e-001 1.29047956823486e-002 1.83034573239109e-004 -7.50958702090914e-005 6.30254980288291e-006 -2.48891106315093e-007 -6.44279292402334e-009 
-7.24207958376808e+007 -1.77057590433624e+007 9.28471665351431e+005 3.77928524295645e+004 -1.01061000673353e+003 -2.55730474903838e+001 4.93140162026945e-001 1.00257650446193e-002 -1.80810276318956e-004 -3.72313116001859e-006 
6.84293093358125e+007 -1.54462227659382e+007 -8.90823127044809e+005 3.29907745618545e+004 9.67656517089586e+002 -2.24088846656692e+001 -4.68652975457719e-001 8.89577162355336e-003 1.67578956592772e-004 -3.27994403255009e-006 
3.53836465303175e+007 -5.82990206859648e+006 -4.59587126667235e+005 1.24539444195580e+004 4.99356731177092e+002 -8.46545332851310e+000 -2.42080783806090e-001 3.36800168782515e-003 8.67215246024344e-005 -1.25646943478560e-006 
-9.91851844506915e+007 -8.77308654654104e+006 1.27040166447449e+006 1.82568126011828e+004 -1.38478506086983e+003 -1.11187070652805e+001 6.78423206806530e-001 2.87251889598751e-003 -2.56868140227581e-004 -2.18716993781510e-006 
3.18250434653997e+007 -2.07636204422565e+007 -4.18553901006062e+005 4.43708099508608e+004 4.29802229061155e+002 -3.01834037110410e+001 -1.64960868701171e-001 1.19570198112408e-002 1.38648152648082e-005 -2.77172197256457e-006 
2.06066071183802e+007 -8.78772306115388e+006 -2.68711395127559e+005 1.88106159484362e+004 2.81007564340225e+002 -1.28783832293440e+001 -1.17099133227210e-001 5.20462742118955e-003 2.04882886078134e-005 -1.45550665806530e-006 
-8.71122548835312e+007 1.64585345073714e+007 3.99029542633524e+005 -1.29163350059652e+004 -1.31224261536018e+002 2.94814300632555e+000 5.94797228171880e-003 1.33521434612751e-004 -3.87978527598115e-005 -2.85679965639754e-005 1.41299414311378e-006 2.10109671036959e-006 2.32422719323790e-008 
-1.13607888504801e+008 -1.09368335206898e+007 5.18749088192913e+005 7.92708811336226e+003 -2.01858656882578e+002 -1.23062262626709e+000 3.07631641406944e-002 -1.00351504593559e-004 -1.30018311036387e-004 -7.85476767736830e-006 8.44127993727920e-006 1.08276429664705e-006 -5.56448190213942e-007 
-4.92280765682431e+007 -4.74119845451785e+006 2.24865909311337e+005 3.43632572574762e+003 -8.75003333123675e+001 -5.33252346534092e-001 1.32055220734591e-002 -6.92363486983954e-005 -4.59733009038032e-005 -1.04599938648272e-006 3.03933558191259e-006 2.64667226865481e-007 -2.07971868681815e-007 
-5.15159856909180e+007 1.89996150394420e+007 2.33400902590299e+005 -1.45388245339750e+004 -7.14328236828097e+001 3.00288898761529e+000 3.12591230550253e-004 -2.06221344567635e-005 -2.03970293624565e-005 -2.13442529818071e-006 3.20718469653915e-007 -1.96946626617605e-008 -5.92383013432283e-009 
-1.31070169847463e+008 -6.46287330106913e+006 5.93804136138870e+005 4.53731463556672e+003 -2.19783248287944e+002 -5.73342640422758e-001 2.66745324570664e-002 -2.35955966233946e-004 -4.21836536547515e-005 2.74718515353562e-006 5.40655827838283e-007 -3.89602661437524e-008 -6.27867832529001e-010 
-5.67982339658156e+007 -2.80183318431299e+006 2.57401917755011e+005 1.96693421782774e+003 -9.52704785956489e+001 -2.48689570313963e-001 1.14585840312834e-002 -9.29170562723692e-005 -1.34872312340216e-005 8.87860823122009e-007 1.46789125772451e-007 -1.11984896859517e-008 9.61243412634685e-011 
2.03128611130322e+008 -6.16666006862350e+006 -1.39441453001021e+006 1.32354411841698e+004 8.96004345106341e+002 -1.65872432683734e+001 -3.54608124977040e-001 1.63903974746966e-002 4.46493166923370e-005 -1.23295027410419e-005 -5.90418190216580e-007 
4.37779678452875e+007 3.21169490969979e+007 -3.04112532622183e+005 -3.51984506106697e+004 4.49472786145411e+002 1.67453396469477e+001 -4.89128422441887e-001 -4.94118460116781e-003 4.44839760660916e-004 -3.81683046186845e-006 -1.97857573789879e-007 
1.46300124825120e+007 1.48976150944557e+007 -1.01882535840257e+005 -1.65017222316771e+004 1.81995945825377e+002 8.12817348511460e+000 -2.14799359793278e-001 -2.71058209853692e-003 2.04108797182496e-004 -1.60155298473217e-006 -1.08378425933294e-007 
-4.01925236147201e+008 -1.57414046908902e+007 5.21824066066964e+004 3.13472636605427e+002 -7.99024906218007e-001 -8.99801200402285e-004 6.48537673265796e-006 -2.85387198492200e-007 
6.17982659825590e+008 -7.83729801720163e+006 -8.03875829344428e+004 2.12470965464115e+002 6.77257337260337e-001 -2.20313999110826e-003 -5.33421901066994e-007 -1.36682124748208e-007 
2.74674799078076e+008 -2.97604684519200e+006 -3.57265962170205e+004 8.34402425913627e+001 3.09730343185017e-001 -9.22288444522722e-004 -2.18200041426151e-007 -3.70549988544208e-008 
1.40703433429036e+009 -2.21098528712603e+006 -3.13553396550447e+004 1.37392993186434e-001 6.00610029698680e-002 3.69512476875891e-005 5.17132188600231e-008 
1.66950058478438e+008 1.22061921840755e+007 -3.72993382961481e+003 -4.62959400029040e+001 -1.06699046116275e-002 5.23203798614090e-005 5.63919090989431e-010 
8.35508443180824e+006 5.13696813366627e+006 -1.90300265904783e+002 -1.91275353653907e+001 -6.99067753130181e-003 2.00637343746034e-005 -6.08662391032423e-009 
1.40386788386586e+009 -8.31641816352572e+006 -3.61202819440129e+003 3.31479337368791e+000 1.09098319057201e-003 -3.63683926465538e-007 
2.34314749595182e+009 3.71394680407191e+006 -6.02816699517304e+003 -2.02532095349020e+000 9.86949635250966e-004 4.49577104301918e-007 
1.00637814284696e+009 1.74421543159468e+006 -2.58910744760950e+003 -9.33986948991715e-001 4.15938284448747e-004 2.06149650855395e-007 
4.46624581885110e+009 -2.92116931486289e+005 -3.17504584474415e+003 1.80425937363276e-002 1.92706607447984e-004 2.97075806025713e-008 
1.74545038249300e+008 6.99018514176547e+006 -1.24102471763895e+002 -8.28497066582294e-001 3.94662308350173e-006 2.83846222214953e-008 
-3.97501419506230e+007 2.86839205054296e+006 2.82393049571607e+001 -3.39552408214286e-001 -3.04694731449423e-006 1.15391997460585e-008 
2.93401698316116e+009 6.46970359920808e+006 -1.24113628604286e+003 -2.62045273390390e-001 1.27236991968650e-004 -3.17913655913496e-008 
-3.90087138685039e+009 3.12779919720079e+006 1.65020202198501e+003 -4.78345043874839e-001 2.49513553065928e-005 1.73343983941352e-008 
-2.10135425835565e+009 -9.73210695037209e+005 8.88951018202657e+002 -7.02761158549761e-002 -3.05945781446756e-005 1.23685556119665e-008 
2.87291792308649e+005 9.85593982900789e+004 -1.49629596433158e+004 -1.01348443931024e+003 3.66138390584927e+001 3.14610720498972e+000 1.65656824767725e-001 4.21472419550459e-003 -7.05238043792203e-004 -7.61033848693668e-005 -3.28312330601844e-006 8.05745035290390e-008 2.76210257232668e-008 
-2.15201494080027e+005 1.18343789062019e+005 1.10868866016736e+004 -8.45612507257838e+002 -5.84256672520907e+001 -3.38587895826026e-001 7.17611978314630e-002 1.27588742115722e-002 7.70207999752794e-004 -1.97728490138955e-006 -3.71239997772812e-006 -3.51211425603540e-007 -1.32425949641342e-008 
-1.02696620628618e+005 6.71040916809032e+004 5.28331787092394e+003 -4.94475149944310e+002 -2.95971366311338e+001 -3.97588628116593e-002 4.53128758166671e-002 6.96596689329076e-003 3.79891894651198e-004 -4.31621708146527e-006 -2.11641128290762e-006 -1.83461577032251e-007 -5.86927403935427e-009 
3.37197706218918e+005 -5.37601734335776e+004 -2.09133903986123e+004 2.50079084765711e+002 1.23982274545436e+002 3.34604260225933e+000 -4.17157615745508e-001 -4.65758338299445e-002 5.50611627332643e-005 3.46501566692752e-004 2.03187242506361e-005 -1.50061862479348e-006 -2.59722472587596e-007 
6.73333907994164e+004 1.51406729024477e+005 -4.17086315757047e+003 -1.58637662459932e+003 -1.10491930199012e+001 6.65204067691995e+000 4.04755906359873e-001 -1.49538998626486e-002 -3.74382547792596e-003 -1.11604432299472e-004 2.18971601710715e-005 2.22708451773977e-006 -4.10660798928321e-008 
4.97491195096819e+004 7.83060277852812e+004 -3.10717059748327e+003 -8.34821065043377e+002 -5.29469690638731e-001 3.68869216156098e+000 1.97475789084457e-001 -9.95861178823069e-003 -1.99059148336285e-003 -4.45954161642375e-005 1.25246809631609e-005 1.12140548738370e-006 -3.29500110216433e-008 
9.57972633135742e+004 -1.75417853717754e+005 -6.41914992747348e+003 1.94227307956562e+003 3.66470975078359e+001 -1.09212108820415e+001 -1.03414166725773e-001 7.27563256605095e-002 -2.81083586415847e-004 -5.88261230135061e-004 1.12106136869270e-005 5.08259621976645e-006 -1.80045187822701e-007 
2.82225826655043e+005 5.08115736634704e+004 -1.90862979204649e+004 -5.24754375272949e+002 1.28997998439229e+002 2.09055644748174e+000 -7.57493768905145e-001 -3.74972118310191e-003 5.71012487049566e-003 -5.46434447589519e-005 -4.82591839833827e-005 1.21750238651137e-006 4.24093724944178e-007 
1.53866207459685e+005 1.95823079017465e+004 -1.04327248022448e+004 -1.96049195142631e+002 7.03270592254500e+001 6.44629775172415e-001 -4.07973007820984e-001 1.11346669182842e-003 3.02835494911450e-003 -5.42042103684363e-005 -2.52133418853012e-005 8.65036059017130e-007 2.18080867913711e-007 
-2.35359266002802e+005 -1.38310999388538e+005 1.42264584851966e+004 1.15252205742024e+003 -9.86399950490982e+001 -7.67951943517705e-001 4.02035882185915e-001 -2.78022537467857e-002 -2.61563908728469e-004 2.09850353012932e-004 -1.41706859719275e-005 -3.75071808073925e-007 1.32121358199389e-007 
2.34620909799225e+005 -9.42446974051889e+004 -1.42511810597599e+004 1.11371913822110e+003 4.99731936836476e+001 -5.86677139829075e+000 1.53518122647251e-001 1.70902606779547e-002 -2.39862313750534e-003 7.02907327607435e-005 1.11878513190372e-005 -1.35866374395544e-006 2.67888047463027e-008 
1.14473186744355e+005 -5.60012658033065e+004 -6.96651561534944e+003 6.43265446512543e+002 2.23855447234586e+001 -3.16250528163830e+000 9.88591744413981e-002 7.92298342391395e-003 -1.28821829276535e-003 4.63649397515064e-005 5.35234224736151e-006 -7.39311977831225e-007 1.98923668327666e-008 
-3.72662447599549e+005 5.04557411108847e+003 1.91361133852063e+004 -2.52633577033159e+002 -6.89458484982370e+001 2.07700087547337e+000 -2.26660696660046e-002 -1.10810437935375e-003 4.84346616262578e-004 -4.22518515104493e-005 1.01440144100694e-006 7.94817237956819e-008 -1.06506968334632e-008 
-2.08202296584183e+004 -1.48499255646644e+005 8.48513284075773e+002 1.22394842636267e+003 -2.24504415547308e+001 -1.78893378409354e+000 8.91885537059619e-002 -6.36393506247778e-003 3.08258966971209e-004 1.16903544484025e-005 -2.39468684913267e-006 1.37707941902488e-007 -3.67238468516932e-009 
-2.70844122817077e+004 -7.86166772058161e+004 1.29070026081753e+003 6.40867798195645e+002 -1.50159706305751e+001 -8.67600803069960e-001 4.67316179529432e-002 -3.42921630268071e-003 1.84579251505550e-004 4.41414292409851e-006 -1.23195449288138e-006 7.67330149167683e-008 -2.40604992590098e-009 
-2.30346265805985e+005 1.30243142025202e+005 1.07753180907057e+004 -1.04666559923023e+003 -3.10111209316732e+001 1.85516477184231e+000 4.59856326041012e-003 -1.01716452569635e-004 -1.27741567723603e-004 5.29721199076691e-006 7.75454276386208e-007 -3.33094923884369e-008 -9.03125374985962e-010 
-2.70280883951864e+005 -9.12482830450396e+004 1.24608480964733e+004 6.54681901458196e+002 -4.54903815455820e+001 -7.12701404408482e-001 3.29219704174746e-002 3.61091111465918e-004 -8.54050390816720e-006 -1.15142972985402e-005 4.70824868391025e-007 2.78660945327378e-008 -1.08127752944618e-009 
-1.53212427104902e+005 -4.26506818195128e+004 7.10342829173578e+003 3.01681240231569e+002 -2.56788718912663e+001 -2.97796000722440e-001 1.79892843570112e-002 1.85195105819899e-004 -1.01751987785336e-005 -5.88350623429703e-006 2.84934553464400e-007 1.33774030883229e-008 -6.18933947312726e-010 
7.24828377220832e+004 1.60603518635196e+005 -3.53257701650976e+003 -1.24557072747420e+003 5.84820651053666e+000 1.77953747510161e+000 -2.96837348519869e-003 1.58483767231962e-003 2.20523855760402e-004 3.84445762704972e-006 -6.99531698040616e-007 -2.05906824935905e-008 -5.27885148955674e-011 
-3.37483446990434e+005 2.66881038478598e+004 1.56192124738437e+004 -1.44675653888567e+002 -5.22030737437257e+001 -4.60431847821672e-002 1.12725768946643e-002 -1.62043062792602e-003 4.29407953498156e-005 1.37009043092027e-005 4.41147732575488e-007 -1.41687766605643e-008 3.21365744751225e-010 
-1.75354956615930e+005 2.13727078898006e+004 8.13748030045752e+003 -1.33851247425435e+002 -2.75722878082396e+001 5.95981635262814e-002 6.12795897730960e-003 -7.88601487387073e-004 3.28803679424437e-005 7.45339674615141e-006 2.02099305180374e-007 -8.54509810370175e-009 1.65527094332989e-010 
3.21067331626072e+005 7.69578517328143e+004 -1.66813357337212e+004 -8.42399545662411e+002 4.81015182859627e+001 2.91495209797442e+000 1.08161707678707e-001 2.78062490860294e-003 -5.11446926735010e-004 -5.89446966504705e-005 -2.56413596706229e-006 2.47610820512295e-008 1.55300015154440e-008 
-1.74686552157715e+005 1.30481711646162e+005 8.86811245391273e+003 -9.78433101416657e+002 -5.10134786689168e+001 3.80643724338624e-001 7.55116287923212e-002 9.47931414626942e-003 6.12049494914596e-004 1.39112118414892e-006 -2.59325997659808e-006 -2.39739264208346e-007 -1.15079636455847e-008 
-7.78078853996714e+004 7.26742610272066e+004 3.94193811849544e+003 -5.59275547154521e+002 -2.48902586868474e+001 3.44370984776887e-001 4.52587928470159e-002 5.15200876889701e-003 3.00598646836425e-004 -2.03640301725310e-006 -1.49678667429634e-006 -1.25978609262829e-007 -5.37115628722753e-009 
-3.17525729120071e+005 8.05989143748695e+003 -1.27653793372416e+001 -2.28780675962907e-001 -1.10216571143293e-002 2.46623092483518e-003 4.22468987548328e-004 -4.67726877799590e-005 -1.40944867259097e-005 8.19483167454047e-007 4.64291458365106e-007 
-7.50635148297425e+005 1.72112064056185e+003 2.11954619282163e+001 -5.74428095946467e-002 -1.84457651699577e-002 -1.95555851353438e-003 3.17990724135048e-004 6.61579836473098e-005 -6.29471068279178e-006 -2.20432722415260e-006 9.96129932113527e-008 
-3.07048391460369e+005 5.64758449640533e+002 9.50422266905082e+000 1.88966356778295e-003 -8.42556647542158e-003 -1.30364693709005e-003 1.25950563293107e-004 4.01895106084544e-005 -1.90193599963304e-006 -1.25985090786810e-006 5.09546833697687e-009 
-3.01516105225165e+005 7.94793651490163e+003 -1.48663621794807e+001 -5.22553652066251e-002 1.46009821228668e-002 -1.22579055153208e-003 1.00358991825036e-005 2.12000667519172e-005 -3.72972832801771e-006 1.86696450654648e-007 5.09527032627438e-008 
-7.47029010388136e+005 1.88310479912280e+003 1.89625743970390e+001 -2.39709411446099e-001 4.14037965900443e-003 7.12638080628086e-004 -1.73007567865254e-004 1.59522519619261e-005 8.00428049902402e-007 -4.86591687971448e-007 6.26118079319324e-008 
-3.05844647616072e+005 6.38259243817855e+002 8.66020241118470e+000 -1.09906402766810e-001 8.86713314881396e-004 5.01502335109497e-004 -9.35543396782225e-005 6.32606215934850e-006 8.14141112643200e-007 -2.76661755108568e-007 2.81636548817612e-008 
2.83270369969384e-005 -9.45363600371141e-007 -2.05571703539496e-007 2.46084670879309e-007 5.11670763311956e-008 -6.08348413263264e-009 -3.28471818715976e-009 -4.67805074157547e-010 7.39745069411006e-011 4.12943512568732e-011 
3.98503935491847e-005 -2.40910455534208e-007 -3.45941249701032e-007 -6.68661454528183e-008 2.29267085319318e-008 6.82695536556347e-009 1.47866055891984e-010 -3.32671322271951e-010 -6.78312164529021e-011 8.50819837520268e-012 
2.99964746176335e-005 2.38747985864687e-006 -5.17763940811464e-007 -3.19264304817616e-007 7.55245497333117e-008 1.71368693059438e-008 -5.89130355850660e-009 -3.06997416578780e-010 3.20313947965084e-010 -1.38904763130560e-011 
3.87143828044258e-005 -8.40206882585010e-008 3.76807600778957e-007 -9.44047982448928e-008 -3.57424613451548e-008 9.55896496990386e-009 1.30949081599712e-009 -6.03497227571635e-010 -1.56032636452897e-011 2.66160633874716e-011 
3.10176625128033e-005 -1.44800915447642e-007 5.98464188771717e-007 8.62177048942967e-008 -4.23280342255290e-008 -5.01845259583182e-010 7.58936929738447e-010 -5.22677394334515e-011 3.07028617771167e-012 2.22593060512722e-012 
3.82220228124986e-005 -8.69807125371812e-007 -1.26047902463685e-007 8.61630966917473e-008 4.55549077882158e-009 -3.12946906653086e-009 4.65500894655883e-011 6.12776970914188e-011 4.95117830754253e-012 -4.30658327022789e-012 
3.30552063375262e-005 1.03449118231364e-006 -6.07549109671408e-007 -6.99687558282770e-008 3.67563976466094e-008 4.24921962986282e-009 -2.71075616832250e-010 -6.36723683362330e-011 -6.27907638071481e-012 2.72011766834159e-012 
3.75000678868978e-005 3.54875934448957e-007 9.43000162684289e-008 -8.54713727742597e-008 -9.12102147260107e-009 2.20370178331773e-009 1.85436179639458e-010 -3.55382289018821e-011 1.11643318917524e-011 5.38152734447518e-012 
2.83895591764801e-002 -4.42670001661144e-005 4.89460455618868e-004 -1.48761974158793e-005 -9.66318537799380e-006 1.25760133446918e-006 1.80156549903573e-007 -2.12781113857481e-008 -5.37861832967671e-009 -3.56016878840975e-010 
3.84621314317005e-001 8.12291757515575e-004 6.71468274518291e-006 -2.84409559040730e-005 2.11235801889858e-006 4.43477949332068e-007 -7.39137817293872e-008 -1.19968473909709e-008 2.81910873737455e-010 2.99703899916787e-010 
4.77822712626033e+003 9.19895056401935e-001 -4.71493957005395e-004 1.36030453292459e-005 9.30696812548394e-006 -1.12737712969799e-006 -1.67320350102858e-007 1.87028342349885e-008 4.81222904194022e-009 3.31625377409752e-010 
3.09589546616132e-002 2.23943318999325e-003 4.35342854137635e-005 -5.45184574239349e-005 -6.54450407092417e-006 -2.83353542387952e-007 3.36160865152845e-007 1.28361466128272e-008 -1.18370526921242e-008 5.57318147140850e-010 
3.85626426492160e-001 5.90396463837034e-005 -1.62184207541530e-004 -8.49548500629017e-006 1.20215568919611e-006 6.11792009417014e-007 3.75605904215650e-008 -2.49597382221839e-008 7.72410822414787e-011 7.76175290786382e-010 
4.78006437500241e+003 9.17725902606938e-001 -2.96568661811887e-005 5.31241825015653e-005 5.64995833589137e-006 2.31956075183023e-007 -2.98196781503886e-007 -1.23108011185935e-008 1.05989916222622e-008 -4.69232935978916e-010 
3.33796467998063e-002 -3.70011876714575e-004 -5.65129676581693e-004 1.82780491512259e-005 1.47108167800438e-005 -1.59850043380409e-007 -2.06714443195034e-007 2.82558231268136e-009 1.46556376190454e-009 3.88950569923974e-012 
3.84732362526862e-001 -7.74030621766189e-004 4.81694182113004e-005 3.79578636489983e-005 -6.88431113130216e-007 -6.96112289434613e-007 8.87804378368491e-009 7.28935430708488e-009 -1.50587356559613e-010 -2.54943928951819e-011 
4.78190184809397e+003 9.20256929280680e-001 5.33969846334415e-004 -1.84846087684837e-005 -1.37030844608667e-005 1.53728742693088e-007 1.90541388156095e-007 -2.35715209057181e-009 -1.36834809936142e-009 -6.61767669218279e-012 
3.06554407566338e-002 -1.53959816320900e-003 3.55023905007902e-004 6.27636962142521e-005 -1.10530635414584e-005 -7.15830043061539e-007 1.78317448818758e-007 7.28509824117305e-009 -1.09487465222270e-009 -1.03763412501616e-011 
3.84390294413545e-001 5.23795533265792e-004 1.54227207797979e-004 -2.55863605901273e-005 -2.68994194943526e-006 5.64378226821142e-007 2.66285966401056e-008 -6.13186690075836e-009 -2.51137399360977e-010 2.94708717709099e-012 
4.78374421547377e+003 9.21337128077900e-001 -3.40583965050566e-004 -5.98950935775548e-005 1.03231584482354e-005 6.77447262233772e-007 -1.64201004043147e-007 -6.58205035475173e-009 1.03299245628392e-009 7.24761718819033e-012 
