1.22411339441232e+007 1.30689300529522e+007 -1.60397609743098e+005 -2.89297578475294e+004 -3.61277147269766e+002 -1.47387156145866e+001 1.57967360894965e-002 1.42227698838074e-002 1.06723085620124e-003 5.95157176091594e-005 2.30296941757235e-006 8.13843172004330e-008 1.43712826183488e-009 -2.74608369849045e-011 
-5.68887309152192e+007 4.04437556557116e+006 7.26781266405417e+005 -1.03368885762258e+003 -3.85456842583236e+002 -1.45992377003980e+001 -8.71178465349272e-001 -2.30325625066482e-002 -7.97314353096808e-004 -3.87566568990301e-006 7.02234225951905e-007 7.16299878954831e-008 4.09665091764120e-009 1.84682597257432e-010 
-3.18088877153291e+007 8.04384689325330e+005 4.04843365855282e+005 2.44944790097348e+003 -1.68403809705100e+002 -6.26890495918154e+000 -4.66973829486330e-001 -1.37783456149446e-002 -5.36583789820150e-004 -8.24231477486752e-006 1.36305953020475e-007 2.98145503470616e-008 2.03783606063068e-009 1.01377611469172e-010 
3.59130755779295e+007 1.02776499568163e+007 -5.51290325464575e+005 -3.68098901715316e+004 -5.88743467108907e+002 -2.92039620943076e+000 1.38429140705676e+000 1.07794413981983e-001 5.73328298624904e-003 2.12529642616108e-004 3.21355912709235e-006 -2.94439207136936e-007 -3.53765685767694e-008 -2.33003370731371e-009 
-4.31190808661397e+007 9.67329849985843e+006 6.63337335809070e+005 -1.09420022284139e+004 -9.52757146484499e+002 -4.58220545366341e+001 -1.79500849809790e+000 -3.38443121360536e-002 1.20731394850077e-003 1.95387913523091e-004 1.34868885723441e-005 6.56501061065726e-007 2.03877774134910e-008 -4.61893315026101e-011 
-2.69098857573477e+007 4.10061239957259e+006 4.11512119788633e+005 -2.02539419658331e+003 -4.47822544993865e+002 -2.41723785610040e+001 -1.10239162663827e+000 -2.92599688920778e-002 5.00061668883418e-005 8.22994058777260e-005 6.86984166945373e-006 3.81311957616669e-007 1.45722879133032e-008 2.16767627368468e-010 
5.05548892861398e+007 3.95452658153334e+006 -1.04171085919306e+006 -4.34040540424437e+004 6.53930231490699e+001 9.36851489625214e+001 7.89982396947511e+000 3.58205595345568e-001 3.36430925232750e-003 -1.07626682534204e-003 -1.14342120326274e-004 -6.38321874678660e-006 -1.23430923595782e-007 1.59233053087919e-008 
-1.91205346884083e+007 1.41099302590473e+007 4.02332118265909e+005 -3.59694655203709e+004 -2.30785595872867e+003 -8.40646223974002e+001 -2.23736465996173e-002 2.86277706212851e-001 2.55471865830868e-002 1.24471846647089e-003 1.34592393793614e-005 -3.91340308048443e-006 -4.35417867212039e-007 -2.52525314457446e-008 
-1.56103330148185e+007 7.12643211056575e+006 3.22981800867527e+005 -1.47093762566844e+004 -1.23949742496745e+003 -5.46218489819232e+001 -8.31578082076423e-001 1.15745066191815e-001 1.32967324541826e-002 7.76529534257558e-004 1.90509306940173e-005 -1.42811901842399e-006 -2.19747948375137e-007 -1.51400156531819e-008 
4.86386954307011e+007 -6.22044747223421e+006 -1.45305360075019e+006 -1.43054754914764e+004 4.40432717301004e+003 3.36942968803292e+002 4.89417921574798e+000 -1.37076763805370e+000 -1.37827595220418e-001 -3.30115058145523e-003 5.72978224004385e-004 7.02732378190493e-005 2.32610121597659e-006 -2.67357836428844e-007 
1.04368984531667e+007 1.48682500151310e+007 -2.93986292632698e+005 -8.15466115608828e+004 -2.73202543321051e+003 1.31503698745084e+002 2.24709874679466e+001 1.07555360233026e+000 -3.87423278591198e-002 -9.56105580524355e-003 -5.68121549696480e-004 1.24014070747874e-005 4.81561983072652e-006 3.41147244423477e-007 
3.76380643222821e+005 8.58716586985241e+006 -6.27019432474142e+003 -4.20728608985684e+004 -1.91623432737811e+003 3.52823701483532e+001 1.14947985373282e+001 7.16713940363804e-001 -6.39380075791383e-003 -4.76441400156603e-003 -3.62902175448991e-004 -6.66983265314329e-007 2.33086128127053e-006 2.09958652344189e-007 
6.79978231540378e+007 1.83928475674193e+007 -8.45397658117052e+005 -3.76912718249015e+004 8.48999454992024e+002 2.16678858707576e+001 -2.99739884928888e-001 -4.30494984257875e-003 1.93436461188498e-005 -5.04305106014233e-007 
-7.30336549765092e+007 1.42993252037111e+007 9.15401732431557e+005 -2.93449954596773e+004 -9.16646359382637e+002 1.69642394097247e+001 3.19409078946698e-001 -3.46729049693750e-003 -1.81373553010263e-005 5.05900133333341e-008 
-3.72069621334643e+007 5.26805401582579e+006 4.65296982091870e+005 -1.08147169487907e+004 -4.66083459614367e+002 6.25981137688666e+000 1.62657746013599e-001 -1.29219233254594e-003 -1.01600006329634e-005 8.00668920364241e-008 
9.67710674065769e+007 1.00816105594067e+007 -1.20326319895399e+006 -2.10709899186891e+004 1.20102336484659e+003 1.30987913075819e+001 -4.11629368343641e-001 -3.73714336825519e-003 1.48459191703970e-005 1.05683188345011e-006 
-3.83842971808284e+007 1.99929739182274e+007 4.87715911809027e+005 -4.09149279717945e+004 -5.08977762909344e+002 2.33799842907014e+001 2.10581133508611e-001 -4.45824011772825e-003 -4.00994731280325e-005 -5.24779702369981e-007 
-2.34418240935203e+007 8.35537790479623e+006 2.95559666354532e+005 -1.70713658331052e+004 -3.04983246984440e+002 9.68799119080537e+000 1.20827700328906e-001 -1.77112462111113e-003 -2.00185072313430e-005 -1.00210407219368e-007 
-8.64075745473141e+007 -1.69723357204423e+007 4.28007715975616e+005 1.38474429843683e+004 -1.94680159803224e+002 -3.70470064359688e+000 4.98075146302278e-002 4.47044114995711e-004 -7.30299467117171e-005 1.64116394493723e-006 2.49283365904061e-006 2.16597273394706e-007 -7.98193748942936e-008 
1.09905731067457e+008 -1.11342813099619e+007 -5.41898492036315e+005 9.45694976116303e+003 2.28072764872043e+002 -2.91588351824903e+000 -4.65008451761478e-002 5.36056757823775e-004 6.73465177354472e-005 9.80528226137088e-006 -1.25870722349061e-006 -5.15302918237093e-007 1.54487060003732e-009 
4.76465528274159e+007 -4.82755949822817e+006 -2.34961029048903e+005 4.10048360778540e+003 9.88882866160888e+001 -1.26426343907777e+000 -2.00234990389257e-002 2.33037407404498e-004 2.10035853266888e-005 3.70223373062712e-006 -2.66728969217053e-007 -1.73574498484007e-007 -5.47156551169153e-009 
-1.16442796817218e+008 -1.29417431620660e+007 5.73261879986658e+005 1.02081467251151e+004 -2.55951553555693e+002 -2.36885724537644e+000 6.09829393389518e-002 -1.68831816309855e-004 -1.75152177743491e-005 1.77630749225299e-005 -2.04094673094771e-006 -5.78705222751319e-007 2.02747464016577e-007 
8.37019890217992e+007 -1.49582859910327e+007 -4.08618832644867e+005 1.25871243668535e+004 1.60544478532117e+002 -3.75181658588960e+000 -2.50599277902537e-002 9.18083157010662e-004 6.46625371928935e-005 -1.21694595749733e-005 -1.42099587377806e-006 8.37055743801419e-007 -4.18165679244034e-008 
3.62851868412471e+007 -6.48560183796981e+006 -1.77171833182331e+005 5.45768234290453e+003 6.96090852083523e+001 -1.62636375955369e+000 -1.08041446452856e-002 3.61259412612191e-004 2.61697984361195e-005 -3.20113147591432e-006 -7.59128486516287e-007 2.80663848893265e-007 1.99411276387501e-009 
-2.18171761401432e+008 1.52170417439904e+007 9.91999725721151e+005 -6.71664915921643e+003 -3.67332265588551e+002 -3.68371969336885e+000 -2.46074936375183e-002 1.20590376897655e-003 3.93430552934698e-005 7.33719076887716e-007 1.19856735279808e-008 
-9.21468745703729e+007 -2.48699465795227e+007 4.25062583344950e+005 2.09186763092249e+004 1.64053332463508e+001 -2.97773444659081e+000 -8.81082050287131e-002 -1.56556357893047e-003 -4.91481413479532e-006 4.36648457961323e-007 2.00290351394967e-008 
-3.64025997105786e+007 -1.18183790959191e+007 1.68110258011705e+005 9.77638893206155e+003 1.74672660287349e+001 -1.26608305831513e+000 -3.97439023935209e-002 -7.50562157866488e-004 -3.29127772373536e-006 1.82337918934252e-007 8.41675527195632e-009 
6.39161365729768e+008 9.25002041841052e+006 -9.53728150710539e+004 -2.70702843778643e+002 1.13810511122295e+000 3.79579467887606e-003 -8.22386941890332e-006 -8.54230591846420e-008 
-3.56453642349011e+008 1.49771666683360e+007 5.32980021758346e+004 -3.49834779334062e+002 -9.55659418798607e-001 2.52599245538133e-003 1.32553531814590e-005 2.74632539637227e-007 
-1.68378891743585e+008 6.19455127040605e+006 2.51700646222122e+004 -1.43359895884267e+002 -4.37359261609112e-001 9.90431245446946e-004 5.70784660839212e-006 1.11514236997858e-007 
-6.74750207420414e+008 1.11895382820063e+007 1.28814712681114e+004 -3.71327506437023e+001 -1.11620490427442e-002 2.60323967727449e-005 -5.92580655524788e-008 
-1.23951487351949e+009 -5.44514675640231e+006 2.36732204220981e+004 1.46061429612255e+001 -3.51592590098117e-002 2.08953467852988e-006 -1.18690335431811e-007 
-4.82899362123744e+008 -2.73004133012996e+006 9.22297790796911e+003 7.62852740395296e+000 -1.40443500553420e-002 -2.79144027079624e-007 -4.33829958082047e-008 
-5.43832971064053e+008 9.17174103338920e+006 1.47480635686077e+003 -4.26592508840172e+000 1.81659577964796e-004 7.58130894613182e-007 
-2.57468618630675e+009 -1.99468554765228e+006 6.98785650576832e+003 3.63180169626587e-001 -1.61230577681400e-003 2.35449145587952e-007 
-1.11994038265968e+009 -1.00348757065746e+006 3.03988102276199e+003 2.19752720404798e-001 -7.09301419558548e-004 8.29958157878110e-008 
2.97079273494078e+008 7.44924343588312e+006 -2.04095867477641e+002 -8.53108944921786e-001 9.64459019802746e-007 5.38998035622802e-008 
-4.17513640788612e+009 5.63277790155475e+005 2.86314046136929e+003 -4.94204018362871e-002 -1.54747402783510e-004 4.78182239452009e-008 
-1.71631092338485e+009 4.51461765052183e+004 1.17695751638440e+003 9.94671487452921e-004 -6.35020345767437e-005 1.70152666269461e-008 
-3.46786718411546e+009 4.94828837509776e+006 2.50213860220602e+003 -5.19400465155057e-001 -2.82628065699713e-004 3.11772488079869e-008 
-2.77952094233478e+009 -5.95753178880461e+006 2.00526293044763e+003 7.77276243262461e-001 -1.75367117846729e-004 -1.34471725191163e-007 
1.77437812253508e+008 -3.34997371235582e+006 -1.28232448726445e+002 3.99138535485350e-001 3.00223279625001e-005 -4.36895689857858e-008 
2.36520604612287e+005 -1.28702910945831e+005 -1.12698973288821e+004 9.90539296142753e+002 3.48004531895620e+001 -8.07797374090760e-001 9.49631562665624e-003 -7.46503226118367e-003 -8.61988254160142e-005 1.33129152478141e-005 6.33782879991319e-008 7.05941398284142e-008 -1.99468447440060e-009 
2.76323530131004e+005 8.58313412943329e+004 -1.29617302082459e+004 -6.46492735037294e+002 4.00895789212376e+001 7.12803579955956e-001 5.48251241404538e-002 1.58142262680000e-003 -3.89161193293746e-004 -1.00976202711634e-006 -2.57188031175143e-007 1.66159837270769e-008 4.60962164994056e-009 
1.30490015448398e+005 5.21980496316977e+004 -6.12536116123547e+003 -3.96537875172265e+002 1.90038579320564e+001 4.27436493111962e-001 2.79488910341630e-002 1.25360093865538e-003 -1.98745996107483e-004 -1.33104073749306e-006 -1.35790027544932e-007 4.62894453459905e-009 2.52672026089276e-009 
-6.76963961423809e+004 -1.63350790335513e+005 3.27107897750880e+003 1.36049938473621e+003 4.65541421259376e+000 -2.84376527222279e+000 -1.42611197982054e-001 7.46016977036980e-004 6.56653923330023e-004 1.50478255582989e-005 -1.86310424508899e-006 -1.41676240824115e-007 2.90601295643375e-009 
3.28412925176674e+005 -3.64717783112571e+004 -1.61899321118998e+004 1.69759219938911e+002 6.36969124222823e+001 1.13889673832582e+000 -7.25402412752267e-002 -9.36272983324785e-003 -8.23801329805030e-005 3.25880951028905e-005 1.32955435091533e-006 -7.94316134718585e-008 -1.01575338436104e-008 
1.75044482469264e+005 -9.77869330252423e+003 -8.65922672381476e+003 1.07290363134361e+001 3.31925653295768e+001 7.60951995503272e-001 -3.01391883861829e-002 -4.95062089507886e-003 -8.06280769681234e-005 1.62298702718313e-005 8.03138482532940e-007 -3.35921557564184e-008 -5.48733495772961e-009 
-3.19120799528065e+005 -7.59317364199114e+004 1.76876508649769e+004 8.43618893074758e+002 -7.28374498816626e+001 -3.82548839589197e+000 1.17554116578271e-001 1.17975899490039e-002 -3.59291224428868e-004 -3.56986211840425e-005 2.82001004434864e-006 1.90250401079634e-007 -1.59424647335533e-008 
1.45133085892743e+005 -1.39811608230906e+005 -7.81563487749020e+003 1.19733743898255e+003 5.13179214210274e+001 -2.88367120179048e+000 -1.91315800048802e-001 4.82262640432594e-003 5.42360361648947e-004 -2.96467885554930e-005 -2.09979627772873e-006 2.00713274571726e-007 1.30247188710831e-008 
9.34565355111247e+004 -6.88352675800489e+004 -5.09296662958998e+003 5.79914714618370e+002 3.10993578553395e+001 -1.29749589954503e+000 -1.07216886146150e-001 1.85788793295937e-003 3.05034620672514e-004 -1.34858792461750e-005 -1.26028466728900e-006 9.43685117866012e-008 7.72986908152121e-009 
-3.14347950488799e+005 8.18695917837257e+004 1.90257042481959e+004 -6.98007943107660e+002 -1.02879863007317e+002 1.35134946053168e+000 2.62703678649437e-001 1.56749505255346e-003 -9.94727646268041e-006 -3.00060846679236e-006 -4.19303784291514e-006 -1.31151372568302e-007 2.20305288645352e-008 
-1.45378838434315e+005 -1.36589121631432e+005 8.94645620971093e+003 1.37440777066027e+003 -3.58832707377450e+001 -4.96299018563128e+000 2.49868131622980e-002 7.95011112922313e-003 1.29280757683027e-004 3.12736752245342e-005 5.83771589816695e-007 -3.06205501269311e-007 -1.14044464112289e-008 
-5.87351415136457e+004 -7.60210843197155e+004 3.62278808267602e+003 7.60478841227036e+002 -1.30188826805424e+001 -2.68547953676297e+000 -1.78564304637554e-003 4.10261269891901e-003 6.91741394609766e-005 1.65258191879798e-005 5.38844409819710e-007 -1.53252634553824e-007 -7.22099314319538e-009 
-4.19031595646358e+004 1.76900131079855e+005 2.78888817454240e+003 -1.78314962269739e+003 -1.37693089920091e+001 7.02543377720388e+000 1.00461232293250e-001 -2.17007526751382e-002 -1.18498105384436e-003 5.68721501407566e-005 1.03547393660769e-005 5.10918159943554e-009 -6.87925858751146e-008 
-3.06216648938644e+005 -1.56925369313060e+004 1.90733395656035e+004 1.32257248397809e+002 -1.05925682503049e+002 -7.04437119173800e-001 3.52003761163996e-001 9.36403002644207e-003 -1.05503429328301e-003 -1.00897476837608e-004 2.12799080388560e-006 7.71181126392461e-007 1.08527648985341e-008 
-1.57955482621256e+005 -1.79409785227461e+004 9.84907788450577e+003 1.69303139003505e+002 -5.48705240167416e+001 -7.66168230905593e-001 1.79406168313833e-001 6.13357340077243e-003 -4.88714912432619e-004 -5.61374517907639e-005 5.43646560738241e-007 4.04573541846832e-007 9.51671095722350e-009 
2.70657602280963e+005 1.20218607522071e+005 -1.55224621104912e+004 -9.86555947810261e+002 9.50009751949666e+001 1.63210962832864e+000 -4.09926820050434e-001 5.71988353642444e-003 1.95781443351917e-003 -7.23781228478432e-005 -1.01336260543428e-005 6.72457529538256e-007 5.06586450441787e-008 
-1.99109551748370e+005 1.16405906064665e+005 1.15310437607585e+004 -1.22188799259852e+003 -4.17546411775025e+001 5.59340665699375e+000 -1.00056326786058e-002 -2.46037682952404e-002 6.77234816503772e-004 1.22867366734588e-004 -6.47664778437542e-006 -6.28576609499769e-007 5.66466869511724e-008 
-1.18892827341206e+005 5.45085030202308e+004 6.91097501499814e+003 -5.86922962989798e+002 -2.72845634024075e+001 2.84606687837274e+000 1.77829615145261e-002 -1.32382544300509e-002 2.46606227542187e-004 6.85424029493324e-005 -2.83770227245463e-006 -3.67359776253599e-007 2.69277990865506e-008 
3.67496431002427e+005 -2.58349753349037e+004 -1.85378510865693e+004 3.96664504396364e+002 6.37076457730151e+001 -2.78522676226413e+000 4.99938076307484e-002 1.01815236251631e-002 -9.29990659178247e-004 6.31898602758602e-006 3.47925267846487e-006 -2.89880079059608e-007 9.04738797911755e-010 
7.65180617100140e+004 1.46194023575003e+005 -3.95482923570331e+003 -1.16792974018648e+003 3.37478752181424e+001 1.39606945178105e+000 -1.66199649930520e-001 9.56291951555382e-003 2.92721126428433e-004 -5.59604339620214e-005 2.34634613813857e-006 1.10452123992644e-007 -2.09387720423439e-008 
2.05146300143291e+004 7.81874238330534e+004 -1.06154964332779e+003 -6.36474048089146e+002 1.41503840831575e+001 8.92782123642452e-001 -8.98809044698891e-002 4.45204968408149e-003 2.05458508665351e-004 -2.97331439484245e-005 1.03767795051065e-006 7.40668167700601e-008 -1.10426432092432e-008 
1.92467283244883e+005 -1.41317504838297e+005 -9.15298184735071e+003 1.07987997991706e+003 2.84229734473318e+001 -8.63913938200433e-001 3.03881491125810e-002 -7.46086025068773e-003 -2.22366317378769e-004 1.04479586633131e-005 -2.02871124425326e-007 8.25993536853313e-008 2.71585831014938e-009 
3.00162750336419e+005 6.88551369021795e+004 -1.42548045912264e+004 -5.28453816118514e+002 4.34710326177415e+001 4.72291515162138e-001 5.61380289639533e-002 3.31606182657270e-003 -3.70684686951953e-004 -5.15897682523242e-006 -4.50056603673296e-007 -3.24162677619205e-008 5.07169933504308e-009 
1.47483424815950e+005 4.38192274439192e+004 -7.00444022336418e+003 -3.38161078918273e+002 2.13481056684791e+001 3.03771179727238e-001 2.78343441962538e-002 2.14638185557765e-003 -1.83024323296556e-004 -3.33361950605126e-006 -2.25355222716292e-007 -2.14874496461015e-008 2.52187364900216e-009 
-4.02346332695483e+005 -6.49418948196211e+003 2.25471870490589e+001 1.27837259105943e-001 -2.33531062512955e-004 2.05826813403478e-005 -4.21505861095919e-006 -9.72677727036033e-007 -1.18605094129527e-007 4.19223790045878e-009 -5.84250407125339e-010 
1.02844985702150e+006 -6.28368029528465e+003 -1.58627074362957e+001 9.00254240543063e-002 3.24105916256952e-003 1.16467031726681e-004 1.31079512621432e-005 7.30888898746611e-007 2.00239204813966e-008 -1.11780822932888e-008 -7.15192813650382e-010 
4.38646658563048e+005 -2.51641345728648e+003 -7.52528588623160e+000 2.95006434992016e-002 1.60245105777314e-003 6.17030768555246e-005 7.50391092871481e-006 4.90596859066730e-007 2.30586730743944e-008 -4.51530605452482e-009 -3.32416064541161e-010 
-4.15149580999672e+005 -6.30784034793307e+003 2.39986831575901e+001 9.95168577437202e-002 -6.95049367601320e-003 -1.17759503671527e-003 -1.14507030881305e-004 2.04297246496579e-007 2.10327547796755e-006 4.29420691666169e-007 -1.30693753690274e-008 
1.01575983823148e+006 -6.40506976721705e+003 -1.43290751797811e+001 1.79788208980559e-001 8.45875855920484e-003 1.03886051486247e-004 -9.07616180604712e-005 -1.75546045270911e-005 -1.38716818814639e-006 7.10696587238498e-008 5.76183966253774e-008 
4.33555173182102e+005 -2.57458507543672e+003 -6.93390785669921e+000 7.82823683383403e-002 5.13424138536869e-003 1.80802120579640e-004 -3.65485327155659e-005 -9.39576253862813e-006 -9.58406811927365e-007 -8.51159176541441e-009 3.48863386555739e-008 
-4.07962319621614e-005 1.63042543964390e-006 3.63460356542295e-007 -1.52261356330663e-007 -2.83382539356149e-008 2.98891056641266e-009 8.39509413451952e-010 1.18883005735944e-010 -1.68128646396648e-011 -7.11532131258945e-012 
3.51242019112710e-005 1.07789009859449e-007 2.56388998099719e-007 5.29922496184332e-008 -1.31083146329355e-008 -2.12482955323122e-009 6.04755469281179e-011 2.01177763734827e-011 3.21250789152347e-012 1.98066719641350e-012 
-3.95707132993202e-005 -9.31536092803516e-007 -8.52145782702132e-008 2.88369671846333e-007 2.06879241877604e-008 -1.47785312044084e-008 -1.41242323625007e-009 3.63208270093378e-010 4.13938856861296e-011 -6.83741982667795e-012 
3.63807484771729e-005 5.41813186948747e-007 -3.69557315543899e-007 -2.81199450888034e-008 3.26070892508115e-008 2.89928208646476e-009 -1.11935937112792e-009 -1.17258927436570e-010 2.25613009845271e-011 1.37662986676729e-012 
-3.83511194585345e-005 1.61764336341120e-006 -6.26645909981507e-007 -2.53708249072424e-007 6.42498560046301e-008 1.39079811378398e-008 -3.45076915037127e-009 -4.98138912484318e-010 1.29036726187636e-010 1.73625648290518e-011 
3.70648779371418e-005 8.77006051661343e-007 3.11343022152755e-007 -9.38816101076975e-008 -2.84992474263863e-008 6.83897534671890e-009 1.17322442503361e-009 -2.94182944858405e-010 -3.84885034539327e-011 9.11937571317842e-012 
-3.88752833471456e-005 -8.66531324333416e-007 5.78167038331819e-007 7.05079290023356e-008 -3.81061146861432e-008 7.55968681032959e-010 3.30253958858955e-010 -1.27365874124660e-010 2.29771456036217e-011 5.25935317500462e-013 
3.82196496142429e-005 -1.23596781889347e-007 -1.26360238330283e-007 8.45280246898300e-008 3.64617231622524e-009 -2.32776627381905e-009 1.73572012812825e-010 -3.48025425566227e-011 -2.36614047746801e-012 3.27899610550277e-012 
-4.16475736443430e-002 3.59733019885385e-004 1.11910541578291e-004 3.84385113235966e-006 1.91968328829336e-006 -3.19399498205231e-007 -1.03559161047199e-007 5.51325001058285e-010 1.13014514228956e-009 1.53912062464793e-010 
3.87356154568502e-001 1.86157984651856e-004 -7.31690642516981e-006 -2.15999641330012e-006 -6.09514095494596e-007 -2.29730314696975e-007 1.27902707398920e-008 4.77366091698710e-009 2.32167146808312e-010 -2.24014716018806e-011 
1.39312079981103e+003 9.19623636593512e-001 -1.06892367055089e-004 -5.25498220675804e-006 -1.69979563348806e-006 3.08322103008541e-007 9.56404994034934e-008 -5.58883057843997e-010 -1.06129957289787e-009 -1.41356175848694e-010 
-4.01329290749743e-002 1.03041356443119e-003 -5.40671969943234e-005 -5.06332138527882e-005 -2.54935286543231e-006 1.44562008848019e-006 1.62658018899886e-007 -2.54451398831650e-008 -3.89019397707362e-009 2.89199613533265e-010 
3.87427055351637e-001 -1.91905958574428e-004 -9.00276185167092e-005 8.74096459854929e-009 3.44867725381764e-006 2.93238715475865e-007 -7.74568109783207e-008 -1.03511950991537e-008 1.07826032338437e-009 1.82310760848831e-010 
1.39495924439452e+003 9.18929972784330e-001 3.94345158779541e-005 4.75435868902907e-005 2.51974148847818e-006 -1.34038757432350e-006 -1.50413341572318e-007 2.35420175954219e-008 3.56474045131058e-009 -2.69603348490070e-010 
-3.95571046956653e-002 -5.12342753460698e-004 -1.13276656675379e-004 5.25698697178595e-005 5.01549516563382e-007 -1.88935958147955e-006 8.26687214387558e-008 4.88575681949822e-008 -3.39040334375720e-009 -1.09646739670455e-009 
3.86817469016850e-001 -2.53530136962486e-004 8.69665731515929e-005 5.21299970633466e-006 -3.99811240868047e-006 9.09811459274682e-008 1.18265665847999e-007 -6.94780987285461e-009 -2.74941953791143e-009 2.13714740625290e-010 
1.39679844454881e+003 9.20339642455402e-001 1.12815941007716e-004 -4.70635309011162e-005 -6.39142428166180e-007 1.71774019654579e-006 -7.44304823707392e-008 -4.45709423277069e-008 3.10741653826473e-009 9.99318980934175e-010 
-4.02874150836110e-002 -4.40609995851589e-005 1.04520586320028e-004 -6.83669666016959e-006 1.21475377972110e-006 5.51626539680126e-007 -8.56500264416707e-008 -3.28027766955873e-009 8.74848721281907e-010 -1.61976183114312e-010 
3.86803135971856e-001 1.63085983006279e-004 8.05921929223904e-006 -2.96904174974334e-006 1.09549046228108e-006 -1.75287088560606e-007 -2.47125614013911e-008 4.02871812669116e-009 -1.88076664777066e-010 -5.54745438578546e-012 
1.39863892993004e+003 9.19981730224478e-001 -9.20749923478891e-005 4.59925049246343e-006 -1.18462447703335e-006 -4.92150100433784e-007 7.82549422591435e-008 3.05443479193028e-009 -7.80563784938250e-010 1.46672258168379e-010 
