5.07247306982193e+007 -3.83817256351699e+006 -1.40133075611895e+006 -2.67936221200111e+004 3.06884322196834e+003 2.96832342587744e+002 1.04810397973019e+001 -5.58497426181312e-001 -1.01164841856470e-001 -5.78944677558368e-003 5.92714833313163e-005 3.93863041754137e-005 3.24505032783358e-006 5.79600881424601e-008 
2.32727981752062e+006 1.52018782165721e+007 -1.01762645661870e+005 -7.17590473152086e+004 -3.07390830314872e+003 3.48667159955877e+001 1.58252084096762e+001 1.13793591031826e+000 1.54963628525615e-002 -4.82389196812823e-003 -5.17167745368741e-004 -1.84127502164146e-005 1.44329115163237e-006 2.47426316862874e-007 
-3.95437586255937e+006 8.51939251321272e+006 9.08311685760597e+004 -3.55590136482500e+004 -1.96011473633036e+003 -1.21288788712117e+001 7.36819324550523e+000 6.65775611745724e-001 1.87603286080633e-002 -1.97716428929591e-003 -2.82422365261897e-004 -1.39173705208952e-005 4.34803815144155e-007 1.26174798598332e-007 
3.17268957592514e+007 -1.50188417191623e+007 -1.22172860025588e+006 7.02037192465587e+004 7.99164337932530e+003 -6.05576360867790e+001 -5.02376680532396e+001 -1.88021536797827e+000 2.73254606277352e-001 2.74422738793979e-002 -8.27012984567750e-004 -2.67131916582785e-004 -6.43842748079757e-006 1.99048815581082e-006 
2.87478289294649e+007 1.03406927846161e+007 -1.14340363454029e+006 -8.63223476377014e+004 3.11447872823313e+003 5.64228950152041e+002 5.89943494970704e+000 -3.48567706979741e+000 -2.05859569409829e-001 1.66100767288934e-002 2.45062664974563e-003 -1.45217117473650e-005 -2.14428623302368e-005 -9.79161337464913e-007 
1.21295416076099e+007 7.08090027322409e+006 -4.84243821249803e+005 -5.33891275483381e+004 8.35787757507045e+002 3.07697200000384e+002 8.35682533946937e+000 -1.66730707283228e+000 -1.38286858609532e-001 6.03009034751354e-003 1.39486348755570e-003 1.99203198673062e-005 -1.07881190882458e-005 -7.29326793649403e-007 
-4.20882374260386e+006 -1.97604974910033e+007 1.43367517043029e+005 1.28461542870363e+005 -2.85003029671302e+003 -6.49036975719014e+002 3.37238495069439e+001 3.69674787249846e+000 -3.53370355199615e-001 -2.01457797227938e-002 3.51996604398510e-003 7.64602329340962e-005 -3.35425624978004e-005 2.70501756871459e-007 
3.80863322335638e+007 -1.37562973228795e+006 -1.58136108835460e+006 2.62537640028309e+004 7.86192858570573e+003 -3.12438014060644e+002 -4.18178212195797e+001 3.25811276258521e+000 2.31312495543718e-001 -3.23859286909173e-002 -1.04794401138005e-003 3.10501875071507e-004 5.81792730677129e-007 -2.86883810639914e-006 
2.08428494917341e+007 1.31309316017786e+006 -8.59650173767120e+005 7.15128729755382e+002 4.49530120704773e+003 -9.96627282009520e+001 -2.58341355612365e+001 1.35752293081183e+000 1.60185309743872e-001 -1.52138805750874e-002 -9.24544175971642e-004 1.57954260986995e-004 3.78622046907106e-006 -1.56061938208006e-006 
-3.86703466142185e+007 -1.38458700044345e+007 1.16442623641355e+006 3.48505741297117e+004 -5.83993197471542e+003 2.27022135711732e+002 1.15210217732725e+001 -2.09916603662280e+000 9.72618247673765e-002 5.07290482758155e-003 -1.03855866154988e-003 5.26840438801408e-005 2.66126915515986e-006 -5.94991003511605e-007 
2.47590475464390e+007 -1.12868922676812e+007 -8.01354645470057e+005 8.10553486037391e+004 -7.21896583639011e+002 -2.74831996008198e+002 2.33813043611635e+001 -2.92656433926727e-001 -1.12530793318626e-001 1.08149375809191e-002 -1.63983060989876e-004 -5.80965372915777e-005 6.00299458894776e-006 -1.07931944805672e-007 
1.72948833929033e+007 -4.59453384238875e+006 -5.48748773272759e+005 3.96904883628833e+004 2.19435652545595e+002 -1.70343125837139e+002 1.12970551999495e+001 6.11558888069489e-002 -7.01937565440574e-002 5.25194714612497e-003 2.00041086449828e-005 -3.64950643503606e-005 2.93118312100590e-006 3.98879849995473e-009 
-8.29451087412104e+007 1.51089111760075e+007 1.04167796479050e+006 -3.23945284465157e+004 -1.05364911345081e+003 2.22768929330516e+001 3.79813375011449e-001 -8.91852818322493e-003 -2.56898984870274e-005 2.96850397465143e-006 
-6.46081244891987e+007 -1.67131008562794e+007 8.04327110430017e+005 3.43778093066995e+004 -8.80178474860909e+002 -2.00549421156960e+001 4.32706493509208e-001 4.09997765627887e-003 -1.51160440341646e-004 7.73421535630971e-007 
-2.38254399888470e+007 -8.47641558914163e+006 2.96056016114139e+005 1.75194935784932e+004 -3.29431744620757e+002 -1.04340749851292e+001 1.70693883171297e-001 2.40917288052829e-003 -6.64046216760185e-005 1.59927739062638e-007 
-4.58030658899557e+007 2.16374593807305e+007 5.67866921066445e+005 -4.52787538125945e+004 -5.37284787006760e+002 2.83903913240888e+001 1.32372479212576e-001 -8.35696566344051e-003 4.98542169210290e-005 1.15488931768214e-006 
-9.04800377286822e+007 -8.89441998048661e+006 1.12103908816036e+006 1.76800452264217e+004 -1.17080596732096e+003 -8.80281273191997e+000 4.85993836864295e-001 -2.24803554743837e-005 -1.00643850094143e-004 1.74280881040429e-006 
-3.78168180823628e+007 -5.37095415141114e+006 4.68551540372188e+005 1.08204565486679e+004 -4.92881008341766e+002 -5.75729981092847e+000 2.10325571442802e-001 5.18605183360332e-004 -4.84408259861579e-005 7.10179703996030e-007 
1.47821693413921e+008 -2.54091789155577e+006 -7.00587444221392e+005 1.20578229223420e+003 2.76029940908526e+002 4.78853394551191e-001 -4.29327060732678e-002 -7.00366200345468e-004 9.82893212323414e-005 1.22304214413531e-005 -5.45376762930143e-006 -2.91619314195067e-007 2.77682713589497e-007 
1.38339365635972e+007 1.86606774908707e+007 -6.96904535482427e+004 -1.47492070913033e+004 2.08248744469105e+000 3.45002248064764e+000 1.47594767303867e-002 -1.33190247218697e-004 3.29839423552162e-005 -1.18382392078605e-005 -1.21181879685463e-006 6.25991141776546e-007 3.37056480484464e-008 
6.01127516543250e+006 8.08837441311075e+006 -3.02032266712732e+004 -6.39312374894719e+003 9.00572088992394e-001 1.49581705588883e+000 6.43138235823449e-003 -9.88036480027150e-005 1.35875846281541e-005 -2.64496848550336e-006 -6.21315152489564e-007 1.51811205824361e-007 2.50703450943197e-008 
1.37234217286888e+008 -8.01231016655606e+006 -6.59492184491289e+005 5.64023902883817e+003 2.74706638298564e+002 -6.40961953080651e-001 -5.24534351805348e-002 -5.84045269289422e-004 6.80495205199477e-005 2.11750316877395e-005 -8.43889434797768e-007 -1.22009027382909e-006 -9.76208349333580e-008 
5.00412278427491e+007 1.74011178713138e+007 -2.44147240277412e+005 -1.41468991835167e+004 7.39972095538459e+001 3.68952918857423e+000 2.49605746763249e-003 -4.12391601631316e-004 5.76832728232785e-005 1.51384591682314e-008 -3.19253431033375e-006 -4.06616186925244e-007 1.35255628426366e-007 
2.17051625623740e+007 7.54244685585072e+006 -1.05822631460027e+005 -6.13208105212500e+003 3.20731307191774e+001 1.59965606154499e+000 1.02463129368490e-003 -2.16932640541460e-004 2.68587406480961e-005 2.29887672129255e-006 -1.25734861012651e-006 -2.82366075581422e-007 3.87840641415716e-008 
2.05867938759951e+008 -2.29736141025357e+006 -1.43816659534950e+006 8.02350389628878e+003 9.98599969744078e+002 -1.29854296882301e+001 -5.07569805812297e-001 1.49852526622645e-002 1.84410658536732e-004 -9.28448453563244e-006 7.74087435550722e-007 
2.14624996994650e+007 3.27324533578531e+007 -1.54920502638670e+005 -3.73229753504397e+004 3.20328720558126e+002 2.05333611046881e+001 -4.15213279758690e-001 -1.00265895465844e-002 4.46183472716041e-004 5.73492681461042e-006 -1.56309173123417e-006 
4.32246464774927e+006 1.50760443601438e+007 -3.23007038870473e+004 -1.73360861924003e+004 1.20025183375343e+002 9.77030007742745e+000 -1.77010431516344e-001 -5.00859122278331e-003 2.02565989258227e-004 3.16873273703648e-006 -8.57983094757142e-007 
5.50186420936005e+008 -1.23667297618196e+007 -8.44879956334339e+004 3.39624022575459e+002 1.08245289195184e+000 -4.30060112295276e-003 -8.40002251002081e-006 3.21851316083337e-007 
4.64733959882141e+008 1.29425009310245e+007 -7.14356516640348e+004 -3.11692695803638e+002 1.16072931384943e+000 2.62293898695865e-003 -1.41187986456073e-005 4.17434458270402e-007 
1.85805030241918e+008 5.84839815271690e+006 -2.85625980041075e+004 -1.41865227924045e+002 4.71165879349176e-001 1.22806316755707e-003 -5.67103576222840e-006 1.93080904748132e-007 
-8.94235746693174e+008 -1.08041690416304e+007 2.23347772963418e+004 4.12739628146303e+001 -6.31598310290339e-002 -5.07640477606859e-005 1.11542307288042e-007 
9.37738365957919e+008 -8.29368765866123e+006 -2.34375484880646e+004 3.84941765654386e+001 4.59072896285664e-002 -8.58498538431666e-005 1.71809934362511e-007 
4.25848452973514e+008 -2.96038293918583e+006 -1.06431010072687e+004 1.41234263756403e+001 2.16882761827713e-002 -3.33772813814544e-005 5.74363906449765e-008 
-5.60531701924345e+008 -9.29564658566242e+006 1.58919643440913e+003 4.52149328647788e+000 1.15814212440808e-004 -9.77472636759252e-007 
2.52647918096643e+009 -2.16811335747123e+006 -7.16983913855017e+003 4.93403090983211e-001 1.79820448636110e-003 2.75006326194280e-007 
1.11444451530425e+009 -8.18185263823337e+005 -3.16262972870175e+003 1.52277021431596e-001 7.84996127176869e-004 1.33883604467803e-007 
4.11689119839623e+009 -2.93939985959955e+006 -2.94118230960826e+003 3.42629691947958e-001 1.91336744209866e-004 -6.36057877343888e-008 
1.62684925409143e+009 6.43426687869558e+006 -1.16223902589071e+003 -7.68207512836080e-001 6.56711780835379e-005 -2.87595202380761e-008 
5.63382849088949e+008 2.70675733172142e+006 -4.02483663193941e+002 -3.22957341608426e-001 2.19297547647642e-005 -1.09113075121745e-008 
4.19651067018194e+009 5.29850346029448e+006 -1.45875421044616e+003 -9.14192028955756e-002 7.34216397919975e-005 -7.75728838890552e-009 
-3.09856987822545e+009 4.28847921961430e+006 1.07707753289434e+003 -4.07961916548861e-001 5.15380298565421e-005 1.08269261243334e-008 
-2.23136484869999e+009 -2.58110730705356e+005 7.75649539840261e+002 -9.98525644336051e-002 -5.60463168245799e-006 9.74993296951381e-009 
4.71337510959981e+004 -1.75863046286952e+005 -2.85017385220983e+003 1.73655916316055e+003 2.04396002800952e+001 -6.07895107285860e+000 -8.03499551431348e-002 1.06779614683632e-002 5.53669186485386e-005 2.35247849553209e-005 1.96213872933744e-006 -3.17295856504807e-007 -1.63417751273767e-008 
3.27835370177166e+005 1.89535044228181e+004 -2.03138133495497e+004 -2.32265850977398e+002 1.07032169630078e+002 1.23567852339912e+000 -2.73054955965819e-001 -3.29162142152678e-003 1.54450020977881e-004 -1.12175378084408e-005 3.31408071287778e-006 1.85545817474575e-007 -2.22359179914994e-008 
1.09017787064890e+005 1.36512537659738e+004 -6.75614437426909e+003 -1.51071090379568e+002 3.53479348399241e+001 6.73730989815595e-001 -8.89303895147416e-002 -1.56661794404785e-003 4.95229511559347e-005 -4.75255785246824e-006 1.04087293171660e-006 7.59673842414078e-008 -6.84301583912557e-009 
-2.63663307129506e+005 -1.19116948155335e+005 1.59068993282718e+004 1.10079456586276e+003 -9.22974715892272e+001 -3.63774812331667e+000 3.09008250618258e-001 1.32093022619528e-002 -7.74749589012276e-004 -8.84385958311168e-005 9.31434543932137e-007 6.17901233990775e-007 7.26959167320526e-009 
2.14673795850726e+005 -1.26129979759581e+005 -1.32163180255133e+004 1.30528649871284e+003 6.34904868262131e+001 -5.32764150759513e+000 -1.87674477571112e-001 1.54930651373545e-002 9.76196323127147e-004 -3.17288520617364e-005 -7.11035411578049e-006 -9.72415453479045e-009 4.62342370312234e-008 
8.34820785060204e+004 -3.78220150854159e+004 -5.13742804974859e+003 3.95841869602438e+002 2.53644842207914e+001 -1.64925504588179e+000 -7.65099367006060e-002 4.68834363872200e-003 3.63201859470554e-004 -7.04725433631407e-006 -2.44766205988841e-006 -2.90861506103192e-008 1.53549703242118e-008 
-3.52327758468427e+005 3.32818385479986e+004 1.93225397521817e+004 -5.05939201649058e+002 -8.34334653702910e+001 3.77620740936800e+000 1.31840421313056e-001 -2.06737333212488e-002 6.82133222137032e-005 9.91312997168974e-005 -2.85603062052672e-006 -4.66219431647589e-007 3.03217698989052e-008 
-8.73208233870423e+004 -1.60730425772643e+005 4.72832547008987e+003 1.40638993994325e+003 -4.45424739996967e+001 -3.51052398420139e+000 2.74320025567655e-001 2.74175643242406e-003 -1.36306264785922e-003 2.20022651408688e-005 6.43923476897305e-006 -2.98717681016998e-007 -2.87312567361192e-008 
-1.52343632527183e+004 -5.58875727261851e+004 7.96730095934920e+002 4.97696849332762e+002 -1.15527827782265e+001 -1.34606246365413e+000 8.72587147846575e-002 1.79142265446217e-003 -4.64379736474079e-004 3.30405603123846e-006 2.30007908018862e-006 -8.16880617706443e-008 -1.09970661186336e-008 
-1.62461740533459e+005 1.46890999771919e+005 7.83169656957965e+003 -1.22702407822957e+003 -1.24338159818607e+001 2.27554901516480e+000 -1.33459064083329e-001 3.39412877489840e-003 5.43854672615150e-004 -3.44315860312310e-005 4.89490886251124e-007 1.22028324331923e-007 -1.15820592488768e-008 
-3.28213615316458e+005 -7.06866363404988e+004 1.60722138468684e+004 4.47633865068895e+002 -6.11758088676057e+001 7.74909486690229e-001 2.85122388458444e-002 -9.78376727134670e-003 4.12691150683771e-004 1.47231236815444e-005 -2.15105960305934e-006 1.15745427424984e-007 3.78827596588014e-009 
-1.04835060157333e+005 -3.00928253304241e+004 5.12601792976624e+003 2.03782625521280e+002 -2.01738449906934e+001 1.64570950226000e-001 1.50852932302774e-002 -3.45590375168677e-003 1.17008105759991e-004 6.42791936304778e-006 -7.48274987796038e-007 3.41279080547210e-008 1.76710623420712e-009 
1.46685180558511e+005 1.49853812686612e+005 -7.00197313624266e+003 -1.18054139124095e+003 1.49250152093413e+001 1.27665480944449e+000 6.70600487788424e-002 7.49591026182338e-003 -1.60829287238007e-004 -1.82909688166718e-005 -1.03953895856981e-006 -7.00501899689355e-008 3.47036222071039e-009 
-3.35027694477423e+005 6.38131778855052e+004 1.60186566489744e+004 -4.33877750944883e+002 -5.25949122142286e+001 -1.94482449235643e-001 -4.31382757146424e-002 4.61608642853515e-003 4.60202521596258e-004 3.69517945812281e-006 1.12019887582761e-008 -7.81431763490000e-008 -6.25202891812376e-009 
-1.19975023603950e+005 1.54601734193260e+004 5.73856731103248e+003 -9.69431105693802e+001 -1.85027498272603e+001 -1.25518113940291e-001 -1.75248421059980e-002 1.25755834050662e-003 1.63382421126536e-004 2.06033980833582e-006 4.76310072798824e-008 -2.36767355411844e-008 -2.27500942884172e-009 
3.50188061683808e+005 4.40146865379257e+004 -1.84637999257987e+004 -6.00270115815828e+002 6.67359713037029e+001 3.88470145270925e+000 4.36914796564736e-002 -1.56911474599156e-002 -1.21977931426022e-003 1.16361806803656e-005 6.81767461661314e-006 3.72777677065906e-007 -1.63534134023824e-008 
-1.06057042807201e+005 1.56509592801439e+005 5.64454058490464e+003 -1.28916867584244e+003 -4.80171526060486e+001 1.86350154102699e+000 2.53545047240434e-001 1.10923563572210e-002 -6.88140827697205e-004 -9.29596490207366e-005 -2.04182857698191e-006 3.81371479557646e-007 3.64333118881252e-008 
-5.05388139656503e+004 5.14478072767848e+004 2.70143376786698e+003 -4.12936931193096e+002 -1.92335838114991e+001 4.66259470389889e-001 8.46351075273492e-002 4.45100599948516e-003 -1.82451184696095e-004 -3.21723846178519e-005 -9.86470477219583e-007 1.14093303935753e-007 1.31108554340234e-008 
2.84039279454413e+005 -1.09063255230800e+005 -1.70575966329900e+004 9.43333947838476e+002 1.05925865607203e+002 -2.27664209249484e+000 -4.81515656059918e-001 2.01095409716212e-003 2.59293561713391e-003 1.01099598077292e-005 -1.63871220278050e-005 -2.14746553238040e-007 1.11264797085378e-007 
1.97266590578423e+005 1.31918812289440e+005 -1.20337266568649e+004 -1.40373198091177e+003 5.10151286625016e+001 6.71835270958205e+000 -8.07458397118864e-002 -3.26269867683421e-002 2.69376774747804e-005 1.92748490023854e-004 1.34023304848429e-006 -1.27734721311163e-006 -2.21243767886443e-008 
5.55743558184361e+004 4.95470959910487e+004 -3.37742344642531e+003 -5.18548617057855e+002 1.28090402333834e+001 2.38657459968778e+000 -6.80480886631859e-003 -1.12003443654802e-002 -1.01426814365247e-004 6.52322476476458e-005 1.15409831562868e-006 -4.26077495139857e-007 -1.22723920330608e-008 
-1.88086421993065e+004 -1.78296158883846e+005 1.28505837514615e+003 1.80052979762643e+003 -1.41856377394238e+001 -6.93164866419044e+000 1.61520813652916e-001 1.74532227144170e-002 -1.50654313145034e-003 7.36043202903179e-007 1.00739590695425e-005 -5.03788985809366e-007 -4.41183757029371e-008 
3.26795195083092e+005 -9.61788939505384e+003 -2.05820000719317e+004 1.40321762542669e+002 1.13657310360225e+002 -1.50598574893204e+000 -3.46516824778976e-001 1.55654937714939e-002 5.76306371708696e-004 -1.21881071765196e-004 3.42984263658167e-006 6.69219410573059e-007 -5.19238755656484e-008 
1.12471167973767e+005 4.22251627953921e+003 -7.07700651472933e+003 -2.96022424519810e+001 3.93260166335234e+001 -2.12963554771590e-001 -1.24834021064452e-001 4.55000197586015e-003 2.60062924543328e-004 -4.15485323583330e-005 7.41005951196711e-007 2.49475995378068e-007 -1.58145611619854e-008 
-4.65363574720775e+005 7.62613797407469e+003 1.94606776673722e+001 1.40762090046321e-002 -1.45735755404313e-002 -1.47096867781564e-003 1.45023329979314e-004 5.07362364994297e-005 3.33405001722264e-006 -8.40723576451490e-007 -2.00742153086424e-007 
-9.00700525681957e+005 -5.21223842319976e+003 1.72554791854094e+001 1.13915042558409e-001 4.72442674269190e-003 -1.61041248034766e-003 -2.59717965808142e-004 2.88143499099487e-006 6.60200542555734e-006 7.98477958734082e-007 -5.97292746822010e-008 
-3.74360675197664e+005 -2.46003781213195e+003 7.00584871950663e+000 5.75706001503137e-002 3.87106649452321e-003 -7.13289799173329e-004 -1.53703552286632e-004 -3.71557779860491e-006 3.18143377471147e-006 5.13956484616102e-007 -1.11018528235753e-008 
-4.49957667069650e+005 7.77897280114466e+003 1.85844859001742e+001 -6.23378320362882e-002 1.63124916275249e-002 6.70669732294662e-004 -4.17941379185972e-004 2.57835477609519e-005 8.14929574393043e-006 -1.55822838442110e-006 -5.87650289236132e-008 
-9.10983695416968e+005 -5.07039067236296e+003 1.78718907880659e+001 -4.98879340653411e-002 -6.49316916578336e-003 2.40353263904884e-003 -4.32122030336740e-005 -5.35288743577889e-005 6.85529715380411e-006 7.25404540220085e-007 -2.71724198537574e-007 
-3.79222853583938e+005 -2.40180302082520e+003 7.38516375765142e+000 -2.53798424159075e-002 -5.40935782280287e-003 1.21128360005556e-003 2.03237729364246e-005 -3.12667710308114e-005 2.81784311444914e-006 5.49290356099034e-007 -1.39066400106719e-007 
-3.86649559254518e-005 -7.83623936451980e-008 -4.00616766933042e-007 -2.00151323630180e-007 4.02355184246106e-008 1.16090459655827e-008 -1.67234956594897e-009 -3.73323383205700e-010 3.39700304594726e-011 7.96211603455315e-012 
-3.76632614549883e-005 3.18235369157731e-007 2.13538799637702e-007 -6.05836533587096e-008 -2.20588400791622e-008 3.77925818164932e-009 9.17730145267689e-010 -1.29165633061020e-010 -2.31798765621918e-011 3.02866100190019e-012 
-4.12645549567870e-005 -1.54119974024387e-006 4.99233616744479e-007 2.89924553374438e-008 -3.97921050615493e-008 2.63023915015592e-009 1.06008030900519e-009 -2.45948186758932e-010 -7.11635701819512e-012 8.09886362506444e-012 
-3.75468805891510e-005 -4.83683142418502e-007 -7.66984331345044e-008 7.28574175218327e-008 -3.80084821730514e-010 -3.24433194412190e-009 3.92641295487383e-010 6.58436471201332e-011 -2.06633713455842e-011 -8.07836944431015e-013 
-4.30438490074420e-005 -1.15761330615914e-006 -4.71249280636684e-007 -1.56815284385268e-008 3.15082145552593e-008 3.43093498612836e-009 -2.58174969725627e-010 -1.25332866697819e-010 -1.81796806325539e-011 -1.81946413227713e-012 
-3.78231315474163e-005 2.73766162383479e-007 -2.77713620563947e-010 -6.60333212657326e-008 -4.91159600252467e-009 1.90535712301805e-009 3.90977173615754e-010 1.42962652601859e-011 -1.11770441505895e-011 -1.40120229817804e-012 
-4.52924163799019e-005 4.50055818669401e-008 6.04468866926856e-007 -1.45298066366203e-007 -6.08321680328841e-008 8.67241024067948e-009 3.04097279141914e-009 -3.82856164798241e-010 -1.04778803490154e-010 1.69235195955319e-011 
-3.82857445089202e-005 -6.15782002890354e-007 1.48553088019340e-007 8.87287404653764e-008 -1.44933848264022e-008 -5.98510296516616e-009 6.11139871492782e-010 2.43202050192864e-010 -1.90841259765470e-011 -7.62303557225629e-012 
-2.85389898726802e-002 -4.85216676596566e-004 -1.28741158007259e-004 8.92293143167026e-008 8.01751348143925e-006 4.69957470703655e-007 -2.65084349440243e-007 -1.60136511093067e-008 5.36359764685928e-009 3.83746161525814e-010 
4.33066407733353e-001 -1.91612592451675e-004 1.63558789769590e-005 1.49429378033527e-005 6.87178586188626e-007 -6.51759843314651e-007 -3.96385452121746e-008 1.67048942091566e-008 1.03435790207593e-009 -2.64289757290177e-010 
5.56569868684711e+003 9.20269432740853e-001 1.20024931288907e-004 1.78578764009265e-006 -7.34125534092962e-006 -4.48604392090162e-007 2.41014245564726e-007 1.46319279088812e-008 -4.85019360118695e-009 -3.47043367181955e-010 
-2.96225945559739e-002 -3.20355792292184e-004 1.63351983740637e-004 -1.70102827300687e-006 -7.19487239890165e-006 4.28289668352144e-007 1.45213096414990e-007 -1.83887398856491e-008 -6.26504323044571e-010 4.19270955177005e-010 
4.33052544543571e-001 1.69664424534653e-004 7.45985705085377e-006 -1.57259258720389e-005 5.47346446771658e-007 4.73087816765790e-007 -4.00972545761165e-008 -5.87280549478686e-009 1.23129354935433e-009 -4.54080930019041e-011 
5.56753939656952e+003 9.20193883509800e-001 -1.38120219431447e-004 6.22622805058869e-007 6.37943338800372e-006 -3.75855646561538e-007 -1.31751888381541e-007 1.65088105951554e-008 5.89122900827684e-010 -3.78386641022894e-010 
-2.96545768868339e-002 8.56503114916757e-005 -5.27747846683857e-005 -2.39246153235316e-007 4.70187517542436e-006 -2.47443138945737e-007 -1.29935627536573e-007 -3.08737801486444e-009 1.15781308484982e-009 2.49443087527832e-010 
4.33175225099174e-001 -6.61876214631912e-005 -1.86404465760456e-005 7.69465283850540e-006 -5.27410934244659e-007 -3.66175436322481e-007 7.91507763189193e-009 6.28246623715272e-009 5.29477869436513e-010 -1.55975026466635e-012 
5.56937926051365e+003 9.19838668996599e-001 4.00069659012706e-005 -1.29003935053744e-006 -4.16655130784403e-006 2.47132436226075e-007 1.19572954635846e-007 2.70256681892517e-009 -1.10456095462385e-009 -2.30905305656673e-010 
-2.97025296310157e-002 -1.21560895116777e-004 -6.01727144384986e-005 -2.63153283100332e-005 -1.46460190595608e-006 1.48588343149756e-006 1.17828449830911e-007 -4.53616899779217e-008 -3.24348983440497e-009 1.12916184457109e-009 
4.32942062154867e-001 -1.84714614743925e-004 -3.10183249484756e-005 1.19953125292491e-006 2.97619012188614e-006 2.19257332663674e-007 -1.14570259349573e-007 -8.70331668594160e-009 3.02792441689607e-009 1.84116770770950e-010 
5.57121905665103e+003 9.19949498853327e-001 5.03755564305223e-005 2.60942362151963e-005 1.41978432354728e-006 -1.39291550268089e-006 -1.06968732518650e-007 4.20758815914830e-008 2.90058818354872e-009 -1.04467633938178e-009 
