2.13914449832870e+007 1.25045074665658e+007 -2.76541795813374e+005 -3.10281077565382e+004 -4.53902527689141e+002 -1.39423111645698e+001 2.07106329806654e-001 2.94817977202573e-002 1.96018444782382e-003 9.71390812401891e-005 3.57225102856195e-006 9.36580892878379e-008 -3.78855620566181e-010 -2.24430172814856e-010 
-5.43096041638234e+007 5.91573173402313e+006 7.18312426091581e+005 -3.32095037890917e+003 -5.03325206224649e+002 -2.22349228650244e+001 -1.11557799644805e+000 -3.11825255931777e-002 -7.55505938104917e-004 1.41736796720290e-005 2.30385230810943e-006 1.64764992997023e-007 8.34249503930160e-009 3.27698371936332e-010 
-3.12332160431380e+007 1.86280790141477e+006 4.12378665637067e+005 1.44352237585591e+003 -2.21794001627705e+002 -1.04314446674237e+001 -6.17389969600329e-001 -1.97138058455330e-002 -6.06832228657030e-004 -2.50242986927122e-006 8.60276915187351e-007 7.82987434715452e-008 4.49548637553400e-009 1.98420879971514e-010 
4.29103038349209e+007 8.66201335097179e+006 -6.99594614130593e+005 -3.97907003612475e+004 -5.61734521268747e+002 1.23876793587824e+001 2.66395957261391e+000 1.79891746069520e-001 8.25527285648177e-003 2.03668082973021e-004 -6.65174041610253e-006 -1.23762508922505e-006 -9.27367455682847e-008 -4.56551337512583e-009 
-3.69836960215995e+007 1.13210499879215e+007 6.09858110228487e+005 -1.67163007769698e+004 -1.29466639725752e+003 -6.05881276755048e+001 -1.99457538504421e+000 -5.31055343480567e-003 4.74796912710336e-003 4.37790401211686e-004 2.46937972061909e-005 8.84296591243078e-007 2.08638505188807e-009 -2.69239689380782e-009 
-2.42107067387610e+007 5.14862856912385e+006 3.98314244964998e+005 -4.80323944925826e+003 -6.33323680408642e+002 -3.36489989171682e+001 -1.34168818086074e+000 -2.14907628151259e-002 1.68018656934906e-003 2.12735605433225e-004 1.38804796249605e-005 6.00702625128164e-007 1.07309497985425e-008 -9.64776491929705e-010 
5.30508758529919e+007 1.05474958574923e+006 -1.20551800179579e+006 -4.10378137175044e+004 8.95572655728687e+002 1.66947804781853e+002 1.09807331134657e+001 2.90807173987465e-001 -2.00156249284732e-002 -3.13103930706879e-003 -1.99909171374266e-004 -3.94015984779822e-006 6.11264525818688e-007 7.93628383095171e-008 
-1.04167693847705e+007 1.49382831191350e+007 2.37732230566029e+005 -4.92021943349293e+004 -2.81715148497314e+003 -7.03622287474437e+001 3.97807610754764e+000 6.21060147112815e-001 3.87047330758627e-002 7.93475837763294e-004 -1.05586270021454e-004 -1.38531875485397e-005 -8.11327817322640e-007 -9.11563544940257e-009 
-1.10720215120384e+007 7.86969626936730e+006 2.51997439988816e+005 -2.20269481802909e+004 -1.59770886328149e+003 -5.48973367851432e+001 9.86314981493524e-001 3.01596994253050e-001 2.27505031854770e-002 7.48528770550186e-004 -3.56713590242114e-005 -6.99139709740707e-006 -4.96773871926023e-007 -1.30989306376623e-008 
4.43562601018757e+007 -9.96653988946708e+006 -1.45490655669754e+006 1.39730090915723e+004 6.54304203746849e+003 3.08810116647948e+002 -1.39049640745547e+001 -2.75509693312219e+000 -1.06571921770906e-001 1.06370735117874e-002 1.52563722018130e-003 3.77054094247764e-005 -8.44355939199333e-006 -9.37527338414750e-007 
1.89254936779203e+007 1.36779728265051e+007 -6.30966098840827e+005 -9.21657000185251e+004 -1.25504665354794e+003 3.32575212774985e+002 2.82192186953332e+001 -1.06156376449722e-002 -1.78160239212534e-001 -1.28090895095058e-002 2.93686978142145e-004 1.14217272459771e-004 6.47659746627799e-006 -3.65636645935818e-007 
5.50230733853114e+006 8.33934046952147e+006 -1.86175776034004e+005 -5.06812294988934e+004 -1.34889796505838e+003 1.45629746546410e+002 1.65157903169058e+001 2.80022310726375e-001 -8.41170072032435e-002 -7.94527246357451e-003 -1.32348951397054e-006 5.71016942679266e-005 4.33517747421343e-006 -9.80946816622453e-008 
6.04003169371345e+006 2.38598379782037e+007 -6.83528767993887e+004 -4.91043740769921e+004 1.03354406610145e+002 2.87309978874753e+001 -9.33911235179006e-002 -6.19885458969409e-003 5.93881359187782e-005 -4.95651917549853e-007 
-9.73224294642741e+007 1.59954962061125e+006 1.21343183802950e+006 -3.84403859138901e+003 -1.22508324101676e+003 3.63622933651433e+000 4.41817558422323e-001 -2.41044009478323e-003 -3.88442017025932e-005 1.15625450389857e-006 
-4.41604104485372e+007 -7.90626065791265e+005 5.50255158354947e+005 1.37803294976005e+003 -5.57713581009382e+002 -1.82253587591928e-001 2.04695112545317e-001 -6.93093452505799e-004 -2.11892221606603e-005 5.55363986745404e-007 
5.13948828037063e+007 2.10267191488444e+007 -6.29267864744675e+005 -4.30309316650528e+004 6.42524947299320e+002 2.46006711511542e+001 -2.43869698748195e-001 -4.69155434830617e-003 3.30692507231703e-005 -7.85239576825087e-007 
-8.47912386165378e+007 1.07984152756875e+007 1.05389367635564e+006 -2.23124989586039e+004 -1.05237943417708e+003 1.33203647992153e+001 3.61657781334952e-001 -3.20264686499742e-003 -1.74090907299238e-005 4.17832514756548e-008 
-4.13934503108427e+007 3.52728220845856e+006 5.13974500052759e+005 -7.31539442449513e+003 -5.14133200263028e+002 4.43613156064460e+000 1.78144789394166e-001 -1.14401093173730e-003 -9.92281677162828e-006 6.75334280619341e-008 
-1.25553235332027e+008 1.07348649643607e+007 5.89314548764540e+005 -8.98272462464115e+003 -2.11009073731515e+002 2.55296134379505e+000 1.76360941688015e-002 -2.13106039668186e-004 1.15634754677912e-004 -8.09269767365186e-006 -6.51808204638306e-006 -1.69219950381272e-007 3.36023962758888e-007 
-7.36477359698132e+007 -1.59389398873765e+007 3.46004283201621e+005 1.20259152667438e+004 -1.51760723326170e+002 -2.29779894348526e+000 3.21630686577113e-002 3.63277828951866e-004 9.99497765526150e-006 -2.05395058524490e-005 -2.35721635444071e-006 8.84023570642295e-007 2.35594632652934e-007 
-3.19475674316100e+007 -6.91008164195939e+006 1.50004755380895e+005 5.21367692420770e+003 -6.57944924517070e+001 -9.96275605084350e-001 1.41005408917033e-002 1.68042676687650e-004 -7.45463664306990e-006 -1.00830384130036e-005 -4.15880270587896e-007 4.97222168271330e-007 8.07408053847486e-008 
-9.97481977231279e+007 1.49648398917248e+007 4.63020677749634e+005 -1.19290419689356e+004 -1.56215440433209e+002 2.87960109488474e+000 7.90180592255769e-003 -1.22968517362489e-004 3.37261396441943e-005 -2.94779460470598e-006 -6.12776320806052e-007 -1.91267057601078e-007 8.16830631137852e-009 
-1.02331862711230e+008 -1.26381564480665e+007 4.74367434114016e+005 9.27242702211259e+003 -1.89999781230951e+002 -1.54039397891679e+000 3.08716837232396e-002 1.38972316066972e-004 -7.95809313544348e-006 -6.11603446639838e-006 -7.76284449832305e-007 -2.81011460476272e-008 5.35236970444305e-008 
-4.43831278716597e+007 -5.47907715055807e+006 2.05654936800718e+005 4.01994203277926e+003 -8.23724445716553e+001 -6.67568941356589e-001 1.34769829818819e-002 4.26374194460461e-005 -8.22552612500533e-006 -2.28525412821450e-006 -2.22183373626658e-007 7.04354968267111e-009 2.27621794919177e-008 
-1.62329467550275e+008 -2.37849766709337e+007 6.87745345539183e+005 1.49049476999240e+004 -2.41616821696372e+002 7.92015922451723e-001 -9.78381693110325e-003 -8.51553462755958e-004 1.52060735089075e-005 -3.77035408482474e-007 -2.97975018956563e-008 
1.66149066955800e+008 -1.77613127439357e+007 -7.00524693316877e+005 1.43478142440468e+004 1.29121029399496e+002 -1.90701669157013e+000 4.92823604512845e-002 -7.15917318200439e-004 -9.36544819274448e-007 8.13504122079198e-008 3.05394305801168e-009 
8.05792161526324e+007 -7.50444250104530e+006 -3.39893937415251e+005 6.17824253450596e+003 6.57534634455326e+001 -8.96092255554823e-001 2.28709236796944e-002 -3.05036322059976e-004 -8.14311447691773e-007 4.26588617029483e-008 -2.10102970552923e-010 
-5.86387430021427e+008 1.22385883011166e+007 6.97457618262720e+004 -2.24184404019290e+002 -6.93611371171455e-001 3.81908768740590e-004 6.64569059876763e-007 -1.03297786973725e-008 
-5.19042240725841e+008 -1.11233491801958e+007 6.17370411206205e+004 2.36818086310142e+002 -4.41627650201127e-001 -1.19805021008716e-003 -1.68310039432574e-006 5.93910088814847e-008 
-2.08205242997266e+008 -5.06585788931494e+006 2.47643466106061e+004 1.06965640184573e+002 -1.72401915942837e-001 -5.23343037535252e-004 -7.43757102164615e-007 3.42301151848167e-008 
-8.98458416804727e+008 -1.07671157293274e+007 2.23893223804363e+004 4.10594328019976e+001 -6.30184614528930e-002 -4.94113025227615e-005 2.08799795625954e-007 
9.36189193195940e+008 -8.32241872757172e+006 -2.33220212740353e+004 3.84120935131455e+001 4.54994074106815e-002 -8.43975822273065e-005 -8.28196632856810e-008 
4.25359741965092e+008 -2.97398507605620e+006 -1.05966989582238e+004 1.40986476309617e+001 2.15010189430812e-002 -3.27457780875979e-005 -3.59657381003093e-008 
2.84528929664492e+009 2.94964450536057e+006 -6.66079615262171e+003 -1.06396335235181e+000 1.13276029806633e-003 1.73931138977173e-008 
-8.67590504660383e+008 7.78148677128581e+006 2.03087912356621e+003 -3.06268518502272e+000 -2.92113316524832e-004 2.28131599215781e-007 
-4.20225814977304e+008 3.36638131460701e+006 9.83682765207692e+002 -1.32635967502874e+000 -1.43795928332578e-004 1.01417613476686e-007 
3.32647791620319e+009 5.00582415331098e+006 -2.32291787438050e+003 -5.99591610632977e-001 1.23608080343740e-004 2.19418293377723e-008 
-2.76978015801326e+009 5.23221884106200e+006 1.93459549183155e+003 -5.95828865998743e-001 -1.17550977361231e-004 2.85910021319631e-008 
-1.21650281830558e+009 2.01694970346241e+006 8.49672231863912e+002 -2.28950740433004e-001 -5.12813882568629e-005 1.15727112894947e-008 
-3.97709350529762e+008 7.62466247703625e+006 2.50598519626712e+002 -8.29901271036235e-001 1.27626488223229e-004 5.87102443193080e-008 
-4.45823999876643e+009 -1.06049828759240e+006 2.80952400009537e+003 -2.14149243294722e-001 -2.13111443182537e-004 3.68169640318990e-008 
-1.27145051016248e+009 -2.62823267831296e+006 8.01215206794291e+002 1.83085075957102e-001 -1.03358664041253e-004 -5.78035972516521e-010 
-1.54941933856840e+005 1.57942177613843e+005 7.98566487800699e+003 -1.29305623007147e+003 -5.09600182777898e+001 2.32483518261834e+000 1.36227092535887e-001 3.15038505786859e-004 6.04926132562168e-005 1.47803106929773e-005 -1.07624832595456e-006 -1.54708028614065e-007 -1.03596604294390e-009 
-2.94088194757329e+005 -5.64390385719509e+004 1.56786337298320e+004 6.38770748759583e+002 -5.82321728273845e+001 -2.62871523207065e+000 3.85129640795784e-002 3.37739650765286e-003 -2.29495087924173e-005 1.40722489068534e-005 1.64644413009594e-006 -2.91990154937673e-008 -8.16975386509747e-009 
-1.59603193000960e+005 -3.20386886933231e+004 8.52175424290929e+003 3.58419967620875e+002 -3.15488909499254e+001 -1.45381059586264e+000 2.03002062007819e-002 1.84900130253681e-003 -1.32201050063339e-005 7.58060936427312e-006 9.08052730003707e-007 -1.49179164153587e-008 -4.46312321093628e-009 
1.68986007103612e+005 1.50624521962469e+005 -1.02924684419908e+004 -1.55091208027565e+003 3.01116367418527e+001 5.82094292180020e+000 1.27673692233478e-001 -7.83850454081535e-003 -1.22211649857899e-003 -7.28709398090064e-005 2.41997070601176e-006 6.33294007254888e-007 2.93041498440532e-008 
-2.70761302849832e+005 8.03269072968820e+004 1.62850891715618e+004 -6.23611822674257e+002 -9.12946047131900e+001 6.90004609587286e-002 2.38056443967103e-001 1.34453033064670e-002 2.34243876077983e-004 -6.34338391556424e-005 -6.94617587494839e-006 -9.13114356821938e-008 3.38384601745648e-008 
-1.49231384244344e+005 4.28210945542530e+004 8.97699459087292e+003 -3.30823062108361e+002 -5.01473591179456e+001 1.72604246002279e-003 1.29419452022015e-001 7.39583851845937e-003 1.35876486641646e-004 -3.41847255353989e-005 -3.81283880830485e-006 -5.40967507761969e-008 1.83046267549443e-008 
3.40805113064124e+005 1.12123225154636e+004 -2.20591579195977e+004 -1.38235972332826e+002 1.33389103081056e+002 1.49875465851355e+000 -5.81935980823179e-001 -1.99922730809318e-002 2.89373275170038e-003 2.20702202669531e-004 -1.45129328674294e-005 -2.07869756396003e-006 5.36543356101001e-008 
-1.93723404818913e+004 1.58517800778080e+005 1.38399990123112e+003 -1.66201682401202e+003 -1.22640660927349e+001 7.69031774369700e+000 1.53314136044790e-001 -3.55084158863363e-002 -1.88352478947856e-003 1.82896170631941e-004 1.90033184193577e-005 -8.38825455594951e-007 -1.70127980806588e-007 
-1.30913941095569e+004 8.65239855079855e+004 9.04928160705137e+002 -9.07979442050166e+002 -7.56346266209990e+000 4.19712837566069e+000 8.75756368405531e-002 -1.92851772841484e-002 -1.04856397427953e-003 9.85281905247552e-005 1.04834247442050e-005 -4.44797694946799e-007 -9.33503644606874e-008 
2.05475387432994e+005 -1.38302839071536e+005 -1.23640066804715e+004 1.50863227834504e+003 4.10739052762458e+001 -7.58308380427333e+000 1.23814583376153e-001 3.55316075263214e-002 -2.26862810447868e-003 -1.44885623205824e-004 2.13468364639035e-005 1.69222706002807e-007 -1.65838765049023e-007 
2.50636973752851e+005 9.76468481785147e+004 -1.50080832454277e+004 -7.85248754605964e+002 9.67169424866744e+001 5.52838920013972e-001 -4.53888590535664e-001 1.78081572779540e-002 2.06677894434498e-003 -1.99079046306893e-004 -6.33520203865757e-006 1.68883424447980e-006 -2.28988248571849e-008 
1.35306320575388e+005 5.42506227683468e+004 -8.12037647138797e+003 -4.38875836854124e+002 5.26534062347250e+001 3.52089200567234e-001 -2.49104401337866e-001 9.50029845137485e-003 1.14498832936129e-003 -1.07874227290714e-004 -3.60467622307183e-006 9.22080635787667e-007 -1.14175269828162e-008 
-1.11134550206881e+005 -1.63085747117878e+005 5.73577598317229e+003 1.29192932115501e+003 -4.54777676178690e+001 -1.06589610703858e+000 1.75022648520746e-001 -1.49501370633256e-002 1.25394740656073e-004 5.95197487983058e-005 -5.21541082069313e-006 1.36490960729319e-007 1.91437081791136e-008 
3.13399196756827e+005 -3.57054370265438e+004 -1.60895479563878e+004 4.82499253235573e+002 5.19243646610048e+001 -2.72572616228860e+000 9.52486075237374e-002 5.38306249737341e-003 -9.94352648091750e-004 4.20174424312872e-005 1.23096963098660e-006 -3.37893258578013e-007 2.16692982411183e-008 
1.71662960462641e+005 -1.84360322032656e+004 -8.82256750896806e+003 2.56198792703280e+002 2.86977072265728e+001 -1.48670405549956e+000 5.07954370423047e-002 3.04362966132285e-003 -5.44405245803307e-004 2.25794809966220e-005 7.08164293689611e-007 -1.85613196218954e-007 1.17174865669381e-008 
-3.51571954712624e+005 -6.83142183774955e+004 1.65724272806081e+004 5.02202294655103e+002 -5.18986358053512e+001 -4.91361004091470e-001 -5.80451696049011e-002 -7.96390026439285e-004 4.37935513523925e-004 -2.72275504644809e-006 2.95634294653000e-007 -1.72687321217563e-008 -4.80668003434743e-009 
1.39388444337787e+005 -1.30420999472874e+005 -6.68847953427301e+003 1.00550660528759e+003 1.96297833787105e+001 -9.10524497969704e-001 4.75767237570067e-003 -6.61864576566889e-003 2.11045727940843e-006 1.14089564190854e-005 -5.65871101532066e-008 5.93469269509546e-008 -2.13718059554927e-009 
7.82589385567492e+004 -7.07092030086430e+004 -3.74501506793380e+003 5.46799143680988e+002 1.09899464785124e+001 -4.99984880590987e-001 2.98256909721745e-003 -3.60391509049749e-003 -1.22708479278828e-006 6.26959523057089e-006 -3.37727288375360e-008 3.24623563267105e-008 -1.13932007722184e-009 
-3.47259971291186e+005 7.30905416013928e+004 1.70928051448599e+004 -4.62611217319950e+002 -6.96495005167818e+001 -6.68954671398820e-001 9.49526668691981e-002 9.85485685246704e-003 2.79036926933481e-005 -3.41017761307764e-005 -1.24311773140575e-006 7.74693829871007e-008 9.73530030666649e-009 
-1.34049832079328e+005 -1.31962758380235e+005 6.52101371326101e+003 1.12262638849179e+003 -1.05894637551937e+001 -2.57137880371826e+000 -1.04888071896677e-001 1.84272552238838e-003 5.47784123316338e-004 8.96187432562366e-006 -1.50166122889220e-006 -1.04375109052925e-007 2.33489961914916e-009 
-7.08143745447709e+004 -7.23289684718347e+004 3.46666276240049e+003 6.15099317963328e+002 -5.49210656822447e+000 -1.40187715795375e+000 -5.75048863898091e-002 9.61001290138815e-004 2.98742941710358e-004 5.04537352778784e-006 -8.13617679920678e-007 -5.72792612091566e-008 1.22712648411689e-009 
-9.51957838096174e+004 1.68888736308603e+005 5.04089781582729e+003 -1.48033917179880e+003 -4.25437502334949e+001 3.82654308501946e+000 1.98126060754637e-001 -6.52197086982266e-003 -6.13190292198961e-004 3.06260030303980e-005 2.24247469695930e-006 -1.97431927406356e-007 -1.38484723263882e-008 
-3.08178978412590e+005 -3.33567815946477e+004 1.69673699892251e+004 4.56782519224947e+002 -7.34555310156644e+001 -2.72756158181427e+000 1.33932130393081e-001 9.99716254258112e-003 -3.40264968482534e-004 -3.00286784289366e-005 2.23434057254983e-006 1.50504160379690e-007 -1.24543625579249e-008 
-1.67057193844606e+005 -1.90595924495335e+004 9.22324887895107e+003 2.55832416054804e+002 -3.99165934951400e+001 -1.50367339547339e+000 7.23410808286597e-002 5.48443586344977e-003 -1.82960836559306e-004 -1.65397883513542e-005 1.20764824487418e-006 8.30153439410962e-008 -6.72618503004297e-009 
5.26070865210006e+005 -4.51480647545558e+003 -1.96536062469653e+001 2.18650228067719e-001 1.90023967017749e-003 -4.57344675829863e-005 -1.07696845121533e-005 -1.76179884241094e-006 -1.95185901000286e-007 -2.08591697386622e-008 -5.28051141898784e-010 
4.02761308730126e+005 6.29192255918719e+003 -1.73486686460194e+001 -4.55279852760223e-002 5.69144553244718e-003 2.06817245751029e-004 1.58747654976029e-005 7.36699521440141e-007 -2.14563140526847e-008 -1.92528792408513e-008 -1.77154367556813e-009 
1.55682228008122e+005 2.76164004459120e+003 -7.14219228893622e+000 -3.12469242875103e-002 2.60164096964862e-003 1.11612231527954e-004 9.70057745983169e-006 5.76409737972897e-007 8.77004902609680e-009 -7.78462011157371e-009 -8.86532943349016e-010 
5.16892501926179e+005 -4.66133613961517e+003 -1.70095661410498e+001 1.94281888911590e-001 -1.01104112881721e-002 -1.60409892067424e-003 -7.82146954601133e-005 1.69223029707840e-005 4.34881242717737e-006 3.35952721420471e-007 -3.94423283068394e-008 
4.15206014199767e+005 6.15293448528229e+003 -1.71548562054704e+001 9.25559220571832e-002 1.04666538332254e-002 -3.97665632233596e-004 -1.80135456833180e-004 -2.11552740944659e-005 2.30060878903845e-007 4.89862193034620e-007 7.74821571499065e-008 
1.61147853173670e+005 2.70397241346664e+003 -7.14900948258417e+000 4.07364400597336e-002 6.35105452046759e-003 -4.71555379835606e-005 -8.80070896447709e-005 -1.30554557219851e-005 -3.28064948166608e-007 2.27195778330607e-007 4.54853594792090e-008 
-9.47728716777877e-006 1.39233700909330e-006 5.00323332837273e-008 -2.84320843000109e-007 -1.45446110491724e-008 1.27989575992720e-008 1.40396609296215e-009 -1.68926963641649e-010 -3.68332407726356e-011 -2.09470850256937e-012 
4.54005549688086e-005 -2.34485171307626e-007 3.71669501061001e-007 7.56276985910799e-009 -3.13362062587087e-008 -2.43106018971343e-009 7.80742444131615e-010 1.16608972566867e-010 7.87959123859076e-012 -2.34300077441930e-013 
-9.47023710606354e-006 -7.05018083926754e-007 7.14940637352570e-007 1.99330512685721e-007 -8.69844002300863e-008 -1.20184553017570e-008 5.47833499214173e-009 4.46126197065118e-010 -2.61034747571685e-010 -1.54576790526731e-011 
4.50167419819961e-005 -8.65050722266356e-007 -2.74657919806594e-007 1.28628119393973e-007 2.53174934020637e-008 -1.01397862323071e-008 -1.06118904474258e-009 5.16192964754866e-010 3.31890185133771e-011 -2.00469753118728e-011 
-8.43065705102550e-006 2.46023924353152e-007 -7.14619929069603e-007 5.92036465350144e-009 4.07877583359076e-008 -2.42255539770314e-009 -2.53062734903167e-010 6.31776340745771e-011 -8.57855778819319e-012 3.15242635253204e-012 
4.41617590813493e-005 2.68191086689687e-007 3.53841069086352e-008 -9.18846389127262e-008 1.89601685755124e-009 2.21349023199426e-009 -1.56267685884929e-010 4.67488134039571e-011 -1.10212160558756e-011 -2.08305889696595e-012 
-9.00634017777298e-006 6.44761703889069e-007 8.45133773218167e-007 -4.70430470041426e-009 -5.90605978193198e-008 -3.81193904401568e-009 1.61660447354623e-009 2.52022330107551e-010 -2.11310348592524e-011 -6.21202768577789e-012 
4.34383996914497e-005 -9.96528865543314e-007 4.51917160058726e-008 1.10341758679168e-007 3.63040809578731e-009 -4.66743635540303e-009 -5.89117184776288e-010 8.14003343665214e-011 3.00435750274562e-011 -6.35150186495514e-013 
-4.95082442848658e-003 -1.14046217981715e-004 2.12017095532916e-004 3.95732893344310e-005 -3.45238316089125e-006 -1.55320588216034e-006 -3.24894754849397e-008 2.88462995508634e-008 2.21711747177394e-009 -1.45526815236590e-010 
3.82074281988136e-001 3.15285201304006e-004 5.43027826319908e-005 -1.19348384157215e-005 -3.19681515632327e-006 5.85647650511155e-008 8.64035209504883e-008 4.35233580968731e-009 -1.00620419340209e-009 -1.11389075421177e-010 
3.09303176578272e+003 9.19969419089021e-001 -2.11113082874071e-004 -3.64333243160338e-005 3.42613602726640e-006 1.44613676156947e-006 2.98908385452616e-008 -2.68197082219709e-008 -2.09146276089228e-009 1.31275670320341e-010 
-3.51367137312442e-003 1.29997070515500e-003 -6.60608116718946e-005 -5.66254702183096e-005 6.61120787558324e-006 1.56072468005544e-006 -3.05162612565047e-007 -3.50181702010156e-008 1.03723618668664e-008 7.13611301220328e-010 
3.82490947594601e-001 -4.58549309052742e-005 -1.03165949097027e-004 8.77945866175832e-006 3.57707259137513e-006 -5.58659994193554e-007 -8.74367553795634e-008 2.14132218541347e-008 1.83212363445967e-009 -6.89048552368942e-010 
3.09487009519653e+003 9.18611394055285e-001 6.80533173222563e-005 5.47303615181113e-005 -6.33072084835269e-006 -1.48928328333685e-006 2.87275335639355e-007 3.34262742341642e-008 -9.74145659983741e-009 -6.88905838251314e-010 
-2.17932190738834e-003 7.72040048510388e-006 -1.26631401911407e-004 1.28233939711809e-005 -2.29850920661299e-006 -1.43579290201598e-007 1.04288368156808e-007 -3.86381412116794e-009 -1.54851664036587e-010 7.57717653239237e-011 
3.82057797220720e-001 -2.74260120828993e-004 2.44443348427994e-005 1.98395888138635e-006 -6.07049019135928e-007 2.53114684433822e-007 -1.67089802151399e-009 -3.50014717697179e-009 2.74909967092765e-010 -4.74333562737582e-011 
3.09670857780381e+003 9.19896448262821e-001 1.25242005697737e-004 -1.34799775538641e-005 2.03555460938014e-006 1.47543708601426e-007 -9.75070012346465e-008 3.73714779717159e-009 1.55460084672211e-010 -7.50166163635616e-011 
-2.86532239108213e-003 -5.93622356799719e-004 1.29813180464206e-005 3.42556418202295e-005 5.09782113970609e-006 -2.99225409918908e-007 -1.84512495578549e-007 -8.09687418201232e-009 2.81903989386832e-009 3.49778041501641e-010 
3.81826892933845e-001 8.89928983781072e-005 7.80045375236918e-005 5.21760705611785e-006 -1.48784037897789e-006 -4.18428975385456e-007 -2.66555454969262e-009 9.20158837567612e-009 7.26285509425679e-010 -1.02038445208667e-010 
3.09854901869227e+003 9.20435251694950e-001 -2.32883076618931e-005 -3.26139392337112e-005 -4.53465050383530e-006 2.87879536225248e-007 1.69478864654607e-007 7.36982543595073e-009 -2.59390226734636e-009 -3.21797972584315e-010 
