1.54219394341207e+007 -1.88611841916242e+007 -6.07829640746280e+005 1.23824054951997e+005 4.06884315196537e+003 -6.65537434766676e+002 -3.24828235842967e+001 4.43261125264641e+000 2.97299373463801e-001 -3.30892111618289e-002 -2.90185432839751e-003 2.60652526174057e-004 2.92620505805612e-005 -2.10482216905306e-006 
3.74927910298965e+007 4.73972095779622e+006 -1.54640422512903e+006 -3.84609277855930e+004 8.05202913369988e+003 2.85418260523636e+002 -4.88012657226193e+001 -2.53390301484431e+000 3.50381599984835e-001 2.44697514075447e-002 -2.72528492961359e-003 -2.46694686687982e-004 2.19750047251724e-005 2.56278703472968e-006 
1.84645842928845e+007 4.48721503800922e+006 -7.63012771053173e+005 -3.33850481377007e+004 3.87922203391444e+003 2.21477105355158e+002 -2.26997659264459e+001 -1.81318933595208e+000 1.56334049360484e-001 1.65023071161113e-002 -1.15485008169577e-003 -1.58806329911590e-004 8.70396974051907e-006 1.58723287671292e-006 
-2.23759163079635e+007 -1.77298733559562e+007 8.18040017446088e+005 8.52481174720213e+004 -6.76023741436621e+003 -9.16591488749086e+001 4.31252737742792e+001 -1.88624894884701e+000 -1.82829001866478e-001 2.46456089148702e-002 -1.41620326300632e-004 -1.83371419146451e-004 1.27292614304890e-005 6.85388603952177e-007 
3.46988759540523e+007 -7.28480041914927e+006 -1.25852984114307e+006 7.28649890275242e+004 3.14351578052199e+003 -5.01519938501170e+002 9.56929520285954e+000 2.61760663173761e+000 -2.19218953660114e-001 -5.62246130038486e-003 1.99649686441675e-003 -8.11405019872036e-005 -1.08656200159516e-005 1.36923635303799e-006 
2.08907750523159e+007 -2.05324678912746e+006 -7.57099298857488e+005 3.00822199290099e+004 2.38020052373732e+003 -2.58391974993522e+002 6.39593658629713e-001 1.59384508676241e+000 -9.81409922355410e-002 -5.55899133953289e-003 1.08115377597810e-003 -2.43289002174206e-005 -7.12411165698796e-006 6.60358843742573e-007 
-4.92770062915155e+007 -8.81367404475954e+006 1.25470143981378e+006 -2.83815011363233e+003 -3.27905170961819e+003 2.34668064982419e+002 -6.52105121400382e+000 -4.76223585240807e-001 7.22680110496909e-002 -4.14608870844326e-003 5.69930218612019e-006 2.17528199032346e-005 -2.08779792057680e-006 7.70835407624927e-008 
1.30248377540476e+007 -1.36126041737156e+007 -3.36891202641237e+005 6.72820029708105e+004 -2.26221514501194e+003 -4.47471484621645e+001 1.25071453647049e+001 -8.67011637775477e-001 1.73792243759437e-002 2.73673082498513e-003 -3.41546485151079e-004 1.71727746536629e-005 2.66517098686560e-007 -1.22266528558936e-007 
1.21017786887655e+007 -6.35797139307124e+006 -3.10068204348835e+005 3.62343863727393e+004 -8.68375626060217e+002 -4.82374719867917e+001 7.35718146806045e+000 -4.13747507077690e-001 1.78914712151672e-003 1.89183881612862e-003 -1.83033288676844e-004 6.91702370531158e-006 3.58890305279456e-007 -7.33005915897875e-008 
-5.74094099286850e+007 4.88340070975139e+005 1.02869426470773e+006 -2.76393342006802e+004 -3.81026795469025e+002 6.59394207642397e+001 -4.78103183196645e+000 2.07837533100912e-001 -3.87935560316517e-003 -3.24077086727575e-004 4.26043696847654e-005 -2.83576042996444e-006 1.14717642583452e-007 -5.72374412243396e-010 
-1.47723136183490e+007 -1.36899895026807e+007 2.57979996620626e+005 3.36244516445552e+004 -1.64516838052322e+003 5.68938178300343e+001 -4.27998109092590e-001 -1.26272597420386e-001 1.21953559975454e-002 -6.92527971706757e-004 2.23166032377341e-005 3.27067853632127e-007 -1.10777489833931e-007 9.33214205580439e-009 
-1.90429186087674e+006 -7.36391432709436e+006 3.11311790827193e+004 2.08273550229171e+004 -8.39288941112556e+002 2.35532034053569e+001 2.67162548742260e-001 -8.90037683417045e-002 6.91670599914846e-003 -3.36322994859729e-004 7.50285391023907e-006 4.68785556283605e-007 -7.10716607527181e-008 5.04443199912064e-009 
-5.17284278211653e+007 -2.09966605506099e+007 6.74048068829611e+005 4.49020073804174e+004 -7.21464116115894e+002 -3.06583877560634e+001 3.30675214210689e-001 1.24007274356931e-002 -9.21141908813369e-005 -6.06989040229190e-006 
8.30106716545990e+007 -1.14309704912523e+007 -1.06689201682317e+006 2.42340909537489e+004 1.16472842567802e+003 -1.59547112250638e+001 -5.73746962035336e-001 5.70859723364785e-003 2.02924453836673e-004 -3.71842861043278e-006 
4.06403595450476e+007 -3.81430251732296e+006 -5.22654970226802e+005 8.06134315853880e+003 5.69671750712164e+002 -5.23803316676244e+000 -2.79090406808197e-001 1.78793249210475e-003 9.95667817766875e-005 -1.13361010333205e-006 
-8.67902273654387e+007 -1.36884652450942e+007 1.12507586893652e+006 2.89937705020650e+004 -1.22973472532612e+003 -1.90802039064209e+001 6.08401879138994e-001 6.83275209107007e-003 -2.31166409497226e-004 -2.23265616834697e-006 
5.27392648020806e+007 -1.85148548486003e+007 -6.77043687831616e+005 3.96357780015037e+004 7.24481506473359e+002 -2.71196357394327e+001 -3.31754316507962e-001 1.09847721744288e-002 9.84110796367972e-005 -3.30860989063316e-006 
2.92395517051160e+007 -7.46386337917638e+006 -3.75804757733534e+005 1.59973409954705e+004 4.03770216308464e+002 -1.09936233909131e+001 -1.87780835432556e-001 4.51278455855958e-003 5.89659366393905e-005 -1.48852261225928e-006 
-3.51927971183834e+007 1.96216490505158e+007 1.62812367108715e+005 -1.49142371484869e+004 -4.74450243014354e+001 2.98823874794485e+000 -1.41405053827611e-003 6.98557569917225e-005 -2.35930831223227e-005 -3.86331167770773e-006 1.11962311897277e-006 -2.39326393510012e-008 -3.29762741061019e-008 
-1.34594336451182e+008 -4.53196438653032e+006 6.12036767245610e+005 3.12135169410155e+003 -2.23295104026435e+002 -3.35099782842649e-001 2.55550880728001e-002 -1.80700404691328e-004 -5.87361505415740e-005 6.01710011309064e-006 1.18811206015175e-006 -3.03497719992713e-007 -6.99847618460769e-009 
-5.83701906984079e+007 -1.96484481130485e+006 2.65341958639526e+005 1.35321918943232e+003 -9.68060056797868e+001 -1.45032706495608e-001 1.09778726065190e-002 -9.38574319838458e-005 -1.94083425305901e-005 2.90290775983200e-006 2.99118185286809e-007 -1.18890647919981e-007 2.35899695452455e-009 
4.78013420918488e+006 2.01998864240110e+007 -1.87489407423752e+004 -1.51979390250428e+004 1.17390219355537e+001 2.91463647465298e+000 -3.65062003487988e-003 2.49934024618707e-004 -2.56487858988632e-005 -2.06778097811680e-005 1.40202622147328e-006 1.39092162481071e-006 -8.92400702998070e-008 
-1.38686440109562e+008 4.53111920094485e+005 6.27936065971522e+005 -4.74252838188642e+002 -2.24420520342613e+002 2.15924256300114e-001 2.35193700022793e-002 -2.49927552648430e-004 -1.29169923525966e-004 1.15006555550302e-005 8.79516738637055e-006 -6.80335190743877e-007 -6.16858666478442e-007 
-6.01443992242832e+007 1.96381149411136e+005 2.72234869652789e+005 -2.05609270140552e+002 -9.72938307555322e+001 9.35609584738437e-002 1.00496252191518e-002 -1.04435181660505e-004 -4.36025832028921e-005 4.86114920763782e-006 2.96572141081146e-006 -2.96462472778851e-007 -2.08787105014588e-007 
1.47729487302568e+008 2.46460094197873e+007 -1.04451974631161e+006 -3.18104137118136e+004 6.53338692955145e+002 2.40881739679919e+001 -2.58339266005270e-001 -1.95810497856581e-002 4.26671035710342e-005 1.65578249165739e-005 1.73731708534824e-007 
-1.29824588260508e+008 2.45097354355839e+007 9.21858269059385e+005 -2.64285955319669e+004 -7.92961858737357e+002 1.24162106404456e+001 6.14171593221271e-001 -4.14818656470429e-003 -5.20034183370544e-004 -4.37894907463681e-007 3.90395732458470e-007 
-6.35433000540856e+007 1.05754161405277e+007 4.51055993533881e+005 -1.12625069930584e+004 -3.81363220398108e+002 5.04411423069234e+000 2.88678367078737e-001 -1.37271618676317e-003 -2.39652652671557e-004 -6.90505022129158e-007 1.81282589123962e-007 
-7.69084922517531e+008 5.76476818392923e+006 8.97820575939987e+004 -1.08211192355920e+002 -7.52366769831221e-001 2.66814929326793e-004 -2.26083028366342e-006 1.44840544216049e-007 
-2.55286830504085e+008 -1.48270563338699e+007 2.97995026530447e+004 2.89815151196915e+002 -2.28344010342936e-001 -9.89650032746823e-004 -4.93153443526358e-007 1.74511479782549e-007 
-9.07018732912604e+007 -6.49576709433006e+006 1.05871141499604e+004 1.26858516258260e+002 -7.95613799199500e-002 -4.31459356822846e-004 -1.34036745726636e-007 8.95423774002340e-008 
-6.66599260039371e+008 -1.23457446302580e+007 1.68936709917436e+004 5.01910207925306e+001 -5.01374423164193e-002 -7.72656041071104e-005 1.42883329453904e-007 
1.08281131613396e+009 -6.28500298426873e+006 -2.74416987561281e+004 2.98248007006008e+001 6.14048624385472e-002 -7.15113205780219e-005 -3.72252406868510e-007 
4.75939407738281e+008 -2.06449449749157e+006 -1.20618025014476e+004 1.01592038748630e+001 2.75174808300903e-002 -2.61586879680019e-005 -1.45457863751162e-007 
2.78100333903893e+009 3.47711064470277e+006 -6.52222984159543e+003 -1.24556034310079e+000 1.13610083091209e-003 6.41480860771118e-008 
-1.02149773483989e+009 7.60439332166869e+006 2.39545141695165e+003 -3.01233649934039e+000 -3.36351905263414e-004 1.81933429885663e-007 
-4.86724162200056e+008 3.28135829282213e+006 1.14140158204926e+003 -1.30176857051442e+000 -1.63178866859339e-004 8.13845500897837e-008 
3.22452247994849e+009 5.18874807245801e+006 -2.24978946351994e+003 -6.19151525043211e-001 1.21247665888019e-004 1.04015121655747e-008 
-2.87285790923988e+009 5.07462178945960e+006 2.00494414171745e+003 -5.76473871641444e-001 -1.24115933902648e-004 1.67617850954356e-008 
-1.25615480114170e+009 1.94789027972683e+006 8.76645089515488e+002 -2.20527436015128e-001 -5.38887034406444e-005 6.50337529340679e-009 
-5.49975353884082e+008 7.60059924206923e+006 3.51367958390742e+002 -8.49196241659151e-001 1.12896159140750e-004 7.79000963250798e-008 
-4.43477582408403e+009 -1.28623308329145e+006 2.83315251679125e+003 -1.79425133152385e-001 -2.21950633103910e-004 7.23239812057711e-008 
-1.21825088702628e+009 -2.69142462617866e+006 7.78253432976180e+002 1.99609660700726e-001 -1.03302495085247e-004 3.41112647909574e-009 
3.56498900253045e+005 8.55340874348228e+003 -2.07908914142576e+004 1.19855006946137e+002 9.83992280362963e+001 -2.34370231627503e+000 -1.41441310487821e-001 1.01098197973816e-002 -5.59453751480281e-004 1.48345172448002e-005 3.41105404819610e-006 -3.45997449928311e-007 3.91460296920716e-009 
4.00956421435127e+003 1.53717461190317e+005 -5.47323863608626e+001 -1.43959720163951e+003 2.04458373339707e+001 3.94622493659384e+000 -1.60663530696414e-001 7.66338583711873e-004 2.59998538025297e-004 -4.81485274338875e-005 3.07883877077086e-006 9.72937544971617e-008 -2.16762470622454e-008 
-1.12485977624120e+004 8.21560865277896e+004 7.43758218870090e+002 -7.78704300995159e+002 7.33105054151674e+000 2.21413214815480e+000 -8.11451839755743e-002 1.90236509220727e-005 1.61251652389358e-004 -2.64206517953837e-005 1.52546186388363e-006 6.53569428087141e-008 -1.18030332272088e-008 
2.27847110655849e+005 -1.29650515321438e+005 -1.18523220636018e+004 1.20524402407444e+003 3.35867701297934e+001 -3.53091767956921e+000 2.38017785105391e-002 5.14748747905858e-003 -1.10418180531443e-006 -1.25105271666691e-005 -1.11853041732750e-006 1.05886320919101e-007 2.92428946600529e-009 
2.63360558655949e+005 9.44367863789411e+004 -1.34084210627379e+004 -6.78549480760604e+002 6.36611164251528e+001 5.05968772911220e-001 -1.25885670228716e-001 1.92171052316285e-003 1.71956469834776e-004 9.51638533043250e-006 -1.05820807334857e-006 -5.91972986054305e-008 7.01359544492492e-009 
1.32626744791448e+005 5.54181356108134e+004 -6.76840990286678e+003 -4.09231864341804e+002 3.30500261176048e+001 4.04757542769210e-001 -6.87779442837112e-002 8.43274064581816e-004 9.27720981775250e-005 5.55800776464916e-006 -5.27562934749042e-007 -3.57283558280376e-008 3.66374465935992e-009 
-7.73006852928812e+004 -1.62426910012549e+005 3.72447664859203e+003 1.25109785674861e+003 -2.18291816546506e+001 -1.73688572057564e+000 8.88192988995933e-002 -2.36421247723291e-003 -3.09881941304985e-004 7.97193703455248e-006 6.94386141417222e-007 -4.74109215476509e-008 -5.61875627300295e-010 
3.31325056321763e+005 -2.82420204098036e+004 -1.55580265105694e+004 2.87181759681906e+002 5.13103963814224e+001 -1.24901628488800e+000 -5.19996591748628e-003 4.74855329902819e-003 -1.46669667432398e-004 -1.37536325113418e-005 4.71623794923194e-007 2.13669693892910e-008 -3.58289003829258e-009 
1.80189842343520e+005 -9.28263793570140e+003 -8.49149989183923e+003 1.09409277138613e+002 2.84536067869702e+001 -6.09826180411204e-001 -6.26208586361176e-003 2.63956699640400e-003 -6.76506467330057e-005 -7.69276967128709e-006 2.28627338511897e-007 1.32493216924854e-008 -1.90485548899919e-009 
-3.30382360731239e+005 -8.05815754318993e+004 1.57706983782159e+004 7.01651522256266e+002 -4.48619428541382e+001 -1.14778124466464e+000 -5.35239792343851e-002 -5.25752855372540e-003 1.77028345133521e-004 2.00290388508046e-005 8.59129751781496e-007 5.99012615263777e-008 -9.21670004335508e-012 
1.69966294915669e+005 -1.26738211767125e+005 -7.94190690489195e+003 9.32655505619797e+002 3.16551925738604e+001 -6.35544157552801e-001 1.27085690175782e-002 -4.58538191800883e-003 -3.76437407856598e-004 -3.14516286225970e-006 1.85994755989053e-007 4.26156745856483e-008 5.48846372093873e-009 
1.02728721875174e+005 -6.51060304973855e+004 -4.82370255465745e+003 4.77051002027993e+002 1.86372380983458e+001 -3.07229153444716e-001 8.52514403853192e-003 -2.27383946782445e-003 -2.08428443630641e-004 -2.36665788180367e-006 7.18233735593150e-008 2.07947298963362e-008 2.94596795251713e-009 
-3.48867382137651e+005 6.46999501677367e+004 1.88158450949119e+004 -2.96540211101626e+002 -8.53187939365755e+001 -2.58206084568369e+000 4.74736833327200e-002 1.96951973811376e-002 1.38828548784960e-003 -2.59478606161323e-006 -7.85932430996647e-006 -6.71011964427579e-007 -8.90179077251240e-009 
-1.06286749140491e+005 -1.38069813847099e+005 5.74546283920910e+003 1.28640908636636e+003 4.87781096425238e+000 -3.09826693042389e+000 -2.44394707994366e-001 -8.28459527053359e-003 8.17749730010351e-004 1.07971950405942e-004 4.29387190736483e-006 -2.73414219168560e-007 -5.15625027216023e-008 
-4.47279473726211e+004 -7.62862099753004e+004 2.43102953738095e+003 7.01893933854229e+002 5.52380623757133e+000 -1.58118155951140e+000 -1.32767613739029e-001 -5.11178381545211e-003 3.91928950505460e-004 5.80608775181522e-005 2.57149679791201e-006 -1.24007097038410e-007 -2.73771072574568e-008 
-9.81930973998925e+004 1.75466379772050e+005 6.23025868321325e+003 -1.76623736739775e+003 -6.65912973334038e+001 6.99070724692836e+000 5.88752554441394e-001 -1.97710202780514e-002 -4.85628539877833e-003 -2.85593275815968e-005 3.70768910956704e-005 1.61784507960697e-006 -2.50692266304700e-007 
-2.91063358673443e+005 -3.58196130536377e+004 1.85903945630669e+004 5.71427020645546e+002 -1.04155294315161e+002 -5.46679757370909e+000 3.50908152834389e-001 4.73045141514711e-002 -6.64772029376190e-004 -3.78871384076020e-004 -8.61320858095655e-006 2.77018194098776e-006 1.77090358167003e-007 
-1.52443626020125e+005 -2.52177053345279e+004 9.76622178131249e+003 3.67313022341985e+002 -5.37340524668414e+001 -3.17476016978927e+000 1.68610556527927e-001 2.60738380826646e-002 -1.92023236244005e-004 -2.02444963817155e-004 -5.88429952255768e-006 1.43219860720869e-006 1.03591117719515e-007 
2.31642007926645e+005 1.36072384572258e+005 -1.53610549527760e+004 -1.36594737635063e+003 1.09343401266443e+002 4.92657401138356e+000 -6.74990135480902e-001 -4.76412518300973e-003 4.73706280457323e-003 -1.50507621719575e-004 -3.14644115095723e-005 2.45952036441556e-006 1.66471295370356e-007 
-2.14898575360871e+005 1.08233017410313e+005 1.41451230646731e+004 -1.23995387969572e+003 -7.66277710318929e+001 7.46714909604717e+000 1.85672557212747e-001 -4.96867134440085e-002 6.76384756012563e-004 3.44188725972973e-004 -1.87378195927118e-005 -2.07612736538687e-006 2.38575273486067e-007 
-1.22828749410385e+005 5.34387287960237e+004 8.11152166610720e+003 -6.20058332660353e+002 -4.49167359945989e+001 3.84551708008099e+000 1.22858070038547e-001 -2.65205403564617e-002 2.01628696978480e-004 1.89912031695082e-004 -8.98851607212968e-006 -1.19826390954655e-006 1.22412151522775e-007 
3.51718028227152e+005 -2.02047164364197e+004 -2.04650723284769e+004 4.49132890714090e+002 8.84246349234270e+001 -4.05354478081585e+000 -1.59781585551031e-002 1.52072013604132e-002 -1.46063865770504e-003 3.63840723039888e-005 6.08121336405699e-006 -7.04110506558516e-007 2.28477940153653e-008 
6.02313932178393e+004 1.52103092960260e+005 -3.37158215955955e+003 -1.37432518793704e+003 4.26636010330310e+001 2.85651470013850e+000 -2.52308534437888e-001 1.08903293804851e-002 3.18889240036881e-004 -9.98782565714423e-005 6.26263424370315e-006 8.71418118374005e-008 -4.41566164297657e-008 
2.06381157156157e+004 8.22186638835123e+004 -1.13112282762225e+003 -7.54003562992207e+002 1.99531996877411e+001 1.67751711077349e+000 -1.34991243916972e-001 5.31855415599551e-003 2.21014195706712e-004 -5.48505828657953e-005 3.15516624839595e-006 7.07756317772612e-008 -2.44835749099980e-008 
6.38768457275896e+005 -1.11311823326033e+003 -2.47633368743765e+001 -2.10237836828548e-001 8.62042107195909e-003 3.08020652475994e-003 -2.98244769066666e-004 -6.49049519304214e-005 1.17344929352731e-005 1.32538981178382e-006 -4.23393470469942e-007 
1.19382632543130e+005 7.73932430914116e+003 -3.33111753354271e+000 -1.35480015692710e-001 -2.09618744164346e-002 1.46388228660848e-003 3.78908464203356e-004 -5.58412764158663e-005 -7.93131992938896e-006 2.00492393035814e-006 1.38731960741351e-007 
3.33314567750441e+004 3.29441860044311e+003 -6.24746187591458e-001 -3.96424964790931e-002 -1.18326371625033e-002 4.61228571058834e-004 2.33187047123163e-004 -2.30983187077796e-005 -5.45349906739732e-006 9.33634307485048e-007 1.18010865979422e-007 
6.36338999378049e+005 -1.31722855293543e+003 -2.58460514503368e+001 1.29195300238926e-002 7.05357742237191e-003 -7.27116215998585e-004 7.59836538662280e-005 -2.30837297814446e-006 -7.57244691108229e-007 1.74255760873928e-007 -1.93288302200220e-008 
1.34827415085553e+005 7.70341651413690e+003 -5.72788332076233e+000 -1.95759533841911e-001 4.55897680526066e-003 -1.18400420549535e-004 -4.03350221483408e-005 9.57134816907788e-006 -1.06702690284546e-006 3.51265196724304e-008 1.08582324832084e-008 
3.99124339426708e+004 3.28568892650489e+003 -1.63829622138910e+000 -9.12415767660498e-002 1.90252921369898e-003 7.58635995044708e-006 -2.95447378567922e-005 5.35350220517074e-006 -4.91475191114593e-007 8.00898074592951e-010 7.80868424972380e-009 
-3.14042169027115e-005 -1.07475678263088e-007 5.77510515251191e-007 1.50972445620856e-007 -5.83323450937641e-008 -3.16259137531910e-009 2.06418697194364e-009 -1.01462647308503e-010 -3.12365867819815e-011 4.96581000939189e-012 
3.94537801090054e-005 -6.24475563558375e-007 -2.25002139274641e-007 9.89383187136391e-008 1.31640972554045e-008 -5.47762339645679e-009 -8.32104269232006e-011 1.20785103856402e-010 -5.01660956480575e-013 1.40254334545606e-013 
-2.90942269412503e-005 1.22833808003817e-006 -6.15569098404854e-007 -6.14949119363592e-008 3.55997583991168e-008 1.29019212860101e-009 -3.69434541090127e-010 5.39960187588596e-011 -1.78620505974698e-011 -2.83107310405454e-012 
3.90132454947143e-005 4.97146405712578e-007 1.24731476736574e-007 -7.84217086508451e-008 -6.24556454647780e-009 2.12881608040921e-009 8.29768653262661e-011 -1.22828410774653e-011 -8.57170923876623e-012 1.69744088744254e-013 
-2.80489070236003e-005 1.31847305121368e-006 9.78377255774233e-007 4.98269121988245e-008 -8.18353465802613e-008 -1.30046880388707e-008 2.21660457739312e-009 1.04955773217655e-009 4.61444043313477e-011 -4.81458587552998e-011 
3.90190846686436e-005 -6.52465407750771e-007 -7.67714400988010e-010 1.37984600600236e-007 1.45491680352249e-008 -7.06640616224513e-009 -1.75150021636458e-009 1.11051755016369e-010 1.00818991767455e-010 4.39050542368150e-012 
-2.47417896350657e-005 1.70032862149146e-007 -6.63425390953926e-007 2.81991614298610e-007 4.19801876154733e-008 -2.21472451502372e-008 3.37078501430687e-010 9.06237307614410e-010 -1.42646499512959e-010 -1.81968298068329e-011 
3.93032381179654e-005 6.02889351938536e-007 -3.10098400544085e-007 -8.51251008560308e-008 3.89547069752600e-008 2.27741939938296e-009 -2.20670499074188e-009 1.56737658939194e-010 7.95036492497809e-011 -1.48550866637717e-011 
-2.42961266175032e-002 4.66104352482554e-004 -1.63022079362929e-004 -2.89892001165396e-005 6.12857274761981e-006 1.09892921819906e-006 -1.69844516963110e-007 -1.61928519774323e-008 3.03816894450681e-009 5.28785525108053e-011 
3.83897209925202e-001 -2.51860736780224e-004 -3.61044373875731e-005 1.23358346399056e-005 2.38224375650912e-006 -3.96318412551377e-007 -5.64617395325302e-008 9.30130631914360e-009 4.65789886068777e-010 -1.16929619117636e-010 
3.01945854828363e+003 9.19429884248599e-001 1.64504191203930e-004 2.65115855492875e-005 -5.87285417432356e-006 -1.00461762642736e-006 1.57058871653432e-007 1.49112297337696e-008 -2.78790399777581e-009 -5.19566458283958e-011 
-2.44397804941450e-002 -3.86073525860571e-004 7.76277019370290e-005 3.50290669863538e-005 -4.75701932113738e-006 -7.79848670402069e-007 1.04173638894048e-007 6.66247523913572e-009 -9.26396913457643e-010 6.96380354803482e-011 
3.83586778881671e-001 3.32371133944738e-005 6.38933287170835e-005 -8.45544422091029e-006 -2.11017235922592e-006 2.96869724701364e-007 3.22026493851904e-008 -4.06107773354861e-009 -4.13976624660171e-011 2.20147202419190e-011 
3.02129847339931e+003 9.20274698115155e-001 -7.40615791555694e-005 -3.42589034837022e-005 4.39492551214137e-006 7.28725187852475e-007 -9.64195665611481e-008 -6.06647766303021e-009 8.74571496390303e-010 -6.40140798066353e-011 
-2.43170967612828e-002 4.48628960852265e-004 2.88865545322550e-005 -1.37662602027245e-005 5.43218852583498e-006 8.23803239659230e-007 -1.99968178557926e-007 -4.06162557090864e-008 9.86990731444318e-010 1.25267238793627e-009 
3.83783032337118e-001 8.43380149825898e-005 -2.15844014730300e-005 5.11083563896996e-006 1.27676518609816e-006 -4.71892423288701e-007 -7.32440169902927e-008 8.53584704572660e-009 2.87452212112207e-009 1.38175168005371e-010 
3.02313811702578e+003 9.19412061655525e-001 -4.31306761548486e-005 1.33057323867163e-005 -4.60925752376122e-006 -7.37048264091893e-007 1.79426606348597e-007 3.61950083283708e-008 -9.36601808156107e-010 -1.12314560890203e-009 
-2.30977861477785e-002 7.91169169750174e-004 1.33745703841585e-005 -3.50795958964583e-005 -5.64242099775511e-006 1.41776329030835e-006 1.83132395711164e-007 -5.01247083737152e-008 -4.81387477524329e-010 1.29928721179861e-009 
3.83812156772424e-001 -8.73097167748647e-005 -5.67155995904354e-005 -6.79415860106474e-006 2.63956937979937e-006 4.52682388573430e-007 -1.02855934144416e-007 -7.52020232803490e-009 3.20348748039799e-009 -1.60599959472447e-010 
3.02497659420302e+003 9.19072617423143e-001 8.45334817165450e-007 3.42400232030031e-005 4.83181646538816e-006 -1.31247159747317e-006 -1.61671972098351e-007 4.53186541860404e-008 3.72509173389132e-010 -1.16286977758497e-009 
