-3.76935459839110e+007 1.03245287777349e+007 4.83622695083353e+005 -2.60673669659433e+004 1.37681796496490e+002 -7.09045310385016e+000 -4.00647464046746e-001 2.18570017149524e-002 -1.25686202245403e-003 5.27314012511175e-005 -1.67719049319564e-006 4.16885527326114e-008 3.51083863917242e-010 -8.98979406836669e-011 
-4.95379495520625e+007 -7.40535217591194e+006 6.28966866619128e+005 9.30421555369068e+003 -4.44865259077315e+002 1.68337203416825e+001 -7.72011183195744e-001 1.61423888744094e-002 -4.40112077740307e-004 -1.15486231226701e-005 1.12546202754750e-006 -7.95617606003353e-008 3.74463788809737e-009 -1.47592087402062e-010 
-2.25851948031258e+007 -5.02740916294965e+006 2.85768588210986e+005 7.67456068077433e+003 -2.51903487575510e+002 9.72717350977013e+000 -3.70782973500241e-001 6.35418172700599e-003 -1.04659920140595e-004 -1.16401604723876e-005 7.75179085341138e-007 -4.68223367635109e-008 1.96372227478390e-009 -6.95197774608521e-011 
-1.41484035064119e+007 1.29663214371949e+007 1.78072606503985e+005 -2.53764400617007e+004 -6.81562118942628e+001 -1.25273902696604e+001 -1.38111193710294e-001 2.57787260711004e-003 -1.39598232852187e-004 2.00737518367345e-005 -4.79307107195010e-008 3.28125657844825e-008 1.45093234002246e-010 2.77550108787011e-011 
-5.90356352879677e+007 -2.02833546664201e+006 7.06104076246818e+005 3.99520457637484e+003 -2.65998228094184e+002 1.93997438017373e+000 -5.45705943536988e-001 -4.60062686564547e-004 -5.59175852382955e-004 -3.19476059842028e-006 -2.05959970192092e-007 -5.10332010510683e-009 5.55611396157411e-010 -4.13598501618122e-012 
-3.01026691753836e+007 -2.42949514420235e+006 3.58675443906321e+005 4.76715166716307e+003 -1.35006078899478e+002 2.33610574274039e+000 -2.77148089013779e-001 -5.13227706395970e-004 -2.84188568737752e-004 -3.78938195177382e-006 -1.05036578464808e-007 -6.13063899219659e-009 2.81714518132420e-010 -5.08919228996902e-012 
1.22182104703572e+007 1.31341988620462e+007 -1.41774427886022e+005 -2.86269498625783e+004 -3.45586910219602e+002 -1.47506987474724e+001 -4.53054730553792e-003 1.24793527415297e-002 9.56758708834428e-004 5.47809458794433e-005 2.11605742866611e-006 7.76695214509288e-008 1.49828201407627e-009 -1.20196517039694e-011 
-5.73438004741120e+007 3.73806496495113e+006 7.27382332892745e+005 -7.04673598743971e+002 -3.70327503610283e+002 -1.34981120538407e+001 -8.37703879238373e-001 -2.16815575325279e-002 -7.89040620820722e-004 -5.23308621746877e-006 5.44811831593310e-007 6.17566744863893e-008 3.61123111241425e-009 1.65170434386059e-010 
-3.19362267569107e+007 6.33106871527544e+005 4.03229738828635e+005 2.59408272292287e+003 -1.61944165938430e+002 -5.67917458042397e+000 -4.46974702260938e-001 -1.28757476969825e-002 -5.20730544037526e-004 -8.47951842140361e-006 7.14285682750750e-008 2.49268572808005e-008 1.77340828108377e-009 8.94703890524350e-011 
3.61840012789399e+007 1.05103960450112e+007 -5.27689111811582e+005 -3.63108107725703e+004 -5.85061355557009e+002 -4.61857952706922e+000 1.22907325704977e+000 9.83098971140932e-002 5.33254857155595e-003 2.05185344985976e-004 3.81793866810947e-006 -2.11422273228153e-007 -2.93462112815266e-008 -2.01969128725792e-009 
-4.41652357830110e+007 9.39372374912132e+006 6.70241026748039e+005 -1.01389226514519e+004 -9.04798972969291e+002 -4.35533718258016e+001 -1.74368411473545e+000 -3.56577050568593e-002 8.55364574056423e-004 1.68063166412357e-004 1.20019060719795e-005 6.04303857559356e-007 2.03287539786265e-008 1.23931961646631e-010 
-2.73852276473851e+007 3.92623652149012e+006 4.12753099670116e+005 -1.64774112603418e+003 -4.22573693119420e+002 -2.27840260917413e+001 -1.05889335730083e+000 -2.92470827120709e-002 -9.64540787906070e-005 6.84770325230358e-005 6.01445278391313e-006 3.44717637096379e-007 1.39034074650528e-008 2.75768770848330e-010 
-3.48653088449107e+007 -2.27258039135984e+007 4.61165224617912e+005 4.85523576574031e+004 -4.79914845601965e+002 -3.30534836575708e+001 1.96018415536312e-001 1.31797865385416e-002 -3.69404705540385e-005 -4.87449517620751e-006 
9.12404747888976e+007 -8.05180956547934e+006 -1.16056593381003e+006 1.68561205525179e+004 1.26531243796545e+003 -1.05348039981001e+001 -6.20376302374142e-001 3.05512124595604e-003 2.27753955585613e-004 -3.69252471464785e-007 
4.32549949807862e+007 -2.18376764423606e+006 -5.51246449929750e+005 4.50887691588529e+003 5.99550843615688e+002 -2.64648733590214e+000 -2.91470099618869e-001 5.39967335350582e-004 1.04788426456912e-004 1.42457953144230e-007 
-7.49064527888821e+007 -1.68844803946048e+007 9.77066936715480e+005 3.59617881610506e+004 -1.06541601546488e+003 -2.42129003895229e+001 5.22961454777583e-001 9.34013022446844e-003 -1.93317840997365e-004 -3.26574125176107e-006 
6.67220576450186e+007 -1.62041436996344e+007 -8.46281620513985e+005 3.46500853189240e+004 9.16770414864292e+002 -2.36104073734156e+001 -4.39640439497750e-001 9.45759807281339e-003 1.53105242668359e-004 -3.55524430615091e-006 
3.47597640741345e+007 -6.22067423161063e+006 -4.42530528249644e+005 1.33100845432498e+004 4.79830694869004e+002 -9.08786715395196e+000 -2.30866380911231e-001 3.66303600754901e-003 8.11085081454009e-005 -1.39250198456534e-006 
1.35828519640241e+008 8.77236766484043e+006 -6.20864295482980e+005 -7.27130942055622e+003 2.20724763325941e+002 1.99797685823252e+000 -1.86518423663759e-002 -4.71457529455011e-004 -4.39096909456593e-005 5.97336224417565e-006 -4.83247406842455e-007 2.13320013100403e-008 7.43487744163287e-008 
-6.02723131328611e+007 1.68273634302346e+007 2.81961523986748e+005 -1.26352150559897e+004 -1.21308013471856e+002 2.38510292919754e+000 2.33245667471939e-002 -1.13928221129684e-004 3.27680872794474e-005 -8.32582599073154e-007 -2.98868592121260e-007 2.17741015746554e-007 -5.31265940855808e-008 
-2.61749211512471e+007 7.29648964921809e+006 1.22256693835095e+005 -5.47865308227709e+003 -5.25991128582813e+001 1.03399735919050e+000 1.02203373658526e-002 -3.77766279756928e-005 8.56165695919755e-006 -3.98659649893291e-007 -4.14093032941626e-008 7.14342554504301e-008 -1.67836335884378e-008 
1.48174297103877e+008 3.51932141162358e+006 -6.85704174817584e+005 -3.44919703811439e+003 2.55127118721899e+002 1.41027392330333e+000 -2.81569009443058e-002 -7.10796655958685e-004 -1.07063452571390e-004 1.54027415573879e-005 5.89041066168825e-006 -3.48002617938027e-007 -2.89369870979875e-007 
-2.48628085974587e+007 1.84473933115768e+007 1.20366634394893e+005 -1.41638495774039e+004 -6.79404579364688e+001 2.94967148354891e+000 2.14759338438718e-002 -3.14994763995342e-004 5.05386194147714e-005 1.12318533189611e-005 -2.15165166359785e-006 -6.26350256673715e-007 3.56838717958209e-008 
-1.08210856101629e+007 7.99891907780413e+006 5.21889457956141e+004 -6.14145441614449e+003 -2.94589784429624e+001 1.27907853573922e+000 9.46147768102999e-003 -1.44424527033380e-004 1.05430103341692e-005 5.08676179405812e-006 -3.16228554264408e-007 -2.50181265909697e-007 -1.09393935473623e-008 
-6.55853183927751e+005 3.46422018492906e+007 8.59063995371494e+003 -3.54153620218854e+004 -3.53340687197447e+002 1.16990770072785e+001 4.16913747388516e-001 2.19273194368536e-003 -2.26587079601842e-004 -7.65409480908537e-006 -5.08528803905183e-008 
-1.95802315908288e+008 2.75004021142169e+006 1.21193959356350e+006 5.14452466011512e+003 -6.64790209037886e+002 -1.22793783854576e+001 1.00568218148457e-001 9.74525971296648e-003 1.46725189261742e-004 -3.59777699569441e-006 7.62401218153759e-008 
-8.98282511621498e+007 3.22854808313636e+005 5.55638665871195e+005 3.31846896572445e+003 -2.95345185057661e+002 -5.94870559219905e+000 3.48215739669670e-002 4.40676303091139e-003 7.40713441176579e-005 -1.27210247867796e-006 9.72971939533776e-009 
-5.64678138755083e+008 1.26910613836121e+007 6.74078289154948e+004 -2.34130963161237e+002 -6.84879202649348e-001 4.48840248280139e-004 1.64754120737126e-006 -5.20979233918840e-008 
-5.36896583839835e+008 -1.07111609634426e+007 6.41265105222641e+004 2.30412889950418e+002 -4.67973551681998e-001 -1.21673363087842e-003 -1.86475291313783e-006 -5.12901597461609e-008 
-2.16390196349579e+008 -4.90065975968821e+006 2.58462804674203e+004 1.04465840610881e+002 -1.83898848258770e-001 -5.32442527473220e-004 -8.97691857905252e-007 -1.92214779337815e-008 
-1.32486734051859e+009 4.71147572469944e+006 2.75430042290095e+004 -2.28646999265405e+001 -3.69964610377688e-002 4.64665562085247e-005 -1.64515523481234e-007 
-5.64921853209637e+008 -1.12295722883242e+007 1.17146301076943e+004 3.61234582572244e+001 -3.09446709584219e-002 -2.11392463201722e-005 -1.59894701361834e-008 
-1.76337728137936e+008 -4.84025505593144e+006 3.65149400856400e+003 1.59164096465090e+001 -1.12118766116473e-002 -1.11475026680121e-005 1.43081581361237e-009 
-1.23316710951631e+009 8.39974129607608e+006 3.46763795563989e+003 -4.19059945078952e+000 -3.61331160711278e-004 5.71997119088975e-007 
-2.33525066574948e+009 -4.12311802791577e+006 6.57139226797748e+003 1.44693781730450e+000 -1.83817195962952e-003 -1.59551306280285e-007 
-1.00531056119184e+009 -1.92481637873319e+006 2.82912691961535e+003 6.93485870710667e-001 -8.00660677163338e-004 -8.23470492197950e-008 
-2.84826890703799e+008 7.45071401168778e+006 1.94328694070868e+002 -8.49027259929476e-001 -1.07038135795312e-005 3.93019281229541e-008 
-4.18418719051204e+009 -3.31169433970389e+005 2.86239668790824e+003 5.31455026405045e-002 -1.57432505275317e-004 -2.89080410292512e-008 
-1.70553246669574e+009 -3.20986549711389e+005 1.16674481765925e+003 4.28425668742665e-002 -6.42022168228717e-005 -1.21377197723858e-008 
-3.82248696162018e+009 4.13409949888847e+006 2.70254210577997e+003 -3.33588603092604e-001 -3.14052660766866e-004 2.30007894040233e-008 
-2.29195552362886e+009 -6.52411221585830e+006 1.62032608774229e+003 8.58992776571101e-001 -9.36294726187996e-005 -8.02624145094992e-008 
4.36428626794969e+008 -3.28141358112257e+006 -3.08908725373037e+002 3.68928874047049e-001 6.79073675712865e-005 -4.25031852505923e-008 
-3.48427754781803e+005 -3.14974373639335e+004 2.07784675845900e+004 3.92149457511104e+001 -1.12922098155366e+002 3.53167244570971e+000 3.29512339971148e-001 -3.79064516711552e-002 -1.31487016199967e-004 2.59091399259960e-004 -1.18782721194956e-005 -1.26365996402476e-006 1.53907466699129e-007 
2.70364400795464e+004 -1.62379961172576e+005 -1.62060623846327e+003 1.60834412117318e+003 -2.33171782996647e+001 -5.88391932475848e+000 3.83666865377882e-001 1.14304920027604e-002 -3.02660326281784e-003 7.16000529229049e-005 1.73729923641542e-005 -1.39924788353224e-006 -5.77133708685504e-008 
4.41397392603517e+004 -6.36282038233270e+004 -2.65609442904895e+003 6.56617832663365e+002 1.33225335662844e+000 -2.75425239725842e+000 1.25586347722315e-001 8.33030614654926e-003 -1.22887256806611e-003 4.49371732168012e-006 8.26706459077636e-006 -4.52706789361460e-007 -3.84460951282920e-008 
-2.61047982626501e+005 1.12492672264194e+005 1.32852361018508e+004 -1.07157803751035e+003 -2.97410003474650e+001 2.85849817433032e+000 -1.64971331625770e-001 3.87546450187537e-003 7.09362554918933e-004 -6.45815280736785e-005 2.26178541384584e-006 1.29408447648633e-007 -2.52116008206408e-008 
-2.57935010078558e+005 -1.10253664766784e+005 1.31190324403420e+004 7.60516931949393e+002 -6.12461754416550e+001 5.88067781631773e-001 5.83409238571775e-002 -1.28731685417885e-002 6.94883510750056e-004 8.15147694900577e-006 -3.58923170459815e-006 2.98585720182768e-007 -6.20121617277691e-009 
-8.11713850032469e+004 -5.59994179473293e+004 4.12086243520257e+003 4.15932146585969e+002 -2.22770669108851e+001 -3.78439990668170e-002 3.96760779915050e-002 -5.65013758239325e-003 2.16998938856951e-004 9.55322170584209e-006 -1.68885271811179e-006 1.10050745072490e-007 -1.25093584196361e-010 
2.59519157622466e+004 1.62491714319005e+005 -1.07396443259758e+003 -1.24313786416719e+003 3.16490569392528e+000 1.26597810127076e+000 3.71521713902140e-002 5.96560221878228e-003 -2.48033385559302e-004 -1.03019786039795e-005 -1.27946636144777e-007 -2.08845822464458e-008 4.66052058784241e-009 
-3.55714439191506e+005 1.55014335447344e+004 1.67698494814250e+004 -1.28805484181423e+002 -5.25396977871854e+001 -5.96258795015586e-002 -3.61789972535419e-002 3.70448250572617e-003 3.03731509485451e-004 -9.01385510304418e-006 1.04110897590078e-008 -4.93352240270769e-008 -8.81119153814412e-010 
-1.48627216394521e+005 -9.05356487110497e+003 7.00582651641686e+003 6.66248468424551e+001 -2.19714253260830e+001 -1.51388981377574e-001 -1.83310606480691e-002 9.59204456598558e-004 1.48928234905217e-004 -2.70708569961262e-006 1.48667493250191e-008 -1.83233080180227e-008 -8.08352245106591e-010 
2.97302317682606e+005 9.75296027143809e+004 -1.45890794898000e+004 -9.05459832178003e+002 4.47734937160141e+001 2.91193301807669e+000 3.79741170563064e-002 -7.11465567489441e-003 -4.17571955059618e-004 1.66764454267581e-005 1.75033698724341e-006 -8.80547643850432e-009 -8.64539200533678e-009 
-2.05642311120820e+005 1.29029510460608e+005 1.01223101440386e+004 -9.75723977210147e+002 -4.99105400621503e+001 1.02438365859351e+000 1.34592928244754e-001 5.04285707965193e-003 -3.43737428788073e-004 -2.39986906716527e-005 6.49641328635519e-007 1.14432667794409e-007 1.28891780053672e-009 
-1.12575757203179e+005 4.39092744646224e+004 5.56392733009379e+003 -3.15668924791584e+002 -2.49412077874149e+001 1.42573832123924e-001 5.21069105413989e-002 2.76437993268169e-003 -1.01868761326892e-004 -1.15065184981569e-005 1.00435080010095e-007 4.80863651474841e-008 1.35787130737609e-009 
3.52708906719972e+005 -4.61289551769513e+004 -1.93013677594074e+004 2.42238645543335e+002 9.18458955850759e+001 8.09177455922529e-001 -2.00444133987339e-001 -4.76808204729165e-003 4.25248007189396e-004 -5.18236702100532e-006 -2.37918637629090e-006 7.41290162371998e-008 1.50650040411635e-008 
8.85558605089128e+004 1.52417118129616e+005 -5.07132943824749e+003 -1.41600340204438e+003 5.82994329021396e+000 4.28691489445024e+000 7.12605112932552e-002 -8.12013566255411e-003 -1.05756031153886e-004 2.65726082450041e-005 -9.65250794882525e-007 -1.80835219103202e-007 4.30360994812103e-009 
3.44643802823529e+003 6.72325275135918e+004 -2.56921936682027e+002 -6.08107948449533e+002 -6.42079406044074e+000 1.69556433031856e+000 4.88225239535620e-002 -2.89654587095234e-003 -8.47046489472883e-005 1.14407024278015e-005 -1.71569193997262e-007 -8.17257964351263e-008 3.39275040798742e-010 
1.32538153889163e+005 -1.64532328224167e+005 -7.96055033972104e+003 1.55596843596595e+003 5.49703621824230e+001 -4.56232942959292e+000 -2.21643904208040e-001 1.99858046561775e-003 3.66422816951757e-004 4.85434531010020e-005 2.91066119848712e-006 -2.24275934774463e-007 -2.80779914154840e-008 
3.04570670395727e+005 5.21973474661958e+004 -1.85858021140190e+004 -6.21483670249759e+002 9.02415702796264e+001 3.26912583185430e+000 -1.61194880195225e-001 -1.03042262752679e-002 -3.32422899582430e-004 -5.96748253188130e-006 3.68206461881206e-006 3.02364479654193e-007 -8.15637168543823e-009 
1.13385181478817e+005 3.70854567987012e+004 -6.92636763388415e+003 -4.05670849354386e+002 3.20618871831955e+001 1.79237909405762e+000 -4.54296042534561e-002 -4.47025449644852e-003 -1.73053268944580e-004 -7.05348862005396e-006 1.24825783356712e-006 1.46468811278264e-007 -7.00693568444029e-010 
-1.96122571075393e+005 -1.47120552664130e+005 1.21995032530629e+004 1.48161181553653e+003 -7.09346980297390e+001 -6.30253373697095e+000 2.20270628411832e-001 2.85396417532560e-002 -1.87099808167749e-004 -1.66098669293122e-004 -4.74720220417710e-006 9.75337509286747e-007 6.09386629050838e-008 
2.56073016840146e+005 -9.87150404028887e+004 -1.62030767737304e+004 1.02603113297846e+003 9.13671571917520e+001 -4.13317554509289e+000 -3.70931389985653e-001 9.75161809134174e-003 1.98296543074862e-003 1.72657749466642e-005 -1.20821203443723e-005 -5.04665085953161e-007 6.80781162953650e-008 
1.24286053792401e+005 -2.69889603740828e+004 -7.86486559545325e+003 2.83295848221958e+002 4.46196265445333e+001 -1.10687110466197e+000 -1.74738161727899e-001 1.31264461871547e-003 8.39527505000617e-004 2.29642035976325e-005 -4.55338061797343e-006 -3.01817320476419e-007 2.23996645086139e-008 
-3.54569707050354e+005 -4.34961242895974e+003 2.05076041366410e+004 -1.80192561650883e+002 -1.03689548311193e+002 3.32330838797133e+000 2.87316601558095e-001 -2.68332313949546e-002 -6.46214944511773e-004 1.73139734655815e-004 -1.11175268488277e-006 -1.06521723578230e-006 4.06339911274318e-008 
-2.00220205792190e+004 -1.62755080127968e+005 1.09928630584460e+003 1.53940338576218e+003 -3.05726070624668e+001 -5.14834522492862e+000 3.01766317028073e-001 1.23710676088455e-002 -2.04027141151169e-003 -1.12527231466351e-005 1.26309313597227e-005 -3.11546942502697e-007 -7.37965069324239e-008 
2.48445453073663e+004 -6.70615983386007e+004 -1.49202855454680e+003 6.55075283014491e+002 -2.71368171591714e+000 -2.44877451595735e+000 9.73934403230187e-002 7.67915434082493e-003 -7.83302619004461e-004 -2.11490704358433e-005 5.33697243453348e-006 -2.76604311971826e-008 -3.44294658117854e-008 
9.93263142512090e+005 -7.01547541312963e+003 -1.77409416716133e+001 -3.30982608216700e-002 4.36829242069859e-004 1.29798829519624e-004 1.89150222178608e-006 -2.14942436469994e-007 2.47260881744397e-008 -7.12085455301975e-009 6.08648410452598e-011 
9.84882983504367e+005 6.85221355053059e+003 -1.46383212206792e+001 -4.07190540474562e-002 -1.81249589248560e-003 -2.84327124179526e-005 7.95844701795769e-006 -1.78481043662520e-007 2.14891498184775e-008 -5.48543985313118e-009 -1.98856447528747e-010 
3.85701700389745e+005 3.09213641965598e+003 -5.67969123835580e+000 -1.57583519914611e-002 -8.11470137469137e-004 -2.74779560819291e-005 3.91960152864101e-006 -7.36636979242225e-008 9.00849899700082e-009 -2.00737773169971e-009 -1.03931948956089e-010 
9.79089226259927e+005 -7.15866635858740e+003 -1.80062517766965e+001 -4.22673829212541e-003 3.15862902499742e-003 1.20277036092332e-004 -5.28373539868794e-006 -8.99499766643819e-007 -1.07887718533496e-007 -1.46823635319245e-008 -5.80188883254943e-010 
9.98468421085153e+005 6.73268119870116e+003 -1.52871859806237e+001 -6.40963069889593e-002 -4.39387338306416e-004 1.89478078153610e-004 1.42299689285909e-005 6.84023228159542e-007 2.29804160284488e-008 -9.58730157501154e-009 -7.79145480160542e-010 
3.91839774033875e+005 3.04571258872205e+003 -5.94846977199998e+000 -2.79978469994402e-002 -3.69417684215649e-004 8.66832294933207e-005 8.02138401168879e-006 4.59827921393338e-007 2.36082731072896e-008 -3.37736213249800e-009 -3.52325343246772e-010 
-7.71485492019408e-005 -1.67422094072826e-006 2.46071478360396e-007 1.88255923491769e-007 -4.34614799082924e-008 -3.92028978350077e-009 2.36096755735035e-009 -3.38725197624725e-010 -4.24627215841148e-011 2.64497438049557e-011 
-6.42337578298841e-006 2.81118255576301e-007 -2.76777540353418e-007 5.91145946678154e-008 1.63453263403714e-008 -5.19080420015840e-009 1.22663303576171e-010 2.34748486511155e-010 -4.23141794898012e-011 -6.11807300095579e-012 
-7.82345907225052e-005 -7.82404331371754e-008 -4.15161724430022e-007 -1.22751983909555e-007 1.96893954336227e-008 4.94588865408838e-009 1.34786280274436e-010 -9.40056098988758e-011 -2.77639360103991e-011 2.78597192544796e-012 
-5.79292741570831e-006 7.66178578448065e-007 1.76835249228998e-007 -4.70540699312788e-008 -1.25447715352967e-008 9.72999198072338e-010 2.82391701004798e-010 3.24550968700248e-012 -6.57755632280334e-013 1.01412612641013e-012 
-8.05097129138323e-005 -1.10945315584804e-006 7.27027778050563e-007 1.05105653192003e-007 -5.76362548115825e-008 -8.56018084170593e-009 1.66862212241886e-009 3.30995203159919e-010 -2.51078137340513e-011 -7.41080214938175e-012 
-4.87706458175600e-006 -1.72634976059269e-007 -1.24601349827323e-007 9.80888223206126e-008 1.52156025438544e-008 -4.52950479807632e-009 -8.13691077986110e-010 8.78917634504281e-011 2.19275536620555e-011 -8.89071949866828e-013 
-8.12999714434749e-005 -1.25261323891657e-006 -7.47983672202991e-007 1.31654367781620e-007 6.78241155783931e-008 -1.13494727416645e-008 -3.00336257141454e-009 5.63676290986260e-010 1.07190377074546e-010 -2.05293267585804e-011 
-4.23875266306942e-006 7.96432624136346e-007 -1.51043625871171e-007 -1.09680046311845e-007 1.75722350959349e-008 6.48456336858302e-009 -1.03860393072961e-009 -2.38325039432084e-010 3.81253839732761e-011 7.39986396135773e-012 
-6.52199016499681e-002 -9.03060699434453e-004 -4.69025710985312e-005 1.90514221162177e-005 -3.31591723793006e-006 5.33748379293362e-007 9.61932430758648e-008 -2.78240499867519e-008 1.37624456344001e-009 4.73471361412241e-010 
4.14668670162372e-001 -2.47765988838629e-004 7.28276917405964e-005 -2.08564167745976e-006 -3.12401501718955e-008 2.99252620042163e-007 -5.88441369338597e-008 -2.08414319929626e-009 1.68000904948606e-009 -2.13485474542220e-010 
1.10613807585549e+003 9.20681935864726e-001 5.78440527076517e-005 -1.77279713163458e-005 2.74470030343751e-006 -4.64691040410667e-007 -8.69710971960350e-008 2.48021074268195e-008 -1.17484606765522e-009 -4.27585716279548e-010 
-6.67714956109976e-002 -4.58827777428977e-004 1.88285067680277e-004 2.93720408135937e-005 -4.70327314886893e-007 -7.75919247688116e-007 -7.08073903891396e-008 6.57086664158099e-009 1.23320664744921e-009 8.85149912577963e-011 
4.14715696619221e-001 2.81806143264141e-004 5.14387336337337e-005 -8.51471999249475e-006 -2.13753058326331e-006 -1.17592691924524e-007 3.50404748537231e-008 4.29636031290507e-009 -9.06941227611178e-012 -4.75728341863242e-011 
1.10797928097980e+003 9.20334364860367e-001 -1.74986988657727e-004 -2.86530231387782e-005 4.98150726682436e-007 7.25230512608482e-007 6.47158787482560e-008 -6.12652749269273e-009 -1.14347015539077e-009 -7.88495947529093e-011 
-6.59439295442006e-002 1.15830579888368e-003 2.51174497172482e-005 -6.70748416374821e-005 -2.34423855074423e-006 1.72350277994577e-006 1.09228259668260e-007 -2.92204875870529e-008 -2.82366765906283e-009 2.73316752774439e-010 
4.15090312834472e-001 -7.73158048093536e-005 -1.37146737250928e-004 -3.43356088369613e-006 4.60436655976335e-006 2.21271917309039e-007 -9.64889378565444e-008 -7.73886586858989e-009 1.26940508700438e-009 1.43845890085194e-010 
1.10981828825393e+003 9.18783386883385e-001 -3.35688266958566e-005 6.20858294915391e-005 2.31725860890202e-006 -1.57950880955162e-006 -9.98457710468427e-008 2.67121788638658e-008 2.54507931632207e-009 -2.51632678837423e-010 
-6.50365044596473e-002 -4.53168415100035e-004 -2.11476090474527e-004 3.54379420404186e-005 5.63341530589249e-007 -1.45291059614550e-006 1.52387830217032e-007 3.78930177135312e-008 -5.90007218435321e-009 -8.14608439053619e-010 
4.14333994057188e-001 -5.00680796931450e-004 5.59094277907084e-005 1.02338439822231e-005 -3.12617212304673e-006 1.93638544376567e-007 9.86221555841332e-008 -1.29479997889503e-008 -2.23566749861971e-009 4.06295330471016e-010 
1.11165711314175e+003 9.20243437497688e-001 2.02435732662931e-004 -3.07850429252260e-005 -7.02959738985752e-007 1.29928283798768e-006 -1.36724730709121e-007 -3.40539474224196e-008 5.34009643867150e-009 7.29915715249819e-010 
