3.60637996856791e+006 1.33557905844923e+007 -4.52760654027864e+004 -2.72183623813606e+004 -2.59954055916937e+002 -1.44290300272201e+001 -7.57650734541379e-002 5.88774903658128e-003 4.92709666686819e-004 3.53887449982027e-005 1.25500343854822e-006 5.74086900487259e-008 1.30192107678588e-009 2.67684456316077e-011 
-6.06419709344119e+007 2.05724819290145e+006 7.26955265842432e+005 8.37894841251600e+002 -3.07779851955883e+002 -8.19992328509198e+000 -6.89919932936193e-001 -1.46468203494711e-002 -7.13762541599987e-004 -7.99754704571264e-006 1.31385254670580e-008 2.54542562745380e-008 1.75825390220849e-009 8.51305594858679e-011 
-3.26976645238662e+007 -2.85128887454867e+005 3.93036310100596e+005 3.26842184441958e+003 -1.37482170292815e+002 -2.88526853727150e+000 -3.60692679984158e-001 -8.43316972549231e-003 -4.32406785374128e-004 -7.95121667381247e-006 -1.23100003596444e-007 7.73017936045482e-009 8.07814615396183e-010 4.21942828555453e-011 
2.88569669023743e+007 1.15942935098603e+007 -4.06423021306733e+005 -3.36773742575024e+004 -5.37442759296918e+002 -1.08198736665208e+001 6.04781814896193e-001 5.78182361033445e-002 3.44771587364530e-003 1.52866395959281e-004 4.65519735969406e-006 3.40056024511843e-008 -8.70918552538823e-009 -8.28774352683605e-010 
-5.07515239299853e+007 7.81019349619456e+006 6.98638091182862e+005 -6.48678653751633e+003 -6.84744108120408e+002 -3.24281135817215e+001 -1.43842109028933e+000 -3.73598498749176e-002 -3.14382049326705e-004 6.64939558230870e-005 5.95947566667572e-006 3.50772720421183e-007 1.51897107411533e-008 4.35811119418341e-010 
-3.00309621075671e+007 2.97068432123984e+006 4.15336552819395e+005 2.48365335404430e+001 -3.10099906735224e+002 -1.62017238115215e+001 -8.31086323471904e-001 -2.59515466577091e-002 -5.25214893110014e-004 1.96900435823356e-005 2.70055673277019e-006 1.83799472904583e-007 9.02366324114582e-009 3.18965007365046e-010 
4.74059869964791e+007 6.57279469811472e+006 -8.64522883934085e+005 -4.23676407378702e+004 -3.87402878000947e+002 4.17533978666849e+001 4.78879062035856e+000 2.76926771794982e-001 9.45334808816267e-003 -6.91364104826233e-005 -3.91646937264706e-005 -3.41277114680997e-006 -1.78496032915269e-007 -4.20604592172210e-009 
-2.99611974279983e+007 1.28385251827531e+007 5.26670576121160e+005 -2.48308127722118e+004 -1.75055801038592e+003 -7.57624900979674e+001 -1.68958767879340e+000 8.19322929158283e-002 1.23184735539494e-002 8.44270104092189e-004 3.48248281772928e-005 2.27061367003205e-007 -1.07462589889661e-007 -1.11255628742404e-008 
-2.08469591524801e+007 6.17725186487502e+006 3.70945022987382e+005 -8.87405719966027e+003 -8.95010029064721e+002 -4.47998392759016e+001 -1.39888235488439e+000 1.50700472294711e-002 5.60092655565648e-003 4.58175828417820e-004 2.26626683893816e-005 4.74982592612666e-007 -3.89104106856859e-008 -5.50735140690340e-009 
5.20275322603165e+007 -2.36342209614576e+006 -1.35407740386389e+006 -3.26013785963711e+004 2.32113260320045e+003 2.60847632168853e+002 1.18632653752633e+001 -1.84041110112804e-001 -7.34429523869242e-002 -5.60494399043140e-003 -1.15679553632140e-004 2.04507136377655e-005 2.57553348144277e-006 1.24822433369474e-007 
-1.43021952438596e+006 1.52630123577065e+007 8.51371697491183e+003 -6.51465641717013e+004 -3.10903325869760e+003 -9.49178686521954e+000 1.17433139080906e+001 1.03247914446350e+000 3.27191400596104e-002 -2.37827971713568e-003 -3.91881186002494e-004 -2.30131652756300e-005 8.73587913118707e-008 1.42381020151131e-007 
-6.08448618011626e+006 8.39852643650671e+006 1.44876824015512e+005 -3.14230950115182e+004 -1.90141412774595e+003 -3.21034325963140e+001 5.04390894139391e+000 5.70630075609918e-001 2.50899888032999e-002 -6.89625836199621e-004 -1.97357028679895e-004 -1.44131812570512e-005 -2.20246442400859e-007 6.31249221301974e-008 
2.93595252800029e+007 2.29858656138652e+007 -3.64085821120786e+005 -4.70921486909471e+004 3.89404924673475e+002 2.70955321404233e+001 -1.75890814271446e-001 -5.33191503074844e-003 4.80507366285608e-005 -1.34323652279927e-006 
-9.42436242499757e+007 6.45701643688090e+006 1.15980922058515e+006 -1.36293811544405e+004 -1.16155971545606e+003 8.83436823018859e+000 4.04597367417133e-001 -2.90827540396886e-003 -2.80346062024283e-005 5.72664668461951e-007 
-4.42450644834962e+007 1.45144287619629e+006 5.44921327116453e+005 -3.15357437928709e+003 -5.47309378813809e+002 2.26091505085751e+000 1.93121502179035e-001 -9.68127158220876e-004 -1.39542495200895e-005 2.60392056070217e-007 
7.07298981297570e+007 1.79581281029024e+007 -8.74800863742616e+005 -3.68038509629298e+004 8.77756428174493e+002 2.12227456657606e+001 -3.08718449716481e-001 -4.27533182587371e-003 2.23401162167819e-005 -5.60538872390719e-007 
-7.27811301226202e+007 1.47820479434880e+007 8.92207297843672e+005 -3.03024264046348e+004 -8.94783311672055e+002 1.74897017025653e+001 3.14013772921889e-001 -3.53119365043913e-003 -2.19287647904219e-005 -4.70206051456648e-007 
-3.72044612899181e+007 5.51559739770308e+006 4.56817535871359e+005 -1.13069722281731e+004 -4.58166180212326e+002 6.52733715515711e+000 1.60842225123901e-001 -1.32090034081375e-003 -1.10770386079446e-005 -1.65852316807786e-007 
-1.46210718294609e+008 3.47038943384151e+006 6.96293826470261e+005 -3.54423366236914e+003 -2.70619054669852e+002 1.59724448752663e+000 3.71734015342769e-002 -3.27088558315765e-004 4.77311432274338e-005 -2.02978096306113e-006 -4.66290742175073e-007 -2.79995662845908e-007 -3.62386654880456e-008 
-2.58849992667749e+007 -1.85882495358772e+007 1.20227233277519e+005 1.45933340776760e+004 -7.29135108417222e+001 -3.32438446581760e+000 2.77321577333876e-002 4.33743653942957e-004 -1.21051269125774e-005 -3.05423984024607e-006 -5.56976009193671e-007 -9.98263688095996e-008 3.21015411686886e-008 
-1.12079023010636e+007 -8.05776272677413e+006 5.21121459343977e+004 6.32590605397091e+003 -3.16059372255056e+001 -1.44101826915222e+000 1.21442201176741e-002 1.86107373235404e-004 -1.11452130856715e-005 -1.44057040142064e-006 -1.73019394459725e-007 -2.49743757678633e-008 1.95298248843665e-008 
-1.33884437805526e+008 8.79973782895777e+006 6.28987142513110e+005 -7.57313270967428e+003 -2.30572837863254e+002 2.34430702463117e+000 2.34215793911631e-002 -4.29134939654293e-005 3.98186357339660e-005 -2.42746353654656e-005 -9.05727134065867e-007 1.04309528185507e-006 2.59794678994982e-008 
-6.15623083838456e+007 -1.69505895627293e+007 2.86277224539067e+005 1.29331945615646e+004 -1.32287895278550e+002 -2.60172468308856e+000 3.26159372690438e-002 3.06239993357163e-004 -5.58819524815730e-005 -1.14439114637144e-005 2.50912167153092e-006 4.34727534862885e-007 -9.41710499410606e-008 
-2.66735907012667e+007 -7.34790167962663e+006 1.24091506360452e+005 5.60629354722364e+003 -5.73431910415928e+001 -1.12743426090841e+000 1.42173799447029e-002 9.58990244241318e-005 -2.89734526630993e-005 -2.64867587253835e-006 1.25657626982967e-006 8.02741857044207e-008 -4.62090653507975e-008 
-2.44549352516639e+008 -3.66210729864867e+006 1.01542176693068e+006 4.22956746336858e+003 -2.47021867969225e+002 -1.36017489231215e+000 -4.49043715634166e-002 -1.64184127939689e-004 5.65450938495646e-006 1.70833757152224e-007 6.89433317242676e-009 
3.00975140413357e+007 -2.74872313122715e+007 -1.27289658391867e+005 1.87956915965170e+004 7.91542294867411e+001 -4.97392176817211e-001 -9.31047710164775e-003 -8.73732312199398e-004 -7.07676891990475e-006 -7.32472297800172e-008 -7.79267449966482e-010 
2.04265068481273e+007 -1.25092924712795e+007 -8.57729000079553e+004 8.50726215731908e+003 4.29670017762495e+001 -1.91509091752033e-001 -3.04855770274707e-003 -3.97498475743103e-004 -3.29770718409808e-006 -3.72049931072957e-008 -6.07808127737567e-010 
-6.66021311547860e+008 -1.02752604787451e+007 8.17427832699318e+004 1.77393593866413e+002 -8.69792737412911e-001 5.38956647782016e-005 2.48926929776429e-006 3.30113285026925e-008 
4.04499812527277e+008 -1.31019973712190e+007 -4.97220991349081e+004 2.88262148645380e+002 2.89187654559456e-001 -1.64319648916973e-003 2.59143461192904e-006 -2.66732236521920e-008 
1.89599913812294e+008 -5.36570291501507e+006 -2.33021091544857e+004 1.19238729570787e+002 1.45122843148787e-001 -7.06004769004974e-004 1.09166119777482e-006 -8.65168719639949e-009 
1.33781381219744e+009 -4.70292829158397e+006 -3.07406664235770e+004 1.02721321195118e+001 6.62206075900759e-002 2.44183138227628e-005 7.11790863358450e-008 
4.06594806527782e+008 1.16835511860109e+007 -9.35208426923647e+003 -4.70888870613202e+001 1.24410463731412e-003 6.74709073788229e-005 8.51037942334919e-008 
1.10321074317185e+008 5.02841427239609e+006 -2.53887117321354e+003 -1.98912784074164e+001 -2.33798586054950e-003 2.68634635552258e-005 3.17009197429882e-008 
1.23475755835561e+009 -8.58919373021270e+006 -3.20396579378002e+003 3.48480132079395e+000 1.03641985037696e-003 -2.78170049049830e-007 
2.41254026114395e+009 3.22223090625029e+006 -6.26142099829916e+003 -1.85962389316792e+000 1.08513228630705e-003 4.71375366678444e-007 
1.03916176815003e+009 1.53271302396116e+006 -2.69705379712844e+003 -8.63944342727982e-001 4.59916783473150e-004 2.13006790199290e-007 
4.45786427088326e+009 -5.45984388057063e+005 -3.17101896958811e+003 4.91553609252091e-002 1.95832690517244e-004 1.97657803208138e-008 
3.14222903914637e+008 6.97628150290740e+006 -2.23467618688413e+002 -8.27452887778898e-001 9.07000811978656e-006 2.79184966938768e-008 
1.76294010497192e+007 2.86902069068032e+006 -1.25298690243904e+001 -3.39881625049832e-001 -1.07780353801203e-006 1.12928526889276e-008 
3.06240990707991e+009 6.36918708823031e+006 -1.27137946622400e+003 -2.42170227449359e-001 1.21141227264127e-004 -3.51249908862258e-008 
-3.83701054393640e+009 3.25752594199236e+006 1.59305255319472e+003 -4.74041081544227e-001 2.88768908386517e-005 1.93168856335051e-008 
-2.12010960317065e+009 -9.02439606467119e+005 8.80232702413468e+002 -7.49557362110464e-002 -2.78482998858805e-005 1.45975522993641e-008 
-2.41009281114226e+005 1.21610457731397e+005 1.26514911366057e+004 -1.20158670331917e+003 -2.94596110210870e+001 4.16029934256066e+000 -1.88264807713187e-001 -5.06558675949423e-003 1.39859720088690e-003 -5.72788344431520e-005 -3.35347134398652e-006 5.55448538407533e-007 -1.87136085398786e-008 
-2.42433022830385e+005 -1.08823881396141e+005 1.28035928569569e+004 7.83860674984401e+002 -6.82536406646995e+001 3.43794356658912e-001 1.70995805238525e-001 -1.67688234498726e-002 1.67527230904030e-004 7.41676160718000e-005 -5.64371642110169e-006 -1.79519572966383e-008 3.49755107703706e-008 
-1.41206220465500e+005 -4.82017794659912e+004 7.47060965090653e+003 3.24651004085184e+002 -3.73690032000926e+001 4.59315726652411e-001 7.61331960009624e-002 -9.02624836427183e-003 1.80394400359546e-004 3.45881562294751e-005 -3.14825468561793e-006 2.78397577770443e-008 1.68652588938557e-008 
5.52906279005113e+004 1.61899004201356e+005 -2.61612557728969e+003 -1.23661866581288e+003 1.44780840503737e+001 9.75930883497828e-001 -2.04102138398634e-002 8.64259061925370e-003 -1.53482416156492e-004 -1.15863404543770e-005 6.38012910468876e-007 -1.01284011084805e-007 2.05664616023480e-009 
-3.40129966598922e+005 1.39561261453983e+004 1.62384665155306e+004 -1.60698227302883e+002 -4.96116564387840e+001 6.02084675905656e-001 -6.44028734370444e-002 3.71103692455142e-004 4.27159747680342e-004 -1.10340118238854e-005 5.58261607302443e-007 9.97024943205627e-009 -6.14786733113287e-009 
-1.72031174759900e+005 1.79751821348143e+004 8.21487089544790e+003 -1.67003291561428e+002 -2.46803682400477e+001 3.83409328378220e-001 -3.46108111742578e-002 7.66498574593465e-004 2.10587013592300e-004 -6.51980813258224e-006 3.31209133891227e-007 -1.56818820321940e-009 -3.04245805920475e-009 
3.15032600232504e+005 8.72130080953358e+004 -1.53169107695229e+004 -8.07728276905475e+002 4.42903804252201e+001 2.46228633041454e+000 8.92316314083004e-002 -3.63745923292751e-003 -6.82094199244410e-004 -1.47924185212253e-005 1.27167142351000e-006 1.64530531744212e-007 4.13007347446459e-009 
-1.97611834466633e+005 1.23143364161723e+005 9.74143497237088e+003 -9.14345523399611e+002 -4.53530493286764e+001 4.59121999748254e-001 9.40160877732904e-002 9.10149982761445e-003 8.31562043268639e-006 -3.05917732815582e-005 -1.72706595553566e-006 4.37976306865771e-009 9.75620099624018e-009 
-8.11963690865572e+004 6.93387538727567e+004 3.99654356756036e+003 -5.26829999500160e+002 -2.03483207809819e+001 4.07783183398078e-001 5.43434122632184e-002 4.44117661442052e-003 -4.20048410539986e-005 -1.67685481176863e-005 -8.02883062201811e-007 1.33752789488753e-008 5.30665764570448e-009 
3.47462334867065e+005 -5.79035117665606e+004 -1.89588499422355e+004 3.32065733739853e+002 9.42146425378297e+001 1.09525109272064e+000 -2.57395948496489e-001 -1.32120018518316e-002 7.58346757698977e-004 7.45511766846810e-005 -2.50398847986213e-006 -4.47810555676286e-007 4.38726364970062e-009 
8.43458644537088e+004 1.46720568418361e+005 -4.68200305143399e+003 -1.37318875694851e+003 1.69308242398845e+000 4.49905639820762e+000 1.41777377857611e-001 -1.17135490264389e-002 -9.15424084015409e-004 3.72743483114449e-005 5.14519394999254e-006 -1.00133225941318e-007 -3.14964750200541e-008 
6.63299156264864e+004 7.17382404776434e+004 -3.68967848670709e+003 -6.85228080032342e+002 7.32231883409934e+000 2.39240098385863e+000 5.53905410079048e-002 -6.93302779759747e-003 -4.20174439032524e-004 2.42671999676321e-005 2.48168974263684e-006 -8.19177575485875e-008 -1.59311453522478e-008 
1.10197958243860e+005 -1.68875309580034e+005 -6.47398398519391e+003 1.62203840505929e+003 4.43813058025326e+001 -5.62247883336622e+000 -1.54658197513229e-001 1.56533920682759e-002 3.70538541385289e-005 -6.06513612274925e-005 3.58718604386852e-006 3.08929807153022e-007 -3.02133764251290e-008 
2.93308226243751e+005 5.11424462254563e+004 -1.78228708997111e+004 -5.87003699549155e+002 9.06219284242998e+001 2.72285275192914e+000 -2.56282639732264e-001 -5.94440845359373e-003 8.20671002937246e-004 -2.11684565252516e-005 -3.92431883966988e-006 3.06533361805282e-007 1.97235133082626e-008 
1.58111917879349e+005 1.50379822223626e+004 -9.61144952325451e+003 -1.91970178118905e+002 4.97130713039058e+001 1.01680309885630e+000 -1.42690568779874e-001 -1.99264368220892e-003 4.26010085720486e-004 -1.50084993685177e-005 -1.78038064822466e-006 1.78773032602024e-007 8.11460733871383e-009 
-2.15219819068492e+005 -1.39898437516154e+005 1.32670698850461e+004 1.36807633256022e+003 -7.32752422413158e+001 -4.80227024797285e+000 1.94523404565850e-001 1.07039036822994e-002 3.24629917454333e-005 -1.02234669733177e-005 -4.32231724512626e-006 -7.51960218985971e-008 2.92798020695554e-008 
2.49394149255066e+005 -9.31117549624295e+004 -1.55087463200234e+004 9.47439426786301e+002 8.08719177734974e+001 -3.51419906731093e+000 -2.18109377605112e-001 5.59658082003065e-003 3.69014029763719e-004 3.13258118153623e-005 3.86363987634270e-007 -3.44981149984139e-007 -8.05837390592588e-009 
1.13796851637632e+005 -5.72193771591891e+004 -7.07706555386256e+003 5.80742538129986e+002 3.66077257394596e+001 -2.13990269271291e+000 -9.88828284877660e-002 3.62572008388670e-003 1.91500738648798e-004 1.53628843750478e-005 -9.34072253379778e-008 -1.82460054885548e-007 -2.15213208423009e-009 
-3.54449556442605e+005 6.79116457617674e+003 2.05551849077322e+004 -2.29318774376791e+002 -1.02736753650978e+002 2.33249665959655e+000 2.93555335810851e-001 -1.15348024206051e-002 -1.10201919649721e-003 4.19590342346203e-005 6.31110550112599e-006 -2.02194359821629e-007 -3.87811427723247e-008 
-1.38149537865941e+004 -1.56500824370828e+005 6.07607376995029e+002 1.48086473673850e+003 -1.95596793804962e+001 -5.04761652443861e+000 1.47652957355048e-001 1.52944863347341e-002 -5.89700664490749e-004 -7.34648329877109e-005 2.27389140491994e-006 4.48419421701386e-007 -1.31505777122642e-008 
-3.06903334485879e+004 -7.98571185960710e+004 1.70902404519096e+003 7.45689533257235e+002 -1.71223016099790e+001 -2.43815181715784e+000 9.61433786578918e-002 7.07538733070400e-003 -3.78630346221259e-004 -3.48756374906398e-005 1.59923943186612e-006 2.16622379534803e-007 -9.40155154126625e-009 
-2.01410234151211e+005 1.37575111233061e+005 1.03096173375352e+004 -1.26969540062656e+003 -2.26223635570583e+001 3.86505424022281e+000 -1.36617188776923e-001 -6.68418891628640e-003 9.69027605809975e-004 -8.36228348519028e-006 -3.79357470870448e-006 2.18499636807104e-007 9.37811312632451e-009 
-2.73404395313522e+005 -9.18082408504086e+004 1.40520163698659e+004 6.39999264168178e+002 -6.75298806769727e+001 2.52339997801799e-001 1.57205962225426e-001 -1.15488423521216e-002 -1.71640429369797e-004 5.62937247503572e-005 -1.59599201387193e-006 -1.91708050151020e-007 1.75657871828914e-008 
-1.53488126361089e+005 -3.77380950361172e+004 7.91586012343524e+003 2.41389795222590e+002 -3.63174913933494e+001 3.95642607805103e-001 7.16766469439451e-002 -6.39291342158949e-003 -2.20191627328727e-005 2.83666243084829e-005 -1.07944785412612e-006 -8.36290424934429e-008 9.66648536712676e-009 
-3.54409721610693e+004 5.77799807841986e+003 -1.82689041625268e+001 1.43845669862258e-001 9.98608124722195e-004 3.50380552271793e-006 -1.04113853839965e-006 -4.69146702216270e-007 -6.53274443861842e-008 9.31192379085708e-009 -4.35529385300636e-010 
-6.27991974087379e+005 4.32764864938562e+003 9.13757098568179e+000 -4.11849028027878e-002 4.25232139353625e-003 8.74848771066663e-005 9.53098920363183e-006 5.78673582623848e-007 3.23376159164783e-008 -7.77971722835841e-009 -2.38341488341193e-010 
-2.60434941445871e+005 1.73479263116538e+003 4.10087715276747e+000 -2.77621296540520e-002 1.95952240819376e-003 4.39850040709617e-005 5.29694919523749e-006 3.57426041267101e-007 2.40283147595270e-008 -3.17833443511901e-009 -9.55035213469123e-011 
-2.40255035597966e+004 5.63896573372124e+003 -1.64805811332248e+001 1.46013103064222e-001 -2.92657272690480e-003 -7.64917722204796e-004 -9.77904051848296e-005 -6.36457243936364e-006 4.09940992381451e-007 1.97736669568404e-007 2.58905079444161e-008 
-6.19264168302979e+005 4.40017197556263e+003 9.16523780228345e+000 5.85853841140031e-002 9.28735542921646e-003 3.46390524337631e-004 -2.53199666460225e-005 -9.74560551134094e-006 -1.32937778052788e-006 -8.27073231912731e-008 8.98198948685846e-009 
-2.56933142618972e+005 1.76693301715462e+003 4.01889732686762e+000 2.17198846598129e-002 5.03189874800917e-003 2.64279150679859e-004 -3.29432369961799e-006 -4.54714465327959e-006 -7.52674803561391e-007 -6.27947087816003e-008 2.10204688699359e-009 
5.36991327572691e-005 4.14372186666434e-007 2.62741066679044e-007 -1.89424905816979e-007 -5.96581660741890e-009 6.61935280677635e-009 -7.26183150503402e-010 2.61876989697882e-011 1.54658525713654e-011 -6.32888691393151e-012 
3.57640020169572e-005 -4.78738394155608e-007 2.74666186723192e-007 2.94089005301866e-008 -1.94915642568817e-008 5.98758359883362e-010 2.53470368695347e-010 -6.74639592059858e-011 1.51114175986280e-011 -4.17546832558847e-013 
5.24116676764035e-005 -2.06149573639408e-006 -9.03666419480027e-008 2.27919084981889e-007 2.60606011833684e-008 -7.61194371040256e-009 -1.81067875633251e-009 1.65560419165978e-011 6.55575642233708e-011 4.77101634414329e-012 
3.56445478631339e-005 -2.12972706994983e-007 -3.35854103453995e-007 -3.09372385183919e-008 2.14838582736345e-008 3.28126784325532e-009 -3.09571787716901e-010 -1.67869201544083e-010 -1.24527518299701e-011 5.53584744029692e-012 
5.17414944332132e-005 1.20099895059191e-006 -3.55659682054312e-007 -3.02583128286180e-007 3.54432165438324e-008 1.76105102276070e-008 -1.34025318211337e-009 -5.13015727404826e-010 3.11774727896781e-011 6.32880503406899e-012 
3.46410941869752e-005 -7.76151780349471e-008 3.44284845771776e-007 -6.32028722520689e-008 -3.51855306478694e-008 3.45271178894028e-009 1.44672766376424e-009 -9.09883499010689e-011 -3.08674876253868e-011 1.10673344460944e-012 
5.09301743561940e-005 -8.42180415371503e-007 7.00395047516208e-007 7.34468688441863e-008 -6.55458169912063e-008 9.83321075000132e-010 2.52136841085475e-009 -2.62867364980706e-010 -5.70877961169721e-011 1.24225467358993e-011 
3.40230250454618e-005 -1.02062993987864e-006 -1.24808206008820e-007 1.13884940643380e-007 2.87067846684056e-009 -6.07096950979157e-009 4.47203716417434e-010 1.66980359011729e-010 -3.26120720527500e-011 -3.04421052180526e-012 
4.86871235483617e-002 -9.67399686150912e-004 -2.79784952662645e-004 6.44052778566134e-005 4.20403698756885e-006 -1.43906176117032e-006 2.26441942517615e-008 1.29936560910561e-008 -1.40055789504334e-009 1.61410330250197e-010 
3.89040564840307e-001 -3.84711693014466e-004 1.20794757039810e-004 1.57914879287308e-005 -3.92605672960055e-006 -7.95848482379794e-008 6.10805578185933e-008 -3.25160116112618e-009 -7.37219283098971e-011 5.72130898185416e-011 
4.85179921957132e+003 9.20810124881497e-001 2.67208198058482e-004 -6.09514393533211e-005 -4.02540625761451e-006 1.34795587529065e-006 -2.14268266615790e-008 -1.20511350850986e-008 1.32639989230572e-009 -1.52320176083038e-010 
4.66984646647463e-002 -5.58253322130450e-004 2.60690770361658e-004 6.27819819697265e-006 -3.18150453010944e-006 8.52713054545984e-007 2.61118812346712e-008 -2.32560136447151e-008 -1.90151396383999e-009 2.46503841279577e-010 
3.89233144141991e-001 5.09017248582164e-004 5.04017976240348e-005 -1.31469345866859e-005 9.51603065768096e-007 7.84335899524702e-008 -6.09877443248333e-008 -2.88048262227190e-009 1.01951468986097e-009 1.44217232164260e-010 
4.85364089410222e+003 9.20419593454636e-001 -2.51933536212047e-004 -6.79954955918961e-006 3.14089985656205e-006 -7.72284185928134e-007 -2.55395443221729e-008 2.11933268747498e-008 1.75414087100286e-009 -2.22050671335837e-010 
4.76966347713483e-002 1.52404703442467e-003 2.04786843657854e-004 -3.61647082066060e-005 -9.24933252629062e-006 -3.25084920426410e-007 2.63695438855896e-007 2.12899046426155e-008 -5.08364073099643e-009 -3.57480680328451e-010 
3.90201174424669e-001 3.29665055228384e-004 -1.09234963060928e-004 -1.80021530355193e-005 6.76914440731525e-007 6.26788739864087e-007 4.36213595834791e-008 -1.46946009213747e-008 -1.18283596489809e-009 2.32468914570589e-010 
4.85547969501069e+003 9.18418234888318e-001 -1.92304918072134e-004 3.52081578934233e-005 8.56722427929278e-006 2.82993094471293e-007 -2.42573857807220e-007 -1.96900992225405e-008 4.65728054409249e-009 3.33167157617763e-010 
5.01265020606766e-002 3.17695154013130e-004 -4.42604315889528e-004 -3.74445369081505e-007 1.33084162898168e-005 -3.87955661058167e-007 -2.47546051836798e-007 2.04951608985663e-008 3.09039483576831e-009 -6.10723665610141e-010 
3.89890998239911e-001 -5.55367226557868e-004 -1.00452331686508e-005 3.17430522657590e-005 -3.86425112031626e-007 -7.17612257332303e-007 3.81363039298769e-008 1.11272240718875e-008 -1.43567833966151e-009 -1.01791679772903e-010 
4.85731713575484e+003 9.19578181236447e-001 4.20093750062204e-004 2.99688966062890e-007 -1.25149622191117e-005 3.57351183014116e-007 2.30969956926449e-007 -1.89028560853099e-008 -2.89762152237818e-009 5.64571594760778e-010 
