-5.05270720673086e+007 7.10426551079042e+006 7.03807874141898e+005 -2.78765477021684e+004 1.67591209386317e+002 4.79410388762090e+000 -1.19395830230822e+000 6.81870542512210e-002 -3.21321836465245e-003 1.07056358047600e-004 -1.59280075999900e-006 -1.16160013859289e-007 1.38666460018861e-008 -8.96869420922452e-010 
-3.89809313167130e+007 -1.05787123093359e+007 5.28789546633144e+005 1.57623619647171e+004 -7.73838575592520e+002 3.23512217664999e+001 -1.13075868132183e+000 1.77766350336713e-002 6.30867969248987e-004 -9.90306485477880e-005 6.45262705668503e-006 -3.16916870218532e-007 1.11396734830705e-008 -1.79332706631363e-010 
-1.54992011360113e+007 -6.38732442477794e+006 2.09470065054615e+005 1.13106627222184e+004 -4.30736479098511e+002 1.67836531919128e+001 -4.80188458693695e-001 2.42418050754165e-003 6.70218063746947e-004 -6.40009783887377e-005 3.61193951095284e-006 -1.57238804453739e-007 4.51233138749343e-009 -2.77071824146254e-012 
-3.17152336594080e+007 1.14419270743794e+007 3.84858289249806e+005 -2.55045185041181e+004 8.46671781096746e+001 -9.55159241395249e+000 -2.53842121435874e-001 1.17424813866074e-002 -7.60379191234608e-004 3.51486813813257e-005 -1.09518919501094e-006 3.99831598790358e-008 -3.74762238511140e-010 -1.05616917757954e-011 
-5.54307149201290e+007 -5.76179087802914e+006 6.60721001912605e+005 7.26387214542404e+003 -3.55314492392734e+002 1.14287301570141e+001 -6.49956698862013e-001 1.12260140032560e-002 -5.14186296569283e-004 -2.81451800491254e-006 3.34259102038525e-007 -3.79178148628754e-008 1.88918659491132e-009 -8.09007642404139e-011 
-2.62365971376624e+007 -4.26414871045239e+006 3.13020247924267e+005 6.52508595934766e+003 -1.98576552543053e+002 7.09536807032964e+000 -3.20858064788416e-001 4.77873834647162e-003 -1.95804001847085e-004 -5.14860917215847e-006 2.92124830237573e-007 -2.44009063072790e-008 1.04799700697088e-009 -4.21188580113929e-011 
-6.71610902509175e+006 1.33033357940870e+007 7.97700971357052e+004 -2.59341451850903e+004 -1.50746518556418e+002 -1.35014345099147e+001 -1.17306036964275e-001 2.35196889597952e-003 9.89989275891749e-005 2.25144996881910e-005 4.44247773221945e-007 3.87810324642919e-008 6.51129385552923e-010 3.30770609031179e-011 
-6.14524974553257e+007 -2.11745341052097e+005 7.18784586360182e+005 2.63253567707739e+003 -2.67132627708909e+002 -2.31720483970602e+000 -5.75877362887401e-001 -6.38684211163085e-003 -6.11600662345869e-004 -5.98737844615008e-006 -2.15874048764128e-007 4.05523759629936e-009 7.19038414638758e-010 2.50624364844364e-011 
-3.20454052043457e+007 -1.49256075897836e+006 3.75675396879392e+005 4.09574943560652e+003 -1.27059242799179e+002 1.62404888523284e-001 -2.95448508095869e-001 -3.65562697796381e-003 -3.36966656831568e-004 -5.53332992071623e-006 -1.61383272066305e-007 -1.85490972959854e-009 3.16639537966174e-010 9.96254705508469e-012 
1.95002341738602e+007 1.26343149399593e+007 -2.55216316734222e+005 -3.06189165831387e+004 -4.37814093665006e+002 -1.42005706795354e+001 1.62303483517143e-001 2.60510588631683e-002 1.76745386997618e-003 8.92043882313133e-005 3.33553908843601e-006 9.38514615744761e-008 2.12963602401391e-010 -1.71929110719879e-010 
-5.60826454006341e+007 5.58335831184094e+006 7.20500062612585e+005 -2.86684242286297e+003 -4.78592174835207e+002 -2.07301609717566e+001 -1.06658590675662e+000 -2.97717133441564e-002 -7.79881779554714e-004 9.32575839402798e-006 1.91441126308993e-006 1.42999470354652e-007 7.39893078512247e-009 3.00577907420139e-010 
-3.18954580673490e+007 1.67235076335208e+006 4.11332044704997e+005 1.64401606845408e+003 -2.10243371336988e+002 -9.60070179096879e+000 -5.86569444011504e-001 -1.86048106770742e-002 -5.99866127872740e-004 -4.26702715030245e-006 6.76867035775878e-007 6.66537007424183e-008 3.92911368497655e-009 1.78262991016391e-010 
1.79777040751575e+007 2.35683375255672e+007 -2.22162719863487e+005 -4.83529985581342e+004 2.52944118298097e+002 2.79991502862553e+001 -1.37707299395103e-001 -5.72533434385855e-003 5.41240968688016e-005 -6.68529577062282e-007 
-9.69514889016247e+007 4.12552848679565e+006 1.19326242706706e+006 -8.95013484388977e+003 -1.19865357900888e+003 6.37922626163258e+000 4.22941555116319e-001 -2.70570274250902e-003 -2.93265550996118e-005 8.56922809269379e-007 
-4.47350925789832e+007 3.64774153506335e+005 5.50899086220549e+005 -9.66538114176830e+002 -5.55273036061248e+002 1.09803572711545e+000 1.98993974053961e-001 -8.54917088700179e-004 -1.66149258339355e-005 4.28398501304285e-007 
6.15753919468968e+007 1.95800273132700e+007 -7.60359430712582e+005 -4.00568941190570e+004 7.67800049208569e+002 2.29415269301967e+001 -2.77819244880814e-001 -4.42860580390334e-003 2.69170787753201e-005 -7.10376760840095e-007 
-7.97160122834274e+007 1.29291326529394e+007 9.76712533488647e+005 -2.65837755500970e+004 -9.76154388334859e+002 1.55355350068356e+001 3.37152677669766e-001 -3.36588567043331e-003 -1.86547702732799e-005 -2.61899382338297e-007 
-3.97395573199759e+007 4.57784938057901e+006 4.87535166288041e+005 -9.42480159552385e+003 -4.87754522627955e+002 5.53755266934748e+000 1.69275774025132e-001 -1.23295420485977e-003 -1.00693848120990e-005 -8.79628623738462e-008 
1.23332973936070e+008 1.14965895666222e+007 -5.64503018222873e+005 -9.17633975081753e+003 1.96658078637653e+002 2.23977534155821e+000 -1.54203895288888e-002 -6.24831544956975e-004 1.04575725439986e-005 1.48206875865190e-005 -1.88699961620147e-006 -1.84316008633119e-007 7.96079944055953e-008 
-8.03130676283528e+007 1.53475977444793e+007 3.64380310061545e+005 -1.14127677140467e+004 -1.46567172257246e+002 2.05593920858883e+000 2.27038660567006e-002 1.89669850758488e-004 4.91955946214150e-005 -1.14065996341393e-005 -5.57064338186821e-007 4.33756320264602e-007 -6.24836343010904e-008 
-3.48141134860352e+007 6.65361553885245e+006 1.57975715987958e+005 -4.94797044161532e+003 -6.35450037611393e+001 8.91587482226879e-001 9.94227189857923e-003 5.56960564033346e-005 1.63285122594363e-005 -3.30017138135354e-006 -1.91635340548745e-007 1.28810382559213e-007 -1.97846357433572e-008 
1.41501336447088e+008 6.59684666031855e+006 -6.54337012126909e+005 -5.69504139212936e+003 2.37006446704954e+002 1.77298677101494e+000 -2.36653936441764e-002 -7.87180755082023e-004 -5.29797175402451e-005 1.79023120923788e-005 5.65813715531579e-006 3.00639775176776e-008 -3.79036517245960e-007 
-4.71624686588093e+007 1.76782879906393e+007 2.14814488323227e+005 -1.33976095251600e+004 -9.96698027465678e+001 2.63111446115177e+000 2.26151428219096e-002 -2.00763396578224e-005 6.18919272154344e-005 6.15009234541695e-006 -2.37104522822184e-006 -8.60475385184269e-007 -1.33004496817286e-008 
-2.04423518376863e+007 7.66407703517718e+006 9.31318671906073e+004 -5.80850475414048e+003 -4.32129794393198e+001 1.14105720083124e+000 9.85338794399702e-003 -4.36235599940004e-005 2.08096749000045e-005 4.07172961560591e-006 -4.95893999611929e-007 -3.57114037429591e-007 -3.75958752839346e-008 
-2.02029343895604e+008 -1.80356734010822e+007 8.34978616908139e+005 1.13852403059957e+004 -2.30154114750175e+002 3.55226658638477e-001 -2.70246401828279e-002 -5.16879976092662e-004 8.01545679274370e-006 -1.43275069532963e-007 -2.01743004441811e-010 
1.27359482692332e+008 -2.23800862860704e+007 -5.29216995177428e+005 1.60538945079439e+004 1.02582892593787e+002 -1.01096136456284e+000 3.06590568328492e-002 -7.00675461098552e-004 4.06498447402886e-007 -7.38446590341458e-008 2.22535422836025e-009 
6.39001924083754e+007 -9.77778951142970e+006 -2.65306801656108e+005 7.05579824489520e+003 5.32738301646038e+001 -4.73422265124814e-001 1.47944171747396e-002 -3.07334155379302e-004 -4.49141616809459e-008 -2.63524464690197e-008 4.18652200859309e-010 
-3.95110003000919e+008 -1.58368720358297e+007 5.15130704879657e+004 3.16349215537804e+002 -8.03346723437561e-001 -9.28719018450446e-004 6.64712061959389e-006 -2.14823013590034e-008 
6.20691994257656e+008 -7.70053236216282e+006 -8.09667331234382e+004 2.11286338129468e+002 6.86463702639210e-001 -2.24140137631728e-003 1.19206448427734e-006 -8.21757534757372e-009 
2.75669382209181e+008 -2.91515964556519e+006 -3.59594769874553e+004 8.28652892523483e+001 3.13782219811931e-001 -9.38372626389894e-004 3.60488960421908e-007 -1.37144291330702e-009 
2.04133055021000e+008 -1.39091838183272e+007 -5.27950742466530e+003 5.93954599227109e+001 1.75756621716157e-002 -1.10304621478658e-004 -9.68993849057086e-008 
1.23821989419149e+009 1.61649272974030e+006 -3.17942608521312e+004 -8.57960565208122e+000 7.75209672291534e-002 2.80619205007060e-005 -2.00569401998774e-007 
5.02644568910971e+008 1.26648333974003e+006 -1.29049515003641e+004 -6.10609283777585e+000 3.13098450948240e-002 1.61413710531742e-005 -7.57276827285074e-008 
2.50649687997257e+009 5.07606112591427e+006 -5.93249463983315e+003 -1.82460642988539e+000 1.12059822782050e-003 9.73461514542841e-008 
-1.48544520352238e+009 6.84622130437727e+006 3.51438876332705e+003 -2.80329261641996e+000 -4.79130850817548e-004 1.49493071365946e-007 
-6.86039109122547e+008 2.92667758899296e+006 1.62315926473125e+003 -1.20204742006233e+000 -2.25854965879131e-004 6.81356144490275e-008 
2.87467774503045e+009 5.73326084874112e+006 -2.00037407793471e+003 -6.79133801296611e-001 1.12191573247171e-004 1.55556347507468e-008 
-3.18062172476014e+009 4.53409631572678e+006 2.21360077747204e+003 -5.09236823648452e-001 -1.36374955514437e-004 -2.96840599441572e-009 
-1.37341443149015e+009 1.71309513904270e+006 9.55831385639200e+002 -1.91503148404286e-001 -5.85786658542940e-005 -1.26810915020434e-009 
-1.03263091048867e+009 7.46807053130106e+006 6.86858473249364e+002 -8.93661911916112e-001 6.03258173590492e-005 8.75253354408101e-008 
-4.32909046110317e+009 -2.01838879149434e+006 2.87881671918625e+003 -5.43885233842844e-002 -2.67848860319482e-004 8.61367605504233e-008 
-1.03984748937074e+009 -2.87997869254057e+006 6.91437663422294e+002 2.52502352805836e-001 -1.02455685316811e-004 -4.32357610352640e-009 
-3.39571070475827e+005 7.04957706928814e+003 2.20613373965429e+004 -1.40306728561637e+002 -1.32611684533502e+002 2.11637542933806e+000 5.50471205752374e-001 -2.67134418260600e-002 -2.31193685093160e-003 2.68053440572265e-004 6.86956163493983e-006 -2.27228955007749e-006 2.89276938509923e-008 
-2.90465248804312e+004 -1.63986411187198e+005 2.00049405716400e+003 1.71674898190001e+003 -2.14696464475235e+001 -7.73760220569739e+000 2.44498851535269e-001 3.17304761495295e-002 -2.58628918193643e-003 -1.17092914913286e-004 2.31365474756316e-005 4.35055367176539e-008 -1.79866753244453e-007 
1.86739963967415e+004 -7.60832623770754e+004 -1.18090575588432e+003 8.04215727623086e+002 2.83318143040364e+000 -3.76732896733243e+000 5.97346490303246e-002 1.71623805379987e-002 -9.68938839117270e-004 -7.95035559845224e-005 9.99025511116165e-006 2.37108204188356e-007 -8.55331015979895e-008 
-1.75632283694109e+005 1.47113298756757e+005 1.05428046853251e+004 -1.50651757749775e+003 -2.86068428211368e+001 5.44148541290512e+000 -1.34051716434364e-001 -5.12993542608922e-003 1.03288960473094e-003 -7.69365120327637e-005 -3.89397440602964e-007 5.00184351976296e-007 -3.36279157708239e-008 
-2.85849804408453e+005 -8.03035404795001e+004 1.68828156558675e+004 5.88936947414079e+002 -9.21640769590891e+001 3.01993494606417e-001 2.10722856220903e-001 -1.34555246479985e-002 4.33129960837773e-004 4.19732050381188e-005 -6.64312241280712e-006 2.34238261094695e-007 1.99748038730909e-008 
-1.14973968284716e+005 -5.08635883614780e+004 6.77839310782426e+003 4.15583793632692e+002 -3.97455582896394e+001 -3.86202207637382e-001 1.09906296688731e-001 -5.69072018725629e-003 1.00423723301779e-004 2.66481122455130e-005 -3.01988734123645e-006 6.00110959177165e-008 1.24070006246551e-008 
1.44888594849751e+005 1.58425870214082e+005 -7.29151290669564e+003 -1.27853964028298e+003 4.65479336832779e+001 2.17836047116460e+000 -1.21848966522371e-001 4.46977657697066e-004 -4.53754769935361e-005 1.45010079894408e-005 6.63758360531218e-007 -1.30794858444772e-007 2.24142281204649e-009 
-3.05590889434467e+005 5.97021386076631e+004 1.59212244579068e+004 -6.57875799264120e+002 -5.67950674615259e+001 2.56542508839242e+000 2.85963450089478e-002 -3.06778855780480e-003 -3.05602598325573e-005 -1.02710315332919e-005 1.58179594023646e-006 2.42740223573047e-010 -6.53184848680910e-009 
-1.54250474058777e+005 1.26213810936384e+004 8.03828450751854e+003 -1.81615472498752e+002 -3.07058527014942e+001 9.72657275337992e-001 2.50624878450912e-002 -1.45782595204084e-003 -1.02175381938279e-005 -6.09481818084870e-006 6.66245288658848e-007 1.25888105763670e-008 -3.22674689130186e-009 
3.65311958533009e+005 5.36946436034384e+004 -1.72242453405442e+004 -3.36681266348629e+002 6.30204372300791e+001 -3.14320334556955e-001 -6.37431308140220e-002 4.60752693565465e-003 1.03943471274537e-004 -1.29893052492143e-005 -4.80341837032208e-007 5.35261976093148e-008 -2.88852325158024e-010 
-9.20928886592538e+004 1.44030858510549e+005 4.30191766263156e+003 -1.15064884433865e+003 -6.23867168542469e+000 2.12986680682459e+000 -5.87667725148097e-002 -1.41879686117648e-003 2.35862529758136e-004 7.09938122097421e-006 -7.11848627091058e-007 -1.18230720516492e-008 3.47712004240379e-009 
-7.64357797391064e+004 6.14736680522296e+004 3.61730415373714e+003 -5.00004882629921e+002 -8.96045639314907e+000 1.01466511535146e+000 -2.08492482305548e-002 -1.09481013835798e-003 9.91908811973366e-005 4.52371973962193e-006 -2.83381392173585e-007 -1.05690167782429e-008 1.63229481331284e-009 
3.33695035939592e+005 -8.39121070476839e+004 -1.55682815166231e+004 5.82780678710971e+002 5.18122844987473e+001 -3.94728289400189e-001 3.50630742937286e-002 -9.72033649793082e-005 -3.75537614945809e-004 -1.20079539917890e-005 -1.19698055803914e-007 -1.28294378305203e-008 2.30690200618137e-009 
1.87281250405813e+005 1.24257679759123e+005 -8.94443737650920e+003 -9.83313376446533e+002 2.37672919971314e+001 1.14887030060271e+000 1.02732224665483e-002 5.52522825029795e-003 9.40214066737903e-005 -1.14633580200293e-005 -4.56090735957748e-007 -3.74694345739700e-008 -3.20146520435757e-009 
5.56213640309595e+004 6.53189541154637e+004 -2.67171693665927e+003 -5.11061480672342e+002 6.04129047475741e+000 5.75003893199538e-001 1.68813018357462e-003 2.56496579333291e-003 7.90590862145126e-005 -4.19019832648466e-006 -2.02070591560207e-007 -1.61995744952901e-008 -1.69952434665775e-009 
7.31372650983215e+004 -1.66816980620704e+005 -3.78613756146561e+003 1.36377424027969e+003 4.33920070254659e+001 -1.33155982212988e+000 -1.93566532351554e-001 -1.66165162534931e-002 -2.89706186260704e-004 6.25042769547451e-005 6.80347325144758e-006 2.90424120123734e-007 -1.39984752739719e-008 
3.32805026684795e+005 1.40639484272503e+004 -1.75172645590281e+004 -3.54113278370869e+002 6.10563786348275e+001 2.96992111395756e+000 9.29300841457999e-002 -6.20488353600044e-003 -1.17544940314788e-003 -6.05305806651747e-005 7.05692553621131e-007 4.07909278992605e-007 3.47451110239577e-008 
1.47291371869026e+005 2.20788664934131e+004 -7.76456693164284e+003 -2.93403929951855e+002 2.42664697250665e+001 1.51062100936188e+000 6.12814105342139e-002 -1.33261049690576e-003 -5.18984811575584e-004 -3.39839564957525e-005 -3.08584651359216e-007 1.62359764943660e-007 1.74507122914085e-008 
-2.33433588020733e+005 -1.24214854547680e+005 1.46685203575991e+004 1.46161084246577e+003 -5.69243584994447e+001 -8.67817123195732e+000 -1.14819951878474e-001 4.72640718459511e-002 3.27603779234369e-003 -1.88173656548087e-004 -3.51216617617734e-005 -3.09004842087699e-007 2.77225666411955e-007 
2.22135971909896e+005 -1.21823119640704e+005 -1.39317661602574e+004 1.06969125689174e+003 1.02975719648530e+002 -1.66825637791087e+000 -5.93381815721952e-001 -2.16110172761118e-002 3.04676793948799e-003 3.15915897695109e-004 -7.63046751612950e-006 -2.95620792467698e-006 -9.23671890085570e-008 
1.24539132250945e+005 -4.49460127493455e+004 -7.84075397130320e+003 3.59235885172756e+002 5.32397099739122e+001 4.11604061131502e-002 -2.65123760041122e-001 -1.44722365746912e-002 1.10879656425615e-003 1.64393320728792e-004 -2.56635293541324e-007 -1.34440441141526e-006 -6.88569228898954e-008 
-3.27629032195398e+005 3.62370152278940e+004 2.19515536726582e+004 -4.74284349544146e+002 -1.40403176410444e+002 4.09956633935950e+000 6.96431134042335e-001 -4.17041399129177e-002 -3.98708750507415e-003 4.32149755535459e-004 2.23148244015032e-005 -4.32565726382297e-006 -8.68857264095232e-008 
-7.73610478812508e+004 -1.61422463876784e+005 5.26543735313439e+003 1.73944930453979e+003 -4.50258445552519e+001 -8.74741223887470e+000 3.97188906043406e-001 4.58916761456397e-002 -4.02017101230633e-003 -2.60755325121900e-004 4.02617101572974e-005 1.22718967963934e-006 -3.90629482558222e-007 
-5.71770631082656e+003 -7.83448884347944e+004 3.93596806664716e+002 8.53027347570208e+002 -7.69068093918923e+000 -4.45058095358587e+000 1.19024064978668e-001 2.52291746193481e-002 -1.49365580911842e-003 -1.61597889822635e-004 1.66119523125447e-005 9.75022416310074e-007 -1.73314043335577e-007 
5.17425856691120e+004 9.24478549691560e+003 -9.75308403284574e+000 1.40819273078029e-001 -1.56412055481464e-003 -5.18946699273687e-005 6.47070654717783e-006 -6.68459831184621e-007 7.22440345506149e-008 5.08123620554201e-009 2.98904398300972e-010 
-7.20641053811368e+005 3.04209048522117e+003 1.72995888329360e+001 1.68247498647187e-002 4.73738540767712e-003 -1.32152925953071e-004 8.11844562224534e-006 -3.67797865226370e-007 1.14503333753513e-008 -1.34760512721965e-008 -3.48043069679074e-010 
-3.07109767120441e+005 1.04685541450612e+003 7.55194424909456e+000 -3.83537657243963e-003 2.32245767087722e-003 -6.67481809381416e-005 3.77724251280057e-006 -1.27366088394260e-007 -1.36000446062148e-009 -5.21868488995216e-009 -2.16062415927808e-010 
7.01591538306231e+004 9.17305198315924e+003 -8.23023406895567e+000 1.12538277239212e-001 -1.77019140074587e-003 1.51060572503227e-005 1.16788239472825e-006 -1.81024914111986e-007 -2.91856339103723e-008 7.27222278389088e-009 -1.52843006381312e-010 
-7.14417024238930e+005 3.18243838754069e+003 1.78964997427813e+001 7.97250257384045e-002 3.55482399428246e-003 9.45858288664871e-006 7.13992725557656e-006 3.81354543067614e-007 3.12420899198094e-008 -1.53527844079864e-008 -5.68297459110199e-011 
-3.04955390327033e+005 1.10764420020096e+003 7.69815593067550e+000 2.66739755458676e-002 1.70861737902616e-003 4.65720579055758e-006 3.80454256377007e-006 2.22002669860718e-007 1.97625930944653e-008 -6.44387120037720e-009 -1.89971564556959e-011 
-7.42727109354664e-005 -7.65311296101509e-007 6.28703767660729e-007 1.54843377366131e-007 -7.81670107018515e-008 -5.34567760612552e-009 4.03982777133244e-009 -1.92217254376153e-010 -1.16832680707372e-010 2.31182592082914e-011 
1.30253638419524e-005 5.92692458305846e-008 -2.29712385168993e-007 1.14441503234589e-007 1.73008510484651e-008 -8.44298517872077e-009 -1.75835282991205e-010 3.65432219851242e-010 -3.04923856749190e-011 -1.11782153958221e-011 
-7.40582779883298e-005 -4.20098963019091e-007 -7.26340861625799e-007 1.53001799426114e-008 4.38123098714900e-008 -2.72083884752602e-009 -8.56675819969133e-010 9.36208315736319e-011 4.98810524525520e-012 1.65204718577084e-012 
1.39153409359867e-005 1.03338569741448e-006 8.88632105769068e-009 -8.77332098804686e-008 3.26233344653108e-009 3.18041625617909e-009 -3.58481467660864e-010 -5.48325983281008e-011 1.70605312213778e-011 2.10030850710883e-012 
-7.62129880607442e-005 -4.20383995352007e-007 6.79599991906329e-007 -1.13202999913788e-009 -3.98463839416075e-008 -2.26820883027789e-009 4.04635520712801e-010 2.36555360408655e-011 -7.17564967959344e-012 6.16258103484810e-012 
1.47713793108710e-005 -1.53783689668011e-007 3.10651015978599e-008 8.47874365640819e-008 2.48607450396016e-009 -2.13744859494875e-009 -1.58047993392399e-010 -3.92053109040829e-011 -1.56347172130051e-011 1.37021720635863e-012 
-7.66443848516585e-005 -1.38911649163788e-006 -6.02202854923238e-007 2.30528615100953e-007 8.12609961289332e-008 -1.64594034790639e-008 -5.91491904728216e-009 7.52920213684512e-010 3.26433504881576e-010 -2.94272201234975e-011 
1.56915489187740e-005 8.07465464364125e-007 -2.84612087211627e-007 -1.16016696066947e-007 2.89671987267882e-008 1.00348955244540e-008 -1.43817363130753e-009 -5.76367218612519e-010 5.14404223880880e-011 2.47330075604362e-011 
-6.45984325101056e-002 -6.17858250152923e-004 -4.03720685370606e-004 -1.56506131010479e-006 6.63781576194270e-006 1.42516981256263e-006 -7.99496359813837e-008 -4.70889478974123e-008 3.91746036414098e-009 7.43375797052087e-010 
4.02276265586777e-001 -7.85576560168606e-004 4.32064204505752e-005 2.37537634109113e-005 1.81450878980205e-006 -2.49059058654269e-007 -1.11194393157379e-007 6.51436447015316e-009 2.52667850108294e-009 -3.36409296002934e-010 
2.78400496972338e+003 9.20377160532334e-001 3.81567583160705e-004 3.38509728109456e-006 -6.41379561345793e-006 -1.32423187814324e-006 8.01819730506935e-008 4.27689154720508e-008 -3.68495530694411e-009 -6.58204569617315e-010 
-6.74561069924740e-002 -1.59987728787819e-003 3.28742033599960e-004 7.96430450165022e-005 -8.15399292539063e-006 -1.52851487788403e-006 1.38919274167406e-007 1.66180605558162e-008 -2.09157366528296e-009 -8.53074321017812e-011 
4.01794004224270e-001 4.23041156803560e-004 1.70698420727491e-004 -2.24358181812099e-005 -4.64380869368124e-006 4.14240936673055e-007 6.68988631343640e-008 -6.60714744453241e-009 -5.07086796041041e-010 8.52276923263635e-011 
2.78584731854004e+003 9.21381672827046e-001 -2.93206760871570e-004 -7.46507825938747e-005 7.43195160793839e-006 1.41415055647462e-006 -1.28962453494302e-007 -1.52445553224987e-008 1.93888610099348e-009 7.83720873061191e-011 
-6.71859091833977e-002 1.75627898941535e-003 2.09392627206384e-004 -7.82528627887742e-005 -1.11746776794676e-006 1.46470984528647e-006 -1.78613169462520e-008 -1.49518291650458e-008 -6.54413993836736e-010 -7.52475214437848e-011 
4.02826566871491e-001 3.06305037051438e-004 -1.73210964086485e-004 -9.61151717648083e-006 4.50880928455943e-006 -3.17561045361116e-008 -6.53253367424679e-008 -3.94154578882469e-010 3.06800772929141e-010 4.28172241496153e-011 
2.78768690230196e+003 9.18289796008256e-001 -2.03583301378364e-004 7.02957412979473e-005 1.10070880112012e-006 -1.32604691850210e-006 1.89046193891178e-008 1.38580016501659e-008 5.86740931426134e-010 6.46806472064001e-011 
-6.42682282358808e-002 7.08161099203438e-004 -3.38361633493933e-004 -1.69668867718461e-005 -1.05333472778452e-006 -3.83086446847489e-007 3.21851907798164e-007 3.41191127135659e-008 -1.17304340548296e-008 -1.59743116945047e-009 
4.02268033501762e-001 -7.55734845548008e-004 -5.52155864002255e-005 1.38750494210924e-005 1.72968987749837e-007 4.63110118457297e-007 5.21385631018545e-008 -2.51021116527891e-008 -2.89933323572944e-009 8.01113822874468e-010 
2.78952392033345e+003 9.19148945185920e-001 3.05530805529936e-004 1.89669200168584e-005 1.20367892479259e-006 2.72218649541106e-007 -3.04116410003643e-007 -2.93017525702009e-008 1.11007187016840e-008 1.41030777968785e-009 
