-3.46477958163997e+007 1.10480297933133e+007 4.21524104079741e+005 -2.56828714155161e+004 1.06279527545915e+002 -8.75757239018381e+000 -2.98466543281395e-001 1.49404935471611e-002 -9.22399291803325e-004 4.08434714159812e-005 -1.31081729213638e-006 4.18669660592380e-008 -2.31971763608707e-010 -3.21981773500180e-011 
-5.22414932036048e+007 -6.38713651304314e+006 6.49746724084220e+005 7.97397049587141e+003 -3.84788682160249e+002 1.33407997190638e+001 -6.90357848579562e-001 1.31461938072400e-002 -4.97376469218393e-004 -4.96831121830848e-006 5.64103511815946e-007 -5.00721895699470e-008 2.44999498063279e-009 -1.04281603182776e-010 
-2.44330518582035e+007 -4.55808630352778e+006 3.03340416917886e+005 6.92339274637683e+003 -2.16563211524913e+002 8.03434506526418e+000 -3.37781363230148e-001 5.47255916629227e-003 -1.70105914990142e-004 -6.88976343563563e-006 4.38123705130694e-007 -3.11166390107981e-008 1.32661878322649e-009 -5.19837162737189e-011 
-1.01451389445723e+007 1.32010265842041e+007 1.16768019476631e+005 -2.56760648446809e+004 -1.19136573406305e+002 -1.31553045451911e+001 -1.24985143716408e-001 2.15221103596685e-003 6.06355681643826e-006 2.08634353961956e-005 2.50526040301017e-007 3.55858110577297e-008 4.52331634471012e-010 3.17230294930803e-011 
-5.95786792741156e+007 -8.96159921677431e+005 7.14644807029819e+005 3.14321441813962e+003 -2.63529308408625e+002 -6.96285103234253e-001 -5.58338638788180e-001 -4.10823591408956e-003 -5.88246855875817e-004 -4.93017931735619e-006 -2.27526442550075e-007 2.71750303212358e-010 6.04938638229335e-010 1.30575605885301e-011 
-3.08946179073345e+007 -1.84838880924570e+006 3.69617848722010e+005 4.34227906989245e+003 -1.28409036493635e+002 9.92779193506997e-001 -2.85274517048735e-001 -2.41815488128962e-003 -3.14802352599908e-004 -4.79783237879676e-006 -1.47735128277577e-007 -3.52788488667150e-009 2.76135518346618e-010 3.57207699228673e-012 
1.61787283908819e+007 1.28493976747840e+007 -2.11913350991170e+005 -2.98189607309874e+004 -4.03773230514116e+002 -1.45602388026356e+001 8.53786812704560e-002 1.99899893129504e-002 1.41724177765018e-003 7.44956830103690e-005 2.85342602325988e-006 9.02293794268310e-008 1.01627679505655e-009 -8.91330098771474e-011 
-5.55888891823286e+007 4.89404567183724e+006 7.24041927566471e+005 -1.99274720155613e+003 -4.32654750454925e+002 -1.78177602132762e+001 -9.72552796025278e-001 -2.67663105811216e-002 -8.03729020851941e-004 1.77570597730822e-006 1.26583689721520e-006 1.05729571200311e-007 5.71769110299118e-009 2.44873962625603e-010 
-3.14947521824662e+007 1.28094241580433e+006 4.08730643381630e+005 2.02861147024146e+003 -1.89221196618038e+002 -8.00704665774694e+000 -5.28350428137613e-001 -1.63706844492415e-002 -5.76320411069569e-004 -6.77923133555864e-006 3.80209033681207e-007 4.71147078857430e-008 2.94869122406486e-009 1.40053658985739e-010 
3.89583173665794e+007 9.59300373999045e+006 -6.16922547173429e+005 -3.81741477712779e+004 -5.88669473630511e+002 2.78248640180268e+000 1.88260245612292e+000 1.37149649831539e-001 6.88100158531107e-003 2.23710616987955e-004 3.69847109338342e-007 -6.12573446463165e-007 -5.66271231795829e-008 -3.29983858146166e-009 
-4.01911855545573e+007 1.04362672747000e+007 6.41917538704232e+005 -1.33346261950167e+004 -1.09555231680669e+003 -5.23027094001937e+001 -1.91637877533344e+000 -2.53933603038552e-002 2.46384475699935e-003 2.87095191440299e-004 1.81280466833999e-005 7.91381543893564e-007 1.74069169896454e-008 -8.12322598613592e-010 
-2.56336722772454e+007 4.57911619801571e+006 4.06874272559049e+005 -3.16301182309295e+003 -5.24130053489287e+002 -2.82262207555798e+001 -1.21891673740702e+000 -2.77900984199606e-002 6.02315084177685e-004 1.30147579156397e-004 9.64477179488443e-006 4.86258876260215e-007 1.51717614626100e-008 -9.16198117757982e-011 
-5.02039047510230e+007 2.10999866526702e+007 6.26447171716457e+005 -4.42844021499961e+004 -5.98668783141386e+002 2.80045029168728e+001 1.57987155947321e-001 -8.53302866311384e-003 4.45731269485811e-005 1.83676373472476e-006 
-8.65136181705046e+007 -9.85522866306140e+006 1.09654780124025e+006 1.97046484620154e+004 -1.15013980226115e+003 -1.00676323202688e+001 4.85264703762130e-001 3.20829098632372e-004 -1.04839404306018e-004 1.84480015616251e-006 
-3.57697938902999e+007 -5.76940287999779e+006 4.53654868692064e+005 1.16674914862771e+004 -4.79520434970545e+002 -6.30173254081467e+000 2.08263875904217e-001 6.89821493111468e-004 -4.94507085852338e-005 5.26656670864525e-007 
-4.76143993878921e+006 2.38665905652641e+007 5.64986866054239e+004 -4.92541613994442e+004 -1.90109806900138e+001 2.91276880501734e+001 -5.55490967758062e-002 -6.63755900924744e-003 6.24564014011862e-005 -2.48295563185958e-007 
-9.69312475006358e+007 -4.61062904481687e+005 1.21798872784204e+006 3.21302449632646e+002 -1.23603215599821e+003 1.36088711427062e+000 4.55916723814038e-001 -2.12261624413861e-003 -4.89407737571532e-005 1.36534512355408e-006 
-4.33332544180759e+007 -1.71834778174545e+006 5.44362072328772e+005 3.26204732607757e+003 -5.54852608388858e+002 -1.23141781909531e+000 2.08627275700024e-001 -5.35501436893988e-004 -2.59353615401001e-005 6.32623227481078e-007 
-1.44189001368202e+008 -4.96002333596025e+006 6.99500571080444e+005 3.27333877967136e+003 -2.94124533425668e+002 -1.22315810996748e-001 5.56134267013088e-002 -4.46643995046685e-004 4.56981420293293e-005 9.70137229653130e-007 -1.50438517614510e-007 2.24626523026777e-007 -6.15074910243771e-008 
3.14826779358712e+007 -1.84320778332290e+007 -1.48090738012053e+005 1.50499345700336e+004 3.76834086890246e+001 -4.00956586475328e+000 8.44242688687665e-003 8.10878639197148e-004 -5.66631760957047e-006 -2.88411139278704e-006 4.52132115015760e-007 -1.53229009061097e-007 -2.23506864974346e-008 
1.36522469874090e+007 -7.99126496255848e+006 -6.42051832495214e+004 6.52511979855536e+003 1.63366636861097e+001 -1.73834072153567e+000 3.78530832655772e-003 3.45605017318277e-004 -8.26747051395582e-006 -9.43735146418057e-007 2.41821679147926e-007 -7.76261069086029e-008 -2.68499119471959e-009 
-1.48444961463056e+008 7.13373209330295e+005 7.10692551124816e+005 -1.38199661240050e+003 -2.83794020227676e+002 1.11107472684757e+000 4.32264247955657e-002 -4.55619559717201e-004 1.23972409339453e-004 -6.69020286049221e-006 -5.33802562742458e-006 6.48573607670971e-007 1.24306552517745e-007 
-5.99102341466121e+006 -1.88901473457454e+007 3.35330718154536e+004 1.50285759961337e+004 -3.90851928285820e+001 -3.61841047052383e+000 2.28471100884577e-002 6.82804613529856e-004 -1.21200254027936e-005 -1.42777503399207e-005 9.49652285360329e-007 4.50722358347708e-007 -7.94224986981883e-008 
-2.59454668343427e+006 -8.18985402647300e+006 1.45404402901268e+004 6.51585056722224e+003 -1.69470558294265e+001 -1.56841353144727e+000 9.98691802804200e-003 2.55787799432435e-004 -1.01897674289920e-005 -3.67069838101526e-006 5.40053616771425e-007 8.11390545792604e-008 -2.98023762390244e-008 
-2.28452447020748e+008 -1.18638995169515e+007 9.37731439487382e+005 8.18913207394576e+003 -2.29628166404512e+002 -3.28681913695722e-001 -3.77644449472783e-002 -3.24531150425435e-004 5.53915277204330e-006 -2.60320992603385e-007 1.84189343813801e-008 
8.72094307281400e+007 -2.54775895892074e+007 -3.54170649559614e+005 1.73933021811925e+004 8.95478295180269e+001 -5.49613548887439e-001 1.34215380707529e-002 -7.13148659091890e-004 -4.33793000117569e-006 -3.12164960496736e-008 4.46032171385790e-009 
4.61504055716717e+007 -1.13648586053384e+007 -1.87808280551652e+005 7.75629890413776e+003 4.72832994938514e+001 -2.43451651005309e-001 7.21052150244324e-003 -3.19414037806110e-004 -2.35439949936708e-006 2.35555031661014e-008 -2.35243001838408e-010 
-3.45477844966947e+008 1.60604065431346e+007 4.24397732394959e+004 -3.11903371990144e+002 -5.88926111239442e-001 8.60836687604839e-004 4.91369720920561e-006 3.47352176083354e-008 
-6.67249249932032e+008 -6.23814767679331e+006 8.21371510688315e+004 1.61533910500596e+002 -6.68971459482871e-001 -1.43986434695214e-003 -2.76285704754280e-007 -1.53386713825563e-007 
-2.77592732455032e+008 -3.06520785858419e+006 3.41735565853616e+004 7.68400597312758e+001 -2.72400502546864e-001 -6.37480956451458e-004 -3.04509063844430e-007 -7.06663364091980e-008 
1.39756992478955e+009 2.63398381408802e+006 -2.93772843944013e+004 -1.61269854986471e+001 4.42616130128584e-002 4.16548896090082e-005 9.99055942583548e-008 
-3.13270494576467e+008 1.19639978987287e+007 6.59682456607263e+003 -4.03799275555329e+001 -2.55166320693658e-002 2.66599452380075e-005 4.45735908113486e-008 
-1.89488635938269e+008 4.82786505979507e+006 3.98809678891789e+003 -1.59841286140718e+001 -1.24450069228498e-002 9.25650486546583e-006 1.80499759872435e-008 
1.34377671437591e+009 8.30820764120620e+006 -3.33365072253083e+003 -3.24172381728034e+000 9.31090103360440e-004 3.60475817216971e-007 
-2.39479657421971e+009 3.57556421645806e+006 5.94079250358400e+003 -1.83770239808330e+000 -9.29699914337613e-004 2.83019595416370e-007 
-1.06786436471579e+009 1.44846852880863e+006 2.64910941782005e+003 -7.58913745147749e-001 -4.20534430064267e-004 1.18611362369240e-007 
1.79842446198629e+009 6.84255316191063e+006 -1.24258612313474e+003 -7.97046884341794e-001 6.53582466175586e-005 6.36688250017063e-008 
-3.81438048784751e+009 2.87395324014986e+006 2.63575848443848e+003 -3.12647977974681e-001 -1.47380266218014e-004 -2.00198655080621e-008 
-1.60602192479162e+009 1.00598825569635e+006 1.10972378981252e+003 -1.08114672380566e-001 -6.19287391692590e-005 -8.50193561999959e-009 
-2.24472984451744e+009 6.68736723441772e+006 1.60531010341246e+003 -8.66842739291402e-001 -1.16320922869286e-004 8.45820973290663e-008 
-3.82040753750315e+009 -3.94956390925794e+006 2.73215676994941e+003 3.49603242924220e-001 -3.15441339381050e-004 2.52509926476265e-008 
-5.15905007956066e+008 -3.24738252395903e+006 3.68839546648142e+002 3.70627238764080e-001 -6.14914917472742e-005 -3.18860292758111e-008 
3.54677883775358e+005 4.70517566125155e+004 -1.92492816259521e+004 -2.22718761859569e+002 9.32250326218981e+001 -1.61397256933312e+000 -2.35682471988467e-001 1.61909475150522e-002 5.54674440156880e-004 -9.19258982006826e-005 -5.54094005900214e-007 5.15880512808496e-007 -1.18976723200406e-008 
-8.34302035595594e+004 1.56183449212656e+005 4.59778344207565e+003 -1.45166347232010e+003 1.03832182967992e+000 4.64852488624756e+000 -1.74511451419607e-001 -1.11221571047904e-002 1.16007974839532e-003 2.44570559002030e-005 -6.48528452541458e-006 4.36362706974453e-008 3.61999888202220e-008 
-9.24203814390310e+003 5.75956961549748e+004 4.98283955057409e+002 -5.22946538343610e+002 5.87498655362547e+000 1.53875808636816e+000 -7.53077300069941e-002 -2.96026087219238e-003 4.40224775668838e-004 3.21710911303302e-006 -2.31168289795741e-006 4.54627215344061e-008 1.20301982735041e-008 
3.01830383471216e+005 -9.59361676816934e+004 -1.46010517049993e+004 8.59323588148673e+002 4.04715121305452e+001 -2.28632429669204e+000 1.00624487203736e-001 1.61310757995854e-003 -6.55667558673695e-004 2.13536453588376e-005 5.79302418497754e-007 -1.53700062892274e-007 7.77156516587653e-009 
2.14338701996203e+005 1.28927490139449e+005 -1.05058859678314e+004 -9.53124847058079e+002 4.68972983910614e+001 3.88860940814171e-001 -8.12522337548648e-002 9.83598126232982e-003 -1.00651861120584e-004 -2.75345185908112e-005 1.95868828613972e-006 -4.21857162199597e-008 -8.24552498753082e-009 
9.23096351646772e+004 3.97455426447639e+004 -4.53043948555491e+003 -2.83849085154664e+002 1.88541499271608e+001 -1.49426733374123e-003 -2.28001767927257e-002 3.55333918781766e-003 -7.37365431452133e-005 -8.42280958946705e-006 7.23210938761093e-007 -2.37836512683068e-008 -2.44447397551234e-009 
3.17822763314592e+004 -1.63177106353924e+005 -1.52892313156740e+003 1.25389521852576e+003 1.32144876516923e+001 -1.03014029296170e+000 -4.34562924475663e-002 -9.06643462963286e-003 -9.51174211754622e-005 1.49852690528324e-005 1.05148804978896e-006 1.05682673621925e-007 1.04379980101545e-010 
3.61139508817807e+005 1.21997023924844e+004 -1.73048603624677e+004 -1.67040822545166e+002 5.31857511994536e+001 8.47314109283413e-001 7.04010902971928e-002 -6.94296286994783e-004 -4.93342258064069e-004 -1.35738792242841e-005 -5.10915646565683e-007 4.10820689096254e-008 7.62034491385697e-009 
1.28353930369996e+005 -5.04927678661935e+003 -6.14790910636726e+003 1.47238050864674e+001 1.93566652676088e+001 2.31146524741305e-001 2.22156389405581e-002 -7.60809327641803e-004 -1.77978152240289e-004 -3.85330235776720e-006 -1.18909597370802e-007 2.03930923865544e-008 2.66954671937632e-009 
-2.58138023936277e+005 -1.13979665995513e+005 1.36947457968251e+004 1.16203504023662e+003 -3.64128332118349e+001 -4.50793385829859e+000 -1.66165092030139e-001 9.41216146855732e-003 1.51177759466983e-003 3.57010225602061e-005 -5.71062107706113e-006 -5.68646489467898e-007 -2.17507668121414e-009 
2.52079433506806e+005 -1.18089622051867e+005 -1.34547663871439e+004 8.67002323384059e+002 7.44701650658827e+001 1.45977628032568e-001 -2.16560216675774e-001 -1.78297299443108e-002 7.51717187738118e-005 9.57475188433066e-005 5.32886466680515e-006 -1.98547860222352e-007 -4.48453969132224e-008 
7.36454000015665e+004 -4.78092284867865e+004 -3.91731359772958e+003 3.70229844514986e+002 2.38616271275264e+001 -2.09924607024795e-001 -8.49938267507657e-002 -5.68357277221677e-003 1.13056171530330e-004 3.54730054626348e-005 1.53227686564761e-006 -1.01937745746478e-007 -1.57817319345686e-008 
-3.44276601035781e+005 3.40204261288438e+004 2.09357699599082e+004 -1.78101077565787e+002 -1.20361828673282e+002 -1.05718892460126e+000 4.91209735801764e-001 1.30861751505024e-002 -2.54400723735417e-003 -9.88745545892926e-005 1.58510090014003e-005 8.06305315512830e-007 -1.04724342358733e-007 
-4.59085919910807e+004 -1.66126569400932e+005 2.93141516656545e+003 1.68189634966775e+003 1.89981800124949e+000 -7.20260226138265e+000 -1.38546070212025e-001 3.20771883472141e-002 1.12019252283421e-003 -1.85733811739320e-004 -8.62009175053303e-006 1.20028428887043e-006 7.19185487471903e-008 
-3.54381682131918e+004 -5.61076140675771e+004 2.22386615452215e+003 5.76907332989250e+002 -6.29764497690604e+000 -2.57355635334074e+000 -2.00151962018383e-002 1.19482787881821e-002 2.44828551779815e-004 -7.05276410302398e-005 -2.09944125384886e-006 4.65362723718840e-007 1.90989772158988e-008 
-1.37093509130008e+005 1.62712562421560e+005 8.56178591607378e+003 -1.67099997516606e+003 -3.91952082162524e+001 6.96427782728928e+000 -2.55863201066522e-003 -2.31673257644114e-002 1.22845886404355e-003 5.18639446539829e-005 -1.13717263389685e-005 2.20725221388755e-007 6.48988008384303e-008 
-2.97456384639983e+005 -7.20224734404947e+004 1.87893656423088e+004 6.76886577157221e+002 -1.07797722642047e+002 -1.57875897701367e+000 3.86403392827409e-001 -7.78967685710202e-003 -1.17897719246803e-003 1.19594301260102e-004 7.97150251810363e-007 -8.61410629700407e-007 3.44971431118354e-008 
-1.11510460957504e+005 -1.58901291848270e+004 7.04598812883682e+003 1.39957059539754e+002 -3.98730704425423e+001 -1.47467625930208e-001 1.34744278722124e-001 -4.05911173079428e-003 -3.41196258651205e-004 4.47470682822600e-005 -3.74012997620581e-007 -2.88091866160327e-007 1.57701505641969e-008 
1.92294689953363e+005 1.50134274697099e+005 -1.10773297243640e+004 -1.32892551646667e+003 6.89231400133408e+001 3.14162620212021e+000 -2.08983983819321e-001 -2.58767628668586e-004 -1.09479275503489e-006 -5.79828359980903e-006 3.57783592682500e-006 -1.22224163185204e-007 -1.57188732402772e-008 
-2.86000797625221e+005 8.18114571230125e+004 1.68627110545506e+004 -9.04242463780876e+002 -7.25192046502866e+001 3.87989683667798e+000 8.83028289797654e-002 -7.07881660583281e-003 1.31633653493500e-004 -2.95805199863738e-005 4.73517936257545e-007 2.60052660247203e-007 -1.17893737226738e-008 
-8.88275507797801e+004 3.70400244310116e+004 5.24414406268086e+003 -3.91705737191281e+002 -2.12952636590783e+001 1.53558348070356e+000 1.86088190732436e-002 -2.48788101870356e-003 4.64777234879475e-005 -1.06499942300538e-005 3.69272752566465e-007 8.36907066436072e-008 -5.01688513367489e-009 
3.68711130832861e+005 1.94792815778047e+004 -1.92156077148239e+004 5.59367290389504e+000 8.25000788120732e+001 -1.57014048038711e+000 -1.46076684323298e-001 7.44139409248719e-003 3.43652797744058e-004 -1.95887193078918e-005 -2.04329246024836e-006 1.07780353300637e-007 9.73910823079338e-009 
-3.16039887848843e+004 1.59898668649124e+005 1.80096422813831e+003 -1.39582566690861e+003 1.01226678176899e+001 3.57693821975198e+000 -1.14282893294740e-001 -5.87322463324651e-003 3.52573405700171e-004 2.49669696366876e-005 -1.19011315742131e-006 -1.42075573850553e-007 8.48176271873113e-009 
9.79969002907142e+003 5.67752042872987e+004 -4.72238549012193e+002 -4.85820101329199e+002 8.30312755001323e+000 1.15538033158919e+000 -4.83361873543649e-002 -1.61408401017929e-003 1.42593762202942e-004 7.55743049043054e-006 -5.31486212422056e-007 -4.32851591977713e-008 3.51336588362072e-009 
-2.11939602404670e+005 -8.40769997579061e+003 -1.21173962535555e+001 1.69359179800622e-001 2.39615552744426e-003 -8.07405017330085e-006 1.33220542706233e-006 -9.70163121401331e-008 1.60779018174251e-008 -5.88184441627571e-009 6.78897904714080e-011 
1.02672545807561e+006 1.28186014320514e+003 -2.27253209825856e+001 -1.20007804480874e-001 3.53549411685150e-003 4.90672687733160e-006 4.91768704142329e-006 -1.01157693292230e-007 2.30491207383384e-008 -1.31230723558056e-008 -1.54405960971444e-010 
4.47903819258491e+005 7.90865393111075e+002 -9.55657234018960e+000 -6.47659687594228e-002 1.56524207065361e-003 -2.58631173858869e-006 2.55756966554638e-006 -4.28946839819778e-008 1.06244195327846e-008 -5.33443400733528e-009 -7.85840604068581e-011 
-2.28845048803782e+005 -8.49586245466297e+003 -9.85663959608398e+000 2.07397720473854e-001 2.34132182227749e-003 -2.28919472361500e-005 -7.12536904424257e-006 -1.27365574955010e-006 -1.50366109426138e-007 -1.63565548174652e-008 -5.50031971664640e-010 
1.02910352632096e+006 1.09530954362552e+003 -2.38008327125372e+001 -5.56064749916247e-002 5.05306284300262e-003 1.82226457076648e-004 1.40549534295249e-005 7.58745392705891e-007 6.75214595251208e-009 -2.05074991610703e-008 -1.21613543575672e-009 
4.49406948638768e+005 7.11748768021355e+002 -1.01735574128736e+001 -3.63733718059847e-002 2.27957891250204e-003 9.56435658648370e-005 8.33946827155011e-006 5.37836989614394e-007 1.91651825845708e-008 -8.15103885717624e-009 -5.80108503207368e-010 
5.71728291503262e-005 -2.02343350241311e-006 2.47659665169837e-007 1.42061498368628e-007 -3.08176827360696e-008 -3.20888694201440e-009 1.36812823463328e-009 -8.73222154147060e-011 -2.99400462634570e-011 5.27434686967384e-012 
-3.25830434831214e-005 -1.03749614083391e-007 -2.05362218855406e-007 4.75666845573628e-008 1.12048453888893e-008 -2.90060762308291e-009 -6.74004356100777e-011 8.19047800557019e-011 -6.95169073403158e-012 -6.39810812265067e-013 
5.52126529140090e-005 -5.25817185607588e-007 -3.62776054125683e-007 -1.20060453968502e-007 1.57422155122509e-008 5.67175582868024e-009 4.96990389918524e-010 -5.40830624160747e-011 -3.42897637445448e-011 -4.63926173253920e-012 
-3.26319824470857e-005 3.77280739861992e-007 1.40505844851789e-007 -4.54955739114150e-008 -1.31607925000363e-008 1.40143938480659e-010 3.84401709793177e-010 1.03193529223320e-010 -7.08404003888773e-013 -4.72395229547964e-012 
5.25646487973506e-005 -1.04892348145464e-006 7.05512959833235e-007 2.66318669947730e-008 -7.25173606422904e-008 -2.46085646615179e-009 3.60572960504436e-009 4.81234102196471e-011 -1.33300459651764e-010 4.00325258975097e-012 
-3.26177207408487e-005 -5.86426881328621e-007 -4.31603971547288e-008 1.08381335046184e-007 4.06600764862705e-009 -7.00236630073645e-009 -2.04806624915231e-010 2.69157608065102e-010 3.57049115806684e-012 -7.68955120204396e-012 
5.10833545147948e-005 -1.71653224666571e-006 -5.26054094624768e-007 1.38963970404232e-007 3.36497746149606e-008 -8.71012745518228e-009 -5.40423421720346e-010 2.65769864985081e-010 -1.14560633855538e-011 -5.53227222433741e-012 
-3.28568994356685e-005 1.93904855572323e-007 -1.67443477650655e-007 -6.27825496520823e-008 1.64245407499529e-008 2.09025407458270e-009 -6.91829584819093e-010 -4.51859568779727e-012 1.45832339790179e-011 -8.49304307601326e-013 
3.89565112616706e-002 4.94061469146068e-004 2.72295636798495e-004 -5.61202735123272e-006 -4.07096614885034e-006 -7.61121236779585e-007 5.10241516888130e-008 1.87159579605109e-008 -2.17425958490380e-009 -1.21269501463008e-010 
4.30735837997804e-001 5.51450902301430e-004 -5.02655379217211e-005 -1.60988982998188e-005 -9.80235013339722e-007 1.55558427453504e-007 5.82304397496678e-008 -4.34056336849355e-009 -8.08609946024956e-010 1.58690317289740e-010 
2.15838979734949e+003 9.19471387655281e-001 -2.37964349245723e-004 4.01487004058399e-006 3.51142066976193e-006 7.10388320869134e-007 -4.54204030722631e-008 -1.73527060255163e-008 1.99569571823186e-009 1.15621158759272e-010 
4.08807284061751e-002 9.60867000505151e-004 -2.73145204066936e-004 -6.26283531138757e-005 4.50081626729566e-006 1.38212083022949e-006 1.68065421664128e-008 -1.31584232136520e-008 -1.67497876712138e-009 -1.57318234430539e-010 
4.30944593274846e-001 -4.20169014606064e-004 -1.31270025197803e-004 1.75585165456711e-005 4.16110012292717e-006 -1.20758745867125e-007 -6.61134479515153e-008 -3.46846692936235e-009 1.53062415932100e-010 8.74044369864132e-011 
2.16022790646172e+003 9.19047719849362e-001 2.38561480535702e-004 5.56233369584686e-005 -3.94492418164796e-006 -1.23912795326429e-006 -1.48836898742578e-008 1.18702945511869e-008 1.48779477098137e-009 1.40911259931222e-010 
4.00121906958738e-002 -1.68638527522600e-003 -1.12645823106743e-004 7.45726392927184e-005 -1.67735509540175e-006 -1.91792020844202e-006 1.59258684302876e-007 4.66376596837039e-008 -5.14395171933576e-009 -1.05153262991023e-009 
4.30074668888719e-001 -1.85700883183670e-004 1.62390463515977e-004 2.87687525094253e-006 -5.03340140485734e-006 2.98174342449926e-007 1.22811086464433e-007 -1.23994539858802e-008 -2.87435661309921e-009 3.69087247697779e-010 
2.16206845142803e+003 9.21371623717403e-001 9.78304972838801e-005 -6.57597358470036e-005 1.59690557237286e-006 1.71171470292413e-006 -1.44344383449447e-007 -4.18771131407691e-008 4.62740810892741e-009 9.44857618541495e-010 
3.75356941064800e-002 -4.75519120260296e-004 2.79616919185916e-004 6.53053804231914e-006 1.51634230656225e-007 -4.88418945594601e-008 -1.60898721493567e-007 5.87454631752569e-009 3.18215303757195e-009 -1.69495320793086e-010 
4.30637765130031e-001 6.23109579541991e-004 2.29742089901082e-005 -1.18806337738848e-005 -1.87274220518342e-007 -2.87442781821325e-007 8.30679957746708e-009 1.05083248212990e-008 -4.79114994465144e-010 -1.42429098350306e-010 
2.16391041069494e+003 9.20316119232729e-001 -2.41916536636961e-004 -5.83307499405852e-006 -3.47811291486997e-007 4.35684559407977e-008 1.47415939100958e-007 -5.24163277629289e-009 -2.89820352437520e-009 1.50423205448057e-010 
