-5.52637074617270e+007 -5.69510955726184e+006 1.21863686468720e+006 -1.60014990409393e+004 -1.98007681036811e+003 1.76839317778045e+002 -8.21888996390616e+000 3.13029713946667e-002 3.06801905663855e-002 -2.95908727618952e-003 1.38400752928526e-004 6.93786328815606e-007 -7.35638957744715e-007 6.82981126613754e-008 
3.50425312207843e+006 -1.41779754449265e+007 -1.04505546669238e+005 5.56735455691856e+004 -2.31020404025058e+003 2.37363437181788e+001 5.94908109189159e+000 -6.05783834150678e-001 2.98262155320120e-002 -1.19206455842959e-004 -1.23873605627399e-004 1.23527532116067e-005 -5.93914369081387e-007 -2.79854042613083e-009 
7.61981855188617e+006 -6.98313072188364e+006 -1.82130822221048e+005 3.13993526814664e+004 -1.02889291772327e+003 -5.64799888342211e+000 4.02983142145945e+000 -3.26856536957390e-001 1.27534475426461e-002 2.43020672672421e-004 -8.05172161512999e-005 6.52684998824736e-006 -2.41037538943892e-007 -8.57296348707927e-009 
-5.77559448483062e+007 2.95276938794736e+006 9.22094806538530e+005 -2.87298557838432e+004 -6.39548879701973e+001 3.61980015500654e+001 -3.15964489862595e+000 1.58764790183892e-001 -5.33419189940578e-003 1.38930014365678e-005 1.43605568493755e-005 -1.33984407198979e-006 7.77773239059702e-008 -2.91378457847053e-009 
-2.39733937403409e+007 -1.29051095864474e+007 3.71010568479976e+005 2.62048317781868e+004 -1.30521385576426e+003 5.07216770736553e+001 -1.10975701939967e+000 -3.73475752584682e-002 5.94283093259683e-003 -4.18469471434903e-004 1.95877293953046e-005 -5.02025285805312e-007 -1.55430582310965e-008 3.03236999090852e-009 
-6.79946919833665e+006 -7.19945984482185e+006 1.02625418726563e+005 1.69763426988385e+004 -6.90618291436081e+002 2.33437834550790e+001 -2.65360751542136e-001 -3.64046306340340e-002 3.72746642210827e-003 -2.24996863090114e-004 8.97647570959841e-006 -1.29270304286147e-007 -1.63778027605099e-008 1.92209364875695e-009 
-4.55544603758921e+007 8.96753976305377e+006 5.85095846620838e+005 -2.68886021521104e+004 1.72047092835876e+002 -3.07713303893149e+000 -6.66212075462428e-001 3.84311339400921e-002 -2.00767959241687e-003 7.77729506824801e-005 -2.15143118362062e-006 1.74874011139647e-008 3.37698212488541e-009 -3.03546578479107e-010 
-4.60258683044469e+007 -8.96719239510070e+006 5.88617242188447e+005 1.18868028423671e+004 -5.73724922015094e+002 2.34100762769662e+001 -9.35496996598976e-001 1.96247058811799e-002 -1.88205982805770e-004 -3.54110308133210e-005 2.76623872517520e-006 -1.59978658963204e-007 6.88378052026068e-009 -2.25741384688569e-010 
-1.98435280319013e+007 -5.71920836199078e+006 2.53799180936557e+005 9.13678638068741e+003 -3.24317474471512e+002 1.28246111063808e+001 -4.30691207167502e-001 6.50007659919142e-003 1.07547053504750e-004 -2.69755100414413e-005 1.70049778362110e-006 -8.72635178031148e-008 3.32784292822393e-009 -8.92595099117464e-011 
-2.39331366297432e+007 1.23955136186669e+007 2.74850893139126e+005 -2.52338693283161e+004 9.28137062943828e+000 -1.13531001113663e+001 -1.70984310090745e-001 5.25511795876507e-003 -3.87220336463638e-004 2.36757901904077e-005 -5.13278120354765e-007 3.38432949613670e-008 -2.51514181002979e-010 1.84604649147056e-011 
-5.88907916423905e+007 -3.81524089982561e+006 6.88139552783109e+005 5.39780796223526e+003 -2.92112882220766e+002 6.20193940743321e+000 -5.67188949155365e-001 5.16731439367682e-003 -5.35121497744733e-004 -1.27435398123919e-006 -6.61297320177902e-008 -1.54088666399341e-008 8.58503867342452e-010 -3.30004617572276e-011 
-2.89558831693512e+007 -3.32231242388987e+006 3.39119024620765e+005 5.49883509821249e+003 -1.57010105740436e+002 4.48977175895311e+000 -2.85272536663581e-001 2.21568676931500e-003 -2.45725533235907e-004 -3.13490846616296e-006 1.78839632487790e-008 -1.17390644720571e-008 4.84626650252251e-010 -1.95362027469336e-011 
-1.06223040423793e+008 2.82269946699221e+006 1.34598436262856e+006 -6.79053044252332e+003 -1.43207297063190e+003 6.57703246552472e+000 6.40364110503336e-001 -4.85092181742092e-003 -1.83101648973593e-004 2.02102809660164e-006 
-1.50912648674752e+007 -2.18057067897966e+007 1.83270956714601e+005 4.60173909101461e+004 -2.38763019686882e+002 -2.98340047582044e+001 1.82124457786982e-001 1.00365399581732e-002 -1.26422210481821e-004 -1.68435543825295e-006 
-7.94008575048750e+004 -9.99004409840642e+006 -2.69434592492849e+003 2.11361410631685e+004 -1.68066262177596e+001 -1.38416746121369e+001 4.12924354563320e-002 4.83351789350767e-003 -4.53127838924475e-005 -8.81137619234818e-007 
-9.03329232533393e+007 1.28902546231775e+007 1.13391301957491e+006 -2.78729688475496e+004 -1.16077560803033e+003 1.97721489189975e+001 4.42069558077830e-001 -8.61858172150829e-003 -5.47382643319246e-005 3.37352268166895e-006 
-5.55623461390240e+007 -1.82390136746090e+007 6.93877269151839e+005 3.77479839261920e+004 -7.71521298133260e+002 -2.25917239863233e+001 3.99602926036200e-001 5.32156881356857e-003 -1.56093099994278e-004 3.87008188912906e-007 
-1.92946148765114e+007 -9.02210968768950e+006 2.40482729751757e+005 1.87491429933610e+004 -2.73727254585852e+002 -1.14173867993333e+001 1.51941307448298e-001 2.93677643047022e-003 -6.73488779023021e-005 4.73961769463301e-008 
-1.48657930808501e+008 1.54622715187422e+006 7.07798950188574e+005 -2.02893736611936e+003 -2.80457070083894e+002 1.25593247064056e+000 4.34356472510493e-002 4.32742924772724e-007 4.14735390755342e-005 -2.52431734434924e-005 -6.35150546930656e-006 5.63698898964313e-007 5.48576483263456e-007 
-1.31490444219084e+007 -1.88412934013549e+007 5.93971859888812e+004 1.49277351508475e+004 -4.92664394115643e+001 -3.53073604912016e+000 2.51489225731317e-002 4.15664409089040e-004 -6.07195515377848e-005 -1.15714392805640e-005 1.43476869729938e-006 1.03395555387910e-006 7.40224302519899e-008 
-5.67141470440949e+006 -8.16756569670137e+006 2.57463026791609e+004 6.47085564635300e+003 -2.13723371651925e+001 -1.52946414879819e+000 1.11825484508347e-002 1.66166984245283e-004 -3.94095718738613e-005 -5.86757610746825e-006 1.22497537992934e-006 6.02863240709925e-007 1.79788730807789e-008 
-1.40032551697600e+008 7.03720621024910e+006 6.57530570584149e+005 -6.26261402755658e+003 -2.45984748862252e+002 2.12329056419610e+000 2.95659013872823e-002 -2.48886652813015e-004 -3.84704297294065e-005 -4.41506307659159e-006 9.21447800330012e-007 -2.99207092715074e-008 8.26482565491363e-009 
-4.98020573788698e+007 -1.76681303060113e+007 2.31580961698780e+005 1.36090197887097e+004 -1.13433656821665e+002 -2.85922290570225e+000 3.17093938544940e-002 9.36395145457950e-005 -3.61761647069433e-005 1.77305816027248e-006 2.57460951398131e-007 -4.67921322301775e-009 2.99563931700150e-010 
-2.15602583650748e+007 -7.65903566495219e+006 1.00383644601994e+005 5.89916447264015e+003 -4.91656156118095e+001 -1.23864197791810e+000 1.37190377442871e-002 1.52297494588518e-005 -1.66632791756657e-005 1.70467812880865e-006 9.29771842040433e-008 -1.21544622116833e-008 2.45030808503880e-010 
-2.15667084365712e+008 -1.54013909979456e+007 8.84393845013627e+005 9.97205228870867e+003 -2.28546957532067e+002 8.86032564833032e-002 -3.22770446042373e-002 -4.13655875707013e-004 3.91895826820972e-006 -1.10750872097803e-007 1.03303090203182e-007 
1.09608684253301e+008 -2.38995544969470e+007 -4.53993532641764e+005 1.66691487542493e+004 9.55837092228819e+001 -7.63141411275701e-001 2.33189623877833e-002 -7.20038489367328e-004 -8.29625242476929e-007 4.36236033038129e-007 -1.03166465523082e-007 
5.61173440032568e+007 -1.05464632754542e+007 -2.32095119520382e+005 7.37684681568416e+003 5.00054511187477e+001 -3.52353296814906e-001 1.15538752153990e-002 -3.17465971225487e-004 -5.60769364762189e-007 1.58558891785674e-007 -3.41366460866878e-008 
5.31511867860730e+007 -1.82250034245967e+007 -7.63139980974721e+003 4.34766481813229e+002 -2.58445423025146e-001 -3.38742450981344e-003 9.20253392116869e-006 -4.50817817947760e-008 
7.01025644178210e+008 1.78352965114392e+006 -9.94006710865409e+004 1.16868884966617e+001 1.23189671469710e+000 -1.64531094244348e-003 -6.36329013733927e-006 -3.77314287093547e-008 
2.99190284936542e+008 1.20816506140600e+006 -4.24201551964392e+004 -5.57349850730765e+000 5.34318570156169e-001 -6.23037474364873e-004 -2.98515601318782e-006 -9.18891909974167e-009 
1.42233084430207e+009 1.01868799667931e+006 -3.04565452098025e+004 -1.12967879402257e+001 4.96289116074022e-002 4.12690403666835e-005 -6.32780240140267e-008 
-1.52243905640506e+008 1.22263276148381e+007 3.25238820291525e+003 -4.28360113720332e+001 -2.17965672449446e-002 3.30509628821097e-005 1.12645331789948e-007 
-1.24146330377378e+008 5.00620138740489e+006 2.65496123298872e+003 -1.72069339953964e+001 -1.11345238436096e-002 1.18214082137741e-005 5.22076438280048e-008 
1.61498205960799e+009 -7.91450453799641e+006 -4.11092088290470e+003 3.07760293210955e+000 1.19414965934240e-003 -3.28141862538094e-007 
2.23858088106524e+009 4.32390673265562e+006 -5.69677311572174e+003 -2.22034932773553e+000 9.03425331388716e-004 2.07483447351868e-007 
9.57595292934895e+008 2.00567892544025e+006 -2.43691225773200e+003 -1.01590206723884e+000 3.78551975536102e-004 8.86784694873820e-008 
4.46954762949043e+009 3.81266119544110e+004 -3.17476691973012e+003 -2.13920545388169e-002 1.86615233440384e-004 8.69186659202250e-009 
-7.30924179286655e+006 6.99636988618835e+006 5.16498774307212e+000 -8.28477541194392e-001 -4.85281046573468e-006 3.14263783441716e-008 
-1.14266270701136e+008 2.86270284954583e+006 8.11435486508918e+001 -3.38588510492325e-001 -6.54025367696948e-006 1.23599198535719e-008 
2.76414558851501e+009 6.59658344378031e+006 -1.19815362268470e+003 -2.89255744008704e-001 1.34034453424063e-004 -2.04415278224868e-008 
-3.97992933790679e+009 2.95228446905875e+006 1.72520360627400e+003 -4.83060787100982e-001 2.05813471779799e-005 2.38299601637652e-008 
-2.07484408685221e+009 -1.06621402132738e+006 8.99400757843074e+002 -6.35927163219241e-002 -3.35169222991878e-005 1.41007845775202e-008 
-1.83160922586680e+005 1.46614218217920e+005 8.55865493693405e+003 -1.07962631487500e+003 -3.67871436226775e+001 7.69940472295280e-001 -6.04302470521741e-003 4.84296941938192e-003 4.57109030527862e-004 6.66564369206754e-006 -3.43911256012065e-007 -4.96198128449424e-008 -6.46653149174796e-009 
-2.96278295488049e+005 -6.49139876742136e+004 1.42103051558236e+004 5.91549596632326e+002 -4.06786896638026e+001 -1.13001492022750e+000 -4.45513887091901e-002 -4.48216326992815e-003 1.26907004988800e-004 2.01381761471341e-005 8.93485019072066e-007 5.09615401806500e-008 5.83105239152826e-010 
-1.63341967769665e+005 -3.47728541056375e+004 7.83372458516069e+003 3.18288459190964e+002 -2.25133586264596e+001 -6.15509020685326e-001 -2.43649215375552e-002 -2.42780823193060e-003 7.20518429170091e-005 1.10731190783826e-005 4.87372662558738e-007 2.76262411804039e-008 2.83465920698170e-010 
1.31400093693060e+005 1.54726708485324e+005 -7.24695427780272e+003 -1.47681062274311e+003 -3.41555135299381e+000 3.80303127342849e+000 2.94065917609332e-001 9.82989052999269e-003 -1.02664431056666e-003 -1.40156422108264e-004 -5.84153626025945e-006 3.50055176434204e-007 7.08486361540824e-008 
-2.99211713372330e+005 6.38639731513117e+004 1.63978935459061e+004 -3.20989224396309e+002 -7.77864848794181e+001 -2.26547717498675e+000 5.63590394362214e-002 1.89357349170283e-002 1.34216231913249e-003 -2.99032561972713e-006 -8.05961505233771e-006 -7.05447985081324e-007 -1.10103864258402e-008 
-1.63238393444817e+005 3.58348992538067e+004 8.94450883748056e+003 -1.84229467590243e+002 -4.26515613202760e+001 -1.21864595475356e+000 3.26012378536127e-002 1.04277493232187e-002 7.29377381253663e-004 -2.43429061605619e-006 -4.44823294374774e-006 -3.84462619008647e-007 -5.63098431302373e-009 
3.31477273525807e+005 3.31821921522549e+004 -2.15854675887775e+004 -5.73968939115346e+002 1.26714815774204e+002 6.14859857381914e+000 -4.81162677445370e-001 -5.89397294049000e-002 1.26724650711000e-003 5.17046199356061e-004 9.12554038898733e-006 -4.12058915526204e-006 -2.43261728276644e-007 
-6.87024576408774e+004 1.56666777966194e+005 4.45912640219616e+003 -1.61933746709257e+003 -5.36088162650543e+001 6.98523144892423e+000 5.35341416712375e-001 -2.40674459258011e-002 -4.89287764260619e-003 6.03530681954496e-006 4.10009630543583e-005 1.54222023742912e-006 -3.04798318602729e-007 
-3.58660576293968e+004 8.60009666581677e+004 2.32170570335834e+003 -8.90480581225666e+002 -2.86415819454436e+001 3.86308889867867e+000 2.90532030378348e-001 -1.35225255838920e-002 -2.67332172699007e-003 6.23643178736461e-006 2.25132107813694e-005 8.21576368616215e-007 -1.68350367457451e-007 
2.30146932522681e+005 -1.29126304797141e+005 -1.52230501790345e+004 1.50512935584687e+003 7.81247845841074e+001 -9.35778890153892e+000 -1.21726514960832e-001 6.30871383819353e-002 -1.74914343530196e-003 -4.26054844074183e-004 3.21779506195941e-005 2.31494207161341e-006 -3.82347594153015e-007 
2.17058523814776e+005 1.13079965878012e+005 -1.44275938454758e+004 -1.10595445589002e+003 1.05198144222950e+002 3.46071368935967e+000 -6.64080611172451e-001 4.59700103568360e-003 4.60892748017589e-003 -2.27824068077574e-004 -2.88313954397778e-005 3.16922159886876e-006 1.20476597828128e-007 
1.20088951545022e+005 6.12117970069900e+004 -7.98854198420825e+003 -5.97125026546115e+002 5.81000048288658e+001 1.84270620451024e+000 -3.64606210732567e-001 2.87452441507356e-003 2.51526589898396e-003 -1.27216738233479e-004 -1.56136259487887e-005 1.74927793228410e-006 6.38452326700876e-008 
-8.63797882886693e+004 -1.70491140553883e+005 4.80886789967467e+003 1.49763842483755e+003 -5.39496652975435e+001 -2.47969335668391e+000 2.84728909096089e-001 -1.68207796212458e-002 -7.61092141960365e-005 1.14899186650781e-004 -9.17131746378415e-006 9.71302939131199e-008 4.83672353196468e-008 
3.06496167327148e+005 -2.61792508603410e+004 -1.75532963225889e+004 4.83395617218297e+002 7.03809651365309e+001 -3.80484034339232e+000 4.60742710444237e-002 1.14745152439659e-002 -1.47856689180669e-003 5.79372368204842e-005 4.13355301709369e-006 -7.01739878120979e-007 3.74175880215213e-008 
1.67307232879674e+005 -1.52835929722946e+004 -9.58274622442025e+003 2.73784704254766e+002 3.82493228195345e+001 -2.10087919667271e+000 2.68048271331245e-002 6.19511469750164e-003 -8.10400482170071e-004 3.23863108369487e-005 2.21289769481593e-006 -3.83905736329054e-007 2.07707457752303e-008 
-3.43739308972964e+005 -7.68747106050139e+004 1.67824702660293e+004 4.72167509692009e+002 -6.60518982373430e+001 2.65198669309054e-001 2.75505028406654e-002 -8.98928950163389e-004 2.94400864145245e-004 -2.56639688962991e-005 2.82311932334167e-007 5.59748717525936e-008 -3.61738390547142e-009 
1.42181683622915e+005 -1.29403439569532e+005 -7.18484331089736e+003 1.10161595228237e+003 1.28732936675015e+001 -2.06878643638070e+000 3.89184756392120e-002 -2.92621154701188e-003 1.74313067451927e-004 8.99315345766559e-006 -1.46825517832159e-006 5.32362639476453e-008 -1.00074534793128e-009 
7.59461879134016e+004 -7.12339574348030e+004 -3.83085425465906e+003 6.06215314639953e+002 6.62606624335184e+000 -1.13396502495833e+000 2.15485465919678e-002 -1.60442695240943e-003 9.70764440289885e-005 4.77642767434983e-006 -8.02708126948161e-007 2.95072816868790e-008 -5.67855006137776e-010 
-3.57555171365123e+005 6.27210892058499e+004 1.64006322762503e+004 -5.05189749893502e+002 -5.37379256633250e+001 9.95396656380100e-001 2.92624571703558e-002 -1.13319344669745e-003 -1.03718299547945e-004 6.75916872207140e-006 7.69414528389733e-007 -2.80539661985059e-008 -1.29738054594264e-009 
-1.31690988134371e+005 -1.33406786459425e+005 6.02244282410358e+003 1.01148450771444e+003 -2.24171152939571e+001 -1.49189563255478e+000 2.65384868117077e-002 5.24026735964684e-004 -7.05895398273319e-005 -1.01165797741012e-005 4.16240448515507e-007 3.12778923110281e-008 -1.30313784251809e-009 
-7.39113889177733e+004 -7.25697588775023e+004 3.39681422070664e+003 5.50250060624266e+002 -1.26561669410334e+001 -8.11215495624112e-001 1.48315351391623e-002 2.81368768493756e-004 -3.92412405809249e-005 -5.49051144405952e-006 2.32746239503319e-007 1.69417652891238e-008 -7.22754782160507e-010 
-1.29309591531206e+005 1.56755163354905e+005 5.92381502563297e+003 -1.18069571162837e+003 -2.98121563896939e+001 1.30920985885838e+000 1.35984508105945e-002 2.54944861425119e-003 3.47191982205482e-004 9.42932517734368e-006 -5.79950719686335e-007 -3.76694861094394e-008 -2.52491903483665e-009 
-3.17548090978957e+005 -4.48206005599396e+004 1.51318452748828e+004 4.46310240592841e+002 -4.68752308961009e+001 -1.11089831687359e+000 -1.23799293977356e-002 -2.79148568972556e-003 3.19504399960914e-005 1.76606773056397e-005 8.22819621272874e-007 1.28052439596212e-008 7.58936199465726e-010 
-1.74131929969987e+005 -2.35357910311471e+004 8.30980740852841e+003 2.35920164102794e+002 -2.58760798189587e+001 -5.96908580494012e-001 -6.47969354157608e-003 -1.50692977763715e-003 1.97280844929664e-005 9.71066257232267e-006 4.45009961141806e-007 6.67792733699414e-009 3.97162195156791e-010 
-7.66093734894362e+005 8.70180033330141e+003 -1.83913301103070e+000 3.55566856166797e-003 6.43465802322036e-003 -5.19766307898317e-004 6.08189283666955e-005 -4.23568879010304e-006 -7.27540719801751e-008 7.65088692115349e-008 -1.22845545363550e-008 
-7.20255562261322e+005 -2.84905371648483e+003 2.28628047132081e+001 -2.10574398902600e-001 5.55823966826552e-003 -1.93502886707944e-004 -9.72526611250849e-006 4.97451084724391e-006 -7.47707750592241e-007 4.49933714277704e-008 -6.80624127478545e-010 
-2.84684542029800e+005 -1.39644344411981e+003 9.92126327293823e+000 -1.01674860320992e-001 2.47725342528912e-003 -5.77797497282461e-005 -1.15306833576316e-005 3.09856088455309e-006 -3.91886414082050e-007 1.82173278482819e-008 9.19947089938126e-010 
-7.48703778605842e+005 8.68856116294270e+003 -1.35788563026651e+000 6.98577101653174e-002 3.33169093682118e-003 -1.07813661710461e-005 2.33744462846053e-006 -3.33949091960164e-007 4.25195669452631e-008 -1.47713296418315e-009 2.35065144475841e-010 
-7.25777878079657e+005 -2.67501126270511e+003 2.07592712161685e+001 -1.45910960466736e-001 3.22963919000641e-003 -1.01268978912909e-005 6.46941472126129e-006 -2.91685345384086e-007 2.06061447654197e-008 -1.84036105998908e-008 -1.94288632980680e-010 
-2.87401518036114e+005 -1.32138747769273e+003 8.89313544609740e+000 -7.25445010368762e-002 1.38779775341458e-003 -1.24510732083871e-005 3.25253566438541e-006 -1.19589303148089e-007 6.58322168098517e-009 -7.53505729934733e-009 -1.20225373213019e-010 
3.92398380418377e-006 7.24976267276520e-007 1.72858479192503e-007 -2.05891209747213e-007 -2.28554485473736e-008 4.39580646463576e-009 9.13827380174339e-010 1.71219151325546e-010 3.18086651475935e-011 -2.60422052036601e-012 
4.66845367840808e-005 -6.60978643081703e-008 3.16080269198655e-007 2.67201500591360e-008 -1.85907847194844e-008 -2.54459040811841e-009 -1.76212180245155e-010 1.10414875116366e-011 3.78528360621812e-011 7.59727069643189e-012 
2.96994558562386e-006 -1.37595231728394e-006 5.97996523520796e-007 3.05087265840512e-007 -6.93887344089262e-008 -2.63088196072085e-008 4.52354244535334e-009 1.49661220729231e-009 -2.39612821088625e-010 -6.73865956333582e-011 
4.68192160040948e-005 -5.50813279978039e-007 -3.77523146675232e-007 1.02200552784873e-007 4.47248993202825e-008 -8.04856914882190e-009 -2.80977389145336e-009 4.32315898952063e-010 1.29134183112737e-010 -1.81458422942440e-011 
3.02630276578887e-006 -1.52246426595063e-007 -8.29191909888390e-007 1.74366837471151e-009 5.57961541426738e-008 -4.65833014222630e-009 -7.74290658653831e-010 1.72038553519520e-010 -2.42866686933094e-011 4.82360385257569e-012 
4.62957941152186e-005 4.21124161594116e-007 4.20193385380440e-008 -1.10753774250340e-007 4.32610768069698e-009 3.77201715495433e-009 -4.57599768003429e-010 5.12172802054736e-011 -5.02364647197645e-012 -6.67450228906248e-012 
9.66401782940456e-007 -4.64829273069023e-007 7.02010611247814e-007 -1.18323508789517e-009 -3.77905005981545e-008 6.75718678441188e-011 5.22902287741231e-010 -3.34654630872813e-011 4.73467289981849e-012 3.72579231874487e-012 
4.58052058360431e-005 -9.21195840209856e-007 1.27945065178702e-008 8.57336724942485e-008 7.62315705878641e-011 -2.44980618961688e-009 -1.16699761248214e-010 2.36889595640655e-011 1.51255429940030e-011 -6.00440598327940e-013 
3.06381360897855e-003 -1.38517944577505e-003 1.75434593148658e-004 8.40056250245636e-005 -2.35372808859477e-006 -1.71389720930367e-006 -4.33909830975579e-008 1.44298936119230e-008 1.38773944927012e-009 1.95627049001678e-010 
3.81578061992600e-001 2.75991753664516e-004 1.64147246121985e-004 -9.27895386551054e-006 -4.76963702000888e-006 5.16370505150950e-009 6.84583459751110e-008 3.81373513365387e-009 -3.06910010796620e-011 -3.03173013803073e-011 
4.68258258605881e+003 9.21204283093421e-001 -1.77122143741039e-004 -7.92440962025442e-005 2.32471319321580e-006 1.60900284783926e-006 4.23608442888889e-008 -1.32386112103001e-008 -1.31597596363872e-009 -1.89539105230119e-010 
3.14609165293830e-003 1.51867122077220e-003 2.39501981226526e-004 -6.88330270599892e-005 5.78694360278830e-007 2.20296259476353e-006 -2.31248135934978e-007 -7.25897601459652e-008 9.35920101929888e-009 2.49468752656826e-009 
3.82552909361328e-001 4.39028354523188e-004 -1.23598724448213e-004 -9.26145040411110e-006 4.53434955552380e-006 -3.09603602940868e-007 -1.45476565567964e-007 1.80131567690511e-008 4.92217927450314e-009 -6.57902043502734e-010 
4.68442223365658e+003 9.18405347670284e-001 -2.24890211041735e-004 6.72857939783559e-005 -4.58087152461613e-007 -2.12571974895023e-006 2.12455014708769e-007 6.97687807115018e-008 -8.62143353330690e-009 -2.39832353267799e-009 
6.24079596611204e-003 1.18824978764596e-003 -2.43877927635015e-004 -3.05843083786811e-005 -1.06591397984612e-006 4.13102950852235e-007 1.37029068500800e-007 -1.19360681969608e-008 -8.37418853726874e-010 1.69172349718735e-010 
3.82498352636919e-001 -4.50443610980959e-004 -7.86924198551339e-005 7.97204686643132e-006 1.33249566353933e-006 2.66276585370419e-007 -2.53827809766364e-008 -5.77515489064011e-009 6.56602293946247e-010 -3.85876088846249e-011 
4.68625906139794e+003 9.18797704833962e-001 2.41896455609482e-004 2.75089934922444e-005 7.81926939875326e-007 -3.63159293276505e-007 -1.28293017414857e-007 1.11024279134973e-008 8.07926667696928e-010 -1.65447912067143e-010 
6.04155843799968e-003 -1.39353380653428e-003 -2.26645490342122e-004 6.35323304165301e-005 8.55251989737883e-006 -7.46810956773218e-007 -1.55217295136479e-007 4.84856997112341e-009 1.37995857396417e-009 -6.27461820235136e-011 
3.81576280661114e-001 -2.76182319717151e-004 1.46837352424898e-004 1.81986184113474e-005 -2.82347284763288e-006 -4.61390842525759e-007 2.31852503627922e-008 5.79600361379484e-009 -1.72745062313901e-010 -3.59350543077475e-011 
4.68809911463058e+003 9.21243806524848e-001 2.05566217487938e-004 -6.08720850873388e-005 -7.89864327164599e-006 7.00225808491686e-007 1.43837398656687e-007 -4.44267945160796e-009 -1.27328953357525e-009 5.85598579968834e-011 
