-5.83158009181502e+007 9.56114974857693e+005 1.00956305561026e+006 -2.79685623570857e+004 -3.08267691656382e+002 5.95548965260316e+001 -4.45338355341644e+000 2.00285034397750e-001 -4.46459514114074e-003 -2.33585849274803e-004 3.58251201488330e-005 -2.52425080497712e-006 1.11664257461955e-007 -1.59053362019339e-009 
-1.58677714125350e+007 -1.35729711628200e+007 2.80840274332683e+005 3.21367115780735e+004 -1.58041572194339e+003 5.62056953656840e+001 -6.16137463329593e-001 -1.05042350126916e-001 1.08166010241274e-002 -6.40946293877639e-004 2.28261951457130e-005 5.60868658389322e-008 -8.50616045881990e-008 7.84202851307088e-009 
-2.53058522136415e+006 -7.34955977144341e+006 4.53387956864954e+004 2.00666281799149e+004 -8.12254249129390e+002 2.38485176368964e+001 1.32638132048077e-001 -7.68781744703666e-002 6.24088204905339e-003 -3.18157279087212e-004 8.47852990094030e-006 2.91696392361128e-007 -5.70162083060161e-008 4.35399601611529e-009 
-4.94081623359168e+007 7.66722054172334e+006 6.69268688148234e+005 -2.75979636866949e+004 1.74922457230680e+002 2.04559172579326e+000 -1.01054979682732e+000 5.81785196896123e-002 -2.82813496175881e-003 9.96314197540285e-005 -1.98693082306724e-006 -5.80085578018070e-008 9.64959133723400e-009 -6.71615754051085e-010 
-3.97979834688210e+007 -1.01362241930844e+007 5.47736841890536e+005 1.45277381910074e+004 -7.09632878915006e+002 2.96093975480628e+001 -1.07718790200277e+000 1.93376463668761e-002 3.06397109698281e-004 -7.50650182277578e-005 5.12978653688543e-006 -2.64256306732530e-007 1.00372317740255e-008 -2.25866742194704e-010 
-1.62372779015590e+007 -6.20959249794836e+006 2.23192709485353e+005 1.06219346588100e+004 -3.97205306070916e+002 1.56044795920151e+001 -4.70624639872915e-001 4.29725624281896e-003 4.56913693085899e-004 -5.04284423249951e-005 2.94622543056747e-006 -1.35145044275065e-007 4.36105432395384e-009 -5.02607043933448e-011 
-2.97367439892775e+007 1.17409271620429e+007 3.53118787491973e+005 -2.53830342104161e+004 6.43587320194848e+001 -1.01472187991907e+001 -2.23022608206602e-001 9.42591761403502e-003 -6.37121814301458e-004 3.09834873161448e-005 -9.17533474213706e-007 3.80517302994031e-008 -3.98559282561157e-010 1.61160786209284e-012 
-5.52482525585398e+007 -5.21322143900124e+006 6.69439531867527e+005 6.68884391946700e+003 -3.33252213810667e+002 9.84915235855605e+000 -6.19931699671176e-001 9.51015645745343e-003 -5.22741121077152e-004 -1.74795229694852e-006 1.80854512181728e-007 -2.95209474662030e-008 1.49807850518226e-009 -6.45102375007115e-011 
-2.65302635454268e+007 -4.00223773684648e+006 3.20984232850125e+005 6.20493240880049e+003 -1.84688327920274e+002 6.31330204631492e+000 -3.08027248637178e-001 4.10272650378685e-003 -2.13173072704141e-004 -4.14632779350773e-006 1.91745378951971e-007 -1.97148554410722e-008 8.41561969674370e-010 -3.46268531701271e-011 
-4.39330054970959e+006 1.33480012720062e+007 4.72319516793610e+004 -2.62080650819402e+004 -1.78942458343767e+002 -1.37831171196616e+001 -1.09684153194345e-001 2.82660668530110e-003 1.87087975039595e-004 2.47356194204005e-005 6.29143280990029e-007 4.24614081067299e-008 8.31116610799118e-010 3.38294484168946e-011 
-6.01222360346846e+007 3.82742592003101e+005 7.21759451696371e+005 2.18018140722630e+003 -2.73466979843993e+002 -3.77718524723458e+000 -5.97391263727596e-001 -8.45196129260945e-003 -6.35485581965823e-004 -6.82599026968991e-006 -1.88584745080490e-007 8.02476065180496e-009 8.86130869199993e-010 3.71504980199957e-011 
-3.17617739691725e+007 -1.17964343324937e+006 3.80649039490101e+005 3.88205959283393e+003 -1.27525421617559e+002 -5.88549031031797e-001 -3.07738597047665e-001 -4.80790710033337e-003 -3.58858778589061e-004 -6.21104553438022e-006 -1.65971298246908e-007 -1.16099368941781e-010 3.87172321583821e-010 1.63371585750101e-011 
-4.14173761878057e+007 -2.22639373345115e+007 5.28299140998032e+005 4.75841737848586e+004 -5.55656121811684e+002 -3.24468604025647e+001 2.37396869532416e-001 1.30116400081583e-002 -5.57799623620692e-005 -4.86952081257601e-006 
8.88695988751178e+007 -9.13066079355767e+006 -1.13529444812774e+006 1.91815874430953e+004 1.23868591666648e+003 -1.22251874387712e+001 -6.09164672047592e-001 3.85671255605369e-003 2.25656743030575e-004 -7.44260229142396e-007 
4.25682134277293e+007 -2.69936381537972e+006 -5.44212850270884e+005 5.61887369711082e+003 5.92458426468761e+002 -3.44716630682177e+000 -2.89095131793916e-001 9.11908949905627e-004 1.05079291253890e-004 -2.47314095264562e-008 
-8.00482280795110e+007 -1.59513571508598e+007 1.02587937032393e+006 3.39299626116845e+004 -1.11981713973569e+003 -2.27350136369654e+001 5.51744059212377e-001 8.64529157914082e-003 -2.05261788423552e-004 -2.91135342676333e-006 
6.24772951152760e+007 -1.69788806650214e+007 -7.96708798446622e+005 3.63010221311776e+004 8.60753267962296e+002 -2.47822867977433e+001 -4.08910287711130e-001 9.98499553819122e-003 1.38783116654911e-004 -3.81375909907371e-006 
3.31380981184359e+007 -6.62983040358083e+006 -4.23366692714807e+005 1.41850785266387e+004 4.58119758449053e+002 -9.71115480582232e+000 -2.18859733568980e-001 3.94808125056277e-003 7.55737028345024e-005 -1.53151085748277e-006 
-1.14914898399464e+008 -1.31977029391916e+007 5.66332304315898e+005 1.04368900729802e+004 -2.53289124918923e+002 -2.45102548838060e+000 6.16972984192512e-002 -7.01503887704516e-005 -1.06646059887986e-004 2.40102016153731e-005 4.28467138294900e-006 -1.85842408244247e-006 -1.64093133699954e-007 
8.49530909395784e+007 -1.47709125730074e+007 -4.17052243344130e+005 1.24425785152197e+004 1.64729555782254e+002 -3.71787260294626e+000 -2.63161699675669e-002 6.63558934629963e-004 1.00070962997648e-004 2.45286749214950e-006 -6.39407743642658e-006 3.01571459371944e-007 4.13857878562935e-007 
3.68260369065880e+007 -6.40346628207966e+006 -1.80806235303766e+005 5.39424838587418e+003 7.14187939320086e+001 -1.61124216622915e+000 -1.14654703299344e-002 2.41565228826016e-004 4.97447774087957e-005 3.89785872569437e-006 -3.35823753975490e-006 -1.28405062836398e-008 2.28672716913086e-007 
-1.36433805835940e+008 -8.23817702055916e+006 6.65899280072511e+005 6.07169256441859e+003 -2.87630561068107e+002 -9.72863764426313e-001 6.24164417563736e-002 -3.74791481131896e-004 -9.04136983808594e-005 3.74192280580919e-006 3.21589297956717e-006 1.51973308426196e-007 -1.00721395835719e-007 
5.25754547884390e+007 -1.74711107233350e+007 -2.54468105947895e+005 1.44579077830768e+004 8.61441300035908e+001 -4.05007484379696e+000 -3.79574513326043e-003 6.06231656584233e-004 3.09217139378625e-005 7.02672056979116e-006 -6.32405918833552e-007 -2.93470307449873e-007 3.48332136925625e-009 
2.27896840476369e+007 -7.57409383125836e+006 -1.10320528597481e+005 6.26802183850224e+003 3.73519322774744e+001 -1.75557996824976e+000 -1.78095366814257e-003 2.36198382430975e-004 1.92716083831254e-005 4.53663959486896e-006 -4.04709200076487e-007 -1.92147887722256e-007 1.34036503761696e-009 
9.44207942919414e+007 3.10003907364505e+007 -6.46146889199048e+005 -3.80878985784444e+004 1.84635263958779e+002 2.44211156735298e+001 2.05368191242611e-001 -1.39269350530381e-002 -3.61457498319888e-004 5.56882262769289e-006 3.60355629601412e-007 
-1.67989765969657e+008 1.66690461650745e+007 1.14715794990469e+006 -1.35009574973712e+004 -8.96084470917434e+002 -1.12078145917231e+000 5.40543062246501e-001 8.61087804349452e-003 -2.80390225187816e-004 -1.11519598921224e-005 6.10407970339307e-008 
-7.96311750960333e+007 6.80835910029919e+006 5.43628183676720e+005 -5.16367282108911e+003 -4.16001955881059e+002 -1.17381535379913e+000 2.42395368181363e-001 4.32686105374955e-003 -1.18718408395549e-004 -5.26015052195593e-006 1.55276697156780e-008 
4.51926474144084e+008 1.43151263507147e+007 -6.46779875205010e+004 -3.76254227843102e+002 5.19170969189354e-001 3.96511678859245e-003 3.12158144223682e-006 -4.71828955536095e-008 
-5.59525868696039e+008 1.07658038978877e+007 8.00954076973219e+004 -2.13639528062203e+002 -1.19165063009245e+000 3.86861518843215e-004 1.03498439523174e-005 1.93000246273290e-008 
-2.50842214381942e+008 4.26595202220992e+006 3.59060522831924e+004 -8.24117792292694e+001 -5.23415391571443e-001 6.94505464601260e-005 4.38307728342910e-006 8.73685891846347e-009 
-1.37010284256576e+009 -3.58567837181998e+006 3.14356188508230e+004 5.87382510827367e+000 -6.58332763880256e-002 2.81018837847827e-005 6.50292162810476e-008 
2.57408800308680e+008 -1.21389250340701e+007 -5.89721499405584e+003 4.78779952753680e+001 -6.02828168077717e-003 -6.27504050085282e-005 1.68458792832200e-007 
1.65300154619725e+008 -4.85950221553364e+006 -3.78918049350757e+003 1.95215722145959e+001 3.43875086525067e-004 -2.71130533039636e-005 6.55739292151744e-008 
2.97853707210260e+009 1.20164835888027e+006 -6.95860005136450e+003 -4.87625724260784e-001 1.13921811913530e-003 2.99159482288403e-007 
-3.56185715932433e+008 8.14871618315394e+006 8.31073204994553e+002 -3.17171810800647e+000 -1.18748770569100e-004 3.08253944292235e-007 
-1.98127708904352e+008 3.55194091135351e+006 4.62398945155507e+002 -1.38233534829251e+000 -6.86906839362414e-005 1.32090520378766e-007 
3.62720953551616e+009 4.38276163721358e+006 -2.54032477507751e+003 -5.29942507084017e-001 1.54558889613109e-004 4.29120139566505e-008 
-2.41971002926622e+009 5.69724781494907e+006 1.69490552137552e+003 -6.51516902477522e-001 -1.07623823623508e-004 -3.93613526832547e-008 
-1.08070429188339e+009 2.22279992630205e+006 7.56974975596535e+002 -2.53463464276308e-001 -4.77189835382334e-005 -1.72000822062181e-008 
9.14694773685347e+007 7.64915023406762e+006 -5.47633867268904e+001 -7.59360628221242e-001 1.44899917687900e-004 3.87640713179211e-008 
-4.50334887190538e+009 -3.53523023464571e+005 2.70723380492077e+003 -3.14768924937471e-001 -1.67242704576938e-004 1.31183023227147e-007 
-1.43291572199096e+009 -2.41498964530261e+006 8.61382796232344e+002 1.30708827891513e-001 -9.80325383684998e-005 2.59273048161624e-008 
1.81583170367083e+005 -1.55150453035580e+005 -1.11699764118676e+004 1.41856751231819e+003 8.22168135063046e+001 -3.04258882937606e+000 -4.01578320740333e-001 -1.45336700561617e-002 1.07482274585338e-003 1.82192306342444e-004 5.78761070788614e-006 -8.24678480098320e-007 -9.76408640822576e-008 
2.60160968415158e+005 8.08380930741363e+004 -1.60712909155478e+004 -9.65147101328444e+002 6.94657528037399e+001 5.40782128695362e+000 1.04085756420986e-002 -2.09228765886544e-002 -1.76772355038441e-003 1.03395881116730e-006 1.22102780226508e-005 8.46808317018468e-007 -2.20204445348317e-008 
1.45921100371030e+005 2.83394205508056e+004 -9.00942482247943e+003 -3.72891918909712e+002 4.16871622191851e+001 2.48323261621188e+000 -2.71413509083637e-002 -1.17251916506267e-002 -8.05371263919615e-004 1.51788764297221e-005 6.62683837394075e-006 3.60944453779244e-007 -1.89671686330745e-008 
-1.53676538934595e+005 -1.62227966566180e+005 9.99136505454454e+003 1.72643184474404e+003 -6.54108056513717e+001 -8.86759334786446e+000 3.05857406344297e-001 5.46658132926086e-002 -1.44378191402067e-003 -4.27175223746817e-004 6.06271533617484e-006 3.60387563777806e-006 -7.04895453842095e-009 
2.74593815842046e+005 -6.81877922034708e+004 -1.81103768790616e+004 7.51400165018241e+002 1.14511575854336e+002 -3.76167835147246e+000 -6.06771601748543e-001 1.70489943214909e-002 4.30587257021835e-003 -7.26159264001460e-005 -3.51188690688715e-005 1.62840587209246e-007 2.99771619562269e-007 
1.26285858098201e+005 -4.74346052292706e+004 -8.33479967618205e+003 5.18160488784230e+002 5.25108928131228e+001 -2.61331752271130e+000 -2.81551739594100e-001 1.30057202834621e-002 2.05657117209060e-003 -7.10188108324380e-005 -1.72333806736078e-005 3.72134618228592e-007 1.50700026519811e-007 
-3.51327826576898e+005 -2.63586734217845e+004 2.07868778087819e+004 -3.47085056712301e+001 -1.09272510289585e+002 4.09052403924294e+000 2.61193145146658e-001 -3.99563013303873e-002 6.38811891953366e-004 2.34896674793975e-004 -1.77875360515804e-005 -6.75655244705224e-007 1.74961508516443e-007 
3.78454193815202e+004 -1.55099458722800e+005 -2.23831079813232e+003 1.53380075951266e+003 -2.13553541456048e+001 -5.42329524833258e+000 3.86563742643220e-001 6.73506833462191e-003 -2.91707713211709e-003 1.16781643743681e-004 1.37808394817131e-005 -1.65956676778579e-006 -6.18808111197732e-009 
-9.02997801294807e+003 -8.03598867645073e+004 5.42220072561132e+002 7.70908443057065e+002 -1.95977535896155e+001 -2.40755272244139e+000 2.16175980556346e-001 1.84426082511592e-004 -1.42069832862599e-003 7.78330267754281e-005 5.52300773736832e-006 -8.91821429315184e-007 1.09533346940386e-008 
-2.55488658070518e+005 1.15461218449595e+005 1.28671897590615e+004 -1.07337630621411e+003 -2.72848787441299e+001 2.53180658174270e+000 -1.58267794480659e-001 5.77806481956815e-003 5.34522455756751e-004 -5.91058278511413e-005 2.88136880656827e-006 2.50913626883094e-008 -1.97867114697910e-008 
-2.39582781696709e+005 -1.10392113940023e+005 1.20278465318471e+004 7.66433854567480e+002 -5.52696685252705e+001 4.64183957246327e-001 3.94202712888530e-002 -1.13185384857686e-002 6.77237255960100e-004 -1.32256400763306e-007 -2.66825125947735e-006 2.75090551442742e-007 -1.04098645570296e-008 
-1.41282453350680e+005 -4.64160486296472e+004 7.09816349506999e+003 2.99766264209083e+002 -3.00917222517147e+001 4.40215892492629e-001 7.24667741256620e-003 -5.24741264540426e-003 3.84694896271576e-004 -4.82787929657957e-006 -1.11500400643364e-006 1.40839205190799e-007 -6.84423328137537e-009 
3.42486803200133e+004 1.62311370251105e+005 -1.43686140310433e+003 -1.23963159319910e+003 2.66124786374634e+000 1.31865923981166e+000 5.15531119194124e-002 5.37812351040227e-003 -2.85085735386680e-004 -1.09786047299280e-005 -1.76505496287762e-007 1.89590816814804e-009 4.95590481192693e-009 
-3.45183007785866e+005 8.25711266373260e+003 1.61956302687593e+004 -5.97272499955546e+001 -5.08694882086856e+001 -2.75370680076551e-001 -3.11917674819769e-002 4.01450262745916e-003 2.87797127587664e-004 -8.52732110606432e-006 -1.84572668855396e-007 -5.15051224411385e-008 9.12165948925308e-011 
-1.71333466784289e+005 1.71456288651808e+004 8.04411535674978e+003 -1.30142752670797e+002 -2.53990859296297e+001 -2.91968126182282e-002 -1.15962049690112e-002 2.45092983543402e-003 1.21936659114985e-004 -5.18773860483565e-006 -1.06298501526222e-007 -2.57812790402944e-008 4.44154819993753e-010 
3.02478412892243e+005 9.46415574285307e+004 -1.48839170793213e+004 -8.90852382390223e+002 4.67611569113085e+001 2.98876312438050e+000 2.33311813356369e-002 -7.98327765344429e-003 -3.35788077669892e-004 2.39436440878045e-005 1.57222897004436e-006 -6.12853514879023e-008 -9.70245366267268e-009 
-2.11431173642725e+005 1.20685521484336e+005 1.04211228991750e+004 -9.06273531784085e+002 -5.10479205782696e+001 9.48830680220115e-001 1.36238994947306e-001 4.29534480847041e-003 -3.78102526480305e-004 -2.03436603218112e-005 1.09487792390343e-006 1.13275006800441e-007 -1.64709704671068e-009 
-8.25181954664219e+004 6.83391013668796e+004 4.05266498109352e+003 -5.27871274077892e+002 -2.18913119703652e+001 7.19329783276655e-001 7.03176327159198e-002 1.51578916969720e-003 -2.17319129228658e-004 -8.30622793671510e-006 6.77651296360858e-007 5.20662495405503e-008 -1.60873257655527e-009 
3.50677731115365e+005 -5.01536203391116e+004 -1.92467941539045e+004 2.80707208998572e+002 9.19419192269343e+001 6.35880721683165e-001 -1.94059949331952e-001 -3.39822226527053e-003 3.32726605228107e-004 -1.76055857171167e-005 -1.88563101741499e-006 1.52259900994424e-007 1.29573381962495e-008 
7.08012113100546e+004 1.49350847624418e+005 -4.11079809808984e+003 -1.38160852208233e+003 2.06129701874850e+000 4.07261271739171e+000 6.87431073207942e-002 -6.74602640249143e-003 -5.48503284148427e-006 1.98156211673600e-005 -1.72199854455604e-006 -1.54160771222136e-007 8.07646431583140e-009 
6.34215600041625e+004 7.11664284657772e+004 -3.60913403122712e+003 -6.72215830675447e+002 8.46151897430227e+000 2.09809436969515e+000 1.87884426908005e-002 -3.66810492597687e-003 2.43473026576366e-005 8.57515038517723e-006 -1.01759052458303e-006 -6.53334572375398e-008 5.10297995176796e-009 
1.24253019999096e+005 -1.66428361406824e+005 -7.50839887099662e+003 1.58059473045619e+003 5.36280418441389e+001 -4.62359070113357e+000 -2.34805349081498e-001 5.91227390417431e-004 5.11599062133844e-004 6.83569138212261e-005 2.53156866559484e-006 -3.46609177187048e-007 -3.21120779875907e-008 
2.88769986341371e+005 5.71712198441369e+004 -1.76840389834098e+004 -6.69571892372582e+002 8.51521361447722e+001 3.47804814633181e+000 -1.36248174109769e-001 -1.15024469957522e-002 -5.20460599445436e-004 -9.95187975041176e-007 4.90987527463065e-006 3.20012236493324e-007 -1.19658342401423e-008 
1.55064201959033e+005 1.55127539368186e+004 -9.48939039576248e+003 -2.09504870068128e+002 4.71058884645046e+001 1.37313153203073e+000 -8.73763515065563e-002 -5.71898647037802e-003 -2.20104473217055e-004 4.94644196775063e-006 2.66815695184877e-006 1.32990120688533e-007 -8.58257309264319e-009 
-3.49823517121005e+005 -6.42568750011022e+003 9.50248219173195e+000 -6.40518408478691e-002 2.01708365984618e-003 -3.65167931580203e-005 2.40645756534064e-005 -2.53047180191259e-006 1.53658962324262e-007 -3.22542085027900e-008 1.17626136722998e-008 
6.04208526791894e+005 -3.58512611066681e+003 -1.52023755002780e+001 -9.06849919678675e-002 -5.31284281641157e-004 -1.90393871632926e-004 1.38440095644307e-005 1.79918559446956e-007 -1.33107792707690e-007 2.34116109534256e-008 -6.53094116050271e-009 
2.57874930492704e+005 -1.41599531833323e+003 -6.62615271541149e+000 -4.08002268654561e-002 -6.34836048503427e-005 -9.76255518580279e-005 4.71603801444966e-006 3.51573565016645e-007 -8.35058826645071e-008 2.18680655637305e-008 -5.72346905952696e-009 
-3.62600878542884e+005 -6.35212866192315e+003 8.96040037130818e+000 -2.17008935441071e-002 3.71402706821914e-003 1.22993010012067e-004 3.72599700937642e-008 -9.96309964420728e-008 9.36459101367077e-009 1.39052308235872e-008 8.34070820016247e-011 
5.96912985778452e+005 -3.71142276514878e+003 -1.64135851490584e+001 -1.13541020200247e-001 -1.53641426170608e-003 5.71288230902515e-005 6.95642910807293e-006 -4.07935473911120e-008 2.32134036911209e-008 -1.55665752955191e-008 3.76534833679826e-011 
2.54988298162414e+005 -1.47108427898993e+003 -7.16426443176129e+000 -5.07110062749838e-002 -8.12303629080758e-004 1.39368029275315e-005 3.55277563485935e-006 -1.05788785163581e-008 1.14959666183990e-008 -6.89029623793033e-009 7.12259416083604e-012 
7.05456409390627e-005 2.01373770473207e-006 -2.11714663487269e-008 -3.70210009113516e-007 -1.29936062189921e-008 2.49978304974698e-008 2.24232921505212e-009 -1.00568776771348e-009 -1.80116587080615e-010 2.66859193178349e-011 
2.82828882768145e-005 3.11320647266263e-007 4.06833069117974e-007 -1.56840518366295e-009 -4.51328140273453e-008 -1.90943792483521e-009 2.36984761853892e-009 2.35865177772367e-010 -8.70600216451093e-011 -1.40003330548127e-011 
7.07569240725022e-005 -1.13659188246662e-006 4.82741791424840e-007 1.38786393141171e-007 -5.79199606195661e-008 9.56089562544585e-010 1.97749522598810e-009 -5.11825954618481e-010 2.45047295862807e-011 2.45255899759034e-011 
2.90373032372635e-005 -2.15137158249100e-007 -2.12985388717002e-007 9.80460228877781e-008 7.36783098823015e-009 -5.64486656223861e-009 6.80702667369972e-010 1.04995717659445e-010 -5.77755835006326e-011 3.62431996309457e-012 
7.06501376745852e-005 -1.96256225690769e-008 -5.99331502219090e-007 -8.94063895083894e-008 3.14408970001043e-008 4.90194630415220e-009 -9.13936030521797e-011 -1.59971608390850e-010 -2.84197350883165e-011 6.09027427626534e-012 
2.92924323771786e-005 7.57374244889681e-007 1.08916489105401e-007 -7.67215579813875e-008 -9.54638960440854e-009 1.71019638069869e-009 2.76363388986792e-010 3.91841668247849e-011 1.37724159525848e-012 -3.07487827371815e-012 
6.88736138184763e-005 -3.24721053811914e-007 8.69401793113065e-007 2.32533160209488e-008 -7.36830946675411e-008 -5.02206175331829e-009 2.30313006275187e-009 2.57140410194824e-010 -2.95303774659773e-011 -4.53317945855767e-012 
2.96482573620594e-005 -5.48000749812682e-007 -4.48537427652488e-009 1.28258032432857e-007 5.12296623258373e-009 -6.45747929348991e-009 -5.07654192192651e-010 1.21250917135020e-010 1.42179885950791e-011 1.25368032814102e-012 
5.39847546782300e-002 1.56317488439789e-003 2.17670069047822e-004 -3.19328718085289e-005 -8.53916464286160e-006 -9.06969632504932e-007 2.14294812248690e-007 5.49625121556172e-008 -2.53760188103195e-009 -1.81255780907297e-009 
3.93202418740849e-001 3.80140517296386e-004 -1.10401912900770e-004 -1.79650000024243e-005 -1.25384001939268e-007 5.47128172175446e-007 1.02036458101553e-007 -1.02868090846871e-008 -3.99980554170514e-009 -1.08428342743452e-011 
3.32846746900742e+003 9.18404909760131e-001 -2.07125081876872e-004 3.20651201771830e-005 8.08362717718560e-006 7.99971323450469e-007 -2.04872307963733e-007 -5.05476672344343e-008 2.57342486168814e-009 1.68841873842435e-009 
5.65829126792381e-002 4.09958372435706e-004 -4.71149960080937e-004 -8.87842880869911e-006 1.38539344196077e-005 -1.99016548304629e-007 -2.29804129112999e-007 2.16519959987473e-008 6.68200496666968e-010 -5.94183115712266e-010 
3.92920926223827e-001 -5.91990544049585e-004 -2.53424723214576e-005 3.38523989617477e-005 2.19927015441332e-007 -7.36568271984996e-007 3.34727536350619e-008 8.32090161363634e-009 -1.60140088962067e-009 1.13918724387442e-010 
3.33030480614952e+003 9.19527301788999e-001 4.49411176488060e-004 7.74375093683670e-006 -1.30485414005032e-005 2.08072447805506e-007 2.11701034516964e-007 -2.04649685789860e-008 -5.08867020350617e-010 5.45587651357725e-010 
5.50697971813051e-002 -1.38633411704013e-003 1.27251334493042e-004 5.09524762966277e-005 -6.70793052219764e-006 -4.25448852016832e-007 1.48648740472580e-007 5.51625134056159e-009 -1.48740375396780e-009 -1.82582913145926e-010 
3.92397006872454e-001 2.04133245193279e-004 1.34109392088791e-004 -1.23909931924160e-005 -2.00806127078877e-006 4.16641454351824e-007 1.41837852735206e-008 -6.22045045199261e-009 -4.07812397441871e-010 3.49060270819790e-011 
3.33214608231325e+003 9.21237645813815e-001 -1.21311038421908e-004 -4.88883772982042e-005 6.25209184809410e-006 4.09202275909507e-007 -1.37026119884328e-007 -5.21271378498843e-009 1.35895686196729e-009 1.70096473887656e-010 
5.41836047759681e-002 6.13575087263123e-004 2.84007231763130e-004 -5.82386621092373e-007 -4.29074160589422e-007 -6.73383019641809e-007 -1.68200375232505e-007 1.33972648320861e-008 3.93277927842482e-009 -3.95981220887810e-011 
3.93337090233639e-001 6.00393322018457e-004 -2.67654142899370e-005 -1.20349628889377e-005 -9.69040363337893e-007 -2.46243325143242e-007 4.24599701660714e-008 1.11983817644522e-008 -4.00702271423577e-010 -1.63088309990292e-010 
3.33398674019738e+003 9.19308512759044e-001 -2.74168755744361e-004 1.37079391850759e-006 5.87868183202235e-007 6.16152084508250e-007 1.54789763066052e-007 -1.23505001671240e-008 -3.65895041455984e-009 3.42389559733392e-011 
