3.17017892015731e+007 -1.50554450672583e+007 -1.21845717925599e+006 7.06902298979373e+004 7.98620241600222e+003 -6.51824332383458e+001 -5.04305395927283e+001 -1.84615935709741e+000 2.76973751265573e-001 2.73057302277277e-002 -8.71890188681010e-004 -2.68207736720987e-004 -6.03836178640926e-006 2.02399699234336e-006 
2.87732027748865e+007 1.03059578372505e+007 -1.14733105416950e+006 -8.61256193347043e+004 3.15752133678181e+003 5.64692500320488e+002 5.52326496175229e+000 -3.51017359663501e+000 -2.03501856133838e-001 1.69813497249274e-002 2.44719732668663e-003 -1.84816417738204e-005 -2.16250368799300e-005 -9.48375600821702e-007 
1.21578927359046e+007 7.06612114711916e+006 -4.86682313103821e+005 -5.33344458774978e+004 8.59351941258469e+002 3.08424181922189e+002 8.17583014015945e+000 -1.68392422399391e+000 -1.37412653929344e-001 6.24260342843730e-003 1.39768184858510e-003 1.79160856303252e-005 -1.09269003346527e-005 -7.16351177059669e-007 
-4.26791377572398e+006 -1.97556339725803e+007 1.49233446701371e+005 1.28284235751725e+005 -2.89921381304191e+003 -6.45910705992947e+002 3.41130132513291e+001 3.65331504931525e+000 -3.56056672703977e-001 -1.96077613029994e-002 3.53179385233505e-003 7.03251871199545e-005 -3.34793993146960e-005 3.35595593083842e-007 
3.80248844955940e+007 -1.42330255055006e+006 -1.58013707107792e+006 2.67314796585747e+004 7.83775583977574e+003 -3.16224708871690e+002 -4.14668664704373e+001 3.28572706341729e+000 2.26850003696077e-001 -3.25377696764486e-002 -9.95919286072244e-004 3.10509869995020e-004 2.10938528113204e-008 -2.85111475949123e-006 
2.08282982996513e+007 1.28709587450807e+006 -8.59604981732503e+005 9.88785903042165e+002 4.48748614557169e+003 -1.02010024762951e+002 -2.56869737309583e+001 1.37677771320078e+000 1.58079629574020e-001 -1.53507538328249e-002 -8.97975527701078e-004 1.58594164706802e-004 3.48011390917586e-006 -1.55789354947003e-006 
-3.86850265636932e+007 -1.38099973891674e+007 1.16602250294045e+006 3.44940364094320e+004 -5.82250001548202e+003 2.28064162230540e+002 1.12969112891921e+001 -2.08717369186537e+000 9.79445307145238e-002 4.91476173160368e-003 -1.02961596939283e-003 5.31559733399087e-005 2.54397579240682e-006 -5.87991323966164e-007 
2.46237936761213e+007 -1.13109632365416e+007 -7.97639965185819e+005 8.10104637425390e+004 -7.42804799997359e+002 -2.72685239683118e+002 2.33486969912786e+001 -3.06309477294271e-001 -1.11041395635754e-001 1.07886673743459e-002 -1.73642844023496e-004 -5.69935014241048e-005 5.98109776074326e-006 -1.15037297729361e-007 
1.72362466487438e+007 -4.61113889647891e+006 -5.46929681574467e+005 3.97035137566896e+004 2.06456457461267e+002 -1.69304310941916e+002 1.13028753649686e+001 5.26187477804577e-002 -6.94688830444653e-002 5.25430630413019e-003 1.39171688762724e-005 -3.59547637309987e-005 2.93163952675735e-006 -5.31427855011537e-010 
-5.65391526978272e+007 -4.03895493202179e+006 1.18095869757217e+006 -2.07247479655137e+004 -1.42663428699041e+003 1.43695925627626e+002 -7.74823653068044e+000 1.56393906633893e-001 1.52082512396320e-002 -2.03131591539967e-003 1.26686589825259e-004 -3.24835572299208e-006 -2.53598343827077e-007 3.95345518522975e-008 
-1.61069927675484e+006 -1.42529762534033e+007 4.62123517549108e+003 4.94558052620177e+004 -2.19486697167131e+003 4.30316963352788e+001 3.40680174281529e+000 -4.47570549977933e-001 2.70991493571403e-002 -6.97872342334560e-004 -4.83075598583169e-005 7.63406752725954e-006 -5.21229947355195e-007 1.60612893774473e-008 
5.07220120655596e+006 -7.19521884386573e+006 -1.19892431291968e+005 2.85676540274905e+004 -1.02472848526948e+003 8.09988129304619e+000 2.62279251268987e+000 -2.55305900978190e-001 1.29011906880151e-002 -1.62350343781365e-004 -3.89331453217820e-005 4.41485167776345e-006 -2.52176639989460e-007 4.48404795195229e-009 
1.04453419339840e+008 -4.98800929745914e+006 -1.30924298223788e+006 9.50044193973856e+003 1.34981239789396e+003 -3.60951769021660e+000 -5.31880547193526e-001 -1.60270053003323e-003 8.74688095141091e-005 1.82512190403770e-006 
2.13627570311819e+007 2.12610259955952e+007 -2.78946343205068e+005 -4.42234535015808e+004 2.42662328420312e+002 2.70113350024602e+001 -2.21723274585019e-002 -7.13194693819931e-003 -6.17021621341918e-005 4.05283048713959e-007 
3.01170168948723e+006 9.88351778343425e+006 -4.27046555804549e+004 -2.05018278862289e+004 2.38099074925378e+001 1.23836644163283e+001 2.36610798270340e-002 -3.10781526444218e-003 -3.31617463125269e-005 3.09611102877403e-008 
8.46171520184187e+007 -1.46488253562814e+007 -1.07031085759636e+006 2.98175893480760e+004 1.14823998315033e+003 -1.65331590858242e+001 -5.27183056242318e-001 2.29872821453206e-003 1.54635002203794e-004 1.53915892161708e-006 
6.00460706491521e+007 1.70132506512843e+007 -7.68792904457715e+005 -3.61195574577394e+004 7.60346467673569e+002 2.38868136813612e+001 -2.44641972176759e-001 -8.50399701004810e-003 -1.33487439358652e-005 2.23527910749609e-006 
2.16750421268465e+007 8.58313732552294e+006 -2.78253545011638e+005 -1.81402924928785e+004 2.69522622295410e+002 1.17950953583849e+001 -7.67404395345240e-002 -3.97221521794644e-003 -1.57968644310640e-005 9.09231752221259e-007 
-3.25172054205075e+007 -2.03627105266391e+007 1.60641026404987e+005 1.69264216661578e+004 -6.98239650378224e+001 -4.84961108993060e+000 1.44929638674124e-002 9.87525183254882e-004 3.59111974907193e-005 3.13890431803848e-006 -7.92022115296787e-008 -9.33328707559678e-008 -5.02458614228853e-008 
1.30058646596165e+008 -4.21448656406719e+006 -6.54534923130612e+005 3.49305038703945e+003 2.85381730397859e+002 -1.00045607908151e+000 -6.32243930357661e-002 5.22586494117449e-004 7.39328332904633e-006 -9.34826377279435e-006 -9.19520317933917e-007 -1.19987886771872e-007 9.01182623279090e-009 
5.63881403730827e+007 -1.82686598549726e+006 -2.83712537823898e+005 1.51396557879640e+003 1.23699309745541e+002 -4.33751468960494e-001 -2.72817536559235e-002 2.37996052056938e-004 -2.72647913849228e-006 -4.78822427205926e-006 -3.46356357507602e-007 -3.92124118702573e-008 9.98745126412003e-009 
-7.13324505953602e+007 -1.82913026745804e+007 3.53944037897834e+005 1.50625380530850e+004 -1.60943003210224e+002 -4.16835944603559e+000 3.94007229626943e-002 9.91462588918700e-004 2.40552333501920e-005 -1.25556259362724e-005 1.11661183569432e-006 3.03327524583390e-007 -1.70991480649807e-007 
1.16579593244506e+008 -9.20751620084072e+006 -5.86140653690047e+005 7.81952780230895e+003 2.50849515051091e+002 -2.41664384735407e+000 -5.13044420361782e-002 7.08001756331023e-004 -7.56026138480367e-005 4.85756767290341e-006 2.49296988950654e-006 -8.88618137979116e-007 9.00835898072781e-008 
5.05454127099001e+007 -3.99113394784683e+006 -2.54068058680691e+005 3.38930186139742e+003 1.08732026799596e+002 -1.04707606713604e+000 -2.21505075731042e-002 2.71711292268203e-004 -3.59133046318750e-005 4.04916508710381e-006 9.15216707991331e-007 -4.31420526248215e-007 6.22232978959599e-008 
1.04218916291557e+008 -2.82155096442653e+007 -5.89885737850763e+005 3.05285311431930e+004 -2.18486300492703e+001 -1.12706281578645e+001 2.73099849022306e-001 -9.37748548899977e-004 -1.52088899884393e-004 3.45408889817988e-006 2.14597602463606e-006 
1.79285508674427e+008 1.65564227545689e+007 -1.01423782816247e+006 -8.47065051595084e+003 5.97101931815974e+002 -6.46656750186944e+000 -1.08437069603809e-001 6.46311289438822e-003 -1.19825214804941e-004 4.02760157348093e-006 3.66599079559968e-007 
7.94542587062382e+007 8.35476522194108e+006 -4.49322360079471e+005 -4.70808737781765e+003 2.74474492428413e+002 -2.66224057855782e+000 -5.70788802498089e-002 2.98239581814508e-003 -4.96871575993239e-005 2.21072321817771e-006 -1.44146181710185e-007 
4.70213699228995e+008 -1.42406553792873e+007 -7.14028611345552e+004 3.85174782939874e+002 8.11931649366939e-001 -4.64365687367532e-003 -9.57639389190924e-007 2.88221464932009e-007 
5.36983724461133e+008 1.11017283729505e+007 -8.16126835603458e+004 -2.52689126228167e+002 1.28790765010110e+000 1.63031668603241e-003 -1.34879500475294e-005 -1.88697439329163e-007 
2.18719102003106e+008 5.10501022809269e+006 -3.32432066074742e+004 -1.17683579875537e+002 5.32278278031668e-001 8.12116123146604e-004 -5.78690879983356e-006 -1.30826445485811e-007 
-9.57416951230807e+008 -1.02507487299100e+007 2.37652429459136e+004 3.81749057633254e+001 -6.58629764203094e-002 -4.00354466995906e-005 2.58056817882386e-007 
8.86323178993921e+008 -8.83924891363247e+006 -2.20135851282381e+004 4.05736684636986e+001 4.07168969188081e-002 -8.71370335524291e-005 -6.14821072920943e-008 
4.07332541690023e+008 -3.20956863513143e+006 -1.01165003073288e+004 1.51160453363195e+001 1.96587808959362e-002 -3.42532156865421e-005 -2.39362980506577e-008 
-6.16187170201593e+008 -9.25555188090531e+006 1.75205376405899e+003 4.52568297453310e+000 5.82851709523833e-005 -9.94823744870100e-007 
2.51295472729946e+009 -2.33996380459527e+006 -7.15051869453004e+003 5.80062671557748e-001 1.81207197506478e-003 2.38837752641553e-007 
1.10930783729747e+009 -8.94017116815023e+005 -3.15646737206557e+003 1.90131817144544e-001 7.92144655137341e-004 1.25939669405063e-007 
4.09904333839633e+009 -3.00983889456804e+006 -2.92868352015933e+003 3.51715157544793e-001 1.87296979819712e-004 -6.94519530734786e-008 
1.66537049731061e+009 6.40604173146545e+006 -1.18983805595147e+003 -7.65075949088794e-001 6.50545140608064e-005 -4.51053587429593e-009 
5.79594129646229e+008 2.69695835821199e+006 -4.14091271582013e+002 -3.21910436227706e-001 2.17929801319501e-005 9.33910483884807e-011 
4.22819658081142e+009 5.26345437645219e+006 -1.46198198531262e+003 -8.79057112234731e-002 7.29053091239592e-005 -9.16336849477885e-009 
-3.07276181258283e+009 4.31415320024235e+006 1.06243553337615e+003 -4.05480846193066e-001 5.17991991476586e-005 3.63324833802535e-009 
-2.23285775444768e+009 -2.39538316346202e+005 7.72050116587663e+002 -1.00112894250500e-001 -5.25799068120197e-006 5.27717162379031e-009 
-7.10973744577413e+000 1.64255288310371e+005 6.43155132730575e+001 -1.25964026673426e+003 4.48729203504392e+000 1.99056513255817e+000 -1.73766936639217e-002 -1.22716404224276e-003 -2.77692436222894e-005 1.49140170051449e-005 6.38070464066731e-008 -5.24801897282430e-008 3.24558733998846e-010 
-3.66334378963761e+005 5.40355987796559e+002 1.68369783628065e+004 -5.04844927491167e+001 -5.66136683315210e+001 3.81728406464344e-001 3.93295827473129e-002 -2.84391882365586e-004 -1.39039215648817e-004 -2.06519971755459e-006 9.70871644786379e-007 -3.84690391196459e-009 -2.16752940731103e-009 
-1.27299024310225e+005 -8.29868959913543e+003 5.81963765470817e+003 4.74376719014222e+001 -1.97105880077359e+001 2.90991799490000e-002 1.42609679609929e-002 -3.20996844926418e-005 -4.66745568913261e-005 -1.48453971064992e-006 3.32036817693779e-007 1.36426678470970e-009 -7.62798217171899e-010 
2.83887254445190e+005 1.08361126387792e+005 -1.34037741355993e+004 -8.99762950071288e+002 3.86797077855216e+001 1.47862612417469e+000 -1.64506091116885e-003 3.41217642060503e-003 1.53697739116062e-004 -1.08560456708123e-005 -9.26154156017061e-007 -9.45681515698728e-009 -1.41271997986324e-009 
-2.42781300572998e+005 1.18281588166293e+005 1.11880610304460e+004 -8.54202801741738e+002 -4.22096228771383e+001 8.90183020938450e-001 2.18726083477963e-003 -1.48181499900968e-004 2.52362659356239e-004 1.54512259462350e-005 -1.53403596294699e-007 -1.95202322393103e-008 -5.61433678828244e-011 
-9.92238755750374e+004 3.53257804794052e+004 4.56832085491432e+003 -2.47803543927360e+002 -1.65487487386364e+001 2.26441014740135e-001 6.53972699416914e-004 -2.27548421110513e-004 7.92056382760619e-005 5.91148374492512e-006 -3.74361530886870e-009 -6.17876589381986e-009 5.51677815802145e-011 
3.68195810138447e+005 -2.91259921464748e+004 -1.94216629247603e+004 -1.14276191583249e+001 7.58698708212545e+001 2.48124648342040e+000 4.25381546953723e-002 -6.90338427581846e-003 -1.11251334215650e-003 -5.73577979554300e-005 5.02489584055545e-007 3.34531571094429e-007 3.16655458923794e-008 
4.36733463052170e+004 1.56754944868160e+005 -2.46942329726321e+003 -1.36358158006442e+003 -1.76789652578281e+001 2.20870379105362e+000 1.68509254518648e-001 1.20669349518364e-002 1.46334382109312e-004 -5.45217255776245e-005 -5.36031996206700e-006 -2.32734459955211e-007 6.66504809350951e-009 
-4.37849442501076e+003 5.58447540280298e+004 1.69902005090224e+002 -4.70153206219388e+002 -1.01314231841224e+001 6.26486716158145e-001 5.59949899450514e-002 4.54826056963343e-003 1.10062406676844e-004 -1.57831956262955e-005 -1.88043680459768e-006 -9.84230119632876e-008 6.09767688815259e-010 
1.71009277176747e+005 -1.60956031914904e+005 -1.08456203146793e+004 1.50276837434778e+003 9.53926690645731e+001 -3.42209367496561e+000 -6.46405450326689e-001 -2.13931283233337e-002 3.24937098710152e-003 3.72429233036425e-004 -1.83925513138323e-006 -3.17963809432717e-006 -1.96540457319479e-007 
2.85624946045264e+005 7.20028706039587e+004 -1.81061792472143e+004 -9.87986801075107e+002 8.35685114671591e+001 7.49413546260719e+000 -4.01452613717545e-003 -4.65134357310145e-002 -3.04454438630905e-003 1.61964105650443e-004 3.46014770075107e-005 9.44599389083077e-007 -2.30272411229979e-007 
8.99097631541070e+004 3.35096602480764e+004 -5.68586797496336e+003 -4.21296265692591e+002 2.37577607389930e+001 2.77187772161269e+000 3.33358402460875e-002 -1.49367807499355e-002 -1.22684386723425e-003 3.60796550286867e-005 1.20646487946816e-005 4.96814114869413e-007 -6.91231496442753e-008 
-1.69009425454756e+005 -1.60096535519553e+005 1.15356850438562e+004 1.74300154740640e+003 -8.79530885185661e+001 -9.28359878008497e+000 6.37627976717794e-001 5.66642782085932e-002 -5.78843453050347e-003 -4.14153856583130e-004 5.77265736321559e-005 3.14708565823533e-006 -5.99192095615741e-007 
2.69236741502014e+005 -8.86943652833241e+004 -1.83841177486223e+004 1.04896699618123e+003 1.20322364403606e+002 -7.02061625798427e+000 -6.52723798924983e-001 5.73813150908913e-002 4.44487871508902e-003 -5.50296639278813e-004 -3.32585074685209e-005 5.60948277950698e-006 2.47999154391063e-007 
1.02413119620400e+005 -2.21222372803774e+004 -6.97505082907536e+003 2.69415803669578e+002 4.62603224176092e+001 -1.92990691608147e+000 -2.59665504787451e-001 1.68094846883178e-002 1.84648740916790e-003 -1.68153860723791e-004 -1.45887826195117e-005 1.77166517752992e-006 1.17813651525192e-007 
-3.52827894689941e+005 -1.57632674009235e+004 2.10703116140803e+004 -1.78627827511448e+002 -1.03337681440910e+002 4.92725020069762e+000 9.13169584662219e-002 -3.63002122916942e-002 2.33944136424420e-003 7.43056787664170e-005 -2.24565766741735e-005 1.25604401633516e-006 6.97653626823739e-008 
-9.19883207496376e+002 -1.65844912055689e+005 2.85660411643507e+001 1.59886496744002e+003 -3.95858338504081e+001 -4.33405224259950e+000 4.47178249191202e-001 -1.27055269508456e-002 -2.03606405382967e-003 2.45893372452770e-004 -4.63443412688813e-006 -1.44444704909605e-006 1.53956593673442e-007 
1.87774415905962e+004 -5.65425879172330e+004 -1.12254810034025e+003 5.61894781747328e+002 -8.16022849550034e+000 -1.75883956096140e+000 1.49754383318654e-001 -2.45848477913219e-003 -8.29088379720870e-004 8.10674343175917e-005 -4.02721935444636e-007 -5.66695450078321e-007 4.95173096361526e-008 
-2.37683020242672e+005 1.23266889933317e+005 1.20539011132666e+004 -1.12544475514826e+003 -2.48367430974282e+001 2.31662824810991e+000 -1.06401827875643e-001 7.35644147886783e-003 6.81698952982857e-005 -3.98947250274450e-005 2.83576120191972e-006 -1.17372405376007e-007 -1.71743537939701e-009 
-2.81696684952483e+005 -1.03284555759554e+005 1.39742715359579e+004 6.82434863835590e+002 -6.01358753246272e+001 4.36433054822622e-001 6.64165624128625e-003 -6.00610967568140e-003 6.93698180059753e-004 -2.44360974788325e-005 -5.98015850577401e-007 1.49482219705863e-007 -1.41537661296946e-008 
-8.46077779322978e+004 -4.24099589352230e+004 4.17783015186966e+003 2.96157201582461e+002 -1.94078476980769e+001 2.88572069403705e-002 7.86989599059037e-003 -2.47329790425427e-003 2.36273481132828e-004 -6.31737742240229e-006 -3.57923376997501e-007 5.79757767078006e-008 -4.80472800845826e-009 
5.96987757634439e+004 1.61866111211185e+005 -2.57924907673308e+003 -1.22757821337087e+003 1.04094492014408e+001 1.71602764946794e+000 2.03362527149405e-002 2.70104498591428e-004 -2.49211849348857e-004 8.45992038599319e-006 5.84291415738244e-007 -1.09381222465055e-008 -1.21390569216731e-009 
-3.61698034755405e+005 2.54916568083585e+004 1.66357983205515e+004 -2.23871898871411e+002 -5.39533432863856e+001 2.74620896704482e-001 1.98791828071418e-002 2.98275416962126e-003 -5.15724461451528e-005 -1.30082212831141e-005 5.11457596330416e-007 2.03922479064741e-008 9.95396138655786e-010 
-1.28446789938796e+005 -5.23912068177878e+000 5.88685269960195e+003 -1.07241067385245e+001 -1.91520197053194e+001 1.45297912488716e-003 5.62313031216303e-003 1.01778437354772e-003 -4.28437035869966e-006 -4.94884220347285e-006 1.44880752203060e-007 7.60574929221891e-009 4.11449312217466e-010 
-3.68284851342614e+005 8.56605213170282e+003 1.88038784707235e+001 -2.74313024304526e-001 -1.29693776178130e-002 3.07731766433363e-003 2.95680348605270e-004 -7.58140522739394e-005 -1.01014082851269e-005 2.03300130215604e-006 3.54154348365666e-007 
-9.57963036486264e+005 -4.27858653674893e+003 2.46907479351300e+001 1.75308671442132e-001 -2.06763181901859e-002 -1.40194714275207e-003 4.32984159351804e-004 4.45690865967184e-005 -1.15843511734433e-005 -1.55611494326011e-006 3.24313644226408e-007 
-4.01743847592453e+005 -2.08457444856156e+003 1.00937192178787e+001 1.00857915843091e-001 -9.67064444643402e-003 -1.06062846630083e-003 2.00696842382172e-004 3.16633116575789e-005 -5.14198378379241e-006 -1.04139025018564e-006 1.36573794755294e-007 
-3.51012550189887e+005 8.70376299140758e+003 1.58565273170041e+001 -1.69398033847286e-001 6.75600796639617e-003 -1.14091070466859e-003 4.98699315695680e-005 1.28717263929863e-005 -3.09163858742874e-006 2.68421812052113e-007 1.47485662122792e-008 
-9.66319439247686e+005 -4.07734911811052e+003 2.53135438384371e+001 4.18679578417672e-003 2.64638055251490e-003 2.99080694329223e-004 -1.38049792616943e-004 1.67622083122621e-005 -2.48712911269117e-007 -3.03016301714303e-007 5.57284522792815e-008 
-4.05830246172826e+005 -2.00152292833654e+003 1.04849898132606e+001 2.33074474148107e-004 8.90199414876626e-004 2.85131852846217e-004 -7.89432607966419e-005 7.61893930721677e-006 1.87430240311451e-007 -1.89065171557808e-007 2.82582310626334e-008 
-4.18003599968171e-005 1.19050408071114e-006 -3.29542637937081e-007 -1.02437519247144e-007 1.79572034247434e-008 3.01389778329633e-009 -2.97813778752496e-010 3.71082808380947e-012 1.03572369425753e-011 -2.95650723551520e-012 
-4.11899134895617e-005 4.84866185882513e-007 1.70527943993692e-007 -3.73658836810943e-008 -8.98335904781370e-009 9.59603677224562e-010 1.25515898940273e-010 1.68799492303352e-011 1.36956939771391e-013 -2.96903870517724e-012 
-4.13205846985058e-005 1.41858587463331e-007 6.11053356595756e-007 1.45766089738702e-007 -3.54051953735649e-008 -1.23963249425582e-008 -7.34333360780851e-010 3.91696328525350e-010 1.45718986836498e-010 6.47405760576421e-012 
-4.05085599519273e-005 -1.05001690145879e-007 -1.25484684715444e-007 7.10506847703176e-008 1.99469888706431e-008 -1.36152867325691e-009 -1.17789281248927e-009 -1.73611766279326e-010 3.36308812482989e-011 1.36710825569337e-011 
-3.94400827995108e-005 2.33714243239931e-007 -7.49672585161867e-007 1.26749658005795e-007 6.75005083105360e-008 -1.63189256251894e-008 -2.34563637501961e-009 1.21199521535276e-009 -2.97547379340700e-012 -6.18300349395553e-011 
-3.97702845112152e-005 8.86679933116615e-007 -1.10052694439153e-007 -1.03290555684028e-007 2.07044646097572e-008 6.16806654941179e-009 -1.80562710458954e-009 -1.82828411695626e-010 1.00857294064284e-010 2.25801043941666e-012 
-3.93713068888075e-005 7.50461200521820e-007 2.39449319092606e-007 -1.19464120403032e-007 -1.23916188892116e-008 3.96791536507020e-009 -1.30296493673299e-010 -1.48244738020245e-011 2.13595865885541e-011 5.08887609177793e-014 
-3.90256130634171e-005 1.76716045382776e-007 1.73721713578751e-007 3.32056012322930e-008 -1.08983339003573e-008 -6.08618966612872e-010 1.66305934064336e-010 2.31312717211054e-011 -4.06965742564721e-012 -2.96910789511973e-012 
-3.41387281291993e-002 8.18820793766719e-005 1.97048906365912e-005 -1.22069462356705e-005 3.42137789036534e-006 2.23171889497326e-007 -1.03480303831731e-007 -2.14651334642017e-009 1.11750657945039e-009 -1.25078944345513e-011 
4.32218550021628e-001 6.18265691108837e-005 -2.79622645939898e-005 3.44429119216044e-006 7.24124254699357e-007 -2.96752261143048e-007 -1.06016772256087e-008 4.97102502166062e-009 3.90617089674276e-011 -4.20619424024489e-011 
5.58778141763335e+003 9.19917871664650e-001 -1.97410079580231e-005 9.07186500941667e-006 -3.12082146774757e-006 -1.93360784484791e-007 9.45330015895009e-008 1.92517940331818e-009 -1.01488728728982e-009 1.31109377570696e-011 
-3.38697127823148e-002 1.88116942992903e-004 -1.57852719444425e-006 -1.90287405116941e-005 -5.52604652059998e-006 8.70998605909664e-008 2.06014771013826e-007 2.05192307218289e-008 -1.71276643531699e-009 -7.98137475803582e-010 
4.32161214348651e-001 -1.33711911789104e-004 -4.59313416691787e-005 -6.79357845122614e-006 9.86311948104600e-007 5.27205633886685e-007 2.39848212319086e-008 -1.06645253167637e-008 -1.98417582651177e-009 -8.69711498184148e-011 
5.58962107663460e+003 9.19725926607308e-001 -1.68487726609074e-005 1.75218748220676e-005 5.40119630853849e-006 -4.66515984341320e-008 -1.88369969262964e-007 -1.96618322368230e-008 1.39040150612896e-009 7.26444248124239e-010 
-3.43262174134960e-002 -7.61104330020606e-004 -1.06117406146325e-004 4.23127096019043e-005 4.36549773898941e-006 -1.87998645170617e-006 -5.21185554329330e-008 6.59622878955518e-008 -4.05047843163983e-009 -1.81576441877175e-009 
4.31710745098507e-001 -2.07938776606962e-004 7.16796356548716e-005 1.06280107712585e-005 -3.85858432086871e-006 -2.76191686701036e-007 1.52457922025177e-007 -2.03635463431062e-009 -4.78425198331479e-009 5.33915550449344e-010 
5.59146121698458e+003 9.20547942690641e-001 1.09226369829575e-004 -3.61064008572075e-005 -4.42448973464545e-006 1.69093884258196e-006 6.12053052715740e-008 -6.09133585015026e-008 3.30779057794360e-009 1.71918236978345e-009 
-3.55012319043549e-002 -2.27501807130040e-004 1.09955898632722e-004 -1.73444310592020e-005 -1.39055858824847e-006 8.09563380819087e-007 -1.32679448015777e-008 -1.00802313229562e-008 1.20937965736395e-010 -4.99346635455008e-012 
4.31733415845865e-001 1.48206127188725e-004 -1.25000993768131e-005 -6.61150383706245e-006 1.86770181708760e-006 1.78157326200619e-008 -4.48638557256808e-008 1.00670057289855e-009 2.42035688659175e-010 1.71511884827310e-011 
5.59330211814858e+003 9.20180349596084e-001 -9.03565261383744e-005 1.40462352433564e-005 1.19095804013848e-006 -7.29581931683635e-007 1.17560424468594e-008 9.37352916016746e-009 -1.31804026839506e-010 4.00735142406078e-012 
