-7.33381015577288e+005 1.33775612772482e+007 1.43288382596497e+004 -2.65293826327007e+004 -2.07683401110388e+002 -1.40427727532530e+001 -1.00243065261980e-001 3.61054949888616e-003 2.84940432608968e-004 2.77622786734438e-005 8.32831007024174e-007 4.70409463411220e-008 1.01237575990217e-009 3.35051977545642e-011 
-6.04815274231356e+007 9.87982802174110e+005 7.24178509070899e+005 1.71501177935722e+003 -2.82909516442622e+002 -5.29770292237104e+000 -6.25025455219310e-001 -1.06003486357032e-002 -6.62169372463690e-004 -7.50744498214504e-006 -1.40777538054413e-007 1.30042363766427e-008 1.12446011111387e-009 5.14755827974436e-011 
-3.22118339000479e+007 -8.59340967922140e+005 3.85360727508229e+005 3.66641232598910e+003 -1.29596366771136e+002 -1.37416979745332e+000 -3.23488378364580e-001 -6.03687954900276e-003 -3.83261901940585e-004 -6.88848042577092e-006 -1.61540746162369e-007 2.06999162234796e-009 4.95719833815522e-010 2.40241884667058e-011 
2.50739529557813e+007 1.21403939403629e+007 -3.33482385208892e+005 -3.21619666463076e+004 -4.93949960214489e+002 -1.29325858613969e+001 3.53145154677251e-001 4.02503130698255e-002 2.54499700199922e-003 1.20290730287898e-004 4.15914586403112e-006 8.27113967145604e-008 -2.86492577692709e-009 -4.23685089983149e-010 
-5.27103414710675e+007 6.77274507516431e+006 7.11076259527599e+005 -4.62139822210986e+003 -5.76325372411776e+002 -2.64895715463555e+001 -1.25319938883069e+000 -3.45180284820607e-002 -6.33544146069280e-004 3.17407191151054e-005 3.61087560851725e-006 2.34566907463299e-007 1.11685504796979e-008 3.96814847070468e-010 
-3.07365326592458e+007 2.35905524257242e+006 4.14418912053571e+005 8.65505982365784e+002 -2.56658480727901e+002 -1.28096867238683e+001 -7.06053449142782e-001 -2.26118170386578e-002 -6.02269283921396e-004 4.48504224163543e-006 1.49771076384485e-006 1.16728335570283e-007 6.26312723740624e-009 2.55897979152633e-010 
4.53604994308807e+007 7.78053006295382e+006 -7.72307463146926e+005 -4.10619349655785e+004 -5.07602198140614e+002 2.34722282661485e+001 3.50516353589254e+000 2.21705234415333e-001 9.17935882928081e-003 1.33544595541027e-004 -1.73349231748020e-005 -2.03957869514997e-006 -1.31271758076679e-007 -5.26130190942658e-009 
-3.37967797356346e+007 1.20301789935372e+007 5.76577792396781e+005 -2.00562509274627e+004 -1.48666234440499e+003 -6.76839239957614e+001 -1.95658855586514e+000 2.39695610709405e-002 7.54230415959608e-003 6.02612281363120e-004 3.03149546984620e-005 7.96928758282111e-007 -2.93435182428598e-008 -5.53450484145308e-009 
-2.27367937855234e+007 5.61948609527445e+006 3.88064077340811e+005 -6.45694746014909e+003 -7.41533719190100e+002 -3.85892455067373e+001 -1.40856213434015e+000 -1.01797125748283e-002 3.07739533955767e-003 3.08064195795346e-004 1.79910020629650e-005 6.37149802551356e-007 -2.06646859991046e-009 -2.41106033154428e-009 
5.31352956174997e+007 -4.28775984460003e+005 -1.27634354480451e+006 -3.81903571821961e+004 1.45766187991777e+003 2.08101583417719e+002 1.19111635493805e+001 1.47844361306940e-001 -4.01905791047477e-002 -4.35859613659812e-003 -2.04986079837424e-004 3.06029708088136e-006 1.37634730100289e-006 1.16412266348423e-007 
-6.24708420995659e+006 1.51605601887414e+007 1.42788547033854e+005 -5.61610758603630e+004 -2.99759378665764e+003 -5.06886586444080e+001 6.98103326388843e+000 8.11995753931091e-001 4.05955522361530e-002 -1.56276029015164e-004 -2.15791975772052e-004 -1.95398298485954e-005 -7.24950785880876e-007 3.51812426794431e-008 
-8.82667414242363e+006 8.14273993291581e+006 2.08592231119725e+005 -2.60413844501582e+004 -1.75239112300872e+003 -4.86508851079885e+001 2.49436828011882e+000 4.18431516379864e-001 2.58521458983115e-002 3.68366813232011e-004 -9.40228908127556e-005 -1.07551854528791e-005 -5.29944702999976e-007 6.72466350299135e-009 
1.07638874821008e+008 8.84904227495028e+005 -1.33238418569104e+006 -2.53760132599198e+003 1.35122942716459e+003 3.25565430452312e+000 -4.97056882578332e-001 -2.77417143889449e-003 5.08501608020619e-005 1.45112959990126e-006 
-1.47001995385063e+006 2.18499619834414e+007 1.93239407648793e+004 -4.50462771541823e+004 -5.59440523423411e+001 2.66041252183245e+001 7.98689672715477e-002 -6.02019966910344e-003 -6.25354735171552e-005 -2.03160345068929e-007 
-7.46519638384093e+006 9.77506202226397e+006 9.30000324398690e+004 -2.01075955983847e+004 -1.10666482781623e+002 1.17647926498082e+001 6.73201444103523e-002 -2.53031132653693e-003 -3.11875067831969e-005 -2.21226733507966e-007 
9.89131563071343e+007 -9.52781748828458e+006 -1.23313090872963e+006 1.89324033647978e+004 1.29193954302744e+003 -9.36638056505919e+000 -5.42704123964009e-001 -1.28169426901069e-004 1.18457399331567e-004 2.19133645262484e-006 
4.06888959127360e+007 1.98679291912618e+007 -5.08872365590162e+005 -4.16419700374720e+004 4.80482323605305e+002 2.62727847309953e+001 -1.16259932412558e-001 -7.90754113601882e-003 -4.63019626011044e-005 1.27727210503038e-006 
1.20556609212017e+007 9.54212117067803e+006 -1.50936815440353e+005 -1.99342854109381e+004 1.34445983498063e+002 1.24136956563325e+001 -1.79690670188364e-002 -3.54861270567434e-003 -2.84650002454661e-005 4.09389286684914e-007 
1.44701780231397e+008 5.37722708924739e+006 -6.68771018446604e+005 -4.81252405493981e+003 2.44722756335475e+002 1.63637064446258e+000 -2.48247460693018e-002 -6.89931545064292e-004 -4.18614595554906e-005 1.59763903531549e-005 -8.90397844348599e-007 -2.93776163720326e-007 1.31274011433966e-007 
-3.81890947278469e+007 1.80416959873086e+007 1.77515599880767e+005 -1.37399075808102e+004 -8.73684586105224e+001 2.76355768870755e+000 2.23577411422325e-002 -1.68964112056393e-004 4.70722602414945e-005 -2.20209193425126e-006 -1.27563290875761e-006 3.64240471190341e-007 -4.77349344254005e-008 
-1.65816264686624e+007 7.82117946203559e+006 7.69569219004669e+004 -5.95625718232366e+003 -3.78783270799913e+001 1.19719987253421e+000 9.78103169385691e-003 -4.08609153704707e-005 1.57841052301297e-005 -2.09114687219791e-006 -2.65913451093372e-007 1.43929131080271e-007 -2.75715800575114e-008 
1.49971666181676e+008 -1.35130163303441e+005 -7.02068654055508e+005 -6.73067883436191e+002 2.70271755321916e+002 8.83857465857845e-001 -3.55626178499662e-002 -6.92714847924907e-004 -1.08027718484024e-004 3.14683380546765e-006 6.02947109335376e-006 1.02998186672083e-006 -1.73847630579593e-007 
-1.22158188348544e+006 1.87829292834986e+007 6.16681229625660e+003 -1.46668034751893e+004 -2.68191786610366e+001 3.27916535736773e+000 1.81751894069222e-002 -4.69248154633156e-004 1.82806173720975e-005 1.42054563140460e-005 1.18357283260930e-006 -5.75738780012648e-007 -2.08527132274966e-007 
-5.55971150955754e+005 8.14253360599144e+006 2.67664226386366e+003 -6.35814590533030e+003 -1.16313153573561e+001 1.42134203072453e+000 7.98279733701454e-003 -1.70622111211349e-004 2.98305782378729e-006 3.71664924621387e-006 4.35711769584125e-007 -1.30865929941306e-007 -6.00727802037040e-008 
-1.45550023508395e+008 -2.55557142491146e+007 6.23985347567796e+005 1.62344364043396e+004 -2.46977633401606e+002 8.27897307802777e-001 -8.45590156972633e-004 -1.03071118176186e-003 1.87909024231316e-005 -2.81518022784043e-007 -1.65510833648704e-009 
1.77256409919221e+008 -1.57762893869300e+007 -7.57474301674198e+005 1.36023680747401e+004 1.43731344061146e+002 -2.33350413505403e+000 5.57347112624783e-002 -6.99851679914674e-004 -2.38149102396930e-006 1.60732589826732e-007 -1.01223198104921e-008 
8.52184476424858e+007 -6.54664118075787e+006 -3.64281423190526e+005 5.80075810545685e+003 7.25945461880392e+001 -1.09263176823418e+000 2.55881285807183e-002 -2.93059510526624e-004 -1.57639935565144e-006 8.37133577537833e-008 -4.51707189372975e-009 
-7.28100583139960e+008 -7.96078227576549e+006 8.79982754545786e+004 1.29536548239939e+002 -8.59697778498037e-001 2.24534810368391e-004 1.73528698336647e-006 1.02940288517155e-008 
3.11397580341746e+008 -1.42840518093552e+007 -3.76015944759570e+004 3.00938859624413e+002 1.80326801106301e-001 -1.43566328572103e-003 2.13665752108699e-006 -1.92059764329572e-008 
1.51187519293072e+008 -5.92870641785079e+006 -1.82593162510571e+004 1.25837646825547e+002 9.82224664413357e-002 -6.20681639971701e-004 9.02505507556181e-007 -6.21954180424488e-009 
-6.32858782599247e+008 1.13656551736661e+007 1.20094658918082e+004 -3.73357595955909e+001 -1.00912492651722e-002 2.38627663610009e-005 -5.65328582610480e-008 
-1.26127649813624e+009 -5.08448240291499e+006 2.39373875339534e+004 1.33797813928057e+001 -3.48312986600853e-002 1.55231776009143e-006 -1.64940461613225e-008 
-4.93726237039663e+008 -2.58948253096667e+006 9.37023328968024e+003 7.13403526187208e+000 -1.39572850758511e-002 -3.89831902988770e-007 -4.10476906123204e-009 
2.84391364789818e+009 -2.97582993595528e+006 -6.75173643612307e+003 9.45661361137160e-001 1.22324817588975e-003 1.66320005131630e-007 
8.60415985435550e+008 7.78464740201963e+006 -2.04281622676573e+003 -3.14905201501701e+000 2.04749874137402e-004 2.20661004538263e-007 
3.36616485649661e+008 3.45155499470906e+006 -7.99231795821966e+002 -1.39259846806798e+000 7.24303308297788e-005 9.52625045401252e-008 
4.16377409832729e+009 2.73199603910762e+006 -2.93417803736904e+003 -3.40313734266621e-001 1.74813864815441e-004 -5.63041943979128e-009 
-1.49807091269243e+009 6.52728470301630e+006 1.05587804278238e+003 -7.59292529274700e-001 -7.18357652416592e-005 1.60276465839764e-008 
-7.16830823729807e+008 2.60363735269211e+006 5.05229415736019e+002 -3.02297181735091e-001 -3.37389062450292e-005 5.93183819932471e-009 
1.22676379838142e+009 7.42850174470104e+006 -6.50493826623361e+002 -5.60096121098939e-001 1.69358137038657e-004 -9.66423151773324e-010 
-4.43937693568387e+009 1.17099030750077e+006 2.35384019082673e+003 -4.52564659531810e-001 -6.81440631891750e-005 7.49497694295591e-008 
-1.75501273367701e+009 -1.87276140297188e+006 9.30535352745772e+002 2.75197182164567e-002 -7.28512906383251e-005 2.54842520297809e-008 
3.32694032363757e+005 -2.50760070368720e+004 -2.22223537287179e+004 4.03085837115879e+002 1.39640605068343e+002 -4.43528670496507e+000 -6.43987463797567e-001 4.81077834788691e-002 3.03424715656181e-003 -4.83098874366009e-004 -8.95294987168939e-006 4.47587488040956e-006 -7.47044072329491e-008 
5.24971515835220e+004 1.71984994308674e+005 -3.56313907221085e+003 -1.84449562426872e+003 4.06669885593826e+001 8.99769195770144e+000 -4.41863095117836e-001 -4.24577941894481e-002 4.62398409922085e-003 1.79257392346323e-004 -4.45489077203038e-005 -2.63918055325280e-008 3.95764386064495e-007 
1.77091794356217e+004 5.64324034077469e+004 -1.21164603235086e+003 -6.04438504643866e+002 1.36425021904704e+001 2.94282049724742e+000 -1.46363455935091e-001 -1.38390120329248e-002 1.52389992338456e-003 5.78984335650360e-005 -1.46418213982789e-005 3.68846348881069e-011 1.29777214197777e-007 
1.40502576125166e+005 -1.55280547440260e+005 -8.29398890233868e+003 1.56728781146718e+003 6.13405413419924e+000 -5.10643829997542e+000 2.80691742119832e-001 -2.99216046482465e-003 -1.46015851057428e-003 1.45323427485359e-004 -2.67548878288212e-006 -6.87013860581548e-007 7.66404403421974e-008 
3.11821630137414e+005 7.51177540200604e+004 -1.81301227685131e+004 -4.51976044538707e+002 9.62484301202104e+001 -1.90577305186309e+000 -1.63379809109935e-001 2.27746929019875e-002 -1.18538494918300e-003 -4.58913817586169e-005 1.12221519268944e-005 -6.45000175142487e-007 -1.66883149268190e-008 
1.02533044887522e+005 2.44056006384239e+004 -5.96277562106670e+003 -1.45098377623842e+002 3.15813518739694e+001 -6.37496095969413e-001 -5.30125641541236e-002 7.47374916684481e-003 -3.92100338859591e-004 -1.47817502518021e-005 3.67891783650919e-006 -2.13100066879559e-007 -5.32944761664863e-009 
-1.79506955164986e+005 -1.50468666573668e+005 8.72074804212423e+003 1.14005288441920e+003 -4.69979137747610e+001 -1.15899274149837e+000 5.98512577116426e-002 -3.68629884167343e-003 3.96584565419879e-004 -1.30177886327474e-005 -1.07670288969115e-006 1.03070202723294e-007 -4.64634318554155e-009 
3.16006795544287e+005 -6.89598339034245e+004 -1.58561437735323e+004 7.10260195168834e+002 4.90817118182157e+001 -2.15036291955147e+000 2.68307624625257e-002 -1.89239741569709e-003 -7.25910882361042e-005 2.70730255990831e-005 -1.57744791492684e-006 9.70884015078266e-009 2.41146252825352e-009 
1.03423375269484e+005 -2.28405207312505e+004 -5.18393414132420e+003 2.34988135357713e+002 1.59784110339847e+001 -7.07674656294784e-001 9.03447918904769e-003 -6.29155931536910e-004 -2.31979936656402e-005 8.86114736667139e-006 -5.19747038678400e-007 3.40909486555249e-009 7.82201052703891e-010 
-3.77279901108014e+005 -4.01119641480717e+004 1.73283308989825e+004 2.64317964914289e+002 -5.91296977316876e+001 -8.95196995918403e-002 4.26242341819967e-002 -5.30591175763474e-004 -1.25943939756081e-004 -3.02107879277642e-006 9.27264935595536e-007 6.45321483800761e-010 -2.10613084697033e-009 
8.55904476309002e+004 -1.51488333454593e+005 -3.97055889268146e+003 1.17132615180199e+003 9.22990443435971e+000 -1.89824665798102e+000 1.11420398032964e-002 1.05959168718086e-003 1.57835237343278e-005 -1.25327276081689e-005 -1.40963361196809e-007 4.58393788580287e-008 -3.38638046498793e-010 
2.75909403584632e+004 -4.97123472680524e+004 -1.27346104813922e+003 3.84167802690489e+002 2.90454544500650e+000 -6.20893352133248e-001 3.77909979827834e-003 3.43508299153578e-004 4.99044969601942e-006 -4.11069329471013e-006 -4.46253604047615e-008 1.50153085963835e-008 -1.15157680483975e-010 
-3.20081770206907e+005 9.52881492972523e+004 1.49130827524438e+004 -6.52689038881957e+002 -5.38158646150746e+001 4.30325204235602e-001 -3.55791380601234e-004 -3.69552278514340e-004 2.63055407414490e-004 1.82800422428521e-005 8.45086503274071e-008 -1.60871343625989e-008 -5.57828197751215e-010 
-2.04688136058985e+005 -1.27273097180431e+005 9.78457358763653e+003 1.03589640966839e+003 -2.49972586212737e+001 -1.58946458038149e+000 -8.61877929039099e-003 -3.59549122697778e-003 -1.76846736349287e-004 8.13333382988642e-006 9.06524552832054e-007 2.22431845325272e-008 1.82675586033204e-009 
-6.74600866560234e+004 -4.15699564589636e+004 3.22764356766169e+003 3.38173592775743e+002 -8.26874457879820e+000 -5.18298129163179e-001 -2.83168478717301e-003 -1.18075324636010e-003 -5.75331594984824e-005 2.68893370162576e-006 2.96827570618757e-007 7.26009323519742e-009 5.98318201358668e-010 
-4.48601892462353e+004 1.69355399609266e+005 2.24512760040692e+003 -1.42424810763984e+003 -3.87704513255531e+001 1.80571688223812e+000 1.90872194614189e-001 1.51115806963875e-002 3.24763710868065e-004 -5.70887597775395e-005 -6.56634862333806e-006 -3.11024123730826e-007 7.43266050924987e-009 
-3.48150938792853e+005 -8.75726339087506e+003 1.86225132653927e+004 3.31149913456285e+002 -6.80166197397118e+001 -3.04729109719442e+000 -7.64437976324068e-002 5.60104216512327e-003 1.14284555012409e-003 6.69342285833573e-005 -7.99263181652886e-008 -3.61646159477182e-007 -3.56555456865547e-008 
-1.14089332962999e+005 -2.64142712245955e+003 6.10263935608323e+003 1.06407507144173e+002 -2.23116373394089e+001 -9.94917947980689e-001 -2.48537422542205e-002 1.85245830155728e-003 3.74732905231366e-004 2.18480922445984e-005 -3.43622468549965e-008 -1.18822824274559e-007 -1.16677455093313e-008 
2.53475807892233e+005 1.13422630787466e+005 -1.62193216684926e+004 -1.38597795868374e+003 6.81657701494223e+001 8.80470748933098e+000 9.15148670949986e-002 -4.91388911488381e-002 -3.61645592118187e-003 1.66529197090819e-004 3.87670628974779e-005 9.50452210336519e-007 -2.73243059019989e-007 
-2.20238658151869e+005 1.32976632562398e+005 1.41008034360444e+004 -1.19819257586504e+003 -1.07946445083535e+002 2.04254022034330e+000 6.39315348951090e-001 2.54820818993278e-002 -3.07074185812117e-003 -3.76664801034048e-004 2.38910286142027e-006 3.26481897600199e-006 1.78497050816810e-007 
-7.17948714059235e+004 4.37055885600511e+004 4.59699286271376e+003 -3.94157178893111e+002 -3.52534561526781e+001 6.79259051352577e-001 2.09429022686933e-001 8.28472275685072e-003 -1.01007476256039e-003 -1.23140884109664e-004 8.31192905842438e-007 1.07037036049462e-006 5.81097252167938e-008 
3.18617159707927e+005 -5.29142822804999e+004 -2.16204201953062e+004 6.86425278786174e+002 1.40815472482469e+002 -5.52745195140888e+000 -7.44355063681631e-001 5.18559405336178e-002 4.77754843734969e-003 -5.27824503282744e-004 -3.21964194074708e-005 5.48268268843291e-006 1.96329338562569e-007 
9.77492863357087e+004 1.67442324564933e+005 -6.64002676605150e+003 -1.82032091221776e+003 5.80792790972672e+001 9.55369262009769e+000 -4.98972028536162e-001 -5.56674741812831e-002 4.94479181739569e-003 3.73957811696833e-004 -5.09710649743851e-005 -2.44443982175937e-006 5.29772583523940e-007 
3.24506217696344e+004 5.47806952420232e+004 -2.20191675525760e+003 -5.95263372229153e+002 1.91873913927334e+001 3.12065379863406e+000 -1.64307658007258e-001 -1.81610703857874e-002 1.62530089633661e-003 1.21788334836065e-004 -1.67327198101060e-005 -7.93532927058105e-007 1.73740198313065e-007 
5.34625190109582e+005 2.23887842886972e+003 -1.63148034345511e+001 4.41023674772209e-002 -3.05971016728044e-003 6.37103319547418e-005 9.68684311885871e-007 -3.10316642089249e-007 -4.56455176232203e-008 8.36165768217612e-009 -3.39494654978488e-010 
9.57519469108384e+004 7.07132756676568e+003 6.48905490729629e+000 1.16676121607042e-001 1.43271875889073e-003 3.49362645749368e-006 8.99702105255868e-006 4.92095065268056e-007 3.28104608848863e-008 -4.50033683469319e-009 -1.06851101576084e-010 
1.60225556677202e+004 2.99625545293971e+003 3.08469859150550e+000 4.86731857003449e-002 8.39331228248586e-004 7.46900608025076e-007 4.78596867220218e-006 2.93763413852311e-007 2.22757059863542e-008 -1.76472355795122e-009 -3.59570732680656e-011 
5.38973563125503e+005 2.10971138173937e+003 -1.60558280540684e+001 -2.84580462678989e-003 -4.33333273232296e-003 -4.87148516405056e-004 -8.01063565568941e-005 -6.92450474162152e-006 -4.81960645779974e-008 1.13173056910021e-007 1.88088762130190e-008 
1.09951292266883e+005 7.12934037754481e+003 8.08272548914431e+000 1.57511367501680e-001 4.88922960292881e-003 3.40154417523871e-004 -3.46709878825394e-006 -6.24198428081174e-006 -1.04359842529248e-006 -9.59830640345810e-008 -3.67265779525183e-011 
2.20417928742057e+004 3.02355859294227e+003 3.78077883674524e+000 7.24364505545770e-002 2.94461053851159e-003 2.39268889232909e-004 6.49855607923129e-006 -2.61854019177732e-006 -5.52455421185955e-007 -6.15501420426925e-008 -1.98596983801172e-009 
6.31484636958720e-006 -1.12180935000569e-006 5.69082364862457e-007 2.14577210822237e-008 -6.77685146407540e-008 5.01278867977053e-009 3.08658601625744e-009 -7.20457410997549e-010 -5.41330988181552e-011 4.52690286019671e-011 
-4.28356067834603e-005 -2.02122113984905e-007 -6.86625608384368e-008 1.02733407466755e-007 -1.51837880831436e-009 -7.01111740901575e-009 8.29968354230340e-010 2.61758164851668e-010 -6.63878704646407e-011 -6.09662260268570e-012 
4.68567484500860e-006 -1.56503096760654e-006 -5.00404789447146e-007 5.56873493743673e-008 2.62115356529928e-008 -2.73481082466868e-009 -3.19180905472037e-010 5.44057922901942e-011 -7.45875741485811e-012 3.30715859528912e-013 
-4.24491938196204e-005 5.51816850571945e-007 -6.93976465528560e-008 -5.53248488713355e-008 5.67519885968963e-009 1.57088817367235e-009 -2.24256588974176e-010 -2.69567267007507e-011 1.02242745018384e-011 2.07223257349024e-012 
1.36530316357953e-006 -8.25584010213021e-007 4.94580211922463e-007 -4.48015189173829e-008 -3.22301291103223e-008 -5.36063130692761e-010 6.21696233789519e-010 4.71107719260780e-011 -1.67987799088963e-011 1.36633185193111e-012 
-4.23452033304705e-005 -3.10431354258112e-007 7.98766718306123e-008 5.99303259401078e-008 -2.14762037190165e-009 -1.96153854120907e-009 -8.55452533915777e-011 -1.71053868473666e-011 -1.04259872420989e-011 1.71624147936742e-012 
-5.23606228634915e-007 -1.91544146002139e-006 -2.55765909805603e-007 2.35512780978147e-007 4.27479792928417e-008 -1.85930021703599e-008 -3.87088197166304e-009 9.37530400519731e-010 2.58751722534254e-010 -3.71672719565045e-011 
-4.21906449639655e-005 1.24438583083842e-007 -2.81388631698610e-007 -5.20045661621198e-008 3.11148715936796e-008 5.32985851141661e-009 -1.77777831953567e-009 -3.55636517042042e-010 7.33419670264325e-011 1.68069180134870e-011 
8.41315660946951e-004 -4.56652958818720e-004 3.21626627180901e-004 1.38087170478782e-005 -1.20003121789484e-005 -1.94362377575309e-007 3.38697924335747e-007 -1.85460697163679e-008 -7.09174614308931e-009 1.34712868182754e-009 
4.35843610394217e-001 4.82659845063183e-004 2.53610720959431e-005 -2.74830111484301e-005 -9.21819900259611e-007 8.55152927516250e-007 -9.62169115032931e-009 -2.16105665492602e-008 2.29678852826572e-009 3.31132073205055e-010 
3.88044558922523e+003 9.20233318462352e-001 -2.77829616554985e-004 -1.07160567368048e-005 1.05026805130369e-005 1.75657809378379e-007 -2.99516413165391e-007 1.56902040872927e-008 6.35530300173328e-009 -1.17647863469987e-009 
1.50937918664121e-003 7.39196351363637e-004 -9.87403987636815e-005 -3.12946336257376e-005 5.70471463756963e-006 1.01082188315037e-007 -1.19806649504544e-007 4.16895133421349e-009 1.03507587946675e-009 -1.69737216396742e-011 
4.36323230393331e-001 -1.03078589938047e-004 -9.21144317451262e-005 1.17156065756744e-005 1.18166586109126e-006 -3.90633890238666e-007 7.21341496749448e-009 5.26940113676099e-009 -1.94173590633670e-010 -3.43777842316190e-011 
3.88228474308346e+003 9.19265765242779e-001 9.87517602423577e-005 2.66052412291368e-005 -5.26058152842742e-006 -8.19727737666286e-008 1.08843548031752e-007 -3.71246404277515e-009 -9.55878485610227e-010 1.52710435137580e-011 
1.79799859730230e-003 -4.79586443054037e-004 -1.51476735798869e-004 5.11648895941846e-007 -1.29541125107937e-006 1.68547736991488e-007 1.01505131338563e-007 2.00090116686921e-009 -5.75529176587771e-010 -5.74708513032891e-011 
4.35797527498401e-001 -3.30324213505756e-004 1.73526076737463e-005 4.73872418913091e-006 3.28724590741394e-007 2.38293120257180e-007 -4.22620452474841e-009 -4.66853358157544e-009 -2.32697780028565e-010 -2.79662111170895e-011 
3.88412435382165e+003 9.20352158849195e-001 1.24058686601667e-004 -1.88555666135815e-006 1.30959998022849e-006 -1.39558575504003e-007 -9.09295615329048e-008 -1.58726621881677e-009 5.26333718247686e-010 4.71253993364815e-011 
-5.80530461193021e-005 -1.18868343645013e-003 9.06787473297517e-005 5.82359484144799e-005 1.56076381293373e-006 -2.04635195265706e-006 -2.05742705008187e-007 6.37146984123343e-008 1.04134736391081e-008 -1.81578181267070e-009 
4.35581054197695e-001 2.00862465660579e-004 1.10885422535830e-004 -2.94437410014040e-006 -4.60395989266327e-006 -3.07681850514203e-007 1.50560559902611e-007 1.97831271868937e-008 -4.45795747265591e-009 -9.08963819500761e-010 
3.88596575632198e+003 9.20886646735036e-001 -8.71051245432738e-005 -4.94164373442324e-005 -1.19581889180681e-006 1.78182917407204e-006 1.77499418266875e-007 -5.59717738964592e-008 -9.05236602972823e-009 1.59998791788844e-009 
