-4.77947301967426e+007 -1.02743943477771e+007 1.25165986107879e+006 5.65931852922463e+003 -3.98940805847112e+003 2.52769587105816e+002 -3.79927384598988e+000 -8.62318652538466e-001 9.30357747490490e-002 -3.65876549606925e-003 -1.84328812883716e-004 3.77848986630763e-005 -2.41482989891500e-006 -1.08868742812972e-010 
1.77197787430796e+007 -1.31484954133839e+007 -4.59030029196110e+005 7.22971178872696e+004 -2.05764206756078e+003 -9.48623302689887e+001 1.61315351970365e+001 -9.03223686785203e-001 -2.82236674388697e-003 5.01598042607612e-003 -4.36002321823100e-004 1.12203808898305e-005 1.52606985482983e-006 -2.10449243636432e-007 
1.42711661243922e+007 -5.95776210305484e+006 -3.75020052680172e+005 3.80307037545257e+004 -6.85293887480206e+002 -7.68894598376322e+001 9.01078925124190e+000 -3.93015579682455e-001 -1.11577292469563e-002 3.05880386124837e-003 -2.13772448529757e-004 2.07417208940233e-006 1.06563426367888e-006 -1.12400900613532e-007 
-5.86617311054895e+007 -7.44487761195258e+005 1.07590837030792e+006 -2.64788114621604e+004 -6.00335132596531e+002 8.42008723142640e+001 -5.65608445343158e+000 2.20428968059440e-001 -1.40312597138107e-003 -6.31213019291115e-004 6.33164196769351e-005 -3.61298393917919e-006 1.02567054926646e-007 4.15762812840861e-009 
-9.93002443381098e+006 -1.39566111059895e+007 1.95353931356519e+005 3.76592706225158e+004 -1.81136115253027e+003 5.72572958237798e+001 2.20376539294936e-001 -1.92261349085467e-001 1.61438282433463e-002 -8.09395884186582e-004 1.70405023357098e-005 1.38952931607889e-006 -1.97354480183273e-007 1.35643123385383e-008 
6.28794706982389e+005 -7.37790406978259e+006 -7.24905498912406e+003 2.28623393367778e+004 -9.05272561000900e+002 2.18504303831104e+001 7.04382173223598e-001 -1.25561474936619e-001 8.76887387900550e-003 -3.66861503932007e-004 2.53441781533562e-006 1.11689460191903e-006 -1.16056181068175e-007 6.81504567891035e-009 
-5.26049021647763e+007 6.51807134982213e+006 7.37390003885708e+005 -2.81274141395976e+004 1.54610534734216e+002 7.91106231551318e+000 -1.39984625312052e+000 7.90641139565202e-002 -3.60556659421753e-003 1.11992360114784e-004 -9.11444622651052e-007 -1.94639712475929e-007 1.91754147613981e-008 -1.16463290282932e-009 
-3.51422001601409e+007 -1.09957759334637e+007 5.08982287904681e+005 1.70570005323574e+004 -8.41161427699384e+002 3.51074002309377e+001 -1.17615605111007e+000 1.50955084946674e-002 1.03797458892831e-003 -1.27756298218515e-004 7.96463754785453e-006 -3.71973829863319e-007 1.17858084076958e-008 -7.51040884578269e-011 
-1.34669239590376e+007 -6.54966783665034e+006 1.95389560943539e+005 1.20285919112018e+004 -4.65346090073613e+002 1.79320179986828e+001 -4.83043735326234e-001 -1.37034147762617e-004 9.28357538073128e-004 -7.98592369060481e-005 4.34959532594084e-006 -1.78525639636947e-007 4.30035842732010e-009 8.12422341838537e-011 
-3.47065378986667e+007 1.11122319128380e+007 4.15599445731191e+005 -2.56517777785372e+004 1.02970641965336e+002 -8.89529552531120e+000 -2.90507943112698e-001 1.43861454053971e-002 -8.95086828444771e-004 3.98737563554311e-005 -1.27418683823922e-006 4.15153526143157e-008 -2.71534244167493e-010 -2.74152558374714e-011 
-5.25458115306123e+007 -6.28972838191534e+006 6.51587731160868e+005 7.85512868403397e+003 -3.79749453681662e+002 1.30268600902188e+001 -6.83467496868852e-001 1.28407677553955e-002 -5.00707146722685e-004 -4.52966889026078e-006 5.22227392843734e-007 -4.80023327010699e-008 2.35430313278550e-009 -9.93539698823696e-011 
-2.46199230805072e+007 -4.51243920665780e+006 3.04940664984778e+005 6.85658252679540e+003 -2.13526371155449e+002 7.88099589005805e+000 -3.34940727636674e-001 5.36652664719552e-003 -1.74601111747555e-004 -6.55547715225324e-006 4.11022406698631e-007 -2.99354279816083e-008 1.28538315399990e-009 -5.02863733476333e-011 
-1.05760681371093e+008 3.43468264354577e+006 1.34075838379217e+006 -8.13148681346215e+003 -1.42374164513791e+003 7.47451594984023e+000 6.31347107880141e-001 -5.21869260986080e-003 -1.65910777094461e-004 3.75393035260792e-006 
-1.59378585036471e+007 -2.17132730947496e+007 2.15536882347659e+005 4.57774289269742e+004 -2.73654991699923e+002 -2.95558523357311e+001 1.97969121626652e-001 9.78667914085566e-003 -1.22854594622773e-004 -2.45741553977544e-006 
-5.18577783709253e+005 -9.98582753006181e+006 1.21028574574725e+004 2.11086320696858e+004 -3.29967858248314e+001 -1.37695472464163e+001 4.91138812785923e-002 4.73895834389265e-003 -4.43051457989391e-005 -1.45675052091847e-006 
-8.87369192155641e+007 1.33996049663073e+007 1.11394260091753e+006 -2.89512695704313e+004 -1.13721970866720e+003 2.03769692497788e+001 4.27675943303280e-001 -8.70075602316313e-003 -4.31881513530621e-005 3.32514253893718e-006 
-5.59814069712867e+007 -1.79089165549146e+007 7.20157764851072e+005 3.70124116350065e+004 -7.97655226510392e+002 -2.20257108051147e+001 4.07546932399676e-001 5.05794869243852e-003 -1.52811211335667e-004 2.55592057318904e-008 
-1.96110239715433e+007 -8.90506883592056e+006 2.53473375502297e+005 1.84832682162488e+004 -2.86859997409946e+002 -1.11982026194776e+001 1.56256011401441e-001 2.82916553760863e-003 -6.56633799701785e-005 -3.53854874251744e-007 
-1.20263458253920e+008 1.20375801603751e+007 5.56936933538706e+005 -9.91101359222276e+003 -1.95940736573248e+002 2.67369527583811e+000 1.44244326238375e-002 -4.01346572588565e-004 5.38183163053207e-005 2.66794564773246e-006 -1.52312563935892e-008 -1.88711773062097e-007 -7.69777627605534e-008 
-8.19276982780249e+007 -1.51125361947917e+007 3.85915198601913e+005 1.13011835834499e+004 -1.64174019201590e+002 -2.07325050428753e+000 3.15056176405752e-002 1.65033690318520e-004 2.23696091574530e-005 -2.41007308740018e-006 -8.00882892407789e-007 -2.71287091656469e-007 -1.04051044986909e-008 
-3.55054705275478e+007 -6.55195541230717e+006 1.67320533460565e+005 4.89977683336275e+003 -7.11792807615734e+001 -8.98650471840539e-001 1.35633106583378e-002 4.93109389660891e-005 1.35269273290421e-005 -1.95265783195724e-007 -3.23423919488785e-007 -1.23640182836107e-007 -1.25952848941623e-008 
-9.21442916626784e+007 1.59682273746412e+007 4.21014555571143e+005 -1.26015068235994e+004 -1.39528375830461e+002 2.92848864811536e+000 5.10189603751591e-003 -5.40136763591340e-005 6.07425771706325e-005 -1.39775509179612e-005 -1.26139965530584e-006 5.65452030975077e-007 -1.15403263634736e-008 
-1.08669432029238e+008 -1.15302932278671e+007 5.04535430862714e+005 8.38423684736592e+003 -1.98061289447465e+002 -1.33303095163518e+000 2.96496299077441e-002 2.39410758884051e-004 -2.51254513070278e-005 -1.58547865887832e-005 1.85930615728731e-006 4.06363555679047e-007 -7.59836090382845e-008 
-4.70991187402870e+007 -4.99881157328678e+006 2.18749835430193e+005 3.63507956738452e+003 -8.58735784953456e+001 -5.78254470627269e-001 1.27043720654385e-002 1.15927532534828e-004 -1.92630622101500e-006 -7.98763475627671e-006 4.77358079804974e-007 2.39773262362083e-007 -2.70986179408163e-008 
1.94177531270543e+008 -1.14777963467325e+007 -1.29692417488587e+006 1.95570359328894e+004 7.16637458909475e+002 -1.93939112032830e+001 -1.32958158003315e-001 1.52540426170940e-002 -1.65491130369055e-004 -8.80784110659497e-006 2.89840296637616e-007 
7.61636009884579e+007 3.05224221636247e+007 -4.99318549284206e+005 -3.10902811008750e+004 5.83576088098569e+002 1.07570891481232e+001 -5.10230011527375e-001 1.36286371416458e-003 3.49270409154413e-004 -7.11049341704373e-006 -1.59866013916294e-007 
2.96556029993247e+007 1.43101629168611e+007 -1.93944778995499e+005 -1.47889343386561e+004 2.48287011572342e+002 5.45835067313377e+000 -2.30429448556833e-001 2.12708670487355e-004 1.64633082824734e-004 -3.01441117463399e-006 -8.24680423347165e-008 
1.05564216831832e+008 1.76534917082305e+007 -1.41003717881968e+004 -3.98839661965315e+002 -1.76497596942242e-001 2.49375986002216e-003 6.91733168816767e-006 -7.60514568898267e-008 
-7.09761056398053e+008 3.18324722007128e+006 9.43701974817338e+004 -1.82288882081114e+001 -1.05340848254860e+000 -1.28841771983603e-003 1.41776654875025e-006 -1.27348009740877e-009 
-3.06803538442375e+008 9.34400762447867e+005 4.07947491255013e+004 1.90348485719471e+000 -4.47243442613757e-001 -6.13347474314456e-004 4.90512240135280e-007 3.85204327071376e-009 
1.42537067614044e+009 -5.25638812630291e+005 -3.11161681632161e+004 -5.79351444756430e+000 5.49970987467133e-002 3.79587341916539e-005 -1.07973370645681e-007 
3.78225508944383e+006 1.23092167618720e+007 -7.42750750083217e+001 -4.48404398113593e+001 -1.66701312013201e-002 4.18914296063371e-005 1.08186711941453e-007 
-5.97409418504850e+007 5.10633764259163e+006 1.30757237817551e+003 -1.82708326201637e+001 -9.24785897008808e-003 1.56664157807956e-005 5.14470462849560e-008 
1.55505834071967e+009 7.93574824436733e+006 -3.82373618193143e+003 -3.03796455419212e+000 1.02776048947519e-003 3.73856403809728e-007 
-2.29393264879774e+009 4.17798617096414e+006 5.63939291601329e+003 -2.02476887950114e+000 -8.82199732246685e-004 7.31379885962779e-008 
-1.02667752055978e+009 1.71758710005542e+006 2.52404458256508e+003 -8.43843462860440e-001 -4.01754055107899e-004 2.38998128772572e-008 
1.97459502105742e+009 6.70689750194338e+006 -1.36578310078698e+003 -7.81937133900986e-001 7.83218066175519e-005 3.94134628835220e-008 
-3.73611670713530e+009 3.14545221505388e+006 2.58456119339822e+003 -3.44025048647915e-001 -1.55438489969190e-004 -3.43877909272371e-008 
-1.57837372168654e+009 1.12048731088342e+006 1.09183856388354e+003 -1.21310655059278e-001 -6.53918906198453e-005 -1.49370926826314e-008 
-2.06874933534663e+009 6.84722581335419e+006 1.46833809460281e+003 -8.88160023950681e-001 -8.61858437127327e-005 1.23577918995784e-007 
-3.91937886850114e+009 -3.66275999583822e+006 2.78162234807797e+003 2.84928092840034e-001 -3.05871644313484e-004 2.00421799350580e-008 
-5.99812429114081e+008 -3.20605255699386e+006 4.25610220413206e+002 3.56869449194609e-001 -7.10712220213538e-005 -3.68693330334103e-008 
1.44604775240237e+005 -1.51664834718073e+005 -7.14754266518967e+003 1.31207618796141e+003 8.18427106502527e+000 -3.03152010555033e+000 1.58101670660361e-001 1.25378001786509e-004 -7.96346245656269e-004 3.31771605490509e-005 1.38041027164685e-006 -2.35322333392402e-007 6.58705128417808e-009 
3.28951757794763e+005 6.92922825880608e+004 -1.64791344300983e+004 -4.22284951907479e+002 6.87649253241752e+001 -9.95260634493574e-001 -8.51217331308506e-002 1.21548210671294e-002 -2.50449673481689e-004 -3.77760387537853e-005 2.85662423555242e-006 1.42072721916737e-010 -1.49640449150961e-008 
1.13624129938138e+005 1.87397347032480e+004 -5.68269020065755e+003 -1.03303484247550e+002 2.30635920795171e+001 -4.17006770644755e-001 -2.37037179324580e-002 4.04448810678072e-003 -1.05941342167347e-004 -1.16067386804321e-005 9.88661869759955e-007 -6.67244210541852e-009 -4.78626344890716e-009 
-1.66760087330608e+005 -1.47060329866122e+005 7.96122421551626e+003 1.12839917434809e+003 -2.42177120862927e+001 -9.43926287014403e-001 -1.74149075512791e-002 -7.77991744658592e-003 1.17088558683128e-004 1.20431744615928e-005 7.13555270042963e-008 8.26600902863342e-008 -2.13016747246219e-010 
3.31698176205227e+005 -6.58669205338037e+004 -1.57059756244002e+004 4.97757088687158e+002 4.84206512908823e+001 -4.70845541395403e-001 6.01561672432367e-002 -2.15637255640201e-003 -4.19318414269975e-004 2.35956654872823e-006 -4.24505628354323e-007 7.29325878511675e-009 5.57003132736322e-009 
1.05694367615838e+005 -2.60886635391303e+004 -5.00113635964451e+003 1.97002571083932e+002 1.54042685065582e+001 -1.80862155445096e-001 1.96106232493295e-002 -9.37888303537940e-004 -1.36169545565832e-004 1.11163392486365e-006 -1.39932337071953e-007 4.76735907768201e-009 1.84741516516184e-009 
-3.60193396540897e+005 -3.76918269916478e+004 1.83104325948022e+004 5.07261132716767e+002 -6.04822613631124e+001 -2.98952184641529e+000 -8.24962529868563e-002 8.20128209434174e-003 1.04193467934763e-003 2.62175771677215e-005 -2.61528837197264e-006 -3.47518642421209e-007 -1.18577666193919e-008 
1.02250259413704e+005 -1.54868942843091e+005 -5.26178199050574e+003 1.22834419150078e+003 4.09237407662789e+001 -1.20457145015105e+000 -1.72212656534524e-001 -1.22971861880483e-002 1.07937015859129e-004 5.92814199169943e-005 3.70557895394173e-006 -9.93808084558851e-009 -2.18272957242328e-008 
2.38273446332040e+004 -5.26395630236284e+004 -1.23979364884606e+003 4.22679810115022e+002 1.19523921899422e+001 -4.81372818660124e-001 -5.96470036400676e-002 -3.87076685163055e-003 6.46948874094442e-005 2.04633334691265e-005 1.16212565436234e-006 -1.29126608985870e-008 -7.59742275169077e-009 
-2.84465171969987e+005 1.12109386090452e+005 1.66450087595125e+004 -9.02311514906495e+002 -1.03281270281673e+002 9.97450564382307e-001 4.56280086236498e-001 1.26203173490689e-002 -2.11681590343293e-003 -1.37937828451130e-004 9.15504529732738e-006 1.18382702212477e-006 -2.51161791056320e-008 
-1.97446213781130e+005 -1.30603360800696e+005 1.16514208621506e+004 1.38797009659416e+003 -3.96407434157193e+001 -6.55109112906621e+000 -6.66928242524368e-002 2.93103848863469e-002 1.35099624790767e-003 -1.34123891735144e-004 -1.23736386513990e-005 4.99427810769454e-007 9.99224615524639e-008 
-7.38939144586601e+004 -4.03842287788745e+004 4.34279666708401e+003 4.37147119016333e+002 -1.60221501218305e+001 -2.15300991176724e+000 -9.69864843936731e-003 1.01065553983844e-002 3.91437618969843e-004 -4.84733577539140e-005 -3.86753554105701e-006 1.99052620177672e-007 3.25832415172948e-008 
2.22067712596247e+004 1.79194091410301e+005 -1.56857012510414e+003 -1.83909684121914e+003 9.79545714207690e+000 7.82523284198907e+000 -1.13914510824277e-001 -2.99930639189299e-002 1.46717171538069e-003 1.20701349098256e-004 -1.39265193067186e-005 -3.72491074600909e-007 1.08542439784768e-007 
-3.26323243450852e+005 9.41004283296440e+003 2.07078039612882e+004 -8.90755597362143e+001 -1.19655599239768e+002 8.15524521106809e-001 4.55715982449813e-001 -1.24935903872530e-002 -1.82700582943302e-003 1.39114998200286e-004 6.95756286839880e-006 -1.18733499257676e-006 -1.19855392425553e-008 
-1.08292552598636e+005 8.12117029385390e+003 6.85715582711457e+003 -8.00778505429509e+001 -3.95516879768709e+001 4.85812201952070e-001 1.48478329186846e-001 -4.98733722025467e-003 -5.67554337698311e-004 4.96694671012636e-005 1.93140900327030e-006 -4.05735595585197e-007 -9.88966457805211e-010 
3.06681868529588e+005 9.10014063953380e+004 -1.85238285975137e+004 -7.52618135564542e+002 1.02671155034607e+002 9.67311135620205e-001 -2.74062792195017e-001 7.42348007958538e-003 -1.29190224613983e-005 -3.75344350591738e-005 5.11503788697628e-006 -6.31311981594647e-008 -2.66809629036305e-008 
-1.65472180626694e+005 1.42492572231184e+005 1.01382472879285e+004 -1.45578078364070e+003 -3.66831181221311e+001 5.44061954257892e+000 -3.18913973853242e-002 -9.02021681963449e-003 6.05576865880072e-004 -4.03533318496879e-005 -1.15635528039212e-006 3.99850207038173e-007 -1.41942685417226e-008 
-4.67407372949613e+004 5.00607370817033e+004 2.87426568715814e+003 -5.05247504921827e+002 -9.41577037293257e+000 1.83514020293916e+000 -1.81389387169358e-002 -2.78938193457667e-003 2.01244237257926e-004 -1.45004166634980e-005 -2.44029119549503e-007 1.31463021762167e-007 -5.46119951949093e-009 
3.31313822321143e+005 -6.59131371605567e+004 -1.80391748260567e+004 7.52361052116457e+002 7.14889547541405e+001 -3.38204781968057e+000 -8.66946982069943e-002 8.12991198716765e-003 1.84854773565640e-004 -9.18433236498268e-006 -2.21265078394795e-006 5.17883498403665e-008 1.25708153967032e-008 
1.43340341979750e+005 1.51421213018397e+005 -7.57073108262610e+003 -1.27567667830931e+003 5.04149200197924e+001 2.74686303687237e+000 -1.70119224132926e-001 -2.51207931054606e-003 2.77364533797273e-004 2.09497196156547e-005 -4.29021703396766e-007 -1.72357607265634e-007 5.10322506767683e-009 
5.70497653958998e+004 4.87799497036348e+004 -3.01087951968455e+003 -4.04670619379915e+002 1.86893246410441e+001 8.21348542577496e-001 -5.88761610521612e-002 -6.15039421704801e-004 9.70659787059978e-005 6.74554494733472e-006 -2.02339977520945e-007 -5.60495992116354e-008 2.03937238025294e-009 
9.38858465289478e+004 -1.60137506704954e+005 -4.52315926363164e+003 1.32329561563109e+003 2.15091617023710e+000 -2.74400062305311e+000 1.08824802003335e-001 1.70612837785936e-003 -4.87562979804371e-004 1.79570578206711e-006 1.52091853047317e-006 -5.38996682467302e-008 -5.11816666777488e-009 
3.48649350511113e+005 4.60457882039732e+004 -1.69534515726807e+004 -2.51546891749712e+002 6.57288161091137e+001 -8.34619149888885e-001 -7.67870119116791e-002 7.63713700378701e-003 2.34054276409962e-005 -2.56750558390435e-005 3.73627129876125e-007 8.50028453850482e-008 -5.09651676113491e-009 
1.19243664934259e+005 1.11049025980769e+004 -5.77623206627982e+003 -4.88551063778569e+001 2.19048233217363e+001 -3.51137895452974e-001 -2.25043799865400e-002 2.59051141068674e-003 -5.23292214177189e-006 -8.49950059985867e-006 1.65040330893499e-007 2.68648257918434e-008 -1.83579138627312e-009 
-6.68625029356062e+005 -8.76281175425916e+003 -2.92469782899474e-001 1.16573192070251e-001 9.33959648177841e-003 -9.26494442115829e-004 7.77468637730278e-005 1.37739160457926e-007 -1.28820679059483e-006 2.36104921088939e-007 -1.88846262358854e-008 
9.72984464542653e+005 -3.26235076781538e+003 -2.42358852436882e+001 -2.14206625492559e-001 7.02592541198947e-003 -1.22659752063576e-005 -6.38413071885085e-005 1.20922648363326e-005 -1.10783594923931e-006 -2.92046114962844e-008 2.12665708052795e-008 
4.37505504797494e+005 -1.15860613721577e+003 -1.02821405796448e+001 -1.06418499768663e-001 2.87394811122140e-003 8.12447288831880e-005 -4.21817632487472e-005 6.44702010061313e-006 -4.58162364093928e-007 -3.76715626973367e-008 1.33237504059385e-008 
-6.86147361141119e+005 -8.75789420517986e+003 1.64738295325537e+000 1.91801342082709e-001 2.78712122283810e-003 -4.32683015932131e-005 6.07228042153638e-006 -7.86637846276400e-007 8.31640591226852e-008 1.15886032951086e-010 3.06438664433930e-010 
9.66258940556746e+005 -3.46483058152016e+003 -2.62311123944455e+001 -1.26420403008149e-001 4.12462752296115e-003 -6.37719961222484e-005 8.66697233694033e-006 -3.99511876293163e-007 7.07999406683198e-009 -1.56701950369733e-008 -5.03589290345673e-010 
4.35102519133955e+005 -1.24522965104652e+003 -1.13048654356771e+001 -6.72194524762422e-002 1.83951586896346e-003 -3.74599297564058e-005 4.04913837653776e-006 -1.30445170040710e-007 -4.92289690924194e-009 -5.93256465766267e-009 -2.93393376066278e-010 
1.90898904043166e-005 1.51581178646629e-007 -6.34251194433626e-008 -1.35376187840318e-007 1.01532533578058e-008 3.35241142971489e-009 -5.44163543369183e-010 5.57574510926541e-011 1.45186078851105e-011 -3.73254309059921e-012 
-4.21509185871866e-005 -3.44054064759800e-007 2.01589052908751e-007 -1.29014787846754e-008 -1.16336780349867e-008 1.16992323758883e-009 8.38956525761853e-011 -5.46918385514638e-011 4.59505643392212e-012 1.48323496270997e-012 
1.75244541864659e-005 -1.40166220805267e-006 3.13957188663602e-007 1.88521381815229e-007 -4.59858667353993e-009 -1.00977379353458e-008 -1.22198625144894e-009 2.15785531654370e-010 8.76430125452385e-011 2.90341865850481e-012 
-4.27234636140834e-005 -6.36756586234777e-007 -2.25341952548415e-007 2.38852146628046e-008 2.06213715279140e-008 7.40947627179450e-010 -7.96151650757797e-010 -1.24471155099669e-010 1.73150957387211e-011 5.41395535091773e-012 
1.74804592162208e-005 4.01917372093644e-007 -6.17262514502167e-007 -8.79584212123538e-008 6.63488213499469e-008 2.92428469872646e-009 -3.02512906884857e-009 6.55580223934949e-011 7.79056610640163e-011 -9.06393624966180e-012 
-4.37226538950312e-005 4.29706375849896e-009 1.03425632841913e-007 -9.60745332459190e-008 -7.88652887294219e-009 6.23739257863201e-009 1.32204668283376e-010 -2.28704479495375e-010 7.16867455239028e-012 5.87647235593725e-012 
1.68267584420370e-005 1.13769778706501e-007 5.08994770831345e-007 -5.95366131268235e-008 -3.40710523752544e-008 4.69368818348958e-009 6.48898167501248e-010 -1.32992160370099e-010 -3.87871166057501e-013 -1.22014031799701e-012 
-4.45200786330105e-005 -8.11832633727616e-007 6.78115854674906e-008 6.69445099403912e-008 -8.03870051464328e-009 -2.31251093510008e-009 3.97123338650687e-010 2.06177518337019e-011 -9.52928203262407e-012 1.85604758899506e-013 
1.79596610406335e-002 1.83435476103701e-003 3.39653967706120e-005 -9.40119497566734e-005 -1.41227617345867e-006 1.62952810096173e-006 3.13982349021359e-009 -1.43619021867774e-008 9.24567512504092e-010 -5.08797750546972e-011 
4.35719363887890e-001 6.36013313649147e-005 -2.22278834042583e-004 -3.24988017111071e-006 5.63824516364769e-006 6.53973369330356e-008 -7.33496841220132e-008 1.35086588882630e-009 3.23815719558170e-010 -6.34668713751499e-011 
2.25407707912628e+003 9.18254432893435e-001 -2.74849255377031e-005 8.36487132288716e-005 1.23193031652747e-006 -1.46503502108348e-006 -3.64210980495364e-009 1.30136168189048e-008 -8.16957097335324e-010 4.62995705263099e-011 
1.93756881987945e-002 -8.26972182412820e-004 -4.34551980450387e-004 4.32783613708010e-005 8.08422550427002e-006 -1.41331025937951e-006 -1.30659044293443e-007 2.51358304337091e-008 4.29733635181934e-009 -7.46095902778239e-011 
4.34771205267550e-001 -7.43338653434132e-004 7.95161009581951e-005 2.78730183868307e-005 -3.57558938599373e-006 -3.79536645615528e-007 8.77083914802850e-008 9.55553445996631e-009 -9.99237423674464e-010 -3.04637710291636e-010 
2.25591559800988e+003 9.20620855487264e-001 3.80908294695417e-004 -3.96860433335704e-005 -7.08160215034949e-006 1.30542571716123e-006 1.17283383850263e-007 -2.35050739057703e-008 -3.95111736166309e-009 8.04849170537005e-011 
1.62301989481136e-002 -1.81642264722763e-003 1.58142376824030e-004 4.20383886845063e-005 1.81477314636023e-006 3.44936054727116e-007 -2.07735989497837e-007 -1.82603765392729e-008 6.13172101552783e-009 6.46205350806976e-011 
4.34355083028429e-001 3.70482842184032e-004 1.42265514738411e-004 -5.06824682248632e-006 -8.52834487318294e-007 -3.77853802757752e-007 -4.74629035608403e-008 1.61086255556496e-008 7.96068806260840e-010 -3.75818974790195e-010 
2.25775812094667e+003 9.21462027426521e-001 -1.39234812828900e-004 -3.60086680556048e-005 -1.80092913760439e-006 -3.38568050290845e-007 1.92754206858669e-007 1.65344691376653e-008 -5.65402856031567e-009 -4.74088704095921e-011 
1.52454632952210e-002 1.07074596668938e-003 4.07700611416460e-004 -4.56007757420453e-005 -1.17795933927969e-005 5.53530622157157e-007 2.03247258810408e-007 -1.07555568481422e-008 -2.35104751759584e-009 2.67872256327079e-010 
4.35623287901801e-001 6.68512859961112e-004 -1.26788877487762e-004 -3.20161617577372e-005 2.20507764636494e-006 6.88057021189024e-007 -2.83733934979910e-008 -9.91610253563982e-009 7.21516925319670e-010 9.47496428532872e-011 
2.25959871836115e+003 9.18923385629720e-001 -3.59689281816770e-004 4.03351470973796e-005 1.05427406685916e-005 -4.92229291278312e-007 -1.83963409878816e-007 9.75629905853709e-009 2.12072668047803e-009 -2.44136434599628e-010 
