5.20650079082249e+007 2.30387024941697e+005 -1.24613087333824e+006 -3.95974022812706e+004 1.19779051288009e+003 1.89778325804696e+002 1.15802206371045e+001 2.21991914595793e-001 -3.05943703543637e-002 -3.82075874636192e-003 -2.08488992659908e-004 -6.66816074059638e-007 1.00798927070601e-006 1.01218313119943e-007 
-8.40701200270623e+006 1.50715319621964e+007 1.85698527948636e+005 -5.30783103698109e+004 -2.92634238156347e+003 -6.05824640461124e+001 5.57540970859302e+000 7.27793993007615e-001 4.04057311490333e-002 3.38583054648642e-004 -1.63210974093097e-004 -1.71421510642731e-005 -8.05428841021822e-007 1.15928600887682e-008 
-9.93613775296734e+006 8.02749549324871e+006 2.28397165644961e+005 -2.42479529430067e+004 -1.68738609627145e+003 -5.20383923549949e+001 1.77762947973286e+000 3.65757445354582e-001 2.47560630028907e-002 5.77005668673013e-004 -6.55680477266253e-005 -9.08788053150878e-006 -5.34753571516374e-007 -4.30178240605725e-009 
4.15314747405215e+007 -1.09315437640283e+007 -1.43556384173574e+006 2.31270853709380e+004 7.02971069610693e+003 2.73521937589028e+002 -2.06779817065696e+001 -2.98622378496951e+000 -6.61520252247118e-002 1.58970962488398e-002 1.58732953637318e-003 -4.68335500867990e-006 -1.24227255338206e-005 -8.75470026588132e-007 
2.06381608382074e+007 1.32118364146527e+007 -7.24555843418599e+005 -9.33972821628087e+004 -6.45382328962076e+002 3.88764759727990e+002 2.75425710206360e+001 -5.40848618586443e-001 -2.14292881194343e-001 -1.10254190713147e-002 7.58826217782459e-004 1.35666883141152e-004 3.98852683603543e-006 -7.64965867623023e-007 
6.67228374654039e+006 8.19136354808603e+006 -2.38203263905734e+005 -5.22889371969445e+004 -1.07359877923978e+003 1.79311862604958e+002 1.68566426037663e+001 2.07036288244429e-002 -1.07612560832725e-001 -7.53780160547334e-003 2.40774898962154e-004 7.29562989691098e-005 3.41859787486990e-006 -3.17860874534452e-007 
1.04987439055584e+007 -1.92792380493142e+007 -4.57427826915875e+005 1.29170682954376e+005 2.68742496047825e+003 -7.26945728506744e+002 -1.91128976169178e+001 5.16532211232323e+000 1.62323413020111e-001 -4.19375003046092e-002 -1.51184821214234e-003 3.67871669383738e-004 1.48512794401499e-005 -3.41173078847703e-006 
3.80769871130162e+007 3.49457757062267e+006 -1.58421520614927e+006 -2.53395180063116e+004 8.49558042531948e+003 1.62708961869950e+002 -5.41508099022142e+001 -1.31157203652504e+000 4.15851788701865e-001 1.19349636444258e-002 -3.52849945709080e-003 -1.16247494718148e-004 3.17802603635014e-005 1.18857143394811e-006 
1.92061927964722e+007 3.86608390124983e+006 -7.98831524143268e+005 -2.69284541087111e+004 4.25954609385127e+003 1.62286588998122e+002 -2.69447096304501e+001 -1.23616335544624e+000 2.05310426148842e-001 1.07235594315208e-002 -1.72810876184255e-003 -1.00238567558839e-004 1.54366276673291e-005 9.88644554296938e-007 
-2.69849073651110e+007 -1.70457055121333e+007 9.13665891933361e+005 7.44527541614780e+004 -6.85102236484666e+003 4.36588970457204e+000 3.72537709634148e+001 -2.33392987323998e+000 -9.76462350298441e-002 2.27303691210308e-002 -8.03292691560137e-004 -1.17667443995694e-004 1.43161338590342e-005 -6.25423843125277e-008 
3.29570809578858e+007 -8.25751619581012e+006 -1.16950976387943e+006 7.71359831597557e+004 2.17668851237257e+003 -4.71363450733739e+002 1.58848941864185e+001 1.90647504033681e+000 -2.26561556780374e-001 1.48246925791647e-003 1.55707875777385e-003 -1.16806692576449e-004 -4.11524588348073e-006 1.21963937790000e-006 
2.03584876213614e+007 -2.64323971701231e+006 -7.19460055140842e+005 3.34852659222724e+004 1.87306781057748e+003 -2.52246238192809e+002 4.62290560184719e+000 1.26038779526466e+000 -1.10900903749788e-001 -1.56480088604066e-003 9.15048722701283e-004 -5.01960785924236e-005 -3.68259947733091e-006 6.57993122696946e-007 
-1.00307493757317e+008 -8.25618961505353e+006 1.28114400735612e+006 1.71229492267369e+004 -1.39510122334622e+003 -1.02990413007308e+001 6.80789247161946e-001 2.45872668071461e-003 -2.46289631029510e-004 1.73529376098162e-007 
3.03641984640679e+007 -2.09362315647095e+007 -3.91290230980507e+005 4.47012275901623e+004 3.99108522145047e+002 -3.03513624646567e+001 -1.48603166011043e-001 1.19886367946061e-002 1.28152523522508e-005 -4.33259974545624e-006 
1.99768150729924e+007 -8.89705195226125e+006 -2.57121413907946e+005 1.90287065120523e+004 2.67851232738132e+002 -1.30041417724016e+001 -1.09940190608679e-001 5.23842202788950e-003 2.13471871089517e-005 -1.96089479813932e-006 
-1.06194562534694e+008 2.42556170453053e+006 1.34879399816755e+006 -5.95106964426330e+003 -1.43660568528174e+003 6.00544806264653e+000 6.45013664090053e-001 -4.66635757329119e-003 -1.81479164300563e-004 3.06517261558938e-006 
-1.28941722146241e+007 -2.18591662045410e+007 1.63089280512391e+005 4.61501553969970e+004 -2.16739076719895e+002 -2.99798351980274e+001 1.70999246937170e-001 1.01546558028684e-002 -1.16210354369793e-004 -2.48906139076068e-006 
8.86793976162974e+005 -9.98823715474815e+006 -1.19725266928098e+004 2.11407402947346e+004 -6.60813085817189e+000 -1.38687357831296e+001 3.61188579736274e-002 4.86402827252955e-003 -4.08017640863474e-005 -1.31509584628713e-006 
1.33810200562448e+008 8.91664123090282e+006 -6.18408703426516e+005 -7.36431844989931e+003 2.19619251219023e+002 2.00946036937007e+000 -2.09518497012591e-002 -6.38762419830917e-004 6.78787398696868e-005 2.73808612102014e-005 -1.10690558523425e-006 -1.89498895676988e-006 -1.76892384536787e-007 
-6.22587305880521e+007 1.67530878831558e+007 2.86052157480960e+005 -1.25811713137468e+004 -1.22530953758934e+002 2.36234900816539e+000 2.37147569884797e-002 2.79904119479420e-004 3.70888324010067e-005 -1.29272936097794e-005 -3.82382803162932e-006 2.93651133406660e-007 3.01258527624126e-007 
-2.69894204733974e+007 7.26269430419620e+006 1.24010081845544e+005 -5.45417514929482e+003 -5.31205773699766e+001 1.02372066334000e+000 1.03325234179073e-002 1.61938044400937e-004 1.47955590445987e-005 -8.35898673755413e-006 -1.87432795208346e-006 2.74568080591314e-007 1.64721191794839e-007 
1.46460431346419e+008 3.67848708703712e+006 -6.84464906284357e+005 -3.55817018456575e+003 2.54310489822598e+002 1.42480328310847e+000 -3.07221945211067e-002 -3.81808968421939e-004 5.69435353167190e-005 -2.62517298059688e-006 -9.89600812213295e-007 1.45314690670418e-007 8.13572869700764e-009 
-2.69632505758701e+007 1.84080781956866e+007 1.24977323178905e+005 -1.41319942002698e+004 -6.95037470348671e+001 2.92789956168153e+000 2.25603329077533e-002 4.36457906824287e-005 -1.48133638019416e-005 -3.52947668276148e-006 5.00163614710554e-007 2.08383665129799e-009 -9.77381589275529e-009 
-1.16883263133692e+007 7.98017216248494e+006 5.41810217124620e+004 -6.12649735557512e+003 -3.01327053794956e+001 1.26923269386219e+000 9.89509219848354e-003 2.26839322568754e-005 -1.22437391007148e-005 -1.42563846286708e-006 3.54392628081388e-007 -1.23657155763784e-008 -5.76116795756473e-009 
3.86218465073462e+007 -3.16417596266066e+007 -2.02621865435297e+005 2.84322219967356e+004 -1.94424058666255e+002 -4.97409493039552e+000 1.96324351117239e-001 -3.31124296019961e-003 -3.37597784722908e-005 1.07417395844151e-006 2.32207039531647e-006 
2.06324668968524e+008 7.45507041579307e+006 -1.06258498363744e+006 5.71854337433242e+002 4.41073515688813e+002 -7.22899619939030e+000 3.10618781962248e-002 2.68794670162776e-003 -9.38247420531558e-005 1.03072346774737e-005 1.31437070370877e-006 
9.35813281282666e+007 4.27436761924816e+006 -4.81908495826288e+005 -5.05584244187940e+002 2.07560355532096e+002 -3.18149972200961e+000 8.92714067268947e-003 1.32822271716526e-003 -3.93364597730640e-005 4.39384674573453e-006 2.01215897150072e-007 
6.40843851357140e+008 -9.27372348734481e+006 -9.97453095080143e+004 2.56545733783787e+002 1.41598391466503e+000 -3.35663071204254e-003 -1.42223636422579e-005 2.95095415683322e-007 
3.47145344357071e+008 1.50728807020188e+007 -5.40008587744016e+004 -3.82278020735641e+002 8.92264350565606e-001 3.93492997400630e-003 -1.10480138064905e-005 3.61094157681059e-007 
1.33181293887537e+008 6.68642592094558e+006 -2.07177706057118e+004 -1.70101336947692e+002 3.47980858031476e-001 1.76760459079114e-003 -4.29590261379386e-006 1.88641426266640e-007 
-1.36757536566802e+009 3.56654160668581e+006 2.87515438451938e+004 -1.94152626148421e+001 -4.19184515502757e-002 4.27197529677829e-005 1.04019658572334e-007 
-4.50082799726946e+008 -1.16611281122869e+007 9.46475672701289e+003 3.85622385444836e+001 -3.00387744239834e-002 -2.12077366511440e-005 1.07318337542979e-007 
-1.27032574737728e+008 -4.97011187600450e+006 2.67125432728056e+003 1.67637144412847e+001 -1.05987578929374e-002 -1.05535814094566e-005 3.55509591423903e-008 
3.00114112994809e+009 -4.25029047958220e+005 -7.03156712221560e+003 7.51803959165180e-002 1.20122803069389e-003 -3.23486169333545e-007 
1.19547152258030e+008 8.21294632354833e+006 -2.79349861181729e+002 -3.20757278273517e+000 -6.08672453137921e-005 1.82174652107660e-007 
9.91166862476107e+006 3.60307168987353e+006 -2.29406890492422e+001 -1.40584452491620e+000 -4.29365619465239e-005 7.88365558521787e-008 
3.86391879184048e+009 3.77298026680114e+006 -2.71233250599838e+003 -4.59689190305441e-001 1.46516049604869e-004 7.32450052080471e-010 
-2.07838483808525e+009 6.06348284040734e+006 1.45941218339221e+003 -7.00592805043915e-001 -9.27657824258028e-005 5.66570328819783e-008 
-9.46891228185853e+008 2.38788332686244e+006 6.64876052495322e+002 -2.75311760630198e-001 -4.17420941548749e-005 2.31903890106585e-008 
5.34172600348502e+008 7.60673939703675e+006 -3.06582992935326e+002 -6.85971329099098e-001 1.68476140292463e-004 2.84728596874717e-008 
-4.50589871608190e+009 2.60895005372913e+005 2.58567918440353e+003 -3.80554551862948e-001 -1.23629112526976e-004 5.51438213759072e-008 
-1.56709636336841e+009 -2.21046593300259e+006 8.99263139834618e+002 8.77140937379234e-002 -8.85626127473070e-005 1.31776246086093e-008 
2.59597235491080e+005 -1.23852522654344e+005 -1.24432478760033e+004 8.78489350077909e+002 4.89339200623915e+001 -1.38258796857590e-001 1.04535605574644e-002 -6.40903368008625e-003 -5.31492903899968e-004 -8.40021651608579e-006 3.91412031734996e-007 1.00812527231742e-007 9.04653848382203e-009 
2.50939939701814e+005 1.03213468944035e+005 -1.21831152449519e+004 -8.88052629535240e+002 3.02364205825242e+001 1.46157856235110e+000 7.63842461423075e-002 5.91179634139462e-003 -1.64709557693548e-004 -2.43041520576409e-005 -1.42721878558800e-006 -7.27526821609970e-008 1.96353229615964e-009 
1.29176095436470e+005 3.12503041618240e+004 -6.26173203364474e+003 -2.84724813242580e+002 1.72875272826016e+001 5.88003450012410e-001 3.26485839524909e-002 1.85298007184324e-003 -1.19081389095804e-004 -1.08722775283869e-005 -5.54825359493536e-007 -2.06956325352980e-008 1.67422811692322e-009 
-4.52281731584945e+004 -1.68487925575793e+005 2.49852569933393e+003 1.55749504695805e+003 2.45247686231206e+001 -3.77961256906385e+000 -3.45014761422313e-001 -9.80187988873947e-003 1.39259696731073e-003 1.57347222614898e-004 3.30670156943184e-006 -7.51932049485148e-007 -8.17393127448207e-008 
3.33949008611777e+005 -2.55987383150473e+004 -1.85533723289675e+004 -4.00415779468713e+001 8.30688338080559e+001 3.44032050497133e+000 -4.53829792406778e-002 -2.30939126071842e-002 -1.50429773266289e-003 3.03238854257792e-005 1.13329407693086e-005 6.91793793776625e-007 -2.18595950427913e-008 
1.34868474846398e+005 -2.66024497776661e+004 -7.47645546473344e+003 1.32301943505615e+002 3.67914206511819e+001 1.06449999004562e+000 -5.14795126276757e-002 -1.05111898592942e-002 -4.92258400242916e-004 2.75141559073517e-005 5.01759285071937e-006 2.15873211783408e-007 -1.68260531723345e-008 
-3.03892221072086e+005 -7.56250726836333e+004 1.96820247553292e+004 9.49108066799718e+002 -1.12528823713492e+002 -6.67837659266571e+000 4.48201381179907e-001 5.05303787722271e-002 -2.04212751783406e-003 -4.17529519552443e-004 8.05728729640416e-006 3.58659833701406e-006 3.98693116936286e-009 
1.51144857490407e+005 -1.49842190071054e+005 -9.71621496063310e+003 1.51115005442068e+003 7.78345496200788e+001 -6.34481504228418e+000 -5.44646353229058e-001 2.60284867499790e-002 4.29354928781450e-003 -1.11388317418026e-004 -3.60101084285374e-005 2.01049400354086e-007 3.08373599819687e-007 
3.44037512885968e+004 -6.94172861694077e+004 -2.16841575749611e+003 7.17577942066470e+002 2.15502088279706e+001 -3.26831005562330e+000 -1.83315519078168e-001 1.56036691726454e-002 1.58838675056590e-003 -8.58722684711154e-005 -1.41853834404053e-005 4.23751938055986e-007 1.28407506756387e-007 
-2.86639356571643e+005 9.18531418211556e+004 1.84913314328445e+004 -1.09869545067100e+003 -9.56102169599838e+001 7.01253168880628e+000 1.77002684380753e-001 -4.43780669634834e-002 1.29043411756860e-003 2.41951541343112e-004 -2.23320045541588e-005 -6.74155252672827e-007 2.09435832355908e-007 
-1.61965040772230e+005 -1.46146642293489e+005 1.05041601404760e+004 1.44238334604810e+003 -8.00795195746322e+001 -4.76987442042860e+000 5.12637652557657e-001 1.79920364485378e-004 -3.19702068706689e-003 1.71467573151467e-004 1.46633431335105e-005 -2.07623451577437e-006 -4.53769292085958e-009 
-9.40432421382102e+004 -5.20237404558686e+004 6.10766922080054e+003 4.93616511886241e+002 -4.23500873277391e+001 -1.30940904980013e+000 2.29778155622599e-001 -4.14751104983430e-003 -1.20514307886517e-003 9.41684787216918e-005 3.96930241567888e-006 -9.26061792624619e-007 1.79872140467715e-008 
-8.10752129254875e+003 1.71624107912931e+005 6.61647398661823e+002 -1.56752288208451e+003 2.42558304426182e+001 3.63240585210590e+000 -2.00186665592503e-001 6.88664168393178e-003 1.79848819311485e-004 -6.93432413093171e-005 4.89844730460327e-006 -5.17355644388167e-009 -2.36475158440137e-008 
-3.33159593247429e+005 -1.81103476781600e+004 1.88303457092414e+004 -5.60128479880389e+001 -8.43104294795529e+001 2.35522777085670e+000 6.28641829861979e-002 -9.74952111349193e-003 8.62662068960087e-004 -2.77965493956477e-005 -3.05827483832212e-006 3.86367304430226e-007 -1.56203945526375e-008 
-1.38916634984324e+005 8.59306663034085e+003 7.86200264980662e+003 -1.72498331508248e+002 -3.26144077253328e+001 1.32751476753756e+000 6.92464128982719e-003 -3.40350633018632e-003 3.75519366955009e-004 -1.81105557153961e-005 -8.04868265123329e-007 1.59928121300168e-007 -8.73315055024428e-009 
2.88284520863994e+005 1.12406104427055e+005 -1.41014409762514e+004 -7.99811033934004e+002 6.23336723649929e+001 6.28771408936192e-001 -8.41322239645628e-002 1.02037646813543e-003 -3.61928656017020e-005 1.77900742261292e-005 -4.63711029933339e-007 -7.18288048690711e-008 3.80415714230402e-009 
-2.34534292091039e+005 1.10738327250188e+005 1.17327045842593e+004 -9.98105701392643e+002 -3.31685048585201e+001 2.51936930021057e+000 -1.34524192080733e-002 -1.15490991729550e-003 -9.40208058378620e-005 -6.96737151408379e-007 1.31494102004038e-006 -4.96118638078874e-008 -2.27451275151718e-009 
-7.03397380332588e+004 5.63247694541171e+004 3.51912344475066e+003 -4.88880441405764e+002 -7.72533685091545e+000 1.10462026029336e+000 -1.38280662085285e-002 -3.78608154711609e-004 -4.21110216306974e-005 1.37966457243241e-006 5.00520506265779e-007 -2.73884776074721e-008 -5.77694882995447e-010 
3.82077085990212e+005 -2.15398143909580e+004 -1.76222194463437e+004 2.01295212574114e+002 5.80841061155585e+001 -8.07117074772504e-001 -2.07745982351576e-002 3.58080184750931e-003 -9.19684811235023e-006 -1.32659852644696e-005 -2.19269954717318e-007 3.59757493673686e-008 -1.40916454031935e-009 
3.89163494254329e+004 1.51312301837371e+005 -1.86285209148513e+003 -1.15807004947805e+003 1.04369865041412e+001 1.68338681050381e+000 -4.86195575303715e-002 5.29476275780250e-004 2.13183099900078e-004 3.58335195018079e-006 -6.41839020045862e-007 9.77523242892247e-010 1.87686562920357e-009 
5.14204048787069e+004 6.04479183879012e+004 -2.43177334454145e+003 -4.58661177775912e+002 9.90471676317369e+000 6.16814504565671e-001 -2.22933723691632e-002 5.58756952644331e-004 8.70155343960893e-005 2.16734329893843e-007 -2.85623384301902e-007 3.84843294711759e-009 6.43368115585097e-010 
2.15991398802697e+005 -1.38312775149294e+005 -1.01720579106790e+004 1.00208260117722e+003 4.29791928563565e+001 -5.88381143699882e-001 2.18834977738790e-003 -4.39751969089527e-003 -4.73027347625221e-004 -1.08328024266289e-005 3.18874592331542e-007 5.38598416003442e-008 6.53421971939118e-009 
2.86111674083663e+005 8.58894735982444e+004 -1.38048707727858e+004 -7.66319566761452e+002 3.75308043261403e+001 1.42269485329681e+000 4.93004064461905e-002 5.02106364894855e-003 -6.73202449635111e-005 -2.14012623045968e-005 -1.14693762328769e-006 -5.86439341854147e-008 -1.18643297017581e-009 
1.37862469349716e+005 2.24683654950132e+004 -6.64495086032131e+003 -2.20176719633986e+002 1.95640052208984e+001 5.23652597317648e-001 2.02797566465164e-002 1.65567467427123e-003 -7.22087927630398e-005 -9.80252771042600e-006 -4.39575221141537e-007 -1.90113542808763e-008 1.24125618777558e-010 
-5.55026604760688e+005 3.74183583795085e+003 2.17331860336810e+001 -2.89810591422207e-002 -7.69509780602141e-003 -1.57780124542404e-003 -5.63402320282177e-005 2.30148503776618e-005 4.79939518442732e-006 2.44946533627867e-007 -6.93685719370761e-008 
-9.49990738415322e+004 -5.91900281222426e+003 1.22631541585172e+001 7.43082729228381e-002 6.20630126947200e-003 -4.95619724624178e-004 -2.02543435533000e-004 -2.01895940394026e-005 1.08314467131117e-006 6.21620362480642e-007 7.63601465200548e-008 
-3.98657002252073e+004 -2.64459340828701e+003 4.90738916500282e+000 4.15731328478509e-002 4.22635769907871e-003 -1.06293323531991e-004 -1.02437966874580e-004 -1.31687004070167e-005 8.10111875830691e-008 3.06629572574975e-007 4.79848252632679e-008 
-5.47372475255761e+005 3.91105969590168e+003 2.02937010299897e+001 -1.58071807154261e-001 1.20874938824441e-002 2.61097484202581e-003 -3.74651732244810e-004 -4.55019486326330e-005 1.33759942981675e-005 4.98685725130538e-007 -4.33186247585261e-007 
-1.06736433138831e+005 -5.81790972160282e+003 1.27356824668298e+001 -7.21569079250775e-002 -1.65951824946783e-002 1.88319128142720e-003 2.95538269293288e-004 -6.54184284356227e-005 -4.17766027689884e-006 2.13540817861040e-006 -1.12993019418802e-008 
-4.51139437725891e+004 -2.60328862308441e+003 5.30273459348229e+000 -2.23773859442476e-002 -1.01220916280432e-002 7.28945746703801e-004 1.96703109293440e-004 -3.02249256475683e-005 -3.61847573706218e-006 1.08897032111348e-006 3.88783649938270e-008 
8.70390002088659e-005 5.66445196427647e-007 3.30908056052429e-007 -1.57972260050589e-007 -3.34110196083221e-008 2.63036475835558e-009 1.07556925101094e-009 1.43277914259998e-010 1.95452809979417e-011 5.71732185858641e-014 
-6.22406493033733e-006 -1.47229750717637e-008 2.38893391035055e-007 4.56278359974733e-008 -1.25347121575713e-008 -2.97968968907571e-009 -2.78373007345649e-010 3.69663474324944e-011 3.53216775019871e-011 4.36537066110727e-012 
8.61930287920141e-005 -1.64490267420358e-006 2.13607407438589e-007 2.98036007192969e-007 -2.89822585291015e-008 -2.34537007277351e-008 2.16366480758449e-009 1.21508744807827e-009 -1.35370126945481e-010 -5.14801703807194e-011 
-5.71772606469418e-006 -1.01936460742549e-007 -3.48691850809843e-007 4.60750219477780e-008 3.90982557597181e-008 -3.82936046045549e-009 -2.22809449769842e-009 2.28661202157124e-010 9.23452311479672e-011 -1.04711228174502e-011 
8.53601734083078e-005 -1.67452993524567e-007 -6.45130278495963e-007 -8.18294043940385e-008 4.77436425411491e-008 2.56355042796189e-010 -1.20903674891526e-009 8.49751822877533e-011 7.48459075941276e-012 8.12744729900043e-013 
-5.80167495582366e-006 4.92242992812631e-007 1.28534331162198e-007 -8.48743718018789e-008 -4.62397650618900e-009 3.68713209381240e-009 -1.35487459318306e-010 -2.74096857841695e-011 -2.05027748028743e-012 -2.46413649434618e-012 
8.25568668750621e-005 -1.48963862101740e-006 5.51876264334606e-007 5.84677172718631e-008 -2.89405851717098e-008 -1.46383972512501e-009 1.48007348492765e-010 -4.00529080013032e-011 2.42128180372689e-011 4.60552417794750e-012 
-5.66404583556952e-006 -5.31917359384809e-007 -7.43857905329037e-008 6.61465571986365e-008 4.08246909029653e-009 -1.80109078196076e-009 -8.81849373877621e-011 1.94065813050163e-011 7.46246754539082e-012 -1.13347297081770e-012 
6.61555173451787e-002 -3.14698275369546e-004 -3.40096105713609e-005 1.88570715799967e-005 -3.27761143474542e-006 -7.57949277069632e-007 7.89563787878008e-008 1.76896742547770e-008 9.73696839444589e-010 -8.52537968907094e-011 
4.14521756637965e-001 -3.44428745204304e-005 3.40919723615098e-005 -2.62345486509581e-006 -1.63805927497145e-006 2.60728634647229e-007 5.08258519107354e-008 -1.27044667770408e-009 -7.30973837693131e-010 -1.19521291081215e-010 
3.54186878068275e+003 9.20171826854024e-001 1.82818493658374e-005 -1.86008207125633e-005 3.15687456218676e-006 7.23466106953880e-007 -6.98088966960182e-008 -1.62997753091426e-008 -9.65487452324401e-010 6.77417474497094e-011 
6.53534385583766e-002 -5.00589564482284e-004 -1.75424828343221e-005 2.22837208643871e-005 7.26862616516882e-006 -6.26105956178445e-007 -3.59044539195569e-007 2.16567659358727e-008 1.16470026820090e-008 -9.07622965945789e-010 
4.14648043045373e-001 1.68232199222856e-004 4.63753097888603e-005 7.97554535379632e-006 -1.47496347085763e-006 -7.01434128059886e-007 4.39817037393830e-008 2.64879477049974e-008 -1.72339327524445e-009 -8.03605167612327e-010 
3.54370918502199e+003 9.20255893577265e-001 1.65553308974385e-005 -1.71572007190566e-005 -6.69868709523779e-006 4.96909273661474e-007 3.32386841886125e-007 -1.78516485753988e-008 -1.08451126388675e-008 7.75242794181350e-010 
6.51616568560351e-002 4.57550032680374e-004 1.30003249225893e-004 -3.56813886954949e-005 -4.78721823782623e-006 1.18178157145978e-006 6.17788089785039e-008 -2.15680256641229e-008 4.15459298720779e-010 1.20020940765098e-010 
4.15183709852569e-001 2.63892979624912e-004 -6.49550528380885e-005 -1.11740193439615e-005 2.80811293319694e-006 2.58223320572307e-007 -7.00870442850815e-008 -1.12429888319315e-009 8.38823536071559e-010 -3.96518053244399e-011 
3.54554903638038e+003 9.19470986463213e-001 -1.04412382401677e-004 3.17865929918972e-005 4.23368685468753e-006 -1.06584932809713e-006 -5.80728613458561e-008 1.97805004199753e-008 -3.59721174310813e-010 -1.14331688156185e-010 
6.58760644782336e-002 2.34120101684203e-005 -1.32363255924106e-004 1.45803839154042e-005 3.56173643144062e-006 -7.56175434306168e-007 -5.23902734087946e-008 1.04762977046858e-008 1.40949036018328e-010 -4.43737277539035e-011 
4.15255389489946e-001 -1.21532031448482e-004 8.85491432230584e-006 9.87752511428464e-006 -1.65717801628901e-006 -1.88833658478019e-007 4.12004853176696e-008 1.74407598098320e-009 -3.22167533351668e-010 1.63917235067386e-011 
3.54738822716182e+003 9.19917827546570e-001 1.17196742725716e-004 -1.52457763533727e-005 -3.26473655217282e-006 7.00001607818611e-007 4.87355076701988e-008 -9.50573384609188e-009 -1.22335824740228e-010 4.17496397108123e-011 
