2.31816351840416e+007 -1.74585517190413e+007 -9.22592962838159e+005 1.04063989007051e+005 6.60486172773558e+003 -4.25751441906896e+002 -5.23038817108005e+001 1.58360066765275e+000 4.39725125261521e-001 -2.43036649123466e-004 -3.68760662494088e-003 -1.06119254041126e-004 2.96621181765292e-005 1.87486430080803e-006 
3.47428403957321e+007 7.44287960054621e+006 -1.40390634893478e+006 -6.48668798040545e+004 6.22745225465748e+003 4.96433571702692e+002 -2.63766801756471e+001 -4.18111682740708e+000 8.39564211069964e-002 3.58533286171000e-002 3.33934103569239e-004 -3.00760286540148e-004 -1.18737175635743e-005 2.39453688843329e-006 
1.61491662147669e+007 5.78675153457881e+006 -6.54180402393322e+005 -4.54437684628913e+004 2.64117667851546e+003 3.09334207705122e+002 -8.66299938000993e+000 -2.39760094231824e+000 -7.71851115469063e-004 1.91760603051634e-002 5.60918259861635e-004 -1.49640581280899e-004 -9.41939814995159e-006 1.08452857137435e-006 
-1.45006127542974e+007 -1.89746774435417e+007 5.50367245429198e+005 1.08400594923614e+005 -5.74755172057763e+003 -3.50839291952385e+002 4.92250950930586e+001 1.59264174661800e-001 -3.62803772094738e-001 1.58187571752175e-002 2.13841949762190e-003 -2.34832209912769e-004 -6.62063877741345e-006 2.38312883507711e-006 
3.74025143642202e+007 -4.80982292853397e+006 -1.43766167647618e+006 5.69874295831377e+004 5.46933808773103e+003 -4.98229567264338e+002 -1.16302918257697e+001 3.84352796968677e+000 -9.19537450633100e-002 -2.50289754417807e-002 1.93172469668712e-003 1.12778103479545e-004 -2.19253580502301e-005 1.19319846828265e-007 
2.14790233399681e+007 -6.00683815175496e+005 -8.25014000912535e+005 1.91941477367001e+004 3.51766133183106e+003 -2.29730806751913e+002 -1.13188181665064e+001 2.03647723914831e+000 -1.14796565787043e-002 -1.50101167444838e-002 8.09982495658873e-004 8.46011992881733e-005 -1.10244993152641e-005 -1.83491467714330e-007 
-4.51545435577786e+007 -1.11053821000144e+007 1.24261323268006e+006 1.13464878053053e+004 -4.41886116882657e+003 2.57922370660042e+002 -1.44448594216583e+000 -1.12652465065535e+000 1.02786059705156e-001 -2.77066569135408e-003 -3.42257936788130e-004 4.72414492583790e-005 -2.22117691032681e-006 -8.83405874894147e-008 
1.90202003375224e+007 -1.28069013344804e+007 -5.33484712824462e+005 7.49187386255774e+004 -1.86653356428073e+003 -1.29643543225872e+002 1.82209571317897e+001 -8.71469418615192e-001 -2.03717836504296e-002 6.53373916715260e-003 -4.62725223636870e-004 3.00740910650660e-006 2.54507646139652e-006 -2.53886519881443e-007 
1.48403014094246e+007 -5.68863546879929e+006 -4.13865854443613e+005 3.88403499237347e+004 -5.38590196828164e+002 -9.60049662613083e+001 9.88247099109841e+000 -3.48626056197191e-001 -2.15443868608228e-002 3.77738643922498e-003 -2.11656720223681e-004 -3.29437802438147e-006 1.58986108700715e-006 -1.26447840344955e-007 
-5.76103397314014e+007 -1.47338945044513e+006 1.10212533243108e+006 -2.55512327155317e+004 -7.53050048000561e+002 9.61855629758941e+001 -6.17673655697575e+000 2.21069278413650e-001 8.77910700293129e-004 -8.68765462631531e-004 7.74090246394281e-005 -3.97438451035496e-006 7.41229017303611e-008 8.83669135599396e-009 
-8.43020526657375e+006 -1.40692978718020e+007 1.55794060444480e+005 4.01704521723592e+004 -1.90675387562288e+003 5.62630873890672e+001 7.31561767069306e-001 -2.39293422486239e-001 1.86722743671318e-002 -8.55443329847610e-004 1.01752731405159e-005 2.31881373835242e-006 -2.62183087617376e-007 1.59782495221914e-008 
1.47004440039278e+006 -7.36215507442085e+006 -3.11173936122073e+004 2.41074813511770e+004 -9.40361153226677e+002 2.00744136778837e+001 1.03152768717103e+000 -1.50750709366756e-001 9.88261586528701e-003 -3.66805467980133e-004 -2.59525739934140e-006 1.65087918174549e-006 -1.47733039914583e-007 7.61798516878790e-009 
5.49699657133789e+007 2.05408538094605e+007 -6.77683513583169e+005 -4.20190428944760e+004 6.88725669626962e+002 2.40329070150083e+001 -2.56358419778607e-001 -4.60601001979126e-003 3.07580209217407e-005 -7.35016168154547e-007 
-8.29834009778859e+007 1.15853733842820e+007 1.02761171109670e+006 -2.38919748286703e+004 -1.02631442077363e+003 1.41372338119756e+001 3.53250311325554e-001 -3.26091584681305e-003 -1.79289763236958e-005 -5.36942663009541e-008 
-4.08104585141697e+007 3.91175323189950e+006 5.05166650333869e+005 -8.08828063215945e+003 -5.05283030838749e+002 4.83851818114790e+000 1.75135896739304e-001 -1.17543433820066e-003 -1.00012992241440e-005 2.27844175205710e-008 
8.91883015015936e+007 1.33239526072622e+007 -1.10113111944483e+006 -2.75305884573095e+004 1.09789440289999e+003 1.64228955730282e+001 -3.74797550437208e-001 -3.93441471753617e-003 1.59253675117452e-005 4.13255366359480e-008 
-5.26807544076238e+007 1.84046169724224e+007 6.53116734833048e+005 -3.76227007810830e+004 -6.66549465091813e+002 2.14471154496529e+001 2.52471117071732e-001 -4.02317817581582e-003 -3.38257063753738e-005 -7.26357636838751e-007 
-2.93442406045825e+007 7.43619202723566e+006 3.63501130090592e+005 -1.51821284397861e+004 -3.69340133823415e+002 8.60855160938963e+000 1.37297641037944e-001 -1.56079571644423e-003 -1.62268668205131e-005 -3.29174377883836e-007 
-2.41886716688186e+006 -2.08645981344598e+007 1.29067647388577e+004 1.73242123328080e+004 6.96891210364494e-001 -4.94624583998867e+000 -5.30961961091397e-003 1.10136763092678e-003 4.48620434971466e-005 1.00435938085965e-006 -8.47704077600716e-007 -3.02871140407437e-007 -5.75541406517631e-008 
1.34430098586523e+008 -4.00738775589865e+005 -6.70310876228713e+005 1.72937743620873e+002 2.91689511033828e+002 1.13258383013050e-001 -6.36834310020589e-002 2.10429360387902e-004 -1.72840590043516e-005 -1.39587300122804e-005 -1.17207594440663e-006 1.04168112522668e-007 1.05170208139471e-007 
5.82764225152600e+007 -1.73900656097508e+005 -2.90632035282313e+005 7.50302933672330e+001 1.26471192389159e+002 4.88901955801096e-002 -2.77509712741634e-002 1.00507994544180e-004 1.02626771717454e-006 -5.81330933047906e-006 -7.29033098619928e-007 9.84093613259038e-009 3.98305261655103e-008 
-4.33913064007979e+007 -1.99371006964855e+007 2.17607216270329e+005 1.65478237855396e+004 -9.70093954106564e+001 -4.72191931960123e+000 2.26854665673731e-002 1.17572624916636e-003 -2.24874957985904e-006 -6.61190567810997e-006 1.29187177853043e-006 -1.63161125531310e-007 -5.55834281758908e-008 
1.28328482111176e+008 -5.67595539131984e+006 -6.40429444899484e+005 4.77431146884488e+003 2.78501597280021e+002 -1.42455256255558e+000 -6.02063095385713e-002 2.95093676285560e-004 -5.65243321467144e-005 8.43375386321723e-006 2.98841197990412e-007 -4.80763936778381e-007 1.48001104959662e-007 
5.56305994649256e+007 -2.46111617260797e+006 -2.77675552362052e+005 2.07008257243976e+003 1.20752193953306e+002 -6.18128192822053e-001 -2.61282840699757e-002 1.65480809393169e-004 -2.55345716538639e-005 2.34763440765781e-006 3.47904690847899e-007 -2.24000288982416e-007 5.53685812535456e-008 
2.99146543603549e+007 -3.18455814726520e+007 -1.52433251104727e+005 2.79286485218976e+004 -2.07454216831734e+002 -4.29017250529230e+000 1.81341601935196e-001 -3.23961507234224e-003 -7.83967428377787e-006 -2.59270304853409e-006 1.39612121228611e-006 
2.08626273240643e+008 6.20289955530330e+006 -1.06017023805535e+006 1.59101077575178e+003 4.19023720816062e+002 -7.06631795238980e+000 4.21277612491735e-002 2.31989802801447e-003 -1.06189226651415e-004 3.55544848539083e-006 1.66956013352382e-006 
9.48716550039700e+007 3.70651945929608e+006 -4.82140621246170e+005 -2.59130122037617e+001 1.97805586838764e+002 -3.12535937647018e+000 1.44540000997696e-002 1.14562853674091e-003 -4.77909876788555e-005 2.22747209930683e-006 4.99659711823691e-007 
-4.68258934122738e+008 -1.47774118713938e+007 6.02346751057929e+004 2.85809230678879e+002 -8.42582433864109e-001 -6.32866001069635e-004 6.77665856951103e-006 -2.69896604500899e-007 
5.80534355995764e+008 -9.20778418263486e+006 -7.46374611862892e+004 2.36002877384841e+002 5.86858481152083e-001 -2.13416517831120e-003 7.95860583904696e-007 -8.33178206115890e-008 
2.60248180511085e+008 -3.58672843278462e+006 -3.34606904530633e+004 9.41975009326757e+001 2.72077911286510e-001 -8.99322747085515e-004 3.32182132196759e-007 -3.62945614659293e-008 
6.85184286236361e+008 1.11450607385159e+007 -1.30137495235158e+004 -3.65653696957559e+001 1.21718111800496e-002 2.21169229959224e-005 -8.90862043667679e-009 
-1.21704829061248e+009 5.80402401907189e+006 2.31206191663339e+004 -1.60424645520928e+001 -3.38357709776556e-002 1.69174849126287e-007 1.85755984606454e-007 
-5.32108658294527e+008 1.91769271220625e+006 1.01084669480710e+004 -5.05184716001215e+000 -1.44969030685141e-002 -9.31001517555134e-007 6.78601923740970e-008 
4.96813372617258e+008 9.20527915667725e+006 -1.27913752054502e+003 -3.86006665869028e+000 6.69415407379947e-004 2.66293063855984e-007 
-2.62272783172871e+009 1.12001254668928e+006 6.76605291837114e+003 -9.78256229597669e-001 -1.31438666495994e-003 4.88954308977985e-007 
-1.15570984963678e+009 3.60295192939476e+005 2.98154616165869e+003 -3.74268108096367e-001 -5.84269513333747e-004 2.11053657420223e-007 
1.12149487929201e+009 7.23003061805858e+006 -7.72153569427822e+002 -8.32746167067459e-001 3.50966163453352e-005 9.26119583146511e-010 
-4.04069241250375e+009 1.83148920261475e+006 2.78232747983401e+003 -1.93608057661756e-001 -1.65281129893659e-004 2.34428103168219e-008 
-1.68180212257563e+009 5.69673080677853e+005 1.15799622768287e+003 -5.85200150658114e-002 -6.83908652414524e-005 8.92876153864430e-009 
-2.85414906032588e+009 5.97888316018042e+006 2.07319082156467e+003 -7.45977129970007e-001 -2.07177226175928e-004 1.22653151725062e-007 
-3.39233849026719e+009 -4.95133991855370e+006 2.46381126204276e+003 5.74482336547996e-001 -2.63443530054007e-004 -5.12467171170210e-008 
-1.98707040792067e+008 -3.34651756188155e+006 1.44242430507380e+002 4.04083426150174e-001 -2.14936554643293e-005 -5.65630153085444e-008 
-4.77777020504792e+004 1.62597062859682e+005 2.18602558670781e+003 -1.23837456331210e+003 -9.78535308662263e+000 1.90730501050153e+000 2.28409553518518e-002 -1.09881601378281e-003 -7.55847349620371e-005 1.37458362195576e-005 3.46164885276600e-007 -4.40254957359468e-008 -1.44816747354664e-009 
-3.45131147998149e+005 -2.28798187400241e+004 1.57605625486221e+004 1.95269204061365e+002 -5.22373285963090e+001 -5.02748757203098e-001 3.36975560310738e-002 1.13151588399056e-003 -1.20856682493943e-004 -5.09318736986717e-006 8.07893722380097e-007 2.20206399197551e-008 -1.58254837775405e-009 
-1.71935808889422e+005 3.31858497655744e+003 7.87343607162019e+003 -1.52074925960804e+001 -2.63990985996389e+001 -7.39113604158140e-002 1.86310248038185e-002 4.51672049326887e-004 -6.56093391777976e-005 -1.25916513591710e-006 4.24851140995054e-007 6.80551139183993e-009 -9.02600291734323e-010 
2.47969299835055e+005 1.21023323277323e+005 -1.22858721911971e+004 -1.06939858914813e+003 3.18889009797395e+001 2.26078151697685e+000 2.70552842902033e-002 2.82739072817483e-003 1.49142043634305e-004 -1.45356143267975e-005 -1.63207713523012e-006 -3.84492478064986e-008 -2.87691843282135e-010 
-2.67726189277548e+005 9.79116227966724e+004 1.29100808853455e+004 -6.73918283441519e+002 -5.37376947662408e+001 3.20465764871323e-001 3.13394953884641e-002 8.84550460114974e-004 2.73202724002131e-004 2.10878823918663e-005 -4.12804653583008e-008 -5.60899733122926e-008 -2.56399237621252e-009 
-1.07928626551595e+005 5.84467960376306e+004 5.18921010042602e+003 -4.24464397193672e+002 -2.33561248538264e+001 3.62378845044538e-001 1.78116042652333e-002 6.81045809126467e-004 1.46304111055759e-004 8.96186474869055e-006 -1.67162819418744e-007 -3.08163352058041e-008 -1.27336726102618e-009 
3.59707786234800e+005 -1.61190806729787e+004 -2.03775536705620e+004 -1.36730299991340e+002 8.88856729508271e+001 3.40247689442225e+000 -8.05143459518296e-003 -1.48527027761845e-002 -1.55392170076527e-003 -4.47446158259980e-005 5.48598469753175e-006 7.36960046595883e-007 3.44901008960897e-008 
-3.97613203864535e+003 1.55121325770084e+005 9.07419187440849e+001 -1.40789625773287e+003 -3.03405268486637e+001 2.85892748172954e+000 2.43174126263349e-001 1.25274730700526e-002 -2.45665994342154e-004 -1.03021031610315e-004 -7.23187508973730e-006 -2.75677298727674e-008 4.15420854937998e-008 
3.03712316913268e+004 7.40158096727936e+004 -1.78544525641379e+003 -6.98313371491133e+002 -6.76068199982207e+000 1.70200623253982e+000 1.17606851762022e-001 4.75263902648649e-003 -2.59743087645870e-004 -5.41830535037835e-005 -3.02516430779827e-006 5.31042545779424e-008 2.33328310869839e-008 
1.79022446715036e+005 -1.57517854501501e+005 -1.18895040544832e+004 1.58597586606048e+003 9.67967950111939e+001 -5.77659581391533e+000 -7.09723291210914e-001 4.86597490649413e-003 5.38740484862535e-003 2.08699106736309e-004 -3.52730199252728e-005 -3.43130013042130e-006 1.51087513365844e-007 
2.52036596155799e+005 8.67512270040912e+004 -1.66396589426138e+004 -1.07284877495759e+003 8.99689235891449e+001 7.56097098726530e+000 -2.08753091042732e-001 -5.64167428483964e-002 -1.09286833762123e-003 3.97765039877670e-004 2.72889932249364e-005 -2.15887162775382e-006 -3.42400786114080e-007 
1.38659230928892e+005 2.80191877783017e+004 -9.17049102824255e+003 -3.79529041750699e+002 5.25642209524386e+001 3.16026772618069e+000 -1.65791415957593e-001 -2.70239438389590e-002 -4.56423953883381e-005 2.12453501668868e-004 1.01002851474625e-005 -1.36048114242799e-006 -1.53033625002541e-007 
-1.60897793887892e+005 -1.63378995601062e+005 1.05456352540962e+004 1.65079035000719e+003 -9.19438668950661e+001 -6.57937778410352e+000 7.26482425017419e-001 1.75767816525770e-002 -6.09513741592863e-003 6.57168370578104e-005 4.96496438191747e-005 -2.32563562984480e-006 -3.69481294109139e-007 
2.73975295262762e+005 -6.59674571221564e+004 -1.79983476073003e+004 8.80785648677488e+002 1.02322666215483e+002 -7.04976254419658e+000 -3.53747202101339e-001 5.94125353836638e-002 5.87976353863905e-004 -5.02795992547106e-004 1.22803009297122e-005 4.01638398409646e-006 -2.54331893489119e-007 
1.18683464646230e+005 -4.68416746056140e+004 -7.80877822912394e+003 5.77857382649453e+002 4.15369906063286e+001 -4.02709731694381e+000 -1.06714536166229e-001 3.05112529285130e-002 -2.63669442645735e-004 -2.38826991451543e-004 1.04571710474399e-005 1.74524169846213e-006 -1.57134186263922e-007 
-3.61173845704123e+005 -2.90524674324151e+004 1.99859638437611e+004 -4.73332706229414e+001 -8.63559474161262e+001 3.72494058510685e+000 -9.56354322635968e-003 -2.06464307673079e-002 1.89227940496963e-003 -2.75137440309893e-005 -9.12598737701475e-006 9.91595806692307e-007 -2.73364638774526e-008 
4.37072280258361e+004 -1.51130048445752e+005 -2.44496188815451e+003 1.38750125265937e+003 -2.28240799390726e+001 -2.95729730254294e+000 2.95723024892435e-001 -1.34748146196979e-002 -7.45524340619686e-004 1.41194415563754e-004 -7.37678596179630e-006 -2.55298502966887e-007 7.36219703184560e-008 
-1.14379320212181e+004 -7.61582418485308e+004 6.17015320267099e+002 6.71360666160152e+002 -1.89187018736017e+001 -1.10531880077714e+000 1.43138738582141e-001 -8.41949286694781e-003 -1.92285084775054e-004 6.62513661443869e-005 -4.41391620520166e-006 -3.48377072453274e-008 3.33704775641805e-008 
-2.74432933524552e+005 1.10099109380817e+005 1.32542001065840e+004 -9.42663339846293e+002 -3.36230360061298e+001 1.47559307055839e+000 -5.73073853605220e-002 6.58432154194214e-003 3.27920868513043e-005 -2.20009089228967e-005 1.24283970289494e-006 -8.21309511494049e-008 2.22368436358569e-009 
-2.31573271418610e+005 -1.12972927687926e+005 1.09356289591758e+004 7.98673439944750e+002 -4.26733830257775e+001 -2.93214540590803e-001 -1.66156675223937e-002 -3.72483971240303e-003 4.63018961018311e-004 -1.15365527371453e-005 -7.18673199440956e-008 4.16904507301705e-008 -6.69393907872105e-009 
-1.37517334406769e+005 -4.49938144537676e+004 6.52314577263048e+003 3.03467315004768e+002 -2.38437481787306e+001 -9.63793093364509e-003 -1.31634549911614e-002 -1.21788875851540e-003 2.28325626503048e-004 -7.60391871357809e-006 7.67848940214896e-008 1.28889163598043e-008 -3.05682942879037e-009 
1.08749035426685e+004 1.63791424052484e+005 -3.93025110848282e+002 -1.26150623949345e+003 -4.59078786490559e+000 1.91870428675503e+000 6.39733151351995e-002 3.27417454057131e-004 -3.02303407132276e-004 2.13949445749642e-006 8.45015381721902e-007 1.86736677199820e-008 -2.37602653952194e-009 
-3.48304713790881e+005 5.84127965663215e+002 1.61243237569855e+004 3.70976145385203e+001 -5.39384784096340e+001 -6.51165305307693e-001 2.40206173667325e-002 4.31737918846155e-003 1.48995264837788e-005 -1.50482052501127e-005 8.41052547199382e-009 3.84552127811666e-008 2.49297622143627e-009 
-1.68451300653288e+005 1.51383313727029e+004 7.81126052587410e+003 -9.64955874043499e+001 -2.66842805221696e+001 -1.41460756333088e-001 1.75543466824528e-002 2.12837266380075e-003 -2.02365052004349e-005 -7.13211580524482e-006 8.09987873505511e-008 2.04184760144303e-008 9.96811527066257e-010 
1.66558188869900e+005 5.15237688177773e+003 -1.14624071987837e+001 -1.47189498767193e-001 -2.31273046255287e-003 3.43505103582075e-003 -4.37671539117036e-005 -9.23701594615683e-005 3.03514767438611e-006 2.68834542362132e-006 -1.44495298787953e-007 
1.12550683224267e+005 3.40129173503454e+003 1.68337420363150e+001 3.43863669755832e-002 -1.90911886779753e-002 1.99590295334254e-004 4.91149627155324e-004 -1.52323412752115e-005 -1.39441635217901e-005 6.84799483608845e-007 4.16591218175991e-007 
3.92050292944144e+004 1.37606690570777e+003 7.49378859757431e+000 2.75807277649249e-002 -1.01398826325175e-002 -2.47615870286497e-004 2.66965854671008e-004 1.44496942954218e-006 -7.76311272540157e-006 8.95235565542774e-008 2.37509226014259e-007 
1.76767160503564e+005 5.05583183559525e+003 -1.23771601826347e+001 -8.42432397768737e-004 3.71840151908784e-003 -1.00369676665483e-003 7.85172703641783e-005 2.14428247232676e-006 -1.65953479472734e-006 2.71577562300562e-007 -1.63587061101403e-008 
1.19487073828817e+005 3.53471139738017e+003 1.64289785782303e+001 -2.66970224055699e-002 6.57965650902792e-003 -6.58231281751537e-005 -7.88151692785610e-005 1.35560253358597e-005 -1.06145156779768e-006 -6.79982319253900e-008 2.87523911954648e-008 
4.20168135149419e+004 1.43551568825209e+003 7.28403257292212e+000 -2.27072227231184e-002 3.00675808331158e-003 7.28067984567008e-005 -5.01801358722139e-005 7.01696843503848e-006 -3.94832638542314e-007 -6.18568387329928e-008 1.70529306245850e-008 
7.07093682560717e-005 1.82100518628330e-006 -3.85475659633261e-007 -1.44447116653365e-007 2.06034305216528e-008 5.03421446027491e-009 -2.24501033858640e-010 -1.95090754210085e-011 7.82739786143933e-012 -3.58716558255974e-012 
1.95233648345722e-005 2.33397110017785e-007 2.20659629028048e-007 -5.13613789675651e-008 -1.40614490644694e-008 1.01963301301986e-009 3.51131517426411e-010 2.01130944850391e-011 -1.34611757084563e-011 -2.23651539513277e-012 
7.21958275791940e-005 8.41063837834073e-007 8.84240381977123e-007 1.61750527978672e-007 -6.93868728821603e-008 -1.77024731728993e-008 1.11294049320897e-009 9.67873200015407e-010 1.05445175978383e-010 -2.88330549213640e-011 
1.94316310605785e-005 -7.11888285465703e-007 -1.35676506378474e-007 1.23194982313807e-007 2.52156861373346e-008 -5.40676058359625e-009 -1.99249015053590e-009 -1.10428677471855e-011 9.55231238287980e-011 1.04543940841426e-011 
7.55646310759767e-005 5.95912567854762e-007 -8.55726180803175e-007 1.93486447758313e-007 5.98205905346460e-008 -2.02746176509009e-008 -3.78824423066517e-010 1.17067601458242e-009 -1.44934135751160e-010 -4.37535705504498e-011 
1.93696333553846e-005 5.90660806035991e-007 -1.84207850021207e-007 -1.05799618414953e-007 3.05732706889231e-008 3.77267086473380e-009 -2.21648576598887e-009 8.92436281640159e-011 1.00799663346301e-010 -1.26332657311842e-011 
7.67099895800331e-005 1.63722535793906e-006 3.50327059519472e-007 -1.39477108055664e-007 -2.06507210351124e-008 3.66119214035936e-009 2.25929957477202e-010 4.50780864896617e-011 1.11130933438324e-011 -4.60609747675069e-012 
1.93276689175440e-005 -1.90861264596025e-007 2.38632784749572e-007 4.28332462584165e-008 -1.29762907034844e-008 -1.06629561046943e-009 1.86373743357882e-010 3.19470143531180e-012 -8.52298205439466e-012 8.22800070277071e-013 
6.03122187423867e-002 -1.71151939014346e-003 8.46183938942397e-005 6.69068953366498e-005 -5.91816732965948e-006 -7.81152033021269e-007 1.38444583321944e-007 6.47841300650569e-009 -1.47055111702854e-009 -2.26317785486205e-011 
3.95585207601036e-001 1.41429118991185e-004 1.66164576417116e-004 -9.98438696891785e-006 -3.01780967903527e-006 3.88925357631411e-007 2.72494902268094e-008 -5.88649682289046e-009 -1.95758443369929e-010 4.78180100482975e-011 
1.80513450107950e+003 9.21563081545111e-001 -8.48555531459452e-005 -6.36860453897819e-005 5.50814797662057e-006 7.34284083582892e-007 -1.27563599802095e-007 -6.03010037196446e-009 1.37259195786567e-009 2.27754758614204e-011 
5.88915467748351e-002 4.83619411570667e-004 3.35107629766274e-004 -2.44606419707349e-006 1.47963328198326e-007 -2.73472430331590e-007 -2.51046167781169e-007 -1.21317591900852e-008 6.35345386492051e-009 1.18010666318226e-009 
3.96605026470636e-001 7.17023630855761e-004 -2.14103573929036e-005 -1.37925858212993e-005 -5.42808538357211e-007 -3.79728817368327e-007 2.91801413659291e-009 1.77841513194785e-008 1.86331094166380e-009 -2.54545466292730e-010 
1.80697567577977e+003 9.19426190488579e-001 -3.24314642798936e-004 3.76820997985976e-006 2.73432278074575e-007 2.60500237601325e-007 2.25017544143069e-007 9.86298144473461e-009 -5.87555108078671e-009 -1.04825843637510e-009 
6.16262857167436e-002 1.82109568934831e-003 -1.85792191974997e-004 -8.74749326431352e-005 2.88645183953795e-006 2.25810554633584e-006 -1.07170493466727e-007 -4.55379689754476e-008 7.42632024748793e-009 3.09646007214532e-010 
3.97248773211590e-001 -2.19010072118136e-004 -1.77758841292697e-004 9.80022042570143e-006 5.70501401415092e-006 -1.60326646100765e-007 -1.33170307147245e-007 1.21381796484084e-008 2.05776420568015e-009 -6.19925559799613e-010 
1.80881287712444e+003 9.18199539362077e-001 1.87189076937224e-004 8.16224446289180e-005 -3.08236327051833e-006 -2.05800996500866e-006 1.05211919533300e-007 4.02628042485689e-008 -6.82999874460512e-009 -2.31905517037061e-010 
6.22513068899690e-002 -1.27414273256874e-003 -2.80966891280035e-004 7.08470246436563e-005 4.09013256682544e-006 -1.41695462484914e-006 -1.47490015460561e-008 1.46820948415234e-008 4.47350157427625e-010 -5.63039228895764e-011 
3.96353227404877e-001 -3.90626139394297e-004 1.43273920835463e-004 1.58818345860845e-005 -4.18432972379456e-006 -1.08236962982574e-007 6.08949540419806e-008 4.66305976693032e-010 -3.92706023711041e-010 -3.79824326983379e-011 
1.81065216935210e+003 9.21154781103992e-001 2.63780611227011e-004 -6.72281127712809e-005 -3.81864397351759e-006 1.31515434997762e-006 1.44661577151492e-008 -1.34784726742613e-008 -4.42590841500746e-010 5.31707884382101e-011 
