5.17176079863312e+007 -2.15484352921740e+006 -1.34658697678496e+006 -3.33087028463785e+004 2.22195900385440e+003 2.55416843504446e+002 1.19561045124786e+001 -1.39899940939319e-001 -6.96207186176037e-002 -5.51309709555338e-003 -1.32175681948737e-004 1.81361134577286e-005 2.45179929638230e-006 1.28042875559389e-007 
-2.15849853635173e+006 1.52597379385624e+007 2.34580248357701e+004 -6.41974004563821e+004 -3.10516750516899e+003 -1.48147216341840e+001 1.11953367307969e+001 1.01230547041190e+000 3.42915423982317e-002 -2.08446217831538e-003 -3.72607136283568e-004 -2.30479024658755e-005 -4.90402301916125e-008 1.28553506635988e-007 
-6.45900411372890e+006 8.37544750471680e+006 1.52089936815553e+005 -3.08424201880893e+004 -1.88907207191135e+003 -3.43852201944757e+001 4.74146022591566e+000 5.55276895439142e-001 2.55340860710972e-002 -5.42159426642581e-004 -1.85349054066180e-004 -1.41918823547969e-005 -2.80302694658203e-007 5.54038145260142e-008 
3.60963696371826e+007 -1.34651281081780e+007 -1.33318768933842e+006 5.07321922789091e+004 7.92284055225936e+003 1.05760396557605e+002 -3.99826543064897e+001 -2.84121814461957e+000 1.18562591663228e-001 2.75988507719327e-002 7.02217143697750e-004 -1.77156309531697e-004 -1.63208605121901e-005 4.82143254914407e-007 
2.55883646218144e+007 1.16435778978842e+007 -9.80297109835472e+005 -9.19475151797483e+004 1.45374777816129e+003 5.19088585504613e+002 1.84222778851647e+001 -2.33090925817665e+000 -2.57487515099929e-001 2.34098344138234e-003 2.10672734693136e-003 1.06365544230784e-004 -1.07856376722814e-005 -1.54967187080523e-006 
9.98306574081271e+006 7.61586494397261e+006 -3.85508491963423e+005 -5.43765345713931e+004 -4.45180701973043e+001 2.66338000714271e+002 1.39850111326838e+001 -9.50718672601961e-001 -1.49838456224447e-001 -1.60975652547314e-003 1.05264396366863e-003 7.51811582312681e-005 -4.07024654494979e-006 -8.77809019786498e-007 
1.80021772807932e+006 -1.97852806785622e+007 -9.59504050955787e+004 1.32802121889958e+005 -7.22210944039130e+002 -7.38671198474753e+002 1.48158635788630e+001 5.05055321961518e+000 -1.89687439196655e-001 -3.82695190333515e-002 2.21395225728948e-003 3.02304460342347e-004 -2.48736202025832e-005 -2.41151952928189e-006 
3.83414507128910e+007 5.71501111286047e+005 -1.61072759228581e+006 6.17079118276598e+003 8.55129815924677e+003 -1.38058726505634e+002 -5.26575104593813e+001 1.74414683969593e+000 3.79208753619720e-001 -2.00089188174245e-002 -2.91521293243230e-003 2.22598425455580e-004 2.28079633577105e-005 -2.45181166760881e-006 
2.03508474850686e+007 2.35613159550492e+006 -8.50512897262416e+005 -1.04670372489596e+004 4.64298285136560e+003 2.80372893217042e+000 -2.96653275017605e+001 4.08294787162118e-001 2.22233676134626e-001 -6.72261731672442e-003 -1.78676890589703e-003 8.75823030949176e-005 1.47619721531614e-005 -1.05983872295469e-006 
-3.41943111253086e+007 -1.52153230385185e+007 1.08582848504535e+006 4.99081478369831e+004 -6.44206525559147e+003 1.66527744782152e+002 2.13631961133272e+001 -2.46829339032839e+000 4.97669199483551e-002 1.22736327783401e-002 -1.27843903820925e-003 1.34372254714477e-005 8.17165659113510e-006 -7.54488417375750e-007 
2.81414222586746e+007 -1.02068160007811e+007 -9.50530756921791e+005 8.15866889177977e+004 2.53599005186323e+002 -3.60703917095440e+002 2.31762081160291e+001 4.05627070546426e-001 -1.71666059877211e-001 1.02650686770317e-002 3.76159948495138e-004 -1.01302604141735e-004 5.26074450165612e-006 3.26049168360839e-007 
1.86330007404066e+007 -3.87531591206427e+006 -6.20311971303823e+005 3.84114568654163e+004 8.03123527876947e+002 -2.09948036382980e+002 1.01667515791374e+001 4.72498822931139e-001 -9.68624336992801e-002 4.21160764389487e-003 3.33442425611613e-004 -5.55088118298522e-005 1.96340389199526e-006 2.52370866575391e-007 
9.96083650577967e+007 8.60432078269743e+006 -1.23930141855913e+006 -1.80856551693133e+004 1.23906887303516e+003 1.15566197470155e+001 -4.27947058957646e-001 -3.63576658917796e-003 2.27522573826703e-005 5.67154375117119e-007 
-3.39937432355026e+007 2.05489409881363e+007 4.11613842123378e+005 -4.20747923160399e+004 -4.36276682654629e+002 2.41269706199561e+001 1.90964240884474e-001 -4.66093961710397e-003 -4.73465681953115e-005 -8.78340784134368e-007 
-2.15912795739838e+007 8.70242852856158e+006 2.63619504505456e+005 -1.77882672284515e+004 -2.74704394748693e+002 1.01254080317817e+001 1.13005329374467e-001 -1.86938526970430e-003 -2.23951794332550e-005 -4.49701344552146e-007 
1.06462437250664e+008 -1.82739953826207e+006 -1.33164927390735e+006 2.99765133082854e+003 1.35978317710957e+003 1.73788770150797e-001 -5.14778638361472e-001 -2.33737657517069e-003 6.58851211760436e-005 1.74758490452159e-006 
8.73949406901819e+006 2.17416513734401e+007 -1.18565136060953e+005 -4.49936496752714e+004 8.05374589318123e+001 2.69498167035767e+001 3.56950434776334e-002 -6.51828232126598e-003 -6.38891656779106e-005 1.43046194612396e-008 
-2.79547295852562e+006 9.89908127315883e+006 3.08962720925388e+004 -2.04355365329414e+004 -4.97886648094766e+001 1.21156753400892e+001 4.86281312486199e-002 -2.78498175401930e-003 -3.29229452493600e-005 -1.04554282345360e-007 
-1.12710765133371e+008 -1.35635218867038e+007 5.55416001158579e+005 1.07785129281326e+004 -2.48844029798162e+002 -2.57857082014490e+000 5.81899365334182e-002 3.50433334644682e-004 3.32514799480012e-005 -3.51322975778258e-006 3.28563503284025e-007 5.29207235137328e-008 -8.17303335095806e-008 
8.60758733429948e+007 -1.44783316858177e+007 -4.29585143585938e+005 1.22105277819791e+004 1.71005392117706e+002 -3.66615677306588e+000 -2.61306639446872e-002 9.57886150349724e-004 -3.62881189443872e-005 -3.81249126297348e-007 4.28729008465441e-007 -2.76483935661556e-007 4.78095337842701e-008 
3.73335413553810e+007 -6.27619581033621e+006 -1.86220614030139e+005 5.29298146687818e+003 7.41297076864492e+001 -1.58956797935005e+000 -1.13970330637682e-002 4.43952256546642e-004 -1.31417115361698e-005 -1.09325632731934e-006 2.33146712019748e-007 -1.26745891683649e-007 1.43136438725752e-008 
-1.35034937433395e+008 -8.67391894312290e+006 6.59422910369664e+005 6.46371558526058e+003 -2.85742445407811e+002 -1.10827409079701e+000 5.96561729195565e-002 1.23366165361483e-004 1.00642620266971e-004 -1.28536698022534e-005 -5.01469210793535e-006 4.79697197777499e-007 1.63881243605524e-007 
5.41755715396338e+007 -1.72881511187813e+007 -2.69152264937771e+005 1.43331779459040e+004 9.31015813356475e+001 -4.04305884728142e+000 -3.77221059343239e-003 9.44254379371268e-004 -6.71616577894893e-005 -8.83409886623924e-006 2.81941498503829e-006 2.89342658713569e-007 -8.46929977758068e-008 
2.35051078048658e+007 -7.49423014349171e+006 -1.16676480273166e+005 6.21313678955425e+003 4.03593593883764e+001 -1.75309017704285e+000 -1.61001879031773e-003 4.56414534725922e-004 -3.15254242290173e-005 -6.60410375860914e-006 1.35824419910250e-006 2.43029990410649e-007 -4.13034025282486e-008 
1.39219369659350e+008 2.58713420546252e+007 -9.86766337373572e+005 -3.32782641789864e+004 5.81455382772817e+002 2.48726720766566e+001 -1.78384004440247e-001 -1.96236243687605e-002 -3.90718126057440e-005 1.60835723994867e-005 2.24774285446069e-007 
-1.37781349536669e+008 2.33770798484972e+007 9.67321646706832e+005 -2.45192033967394e+004 -8.26630007996103e+002 1.02373330784682e+001 6.26378177779101e-001 -1.69533882230332e-003 -5.10446361838950e-004 -4.00786563724462e-006 3.75550037638009e-007 
-6.69234242375973e+007 1.00247812301693e+007 4.70300375976634e+005 -1.03488104009868e+004 -3.94839444749170e+002 4.02465188328481e+000 2.92138219524855e-001 -2.51777963958130e-004 -2.33047113716994e-004 -2.17771114969540e-006 1.63840738247009e-007 
-3.04004766511017e+008 -1.68529070242271e+007 4.02248193605937e+004 3.50289159703773e+002 -7.30120823360122e-001 -1.38690583961092e-003 7.19943762927308e-006 2.78383444444434e-007 
6.59038858031137e+008 -5.82115629707360e+006 -8.74129825514072e+004 1.76762080666208e+002 8.11670128053329e-001 -2.28603582043575e-003 1.23616515090039e-006 -2.53954622095082e-007 
2.89888687470776e+008 -2.08481583405169e+006 -3.84468038600699e+004 6.72383215167349e+001 3.65678286054870e-001 -9.46417884218879e-004 2.71881469505295e-007 -8.53952603923736e-008 
1.41804319261468e+009 -1.45881190102583e+006 -3.13090326043878e+004 -2.69242741996909e+000 5.78321998585999e-002 3.94768698940807e-005 -7.86489590208179e-008 
9.34850592919287e+007 1.22757904646786e+007 -2.07338821579681e+003 -4.57105580160757e+001 -1.36601730724257e-002 4.69500018355035e-005 7.33434469547436e-008 
-2.24636347234151e+007 5.13332298551247e+006 4.91910996084866e+002 -1.87640168179893e+001 -8.12900034171869e-003 1.76417950833446e-005 4.23431976364554e-008 
1.45350341515652e+009 -8.22830512562428e+006 -3.73041231229984e+003 3.26195422605628e+000 1.11042745784486e-003 -3.89059158428171e-007 
2.32043158417903e+009 3.85774104944742e+006 -5.95441015589095e+003 -2.07206689566975e+000 9.59578900716793e-004 4.81160203907802e-007 
9.95727262823068e+008 1.80594765346287e+006 -2.55512789032896e+003 -9.53670859861242e-001 4.03703812957604e-004 2.15803653044651e-007 
4.46776990333140e+009 -2.15909375666890e+005 -3.17552924609806e+003 8.82053640666959e-003 1.91571609458112e-004 3.25136545513335e-008 
1.32595722794205e+008 6.99280566608239e+006 -9.42736884382459e+001 -8.28644486812021e-001 2.36164118717718e-006 2.05586946532148e-008 
-5.69581615737081e+007 2.86756764307303e+006 4.04603504734950e+001 -3.39389450717041e-001 -3.66235952017001e-006 7.23219560237463e-009 
2.89510963227368e+009 6.49937677793505e+006 -1.23159223840946e+003 -2.68192221095484e-001 1.28901330740184e-004 -3.28920087291464e-008 
-3.91951894531690e+009 3.08798753171325e+006 1.66744370979569e+003 -4.79517513486879e-001 2.37856482026925e-005 2.37688121443537e-008 
-2.09545092806502e+009 -9.94575664575771e+005 8.91454320281398e+002 -6.87901971003783e-002 -3.13757756624016e-005 1.55479890591584e-008 
-3.00083172027838e+005 -1.02152392084594e+005 1.74595639788553e+004 7.74525346658118e+002 -1.05708139651788e+002 -3.17386354232119e-002 4.40071474106483e-001 -2.01122005310107e-002 -1.74681019128104e-003 1.89761509816251e-004 4.07378115498987e-006 -1.44019058405738e-006 2.90706116738329e-008 
1.71567674385056e+005 -1.24989070895723e+005 -1.00211053902409e+004 1.31723679357826e+003 2.92445503790897e+001 -6.06316314851304e+000 1.26826543370920e-001 2.51752487102537e-002 -1.77421160662402e-003 -8.88331523703964e-005 1.47739540937207e-005 1.92273847633997e-008 -1.04362788073698e-007 
8.10981328670295e+004 -7.11729084401075e+004 -4.75444662202634e+003 7.39084403984115e+002 1.18931085047123e+001 -3.27191135517684e+000 8.45588006182783e-002 1.28338958823215e-002 -1.02118288318015e-003 -4.08833710506652e-005 8.11627282473736e-006 -4.28985134139955e-008 -5.51910810156090e-008 
-3.53959035403612e+005 4.84799088279175e+004 1.78109765627255e+004 -5.79257246154518e+002 -5.51816605163210e+001 2.80200443527153e+000 -1.08108413581250e-001 -4.91302929407976e-003 9.84431312281898e-004 -3.96073477600040e-005 -1.04642461767781e-006 3.05706895260573e-007 -1.91272759079907e-008 
-1.07877740978119e+005 -1.41423250732799e+005 5.48983392670471e+003 1.09998225930709e+003 -3.82476210812447e+001 -8.07993389119370e-001 1.32582883706834e-001 -1.20115035049337e-002 9.19275248470808e-005 4.35933130860153e-005 -3.68792899399510e-006 9.52087917464943e-008 1.36049214413953e-008 
-7.15356677988558e+004 -7.44223776220771e+004 3.62621691206145e+003 5.72080002359119e+002 -2.26759622428284e+001 -3.34771513646981e-001 6.74852113345519e-002 -6.65547215973822e-003 8.59276699699003e-005 2.20451830197881e-005 -2.02669959362800e-006 6.26288069753741e-008 6.62727590450235e-009 
-1.44907905621990e+005 1.51467258631557e+005 6.94540760066250e+003 -1.15392589513533e+003 -2.31735561637923e+001 8.92253194953611e-001 5.73097113231944e-003 8.22667067473542e-003 5.77841396407380e-005 -1.26652385921525e-005 -3.08913383590703e-007 -8.22019111213121e-008 1.62126536823495e-009 
-3.12760009107001e+005 -5.57170070499852e+004 1.47711858778708e+004 4.34102411187999e+002 -4.47395690299859e+001 -6.08395249778123e-001 -6.18686806004806e-002 -7.95217035119204e-004 4.04521280707314e-004 3.40085164311872e-006 3.85602008192106e-007 -2.16678609835935e-008 -5.23188065511683e-009 
-1.74127566992891e+005 -2.43301422774976e+004 8.23067932316217e+003 1.91175144375553e+002 -2.50419231178493e+001 -2.96868840027866e-001 -3.30513298897628e-002 -1.18353867559778e-004 2.20507122094984e-004 1.36764440236805e-006 1.95467839952896e-007 -1.47916838839421e-008 -2.76239959737092e-009 
1.66447978969923e+005 1.47123419817162e+005 -8.30571335963366e+003 -1.29966586453347e+003 1.32799777171162e+001 3.37806301276193e+000 1.51601173766519e-001 -3.10458327953641e-003 -8.87674064825818e-004 -2.16544619582088e-005 2.63381588159410e-006 2.38964897975542e-007 -1.36298229868320e-009 
-2.99014226784612e+005 6.97465695264618e+004 1.50688887438026e+004 -4.39372930293978e+002 -6.54959160046663e+001 -7.96742382566321e-001 1.07208071805149e-001 1.16016483891177e-002 7.36072966933953e-005 -4.51202319840158e-005 -2.30215447157310e-006 8.96889886411849e-008 1.67962052394190e-008 
-1.54927032127196e+005 4.32040144097112e+004 7.81807503312967e+003 -2.86267121591616e+002 -3.48813037813295e+001 -3.01536069821530e-001 6.37211517785203e-002 6.14367642151144e-003 5.98788919174988e-006 -2.51851173006484e-005 -1.14277786536961e-006 5.75119647931657e-008 9.01554545664846e-009 
3.51375157854989e+005 2.79421412055245e+004 -1.99766270245875e+004 -4.35418053709265e+002 9.43410413084341e+001 3.10144305793486e+000 -2.37371455969509e-001 -1.45136137404123e-002 8.41248366665057e-004 6.19882298413865e-005 -4.85586815412920e-006 -3.53509476026182e-007 2.82468107317793e-008 
-6.81670391514048e+004 1.51580322392041e+005 3.70036652538226e+003 -1.38208569821045e+003 -3.53875356915275e+001 4.22591056794662e+000 1.97220812341002e-001 -1.11588872459296e-002 -8.30824882903663e-004 5.41221421447912e-005 4.04397328061826e-006 -3.24044206238994e-007 -2.56010190642962e-008 
-2.33584042657646e+004 8.28516040462610e+004 1.23884014420216e+003 -7.62669221613022e+002 -1.55266950899954e+001 2.40075831429403e+000 9.74649831044360e-002 -6.57942574996687e-003 -4.16635593134894e-004 3.15761302693012e-005 1.99889292910640e-006 -1.88370274565357e-007 -1.27476771036352e-008 
2.50595227627983e+005 -1.24826616229905e+005 -1.53201122668924e+004 1.18820037589523e+003 8.52368678587448e+001 -3.91737565110050e+000 -2.31113538361829e-001 8.91453028166601e-003 2.15268846882746e-005 -2.31544506135482e-005 4.45578180161668e-006 7.94720038965469e-008 -3.09642576358421e-008 
2.10173100320766e+005 1.12660327913121e+005 -1.30202659624399e+004 -1.14789534692953e+003 6.46303426056004e+001 4.28812330506633e+000 -1.64091385939309e-001 -7.39938410173696e-003 3.83834199752102e-004 -2.99494942096721e-005 -1.26353240274716e-006 3.56636524299749e-007 3.82810596748525e-009 
1.22994556344626e+005 5.60378885320743e+004 -7.61065872302327e+003 -5.74439207450551e+002 3.81471465327035e+001 2.16659248464435e+000 -9.74657157664570e-002 -3.65874857412575e-003 2.08216510810812e-004 -1.70369011752926e-005 -5.12707647128881e-007 1.95532011488401e-007 8.87955212820489e-010 
-6.50007698157348e+004 -1.74655778795013e+005 3.79477176212223e+003 1.71078287558785e+003 -2.74446515314185e+001 -6.17992982120605e+000 7.99595599030366e-002 1.66710798777991e-002 3.30019428240179e-004 -4.62614899156783e-005 -5.62272203849682e-006 1.23660105882406e-007 3.98402729234113e-008 
3.03365655063812e+005 -2.41814037273427e+004 -1.86101853450523e+004 3.02080798296870e+002 9.80643919635464e+001 -1.44382972389767e+000 -2.86656626944732e-001 6.71203768047434e-004 7.59954131487803e-004 4.73330421590736e-005 -2.08916887832334e-006 -4.42365373628919e-007 3.15094916004958e-009 
1.61246229200571e+005 -1.97162244197432e+004 -9.89924780883488e+003 2.28409197430500e+002 5.18993638261538e+001 -1.01614206982487e+000 -1.51763822891196e-001 1.00261316591798e-003 4.23010502978870e-004 2.37715176558105e-005 -1.34289182145659e-006 -2.34045336496812e-007 3.22458826638939e-009 
-3.29505689032834e+005 -7.75864140219144e+004 1.83702599798204e+004 5.37899833794671e+002 -9.77423150209025e+001 1.90652886236759e-001 3.17642816528406e-001 -9.79651704882725e-003 -1.19534754464036e-003 6.25973010640457e-005 5.55375570500022e-006 -4.32883845415196e-007 -2.57572203210307e-008 
1.33612922777372e+005 -1.36243694911837e+005 -7.57669289387011e+003 1.33099248239370e+003 1.84960055177738e+001 -4.99224527102918e+000 7.89472670713137e-002 1.67335074592499e-002 -6.82061167226604e-004 -7.18214275652510e-005 4.41134372990427e-006 3.44395643714312e-007 -3.20255823955808e-008 
5.95408583684005e+004 -7.64852415536589e+004 -3.38613821570031e+003 7.39036305987716e+002 6.23915978497069e+000 -2.68877211238129e+000 5.47791731188559e-002 8.66106051760499e-003 -4.13984999749779e-004 -3.63758856792287e-005 2.59403921142909e-006 1.69339818132189e-007 -1.82725048422344e-008 
-4.17155725707792e+005 8.48649586648472e+003 -4.68319350490397e+000 -3.06151907553046e-002 -1.62333593693062e-002 -1.62124502509356e-003 4.91750712559290e-005 4.09238912790612e-005 4.85544068892959e-006 -2.72742657116295e-007 -1.61702177743706e-007 
-7.65001468558602e+005 6.61244304901383e+002 2.17132726639724e+001 1.58751219402718e-001 5.34774513172620e-003 -1.23580563733797e-003 -2.52295335332308e-004 -1.03900790646116e-005 4.24405144263120e-006 8.47445635687883e-007 2.42544499934126e-008 
-3.11082695047307e+005 1.05141961498320e+002 9.15886520285944e+000 8.01275875799443e-002 4.46404404834487e-003 -4.88645872980705e-004 -1.39817912114232e-004 -9.79287829898472e-006 1.76393389923227e-006 4.83687238511009e-007 2.97181586285209e-008 
-4.00224747600786e+005 8.44285961443742e+003 -6.56190402669539e+000 -1.97928816513458e-001 1.17301337020637e-002 1.51765796629743e-003 -4.43502096734490e-004 1.35613225926652e-006 1.18987318769142e-005 -1.07343300697851e-006 -2.43672850438721e-007 
-7.63500157867139e+005 8.41087964554387e+002 2.28874681051372e+001 -2.52296236863455e-002 -1.31029154678971e-002 2.29124959007447e-003 8.45949859128165e-005 -6.61004783118685e-005 3.73263086005952e-006 1.49815292480226e-006 -2.47279786533635e-007 
-3.10796244879240e+005 1.81939563814869e+002 9.88194131020987e+000 -1.39012368056114e-003 -8.20837743878941e-003 1.07134138752280e-003 9.11937321096218e-005 -3.54533059339206e-005 7.60746718598738e-007 9.14291988303137e-007 -1.06841774240690e-007 
3.46992609427302e-005 -1.18855863792158e-006 -2.22330042138073e-007 2.68791620596710e-007 -1.23811641894657e-008 -1.17467918457407e-008 2.26730225074723e-009 6.56359714507919e-011 -1.14324531443657e-010 1.52276251071176e-011 
4.19673081019073e-005 4.79994872287587e-007 -3.53908331318274e-007 3.13306412654823e-010 2.83828395061398e-008 -3.12830781415353e-009 -6.69877432629883e-010 2.47718712783101e-010 -1.10807079319613e-011 -9.41943351801818e-012 
3.46102609907038e-005 1.18487649735908e-006 -7.55255764235343e-008 -1.95933773724077e-007 -5.72831715402592e-009 5.54358634220129e-009 8.35025463192992e-010 6.11032819862993e-011 -3.16384176115406e-011 -6.69763524279908e-012 
4.22582205083920e-005 4.31735711468655e-007 3.02932175393266e-007 -6.49957230235126e-009 -1.84108915600092e-008 -8.93206845977202e-010 1.54285753846994e-010 4.63537398356241e-011 1.37046230509720e-011 6.74421957212712e-013 
3.40303265175039e-005 -1.24817197255148e-006 5.29344509092163e-007 2.59940353497964e-007 -4.06864112371718e-008 -1.64824475758379e-008 1.22013349857820e-009 5.48883906120137e-010 -3.10541435129957e-011 -1.23223586040253e-011 
4.31662264827445e-005 -1.70165165352112e-007 -3.26126480590265e-007 7.75935334672935e-008 3.26080676198373e-008 -3.50638029031821e-009 -1.43481334175317e-009 9.13825215911330e-011 3.67408601507826e-011 -3.11613821545373e-012 
3.44052508928763e-005 7.71620482662912e-008 -9.32365322388774e-007 -3.85848807388883e-008 8.41939990051283e-008 -1.12583327712982e-009 -3.60131086023207e-009 1.45592494142233e-010 1.10157420716671e-010 -4.70032335116615e-012 
4.34510345775182e-005 8.55294896404733e-007 4.89957940420362e-008 -1.38856960505238e-007 -2.33862915274026e-011 8.22442745022463e-009 -3.19039812242346e-010 -2.87480828839066e-010 1.54833999092273e-011 8.29483479059955e-012 
2.65520931041201e-002 8.41750245508102e-004 -4.94797988129065e-004 -4.59953204080043e-005 9.98172887603746e-006 1.49409804475840e-006 -1.69438120388068e-007 -2.17579224670429e-008 4.60777643519176e-009 -1.52481238098665e-010 
3.83989459145041e-001 -7.31227880490877e-004 -7.27124515534193e-005 2.92326515250009e-005 3.39401651454606e-006 -4.54457097180541e-007 -7.70411622966971e-008 1.06383974761848e-008 4.80440083400998e-010 -2.70727717628727e-010 
4.75615138807085e+003 9.19131780861013e-001 4.71240282408384e-004 4.20667614118948e-005 -9.49032487667153e-006 -1.35921858894760e-006 1.57371259768018e-007 1.94928626311996e-008 -4.18882615354911e-009 1.49988344208100e-010 
2.48856242577689e-002 -2.01329041302950e-003 7.00781475124940e-005 1.03606030253770e-004 -2.93348232552435e-006 -1.87678412477910e-006 2.83920246855555e-008 2.03985814572944e-008 9.95228006849692e-010 -4.87366862116073e-011 
3.83111418016979e-001 1.10289365113764e-004 2.16204103605011e-004 -5.88250785251856e-006 -5.52900754910736e-006 1.37309658312578e-007 7.70194377894874e-008 6.81972275296205e-010 -5.29097295044006e-010 -7.64036419447691e-011 
4.75799281039124e+003 9.21816988207820e-001 -6.96033557161221e-005 -9.76684561928555e-005 2.77548642878990e-006 1.75406030124490e-006 -2.54969241357977e-008 -1.89717016955704e-008 -9.45672238552711e-010 4.58256458936045e-011 
2.36239409632745e-002 1.01855807688451e-003 3.94844570937671e-004 -4.44159516404595e-005 -1.90298431210717e-006 1.36788907529279e-006 -1.52060887528252e-007 -3.37317980460194e-008 3.89416287816692e-009 6.07501348183880e-010 
3.84216520702731e-001 7.31692219207786e-004 -7.87194187189908e-005 -1.75394036079791e-005 2.97340719106584e-006 -1.83486568231401e-007 -8.31433279056267e-008 9.83068376988719e-009 1.79137358494749e-009 -1.96330070626794e-010 
4.75983380767006e+003 9.18928299456840e-001 -3.75769380899166e-004 4.23519538564738e-005 1.95573852210021e-006 -1.28198845566693e-006 1.39275750640884e-007 3.14193184678689e-008 -3.60799030011103e-009 -5.66821567088351e-010 
2.71238573978570e-002 2.01514165458557e-003 -1.80038508517279e-004 -6.75218972367281e-005 -3.25490555181447e-006 9.90533819211304e-007 2.45666348296598e-007 -1.81865629526154e-008 -5.86582056949296e-009 4.06512484733230e-010 
3.84687574508338e-001 -3.26007700874603e-004 -1.58022385739877e-004 3.59651908472389e-006 3.18653231859213e-006 4.46353870924823e-007 -4.71115673818430e-008 -1.52006248129247e-008 1.04189815883069e-009 3.11157213594162e-010 
4.76167029237099e+003 9.18005413976200e-001 1.76489220177831e-004 6.35471257715607e-005 2.80083975702075e-006 -9.28589407471513e-007 -2.24946990574422e-007 1.70030192898218e-008 5.39209286279982e-009 -3.81841743539072e-010 
