-3.23479989977824e+007 -1.58989428849947e+007 1.03323847961988e+006 5.83205293136848e+004 -6.66832726751172e+003 1.19751421189002e+002 2.69893491010950e+001 -2.54157530294008e+000 8.28122032665888e-003 1.63596913084848e-002 -1.26030719366118e-003 -2.39552482022766e-005 1.11624220381642e-005 -6.76720697397002e-007 
3.12483178597814e+007 -9.57280692160887e+006 -1.02853285062906e+006 8.08255440779399e+004 8.68298705062920e+002 -4.03776455182083e+002 2.17111809037792e+001 8.81989626593466e-001 -1.98674149850263e-001 8.42814323046527e-003 7.64621756599947e-004 -1.17883247398112e-004 3.22279550587076e-006 6.47390913846046e-007 
1.98779808933864e+007 -3.46569525980404e+006 -6.56535058888682e+005 3.71314729740097e+004 1.15503682216140e+003 -2.28107940804984e+002 8.80045850387324e+000 7.34596801942793e-001 -1.06989048217592e-001 2.80654087748912e-003 5.39091666897997e-004 -6.04896881596009e-005 5.64583794781849e-007 4.15978715802886e-007 
-5.47434800858953e+007 -6.34015332975395e+006 1.23003872870880e+006 -1.37975666507989e+004 -2.21878330991887e+003 1.89611534213136e+002 -8.20490074145460e+000 -4.05124630523582e-002 3.80265475202808e-002 -3.31072136085076e-003 1.32481080596039e-004 3.38044065727076e-006 -9.84069461299887e-007 7.86672800862918e-008 
6.82651528334947e+006 -1.41112538231365e+007 -1.49055781406024e+005 5.80837819959622e+004 -2.33331478694736e+003 1.34774691823973e+001 7.10989236912559e+000 -6.67508707714638e-001 2.96476738684875e-002 2.53639468013023e-004 -1.61837002144026e-004 1.41558090058300e-005 -5.59117560428778e-007 -1.71674579670007e-008 
9.15349131729264e+006 -6.88090611386143e+006 -2.07121787916587e+005 3.24582419220174e+004 -1.01645999499091e+003 -1.24543546013748e+001 4.64853635772753e+000 -3.52380174281514e-001 1.18960148781083e-002 4.78660598124072e-004 -1.00184244092626e-004 7.21153454737299e-006 -1.96676728091882e-007 -1.73244562559126e-008 
-5.83850034191487e+007 2.45738607657905e+006 9.44490840587794e+005 -2.86288854701543e+004 -1.14852508218616e+002 4.13796235434310e+001 -3.45904214995626e+000 1.69820743588301e-001 -5.31421837326323e-003 -2.90589390343907e-005 1.85738968558747e-005 -1.59893290733945e-006 8.76226688561545e-008 -2.90303211303851e-009 
-2.07926438951249e+007 -1.30937913836118e+007 3.49857203025941e+005 2.76030190740570e+004 -1.37222758785794e+003 5.23790273929020e+001 -1.02853603963851e+000 -5.08550691068559e-002 6.98674864978976e-003 -4.71195358662952e-004 2.09209367335472e-005 -4.34712032185531e-007 -2.73877022497429e-008 3.96535139441809e-009 
-5.22290920709416e+006 -7.24927090739378e+006 8.89932067644314e+004 1.77128901086283e+004 -7.21132379897125e+002 2.36914651023439e+001 -1.90895960824769e-001 -4.47691327208413e-002 4.28312691016466e-003 -2.48697975388753e-004 9.25057083247612e-006 -6.64825971160101e-008 -2.37129044092328e-008 2.41917358342792e-009 
-4.69971591607617e+007 8.64815628140843e+006 6.06239812556143e+005 -2.70671090448255e+004 1.75178256776791e+002 -1.97298526131851e+000 -7.40462024589785e-001 4.28132651636775e-002 -2.19641357322968e-003 8.33981336285698e-005 -2.18292764301278e-006 5.17173242632429e-009 4.52190902970902e-009 -3.75232144959695e-010 
-4.33496141255559e+007 -9.27343707807215e+006 5.79016839543304e+005 1.25046765962419e+004 -6.05203262037465e+002 2.48988708507725e+001 -9.71418743569703e-001 1.99147381012566e-002 -9.58563150477713e-005 -4.32627054987361e-005 3.25808011386415e-006 -1.82801080397427e-007 7.66876066126343e-009 -2.36251751472924e-010 
-1.84529439850120e+007 -5.85014308662798e+006 2.46470161325463e+005 9.48554500791095e+003 -3.41454561314961e+002 1.35053573152262e+001 -4.42175793418421e-001 6.20059628778086e-003 1.76460913955191e-004 -3.17552954954284e-005 1.96672133219755e-006 -9.81875641216250e-008 3.62789726378882e-009 -8.73095759408667e-011 
4.77053528699858e+007 2.12741460511698e+007 -6.02837839451608e+005 -4.35390894895044e+004 6.17821170190510e+002 2.48847689821964e+001 -2.38064070142193e-001 -4.74750673284267e-003 3.52618693586373e-005 -7.76822813460544e-007 
-8.54903859779562e+007 1.03535917372112e+007 1.06717694306287e+006 -2.14560646444529e+004 -1.06542729493843e+003 1.28978985737397e+001 3.65968386294958e-001 -3.20072777675248e-003 -1.77804493331730e-005 1.06442203815498e-007 
-4.15448616728823e+007 3.31246347182678e+006 5.18324440414672e+005 -6.89940903992075e+003 -5.18484980634515e+002 4.22891408930320e+000 1.79733055553128e-001 -1.13971529233218e-003 -1.02366536028850e-005 9.69871303575736e-008 
8.39186108650318e+007 1.45652062172188e+007 -1.05069636266220e+006 -3.00260333216680e+004 1.04817207432914e+003 1.76803207010074e+001 -3.58846849632079e-001 -3.98063789641185e-003 1.65766362312536e-005 -1.28652995568580e-007 
-5.72508979974333e+007 1.75938692259739e+007 7.17395536844120e+005 -3.59936618018417e+004 -7.27237313160653e+002 2.05384313787697e+001 2.67678210929545e-001 -3.88346101717905e-003 -2.94911376439001e-005 -6.58150001807039e-007 
-3.11299038570184e+007 6.99475357202464e+006 3.89276028669773e+005 -1.42956758136017e+004 -3.93544550534665e+002 8.12268504591855e+000 1.43149560373525e-001 -1.49554953644220e-003 -1.43204297729642e-005 -2.87915138466644e-007 
-1.17104457271681e+008 -1.29359128762070e+007 5.73477112978104e+005 1.02021642649179e+004 -2.56067880137403e+002 -2.37155134186428e+000 6.21662048520774e-002 1.40185146587587e-004 -1.01990540542981e-004 8.49423684746080e-006 3.28779719107132e-006 -6.29084668296902e-007 -1.06815223886569e-007 
8.34223543562034e+007 -1.49649037586666e+007 -4.08397885853247e+005 1.25923811014421e+004 1.60441986393653e+002 -3.74910849410738e+000 -2.45129838200963e-002 5.37556118569461e-004 6.05902048428541e-005 8.59646426660021e-006 -3.39570360934240e-006 -1.11564658940499e-007 1.59529483028802e-007 
3.61824192400060e+007 -6.48692936337491e+006 -1.77041317905232e+005 5.45873012094341e+003 6.95507497057800e+001 -1.62555730638128e+000 -1.05144204252746e-002 2.59420456970945e-004 1.79806028598417e-005 2.76974895070812e-006 -1.01311510164048e-006 -3.99007911810967e-008 4.76427781410754e-008 
-1.38051995819446e+008 -7.93112448598835e+006 6.70015798515293e+005 5.80593105591499e+003 -2.88737480124850e+002 -8.92810546687034e-001 6.27415391301492e-002 -1.86914222906793e-004 -1.33292727042132e-004 -7.55401987009694e-006 6.28019380356150e-006 1.01344794338916e-006 -2.98300028075476e-007 
5.07308148309419e+007 -1.75898805274012e+007 -2.44443596969192e+005 1.45355478428556e+004 8.14998080643947e+001 -4.05117527642510e+000 -2.32460224088687e-003 4.39541763328757e-004 1.95756936101353e-005 1.74728703705182e-005 6.96969448216162e-008 -1.00500516683489e-006 -8.88151571034579e-008 
2.20113404116349e+007 -7.62486674320693e+006 -1.05967938996255e+005 6.30109697988475e+003 3.53297530178337e+001 -1.75625662922759e+000 -8.60764825436711e-004 2.03298945120594e-004 -1.94989995060641e-006 6.15637570925064e-006 5.29485694771943e-007 -3.09904391389995e-007 -5.79411998643245e-008 
-3.94698096862659e+006 -3.21625030142381e+007 1.33033436573815e+004 2.61156183829016e+004 -2.41581677799171e+002 -2.36943056841202e+000 1.35908727315864e-001 -3.12407701368689e-003 2.18540627294328e-005 1.24493980404704e-006 -2.28560317396490e-007 
2.13364291384558e+008 1.89207153255413e+006 -1.04129065009529e+006 4.73573195057889e+003 3.50904230975378e+002 -6.41467323920954e+000 6.59463608218939e-002 1.14128001777215e-003 -5.82519843523647e-005 6.70826064032178e-007 -3.01484744852820e-008 
9.79428958612727e+007 1.73613854595385e+006 -4.77973109344708e+005 1.46750206873841e+003 1.67470338243949e+002 -2.87833556684153e+000 2.65759668220662e-002 6.09264088959019e-004 -2.75083754786070e-005 2.46150477083639e-007 1.45511426223806e-008 
4.96378349978495e+008 1.34323338203062e+007 -7.18757178183415e+004 -3.60981720482897e+002 6.55196631061834e-001 4.06188400727232e-003 4.37937467165859e-007 7.62355871510608e-008 
-5.22579953999545e+008 1.17699545990205e+007 7.56119895433405e+004 -2.44860156430867e+002 -1.17129429686498e+000 8.28195873843104e-004 1.28520841887432e-005 4.63803486380937e-008 
-2.36077732395412e+008 4.71806331945447e+006 3.41590574182695e+004 -9.61694709950261e+001 -5.17987157260596e-001 2.56323321911396e-004 5.43309046091072e-006 2.00895015041034e-008 
8.51921450363949e+008 1.02153788736293e+007 -1.63082154711324e+004 -3.44629400801297e+001 1.58645438401262e-002 1.16088711972904e-005 2.02171014908282e-008 
-1.11817914479614e+009 7.18277696431052e+006 2.14136127546399e+004 -2.00984059239552e+001 -3.51870854832616e-002 4.71937742179381e-006 2.13978379127117e-007 
-4.98556694825966e+008 2.52679198142240e+006 9.54728944311672e+003 -6.80797607232694e+000 -1.52553733050327e-002 8.67265880845359e-007 9.10394507415906e-008 
2.27683131219877e+009 -6.07470048602487e+006 -5.59080737062501e+003 2.17505827673398e+000 1.21585527958974e-003 -1.35905525873314e-007 
1.73938194552323e+009 6.20775984985016e+006 -4.27031577277388e+003 -2.78351304439204e+000 5.37322460928613e-004 3.61432550529813e-007 
7.29599732033308e+008 2.80474007908389e+006 -1.79120839457371e+003 -1.24983241696363e+000 2.17720299266556e-004 1.59867621095257e-007 
4.41004693554506e+009 1.22458079030081e+006 -3.12250874344992e+003 -1.65594036850107e-001 1.85392144643801e-004 8.55753461022068e-008 
-6.62132644158566e+008 6.90699946407295e+006 4.68565166492847e+002 -8.12206350566027e-001 -2.77974778163073e-005 2.58361859079017e-008 
-3.80807806895687e+008 2.79658700954071e+006 2.69520761083663e+002 -3.28337145906286e-001 -1.58548427713224e-005 8.83413876281194e-009 
2.12393997733909e+009 7.01274612779958e+006 -1.00547947113937e+003 -3.95849854352893e-001 1.52859444655949e-004 -5.89382109620530e-008 
-4.22534050460960e+009 2.25196122204990e+006 2.00056905962711e+003 -4.89034613820204e-001 -1.53932368094247e-005 6.45773722865189e-008 
-1.95853669827081e+009 -1.41016826397136e+006 9.27313080349399e+002 -3.30595572233179e-002 -5.24350509456407e-005 3.03344243068411e-008 
-2.25925848100457e+005 1.33416519197841e+005 1.40227702998468e+004 -1.34233271241707e+003 -7.11033142453029e+001 4.92619314814934e+000 1.59463532103885e-001 -9.09158688769415e-003 3.55704873006436e-005 -2.52754305111933e-005 -2.53428250725736e-006 3.45153789839137e-007 1.30888041223491e-008 
-2.49247816564945e+005 -1.00919952547018e+005 1.54172579016141e+004 9.74757485952686e+002 -8.36267553569775e+001 -3.16509685423730e+000 2.24666911747703e-001 4.05517709601516e-003 -1.06155944841678e-004 2.00557567462218e-005 -3.45205065186468e-006 -1.72474805133037e-007 2.42871880458994e-008 
-9.19548233047508e+004 -5.88147122551925e+004 5.68505278635915e+003 5.75414232723611e+002 -3.13069372769316e+001 -1.92788808951595e+000 8.71342659586376e-002 2.75268018254323e-003 -5.18935908367335e-005 1.15401141203970e-005 -1.33087947370309e-006 -1.12083387698950e-007 9.82351633320751e-009 
9.39351919599981e+004 1.70203679359248e+005 -5.24291557219626e+003 -1.57960697946524e+003 4.20886883057300e+001 5.04131834750088e+000 -1.83693072855236e-001 -1.39113319416904e-002 4.17584920075791e-004 7.04259657043379e-005 -6.82788670823435e-008 -4.57459509579603e-007 -3.68024380012799e-009 
-3.08637696885622e+005 4.37155550560183e+004 1.80339670739775e+004 -5.46163701774969e+002 -8.64925309911509e+001 2.93544723460630e+000 2.23632907738159e-001 -9.39991483164183e-003 -8.23817141330397e-004 1.42647497849195e-005 5.19703156611327e-006 1.09488651148232e-008 -3.25617797741852e-008 
-1.49642377166828e+005 3.69800722303174e+003 8.74561349715689e+003 -9.69387429235770e+001 -4.36526752609304e+001 8.51420004101427e-001 1.20188756012742e-001 -2.95016826698820e-003 -4.17524851013157e-004 -2.57501617250117e-007 2.38358269090164e-006 4.90906520629010e-008 -1.45331946195604e-008 
3.44241069919231e+005 6.95317049316078e+004 -1.78503749879841e+004 -4.21152864970984e+002 8.23461405419809e+001 -9.84310543315199e-001 -1.78778245664756e-001 1.32210019335234e-002 2.74549327002266e-004 -6.58771705807426e-005 7.52195272307183e-007 2.97294707999248e-007 -1.49993051217766e-008 
-1.10528148900424e+005 1.43997309028669e+005 5.72195957426366e+003 -1.29439832129638e+003 -4.76152248950503e+000 3.68260219310866e+000 -1.45159314104558e-001 -6.32044689231020e-003 8.90357621243320e-004 1.66155601460015e-006 -4.04028031127632e-006 1.31969701908615e-007 1.67518940075249e-008 
-8.29922390581930e+004 5.92169934628723e+004 4.33093877747812e+003 -5.51936537271482e+002 -1.01980645973541e+001 1.77998430308656e+000 -4.89054470392161e-002 -4.16747898726851e-003 3.80656608521919e-004 7.12582125433596e-006 -1.92041137528631e-006 3.16596833468488e-008 9.10668717141424e-009 
3.38743956050453e+005 -7.34838294251766e+004 -1.60677803393769e+004 6.26668660527904e+002 4.75704547836869e+001 -1.46254992764406e+000 7.56136070305693e-002 1.09096433391734e-003 -5.12873150968634e-004 1.00629131122539e-005 1.12304788568083e-007 -8.50951419838766e-008 5.49783480440326e-009 
1.76001014892385e+005 1.30628461192159e+005 -8.49020624718244e+003 -9.80023675240435e+002 3.38045496347468e+001 6.32387774775187e-001 -4.34967093797219e-002 7.88530235370123e-003 -5.69180836447972e-005 -1.70178322333767e-005 1.00432978509479e-006 -5.03598794732118e-008 -4.12800263823756e-009 
4.86186691242703e+004 6.67901398784839e+004 -2.35368343355716e+003 -5.10042425162209e+002 1.08644625832867e+001 4.36378751683221e-001 -2.69750625505980e-002 3.50125774799875e-003 2.34337623683638e-005 -8.77262622515255e-006 4.46865429567508e-007 -1.48696817973562e-008 -2.41847462175110e-009 
9.50776478584350e+004 -1.60659847361634e+005 -4.67048834729850e+003 1.23316944730394e+003 3.05719850764388e+001 -8.59846750482361e-001 -8.09813788139876e-002 -1.10146138310049e-002 -2.17739561419021e-004 2.19015417835059e-005 2.34123799224302e-006 1.50470947537936e-007 -1.04404108419021e-009 
3.39194077471350e+005 2.57910591523480e+004 -1.65877830796370e+004 -3.28936462881832e+002 5.09969836113637e+001 1.60470023383077e+000 8.24410096844799e-002 -1.57925398096918e-003 -6.17043332032893e-004 -2.67968669667521e-005 -4.08109349793160e-007 1.08393103998014e-007 1.23025726584387e-008 
1.46465641567571e+005 2.70298033688586e+004 -7.16888339129172e+003 -2.69652484521328e+002 2.05351631180542e+001 8.26885803851774e-001 4.55211032028168e-002 3.14518954182043e-004 -2.63179538064064e-004 -1.44334115748806e-005 -4.08939976401166e-007 3.56346009448722e-008 5.75914040296944e-009 
-2.12487913122276e+005 -1.33030156653787e+005 1.18688868991890e+004 1.37753825326612e+003 -2.90070486578970e+001 -5.73650841366472e+000 -2.06238022262859e-001 1.59362385414832e-002 2.11139697401506e-003 1.76424110246315e-005 -1.16989971179114e-005 -7.74779690175397e-007 3.31982011094984e-008 
2.57250787947944e+005 -1.05963637948936e+005 -1.43909607103623e+004 7.86736906118478e+002 8.48942946687467e+001 2.43554848937554e-001 -3.01433490869928e-001 -2.09919859208480e-002 5.49985639066507e-004 1.51567513666795e-004 4.91058327835012e-006 -6.81530930141946e-007 -7.16852259485406e-008 
1.37896779438206e+005 -3.61125165438095e+004 -7.74162395463768e+003 2.30478848910750e+002 4.18911503087056e+001 6.59459818475317e-001 -1.19367082777155e-001 -1.11769648961972e-002 5.28594500833287e-005 6.80921280542879e-005 3.36976772847168e-006 -2.40215879662372e-007 -3.61386512978889e-008 
-3.42928318976467e+005 1.09083072993061e+004 2.16434709305412e+004 -1.40720913079417e+001 -1.28867170809349e+002 -8.05761526996197e-001 5.76425737705589e-001 4.80062707004118e-003 -3.36027298448015e-003 -9.06652533657903e-006 2.35414852966257e-005 -7.21184156165819e-008 -1.76639046086368e-007 
-2.53625331854968e+004 -1.63047168573654e+005 1.76400587960156e+003 1.68824666351560e+003 -3.34917239029385e-001 -7.76482742061847e+000 -4.36089215460282e-002 3.89418555336289e-002 1.08423382129528e-004 -2.53370583172018e-004 9.38981092329730e-007 1.84773761350538e-006 -1.66170769275498e-008 
2.03142348872240e+004 -7.60016696310006e+004 -1.23721871707610e+003 7.78702454936544e+002 1.21468094746856e+001 -3.49981896250367e+000 -7.50095212199240e-002 1.74684367219243e-002 3.69017848707750e-004 -1.15733745498883e-004 -1.80086181416884e-006 8.57136647508344e-007 9.10214172561598e-009 
-1.71280087705367e+005 1.51469519812845e+005 1.06979633449538e+004 -1.58107115602985e+003 -4.24674290390635e+001 6.63217135842844e+000 -5.52799856301986e-002 -1.84985017650013e-002 1.51249387372615e-003 -7.25432716887409e-006 -9.95865822657066e-006 6.51820212635366e-007 2.62832286538532e-008 
-2.80306251703108e+005 -7.85940229325356e+004 1.75261283385508e+004 6.79122180075870e+002 -1.01546808604711e+002 -8.65293317009086e-001 3.38135736170449e-001 -1.28967543874034e-002 -5.49313530545669e-004 1.21593180751868e-004 -4.73011838172369e-006 -5.34133771539525e-007 6.08580871968315e-008 
-1.13098775689842e+005 -5.04018506239019e+004 7.06452452124732e+003 4.63426333251967e+002 -4.27330443352626e+001 -1.03405112467557e+000 1.60855527146132e-001 -4.16508127316879e-003 -3.96071770733033e-004 5.66206754021283e-005 -1.23301867985405e-006 -3.07615743695475e-007 2.55131532073515e-008 
-1.03610122853929e+006 -7.84911434106838e+003 1.71070205011480e+001 9.73041001534192e-002 1.12162108620551e-002 -1.29078993107506e-003 -1.61148277196720e-005 2.62873730564199e-005 -3.91309369743421e-006 7.86350909477585e-008 7.61139404689119e-008 
7.83684078787702e+005 -6.85733124304568e+003 -2.06239668762023e+001 -5.38349763441196e-002 6.12668329747768e-003 7.99561741280120e-004 -1.91325028243691e-004 1.42862696777794e-005 1.59074919005936e-006 -5.85509877667511e-007 5.93714037530883e-008 
3.58424416289570e+005 -2.69857944634935e+003 -9.29764089662629e+000 -3.79977512058725e-002 1.94973206961868e-003 5.60703733143770e-004 -1.00463054848097e-004 4.90607114078265e-006 1.25544199092839e-006 -3.18208596945392e-007 2.38208474943660e-008 
-1.05165780134967e+006 -7.70610862952952e+003 1.87022136926672e+001 1.36253652191514e-001 -1.99875558217875e-003 -1.13509995753202e-004 1.92546181268840e-005 -2.00810400277739e-006 1.70774265780772e-007 6.25177484158972e-009 -3.09852433536543e-010 
7.69803742806429e+005 -7.02298180256413e+003 -2.06036309356826e+001 4.88299237704364e-002 4.09174863392116e-003 -2.41348998370308e-004 1.18099080245790e-005 -1.16676566837307e-007 -8.03265747509620e-008 7.99120901032023e-010 -1.62469744178562e-009 
3.52952016094448e+005 -2.77395267062595e+003 -9.45720972748553e+000 1.03003406724270e-002 2.24558580099114e-003 -1.15646509745724e-004 4.38288189820671e-006 1.44923953472696e-007 -6.05416857365595e-008 2.48983341777403e-009 -8.43679260271953e-010 
-7.40556822837108e-005 1.33321519754576e-006 3.90595108534340e-007 -2.59141180699328e-007 -3.67260432955419e-008 1.54344200462140e-008 1.17843999720404e-009 -4.72668309541713e-010 -2.71154295462397e-011 7.97704697360642e-012 
1.07575220997771e-005 2.02503924471569e-007 2.87641282670298e-007 6.86312708435811e-008 -2.94642898153420e-008 -3.30766701900004e-009 1.22464889171102e-009 7.57943064507005e-011 -2.53838630355221e-011 -1.23357939813861e-012 
-7.40735615887951e-005 -1.74659771746024e-006 -7.56894868252314e-008 2.06164478182304e-007 -1.01974402236906e-008 -6.35022768750332e-009 1.09159319913610e-009 -4.10602470604971e-012 -4.44331070647321e-011 4.36551254344767e-012 
1.21248006976110e-005 5.59752076426458e-007 -2.95109976867913e-007 4.72148716280801e-009 1.82712843306271e-008 -1.64525858334469e-009 -2.25500485544920e-010 9.83102589387460e-011 -1.21443688463481e-011 -2.70172946709268e-012 
-7.50697458051273e-005 7.24486590605059e-007 -1.11162781995447e-007 -2.15631404102825e-007 -8.78717239288018e-009 8.06961875972231e-009 1.54242065154145e-009 6.56927361002011e-011 -5.67643869713272e-011 -1.60380195682036e-011 
1.27329956976487e-005 6.02804988582727e-007 2.94934815667710e-007 -5.17633969476929e-009 -2.19884561521129e-008 -2.10994982966763e-009 3.52318384425327e-010 1.49115642985980e-010 1.81213592703658e-011 -3.59154793702733e-012 
-7.63136485085788e-005 -1.18997766154872e-006 6.87061044515878e-007 1.71441719030432e-007 -7.73890144264852e-008 -1.04089754205398e-008 4.20761525058113e-009 2.38865546370925e-010 -1.68855450796904e-010 3.97697535617139e-012 
1.38275277281245e-005 -9.57381549118375e-008 -2.38603653388432e-007 1.12407786252727e-007 2.30126124351034e-008 -8.00512572115779e-009 -9.60385126447742e-010 3.69975343984884e-010 2.11586976119383e-011 -1.37402827762061e-011 
-6.59261047398682e-002 -1.25886864913896e-003 -2.96640358103687e-004 4.38762347668829e-005 1.15833136367088e-005 -3.48092306158612e-007 -3.07163784004009e-007 1.19679995216598e-009 5.91501970543795e-009 2.38494734419024e-011 
4.03042942751771e-001 -5.09422915704681e-004 1.18622017780765e-004 2.48313006229570e-005 -1.80680520300257e-006 -7.65665190012360e-007 8.45115922723205e-009 1.73435922341286e-008 -4.47182970940428e-011 -2.80046787504544e-010 
4.33676980242307e+003 9.21024657422479e-001 2.79633071148856e-004 -3.90474302549302e-005 -1.07919046581456e-005 3.10605358744731e-007 2.83248305431688e-007 -1.11495876797628e-009 -5.42239393818991e-009 -2.27796844436989e-011 
-6.82523270005895e-002 -4.11414985063628e-004 4.33961070676454e-004 7.80816506221256e-006 -1.18374880458904e-005 3.79534713248885e-007 1.59211921958945e-007 -1.51578634046233e-008 -3.00212042644628e-010 2.56030793932283e-010 
4.03163960070337e-001 5.56581571771625e-004 3.59628648736057e-005 -3.14972431301689e-005 2.04796750986546e-007 5.89529430367802e-007 -3.35292531103091e-008 -4.93747657036694e-009 8.22314063924244e-010 -4.96356979458376e-011 
4.33861174817149e+003 9.20317596739590e-001 -3.92524122190663e-004 -8.46252051634860e-006 1.07679126525541e-005 -3.40117490851452e-007 -1.46258192505771e-007 1.39216549048618e-008 2.88814796818969e-010 -2.35234566514239e-010 
-6.67438347931530e-002 1.49664824217024e-003 -3.67264536493922e-005 -3.93667846067568e-005 4.76010366272674e-006 4.91839031224252e-008 -1.62337270576149e-007 -5.64777763914180e-009 2.21560414169508e-009 4.34874735357674e-010 
4.03758635442550e-001 -9.67796034448623e-005 -1.24524594592933e-004 6.65268367822301e-006 1.15073691635637e-006 -3.83467674503344e-007 -3.48691390446795e-010 8.55820510335816e-009 7.86488579646664e-010 -4.40760922211696e-011 
4.34045023138290e+003 9.18538458257798e-001 2.12639663238487e-005 3.51062698128798e-005 -4.16474784872979e-006 -1.65295826711459e-008 1.49441321042321e-007 4.76698516053145e-009 -2.10533751722252e-009 -4.00685066259874e-010 
-6.50850585505561e-002 -8.86745149624719e-005 -3.46687971854108e-004 -2.08922199932905e-005 5.17914642897551e-006 1.67881395324282e-006 -1.21122641636304e-008 -5.63058584810974e-008 8.08620237611798e-010 1.38347822480173e-009 
4.02876101524074e-001 -6.93159688281002e-004 -6.95840928940428e-006 2.03076628963807e-005 2.74362305429715e-006 -1.45048953075450e-007 -1.26657638050026e-007 6.43933253829009e-010 3.50726100728580e-009 -1.31492481571178e-010 
4.34228844840344e+003 9.19920690760036e-001 3.19429803276197e-004 2.16534684288375e-005 -4.85673478005547e-006 -1.58567137817909e-006 1.58377724140645e-008 5.23391263155471e-008 -9.01725893471382e-010 -1.27510685257625e-009 
