5.29208983996094e+007 -2.30933808451728e+005 -1.26752949813912e+006 -3.86355917465704e+004 1.37816578085164e+003 2.02631446436148e+002 1.18291690261093e+001 1.72033138546813e-001 -3.72154158724383e-002 -4.20115494509294e-003 -2.07250874351112e-004 1.82998585801649e-006 1.26204820182046e-006 1.12256405469999e-007 
-7.15852877669474e+006 1.51370903700650e+007 1.55714721080110e+005 -5.52415366003113e+004 -2.97799932380167e+003 -5.38632021944303e+001 6.54846501279195e+000 7.87116827602824e-001 4.06740667385343e-002 5.36925314215194e-006 -1.99514892477544e-004 -1.88629443420684e-005 -7.57832297710687e-007 2.74146895566902e-008 
-9.27561395842752e+006 8.10994367747531e+006 2.14587531449894e+005 -2.55037167844632e+004 -1.73367792755217e+003 -4.97801630481382e+001 2.27172757170325e+000 4.02630305328457e-001 2.55856622346480e-002 4.38413196425923e-004 -8.50913976203658e-005 -1.02660011868155e-005 -5.35661929709741e-007 3.00648896405776e-009 
4.13762262136941e+007 -1.14516539335869e+007 -1.42112339061781e+006 2.83608403579906e+004 7.26647873539463e+003 2.48601603423536e+002 -2.45415347431944e+001 -3.06097965504173e+000 -3.76116470252065e-002 1.87581583988164e-002 1.54791420523444e-003 -3.40708060972680e-005 -1.43358118025609e-005 -7.51275604583162e-007 
2.16989652441831e+007 1.29401419590592e+007 -7.75856670268564e+005 -9.37104960385290e+004 -2.75732904932050e+002 4.18363536671598e+002 2.66312815978931e+001 -8.66355761029494e-001 -2.31000955439934e-001 -9.37879509721949e-003 1.03802074546693e-003 1.42155310562237e-004 1.90343607624245e-006 -9.89579123951612e-007 
7.33647738284851e+006 8.09964217984100e+006 -2.67119802997471e+005 -5.29989077377928e+004 -9.00625233613171e+002 1.97710133629803e+002 1.67702996593320e+001 -1.45454087226537e-001 -1.19497900886944e-001 -6.95473230874454e-003 3.94017269282148e-004 7.94696458376205e-005 2.50307709524368e-006 -4.50728317963451e-007 
9.62132358907264e+006 -1.94323875778016e+007 -3.86260269173449e+005 1.30898150156306e+005 2.01774342936257e+003 -7.44332581138879e+002 -1.24156014179572e+001 5.35245774745764e+000 9.19321743948645e-002 -4.40216059777943e-002 -7.51127380395272e-004 3.91566582685621e-004 6.50495775966600e-006 -3.68641733122451e-006 
3.82583673742951e+007 2.91977474325000e+006 -1.59644664745621e+006 -1.91016012904058e+004 8.61781322875668e+003 1.02875839186998e+002 -5.54460144145968e+001 -6.95800170046128e-001 4.30216465184645e-001 5.36286546547756e-003 -3.69185067489044e-003 -4.45100856575287e-005 3.36616167971040e-005 3.88954180243800e-007 
1.94743543768906e+007 3.57429650684669e+006 -8.12752722527687e+005 -2.37742865052075e+004 4.39431655989867e+003 1.32121236452163e+002 -2.83312494631445e+001 -9.26584627712383e-001 2.20284340833540e-001 7.42851448361211e-003 -1.89426198324609e-003 -6.43695231083236e-005 1.73071633968782e-005 5.89910067733543e-007 
-2.76482002966904e+007 -1.67057711087997e+007 9.53565727657783e+005 6.94558512925494e+004 -6.83324398394696e+003 4.37412694983190e+001 3.42143505889164e+001 -2.45351373549184e+000 -6.15660427466524e-002 2.10970652901728e-002 -1.01090533973871e-003 -8.67061880851534e-005 1.38979229564245e-005 -3.21949272374452e-007 
3.20998131507476e+007 -8.67476448831381e+006 -1.12692788394624e+006 7.86137937638966e+004 1.75354720509389e+003 -4.53003330507180e+002 1.81400822853009e+001 1.57913265737021e+000 -2.22222429998172e-001 4.12300920645469e-003 1.31722301438221e-003 -1.23033056751354e-004 -1.40024543915531e-006 1.06846887419741e-006 
2.00483615480618e+007 -2.90200278102721e+006 -7.00846040376267e+005 3.47935988975927e+004 1.64513499052542e+003 -2.46521950402492e+002 6.14306890792765e+000 1.09790827292626e+000 -1.12324970873626e-001 1.52698290905134e-005 8.08441425544802e-004 -5.67331833236987e-005 -2.18881819608382e-006 6.04135027296474e-007 
6.74950544264386e+007 -1.87576623245458e+007 -8.50415198307574e+005 3.87534766449704e+004 9.37520881888863e+002 -2.29684487577968e+001 -4.72662889552839e-001 5.14346893366267e-003 1.79812322735737e-004 1.06966246220543e-006 
7.69185983791742e+007 1.32921337320900e+007 -9.76687024645177e+005 -2.86146600179718e+004 9.95406537400766e+002 1.99606679396526e+001 -3.71036780812331e-001 -8.30991682332730e-003 3.74587816726580e-005 2.14571600760614e-006 
3.03411884683703e+007 7.16761033248391e+006 -3.85632392339751e+005 -1.53268225120579e+004 3.88542729136776e+002 1.04343682473732e+001 -1.37036101787494e-001 -4.06762413479369e-003 4.75521458731761e-006 8.54494039087893e-007 
2.48036839184701e+007 -2.34844377982390e+007 -3.12365650279775e+005 4.95229512227146e+004 3.79657893183704e+002 -3.19537645451558e+001 -2.51077377879024e-001 1.06054598446969e-002 1.38598718442320e-004 -4.71939698237187e-006 
9.48109196097989e+007 4.40270148714924e+006 -1.21310540231101e+006 -1.00539738219659e+004 1.28777630810506e+003 8.49100037729022e+000 -5.70381395048049e-001 -5.28013391918879e-003 1.37381208185931e-004 5.17178794326310e-006 
4.10931394602829e+007 3.46705727357329e+006 -5.26050304725550e+005 -7.65723214438464e+003 5.55387990362477e+002 5.84247826456945e+000 -2.40746876568910e-001 -3.05602740109868e-003 5.48566915372534e-005 2.84968235247553e-006 
6.45626254128463e+007 1.82727279106602e+007 -2.90731215407062e+005 -1.38186911365819e+004 9.91182941768702e+001 2.72230511194459e+000 -5.71489969021852e-003 -2.33725587859059e-004 -6.33970352129351e-005 1.32182087803076e-005 1.21845795063200e-006 -9.05560594602764e-007 1.12668566567382e-007 
-1.25946441169865e+008 7.93578691270574e+006 5.68861194696986e+005 -5.83566169817278e+003 -2.05615577552391e+002 1.00871298623010e+000 2.03510178853951e-002 -2.36585582710953e-004 8.59716670937116e-005 5.84529625586462e-006 -5.13809968486089e-006 5.78037253869583e-007 1.99077442942806e-007 
-5.46191761915078e+007 3.44006897045341e+006 2.46610617287712e+005 -2.52980663068232e+003 -8.91368805034759e+001 4.37505876751441e-001 8.70204691381252e-003 -1.19568832226922e-004 4.70027732781683e-005 2.72615336424566e-006 -2.76346001929391e-006 3.23387166839498e-007 1.03519623360858e-007 
9.82788409723940e+007 1.53146172495065e+007 -4.45274785327103e+005 -1.18071891807333e+004 1.51654981639666e+002 2.52130928522273e+000 -8.96872929053814e-003 -1.76132772184047e-004 -6.41070274169969e-005 -6.61616212501537e-006 7.54220192289415e-007 4.65696441944742e-007 1.08157408470875e-007 
-1.05784089685505e+008 1.21523465513575e+007 4.79848109602703e+005 -8.93663079617062e+003 -1.80302034449274e+002 1.53436239382070e+000 2.18344170971809e-002 -1.91571588042768e-004 2.01513261012260e-005 1.02082288395444e-005 1.12373354265858e-006 -5.10430190266106e-008 -9.43485422705062e-008 
-4.58789142032158e+007 5.26801877878256e+006 2.08022571987951e+005 -3.87412750926889e+003 -7.81629075068240e+001 6.65172018516454e-001 9.33958411985335e-003 -8.80995754011007e-005 1.56956069602703e-005 5.25655781062876e-006 3.75906994379548e-007 -7.09099535318442e-008 -5.13177564508214e-008 
-6.66101108528871e+007 3.31351615862937e+007 3.79676126537632e+005 -2.87132155696307e+004 -4.93521008676079e+002 3.27984563012275e+000 2.95752134597523e-001 5.89325016483725e-003 -2.52622127714731e-005 -4.54643580785725e-006 -1.47645048252902e-007 
-1.93619832252603e+008 -6.17644881071482e+006 1.10134845610416e+006 1.35025653382934e+004 -4.23159131209906e+002 -1.21382172825317e+001 -9.15141525715467e-002 4.40500882310275e-003 1.66205776746111e-004 1.16121851717826e-006 -1.19361647785995e-008 
-8.70153402129765e+007 -3.72777131870558e+006 4.94906960917293e+005 6.96845568876133e+003 -1.80768474678515e+002 -5.65596646961710e+000 -4.99591655753276e-002 1.86028836588569e-003 7.68030258825538e-005 6.96023843487097e-007 7.39351568335488e-009 
-4.14439333968789e+008 -1.55744850069934e+007 5.37598659004767e+004 3.07940539244530e+002 -8.10704005673118e-001 -8.53864937583762e-004 5.38408323545646e-006 3.62183287094349e-007 
6.11725322243728e+008 -8.09200532956132e+006 -7.93260442847612e+004 2.17457572681696e+002 6.56528713330317e-001 -2.19436753381741e-003 4.04018045151899e-006 2.57846969231929e-008 
2.72279567994030e+008 -3.08927386395892e+006 -3.53100929111139e+004 8.57117069581364e+001 3.01152233361374e-001 -9.20070098488540e-004 1.43524218064595e-006 9.93498344647772e-009 
-9.09543060103891e+008 9.82040549054213e+006 1.76342882300726e+004 -3.45370028080513e+001 -1.70562005326597e-002 2.97180738505224e-005 7.14914018335301e-008 
-1.09778648245570e+009 -7.44574854501477e+006 2.12817665297787e+004 2.06833591817678e+001 -3.53018601404396e-002 1.19734679915153e-006 9.79138893173882e-008 
-4.14284402343250e+008 -3.49826659519723e+006 8.03109129473113e+003 1.00309034709502e+001 -1.38487278787708e-002 -7.50606800655083e-007 3.33763644802715e-008 
2.91209478547600e+009 -2.26666257064453e+006 -6.87955562919592e+003 6.93916882065630e-001 1.19618515717274e-003 2.62243753800697e-008 
6.55475601795885e+008 7.97144964171219e+006 -1.54860915092835e+003 -3.18468526039258e+000 1.38271252023190e-004 2.68832297430102e-007 
2.45893751595114e+008 3.52334180711855e+006 -5.80971402214300e+002 -1.40463064596249e+000 4.34479246540600e-005 1.14738767024238e-007 
4.08879978240687e+009 3.03429218456162e+006 -2.87827696255026e+003 -3.76196440070541e-001 1.69684586264987e-004 3.62055659276269e-008 
-1.66629959354492e+009 6.41135498514133e+006 1.17313984523121e+003 -7.43910407983250e-001 -7.59294397128590e-005 2.14861469034699e-008 
-7.83821173186030e+008 2.54866044790768e+006 5.51832137145651e+002 -2.95116382755569e-001 -3.52481810866003e-005 7.96943873654090e-009 
1.03278332873622e+009 7.49151399599230e+006 -5.60359375861053e+002 -5.95535682020312e-001 1.71279716828667e-004 -8.31389739261703e-009 
-4.46660870277160e+009 9.22560637803478e+005 2.42323678246812e+003 -4.36525715166191e-001 -8.59782060795991e-005 5.78498017668313e-008 
-1.70506506197206e+009 -1.96927199005446e+006 9.25027793620740e+002 4.32865726603046e-002 -7.86149325205630e-005 1.76029978470255e-008 
7.34881704191147e+004 1.77286565444005e+005 -4.93800187764165e+003 -1.95857210786164e+003 1.28995602997459e+001 1.07637791708582e+001 1.39941532804127e-001 -6.70018532612237e-002 -2.43940821886908e-003 4.87239966522771e-004 3.04449486932290e-005 -3.63735948205910e-006 -3.50365180949551e-007 
-3.12393983688071e+005 4.05541379532304e+004 2.07977319597238e+004 -3.03627294628825e+002 -1.39216384738720e+002 -4.65216062865457e-001 7.78163136454048e-001 1.99695012708877e-002 -5.33658210302645e-003 -2.68135840430470e-004 3.95531460835279e-005 3.16787814784606e-006 -2.89978684633535e-007 
-1.03994810492719e+005 2.05526783360050e+004 6.89351745973464e+003 -1.77919423055067e+002 -4.68140719466598e+001 2.51066154903731e-001 2.69939102161399e-001 4.25169695089508e-003 -1.90884345982579e-003 -7.27740864519188e-005 1.46195086498916e-005 9.40358454299187e-007 -1.12012630069582e-007 
3.26275547453492e+005 6.17830629313732e+004 -2.11534162763347e+004 -4.27942151807210e+002 1.33814756065204e+002 -1.67526940120232e+000 -5.66350183819009e-001 3.98331750988987e-002 1.59941936966010e-003 -3.85849231658373e-004 8.90580691365813e-006 2.59710154576534e-006 -2.20437575008519e-007 
-9.97642460170755e+004 1.59892588144890e+005 6.44953467092605e+003 -1.74136570588904e+003 -1.00009749381204e+001 8.42902240298537e+000 -3.02460316532779e-001 -3.23112994710274e-002 3.88809775208022e-003 2.38245904913882e-005 -3.15577099296550e-005 1.57408614986238e-006 1.70817469944497e-007 
-2.19644141880214e+004 5.68141713915276e+004 1.39889809925944e+003 -6.08060939553809e+002 1.71612637895978e+000 2.80072567468331e+000 -1.24618462248159e-001 -9.47724827860806e-003 1.38448060736493e-003 -6.55794010548799e-006 -1.04048153833141e-005 6.34535913493936e-007 4.97814683330556e-008 
2.86489585744253e+005 -9.70597123018500e+004 -1.59207522358577e+004 1.07135443924796e+003 4.73903656513497e+001 -4.15176019995607e+000 1.34225625847252e-001 5.56411968998030e-004 -9.28457524054137e-004 8.47083027038994e-005 -1.97539682393745e-006 -2.74599434608191e-007 3.56314696054753e-008 
2.09957806014797e+005 1.34795289542904e+005 -1.14422930221198e+004 -1.04498739493720e+003 7.00201130069147e+001 4.50003844196965e-001 -1.57931025388194e-001 1.41447400481431e-002 -6.59954571150109e-004 -2.63713942708197e-005 5.91822097437152e-006 -3.64899595173368e-007 1.57306822523027e-009 
8.21275150174596e+004 4.23411440946075e+004 -4.48125700652058e+003 -3.14347748460204e+002 2.55606922694058e+001 -9.77252556136586e-003 -4.85451178271872e-002 4.84450312375071e-003 -2.60047303632194e-004 -5.76263078632971e-006 1.93942296904986e-006 -1.34682206896528e-007 1.89136972111238e-009 
1.13010912799127e+004 -1.65400177082931e+005 -7.55254432943593e+002 1.31392737198542e+003 -1.03261165947659e+001 -2.04617062897710e+000 3.97873433696660e-002 -1.56106798651128e-003 2.21070970181822e-004 -6.87683858953904e-006 -9.28790736108306e-007 6.02885221665831e-008 -8.82989920576941e-010 
3.61653347214438e+005 1.19783315695970e+004 -1.73680919865072e+004 3.25824837181960e+001 6.09548831403735e+001 -8.65089662936223e-001 -2.06790267986222e-002 -3.92192585445322e-004 -5.10786202562943e-005 1.82039927323645e-005 -8.84000641409520e-007 -1.84422854220205e-008 1.72536069692391e-009 
1.23753317972362e+005 -1.90871861251083e+003 -5.92419969528214e+003 5.98644462368430e+001 2.02214939282740e+001 -3.72462000140234e-001 -5.26345518743691e-003 -1.91981555442833e-004 -9.32942099087735e-006 5.93654125024005e-006 -3.35138578147585e-007 -3.94694982690621e-009 5.50868934970879e-010 
-2.79451743598708e+005 -1.13986137235672e+005 1.28224989541760e+004 8.68226861239700e+002 -4.26309102059183e+001 -1.18359326369872e+000 3.40082616040117e-002 -1.01237136084240e-003 -1.47826078422345e-004 -1.85869559725934e-006 7.82880206740478e-007 5.39283669778365e-009 -1.46083612877496e-009 
2.58621503915718e+005 -1.10325722863303e+005 -1.17901474257248e+004 8.40635839656265e+002 3.84721229206940e+001 -1.33107721850073e+000 -7.36199972523712e-003 1.36452491885566e-003 -2.93788256025123e-005 -1.20919618977049e-005 -2.04015371466387e-007 3.41340499220821e-008 -4.41358321518305e-010 
7.82948667386463e+004 -4.15448973267114e+004 -3.53542073505019e+003 3.16123082574509e+002 1.13963098987602e+001 -4.92572907057974e-001 -1.01090334231038e-003 4.24949193296412e-004 -1.52298779740971e-005 -4.16221874810151e-006 -4.06700302005887e-008 1.17337028583223e-008 -2.05172856234590e-010 
-3.81091303642412e+005 1.70790409021172e+004 1.84641977704138e+004 2.31743117706127e+001 -6.26781028318146e+001 -1.08934011422251e+000 -2.80002967222107e-002 -8.63441359036079e-004 3.38379064027159e-004 2.92090287190936e-005 8.45862888429301e-007 -5.61399092076405e-009 -3.60032665665105e-009 
-1.83692501901679e+004 -1.55879018449065e+005 1.10070257223364e+003 1.23950054318036e+003 1.09219571264502e+001 -1.55147844194261e+000 -4.46176648151699e-002 -5.68858084623236e-003 -3.18266877319683e-004 4.44875269250649e-006 1.29130410087799e-006 8.31595189249138e-008 4.92802330241317e-009 
-1.93701448394760e+004 -5.23017937899752e+004 1.02763718410723e+003 4.19676843727677e+002 1.42186110079855e+000 -5.57749495418298e-001 -1.58717112922146e-002 -1.95934373882675e-003 -9.59562830598715e-005 2.51407584630044e-006 4.64805392352713e-007 2.78861533570161e-008 1.54484741493662e-009 
-2.11557744596938e+005 1.47060272207552e+005 1.19487471971924e+004 -1.16281499092634e+003 -8.22340272104178e+001 2.39157883290228e-001 2.65420530198116e-001 2.49156945168847e-002 6.06850848862751e-004 -1.05551743294298e-004 -1.26226153241341e-005 -4.34698212731724e-007 4.54238442563451e-008 
-2.74117345489754e+005 -8.76734233452005e+004 1.56276293618833e+004 1.04021383411150e+003 -4.69818961548851e+001 -4.94286079128483e+000 -1.95609586139942e-001 6.13111545576524e-003 1.84618359133110e-003 1.16357127787461e-004 -1.61376479931559e-006 -8.84342696966511e-007 -6.92413196249463e-008 
-1.00241691679750e+005 -2.46404431811675e+004 5.70510664639445e+003 3.10519224249259e+002 -1.87146298092898e+001 -1.65663141855048e+000 -5.70277996528982e-002 2.91967478119214e-003 6.44674186801445e-004 3.56993408421526e-005 -9.77788270533406e-007 -3.13735652568409e-007 -2.18443222071850e-008 
1.20496000931358e+005 1.68159215769564e+005 -8.04189250004650e+003 -1.89464222622638e+003 2.77417619412905e+001 1.07447797517560e+001 1.62746391516142e-001 -6.50797806219485e-002 -3.56724624172087e-003 4.03445529487769e-004 4.49577483472241e-005 -1.94452218469037e-006 -4.81784093369359e-007 
-2.99403172008718e+005 6.62106183829763e+004 2.00222133750824e+004 -5.53421466939931e+002 -1.37575552273815e+002 5.20752580969518e-002 7.76814944786686e-001 2.70949127935088e-002 -4.87500917927227e-003 -3.94788033291176e-004 2.75851223813826e-005 4.50899320774656e-006 -8.60318821066370e-008 
-9.74381664352455e+004 2.81485506744103e+004 6.49276113526831e+003 -2.52620859511651e+002 -4.54692143407794e+001 3.88671479757378e-001 2.67879557604746e-001 6.91873589145816e-003 -1.76961905723748e-003 -1.19565072022845e-004 1.08646510332485e-005 1.45712538396050e-006 -4.56016659103870e-008 
3.11611294578751e+005 6.04561509718563e+003 -9.91287284038973e+000 -7.06746949217743e-002 -1.36216892461836e-002 -1.57159826090794e-003 -3.74980779611187e-005 2.65255423854071e-005 4.97358608426842e-006 1.86428307809053e-007 -8.72926767440535e-008 
-2.17328170782276e+005 4.45845048435163e+003 1.83366630699982e+001 1.63916049439066e-001 4.73254384730961e-003 -7.28458698284838e-004 -2.14103437469634e-004 -1.90817465426514e-005 1.62435938485057e-006 6.73647078216007e-007 7.25243964368497e-008 
-1.13598923335529e+005 1.77088334624191e+003 8.07612578021935e+000 8.77756810912217e-002 3.96683687081675e-003 -2.20379165686554e-004 -1.10505046422809e-004 -1.29458890806148e-005 3.52090101086582e-007 3.43021153852666e-007 4.77894922366154e-008 
3.23617231231687e+005 5.95827504811253e+003 -1.23191464212796e+001 -2.67508867159786e-001 9.22992383668272e-003 2.49720478050423e-003 -3.98616392759779e-004 -3.60045429775894e-005 1.36414036533433e-005 1.39532181918392e-007 -4.15358759438572e-007 
-2.08259110896599e+005 4.61173979710950e+003 1.96278080156797e+001 -2.76435781216871e-002 -1.90794005691273e-002 1.94355321657886e-003 2.56256041305533e-004 -6.78700817740843e-005 -2.42556963388528e-006 2.09176932182472e-006 -7.45671252902541e-008 
-1.09989266456612e+005 1.83952344779421e+003 8.93619537874604e+000 7.16211488060140e-003 -1.10158892157010e-002 7.83888393066849e-004 1.78130503556583e-004 -3.25251539491628e-005 -2.70991405561607e-006 1.10542116911975e-006 3.22776804104477e-009 
3.90846939583510e-005 6.00762375956690e-007 -7.63680768100985e-007 -6.06117276261733e-009 8.91898274633251e-008 -2.46845519070651e-009 -5.71323478369189e-009 3.47581606187670e-010 2.88153898605005e-010 -2.58537011693869e-011 
-4.30900482482865e-005 6.50028120013339e-007 2.02367215855899e-009 -1.19152826657532e-007 3.11383395957522e-009 9.31994930894812e-009 -4.19975402802034e-010 -4.77082143951934e-010 3.00640925441560e-011 1.88079335262488e-011 
3.92457621583687e-005 6.79353651151583e-007 3.30469072160895e-007 -1.25871470590379e-007 -1.92787084997864e-008 6.22405835897760e-009 -6.56954962113689e-012 -9.80787681016502e-011 -2.58580510559333e-012 2.79378641066164e-012 
-4.27471859775139e-005 -9.26658272073968e-008 1.66391184688586e-007 4.48872906498773e-008 -1.35658805266181e-008 -7.17041369729814e-010 2.81312637177529e-010 -6.34770018756398e-012 1.10466514516391e-011 -2.70341158862845e-012 
3.93460425558752e-005 -1.16209988233146e-006 -2.97370959508541e-007 1.15655810604223e-007 1.94775164793330e-008 -2.24997503351633e-009 -3.29902764665456e-010 -5.41646442967088e-011 -7.82029849796543e-012 5.28057424711818e-012 
-4.19915524792325e-005 5.31338141502489e-007 -1.63783923304318e-007 -3.69629803776808e-008 8.52073002702254e-009 1.33543160559034e-009 -8.04162994112848e-011 -3.71324697542766e-011 -1.70688792209280e-013 3.22334368583980e-012 
3.86673477837125e-005 1.01047739500667e-006 1.64727076651099e-007 -2.42376356244315e-007 -3.66033280737469e-008 1.17056818022547e-008 3.56505891504844e-009 -8.05826352250015e-012 -1.97714321622657e-010 -2.82443698001605e-011 
-4.16226043530233e-005 2.53548151531557e-007 2.76812274336997e-007 3.09941379815050e-008 -2.63305488671768e-008 -4.92442585993757e-009 8.77914047402818e-010 3.72488728716069e-010 -1.64702591559183e-012 -1.71370201900414e-011 
2.47583027995663e-002 -1.68862595905227e-003 1.75187108364506e-004 4.13537762604053e-005 2.90459551920431e-006 2.68853033287198e-007 -3.18601183190872e-007 -2.35052764245941e-008 1.28447054878318e-008 5.10137360649996e-010 
4.33171040988611e-001 4.28421165831177e-004 1.32747472952413e-004 -5.01602579120177e-006 -9.48086643310650e-007 -5.38838689506884e-007 -5.08467782177322e-008 2.78305563561617e-008 1.65058605977987e-009 -1.02261366760657e-009 
3.78475625088611e+003 9.21315277973720e-001 -1.56163126475684e-004 -3.39601172148765e-005 -2.77473008596920e-006 -3.29648088326138e-007 2.96231847640928e-007 2.36096534750069e-008 -1.19795210748785e-008 -5.27502354016984e-010 
2.40817751022257e-002 1.20225732675351e-003 3.65007742362657e-004 -5.59313797499510e-005 -1.06559087007789e-005 9.10561863349934e-007 1.58244496885079e-007 -1.43976460244531e-008 -5.50410300501617e-010 9.66785297261061e-011 
4.34440150659858e-001 6.01830333311890e-004 -1.43896789223486e-004 -2.88275380289151e-005 3.07615324855272e-006 6.01700162586090e-007 -4.78279089009111e-008 -5.93093480616839e-009 6.34307311856906e-010 -2.22499338888776e-011 
3.78659652722670e+003 9.18798006724616e-001 -3.16631400912646e-004 4.95296684998256e-005 9.53251972974168e-006 -8.10177475165463e-007 -1.45159620500691e-007 1.32394354321708e-008 5.01902045974662e-010 -9.40414628448555e-011 
2.65473026597346e-002 5.35268937136587e-004 -4.59648503928258e-004 -1.95948845774118e-005 1.16773617773326e-005 -5.14620956888290e-009 -1.55432187445438e-007 1.35104815178405e-009 9.88209266921761e-010 -2.16658093358529e-011 
4.34254515738447e-001 -7.16390022669846e-004 -6.46993339096499e-005 3.44454973387451e-005 5.10469676833998e-007 -6.10272792164722e-007 5.76629439329639e-009 6.00950906114979e-009 -7.37426086782820e-011 -1.71624716861678e-011 
3.78843412297126e+003 9.19440710982242e-001 4.10810872966595e-004 1.59081706045231e-005 -1.05714247140110e-005 1.08592579277417e-008 1.41667220062348e-007 -1.06116225885988e-009 -8.85771269075210e-010 1.89068535277728e-011 
2.47997314297545e-002 -1.90219406222887e-003 -4.07070831480365e-005 4.27431561673628e-005 -3.53465898473013e-006 3.44215472997895e-007 2.51607716530674e-007 -7.17000008158417e-009 -8.63211147582686e-009 -7.85522057375791e-010 
4.33279470698326e-001 -7.76234449068109e-005 1.49724190678492e-004 -2.27227262871362e-006 -8.24712752332934e-007 4.65913616748252e-007 -3.58480843504984e-008 -2.08400134979664e-008 -6.64581119753545e-010 5.46529342774313e-010 
3.79027545910973e+003 9.21541297142510e-001 2.11824354995993e-005 -3.72253378472085e-005 3.69320687779863e-006 -3.02933800040145e-007 -2.38243280121759e-007 4.94752391687593e-009 7.91901764209881e-009 7.71434196805512e-010 
