-4.89861760519122e+007 -9.04044902301498e+006 1.25518926591988e+006 -1.60534119686770e+003 -3.38746484058358e+003 2.38105360665164e+002 -6.19203045194868e+000 -5.30671518225207e-001 7.56670868333698e-002 -4.13755638727424e-003 -1.76091248461978e-005 2.40979099839312e-005 -2.17340796840732e-006 7.01737811427430e-008 
1.31303879402337e+007 -1.35482635062485e+007 -3.55570250611458e+005 6.81024319195758e+004 -2.23922404456672e+003 -5.18272297340007e+001 1.30662060387612e+001 -8.78470627304437e-001 1.49558381328930e-002 3.05824787910131e-003 -3.58509374541927e-004 1.67778131764423e-005 4.21348680542977e-007 -1.35671461785621e-007 
1.21754791677696e+007 -6.29973294796614e+006 -3.20099580620830e+005 3.65445665787844e+004 -8.44835202825442e+002 -5.23762657523578e+001 7.62166189169266e+000 -4.14218971682591e-001 1.42144278538196e-004 2.06268641272657e-003 -1.89677970261808e-004 6.46318119525397e-006 4.50455768011470e-007 -7.97483894515261e-008 
-5.75380865502356e+007 3.01393868375918e+005 1.03627989834228e+006 -2.74893222528606e+004 -4.12213641218040e+002 6.86202530960710e+001 -4.91524684030283e+000 2.10518451391996e-001 -3.58957303422380e-003 -3.64788783793791e-004 4.55349473551130e-005 -2.96165014061375e-006 1.14962558752467e-007 -5.01744894104067e-011 
-1.46565457760725e+007 -1.37363129486058e+007 2.48575098987491e+005 3.42359448690815e+004 -1.67127179342203e+003 5.70916670903966e+001 -3.42766857319569e-001 -1.35492703610953e-001 1.27761277197117e-002 -7.12640608584319e-004 2.19012758879179e-005 4.56534504656797e-007 -1.22340089177117e-007 9.96367133820298e-009 
-1.78095435120198e+006 -7.36895058558504e+006 2.53163180963446e+004 2.11384051912416e+004 -8.49991427960207e+002 2.33804781738398e+001 3.26622864001133e-001 -9.42068054333018e-002 7.19683280310854e-003 -3.42840257865021e-004 6.97691492148794e-006 5.50992613001574e-007 -7.72718406613658e-008 5.32747142097567e-009 
-4.97209279314452e+007 7.23141387615069e+006 6.96111717052411e+005 -2.78154296966592e+004 1.69620034331113e+002 4.14717859203212e+000 -1.15072949484877e+000 6.58461595128701e-002 -3.12458963896093e-003 1.05509765984194e-004 -1.70187630633885e-006 -1.01438580095640e-007 1.28218334625204e-008 -8.42417206007069e-010 
-3.91075190460276e+007 -1.04789981245311e+007 5.33130591929985e+005 1.54800410716097e+004 -7.59092330767818e+002 3.17275670101119e+001 -1.11903151116220e+000 1.82055048791026e-002 5.51326439237344e-004 -9.32256372118742e-005 6.13658719157651e-006 -3.04637943198696e-007 1.09127930339499e-008 -1.94157860311367e-010 
-1.56529333249760e+007 -6.34765773714354e+006 2.12592507258953e+005 1.11534340938312e+004 -4.23072120661020e+002 1.65177524213400e+001 -4.78417701915545e-001 2.89644857395471e-003 6.18524439524552e-004 -6.07395796715500e-005 3.45445079430807e-006 -1.52208320864972e-007 4.49961724660820e-009 -1.63530665636445e-011 
-3.07141226853587e+007 1.15102846560786e+007 3.77797221443106e+005 -2.54753829906938e+004 8.02179162715520e+001 -9.68889177053255e+000 -2.46473613235503e-001 1.11941192880200e-002 -7.31596831913217e-004 3.41554603542720e-005 -1.05460085403675e-006 3.95499183587423e-008 -3.85168552003218e-010 -7.49642915839712e-012 
-5.53316015109448e+007 -5.63773163319418e+006 6.62730469906769e+005 7.13370305007478e+003 -3.50166745935630e+002 1.10708583931700e+001 -6.42827521104238e-001 1.08437794965352e-002 -5.16288480842193e-004 -2.52781892471639e-006 2.96984093805051e-007 -3.58816338573224e-008 1.79428316392649e-009 -7.70185423552108e-011 
-2.62907688557006e+007 -4.20534151972416e+006 3.14830219593790e+005 6.45242616722414e+003 -1.95366465685317e+002 6.91843553263811e+000 -3.17817766310201e-001 4.63154176875134e-003 -1.99916892582376e-004 -4.89224390801135e-006 2.68002570807001e-007 -2.32681693679253e-008 9.98389858764349e-010 -4.03633954938934e-011 
1.01789707067627e+008 -7.85029945743087e+006 -1.26777464573555e+006 1.54310738911786e+004 1.31995083766135e+003 -7.18657424757528e+000 -5.41098383329286e-001 -7.32063680320208e-004 1.06121839839732e-004 1.99329165656500e-006 
3.34751099529784e+007 2.04935561676784e+007 -4.23963930560740e+005 -4.28177993221216e+004 3.91794558274595e+002 2.66775933668396e+001 -7.97794223489577e-002 -7.65378709481489e-003 -5.40198833384332e-005 9.18979742686379e-007 
8.64742043804146e+006 9.71682547318210e+006 -1.10509990240922e+005 -2.02402320337742e+004 9.27336504721054e+001 1.24570108668651e+001 -1.64874652122078e-003 -3.39708613790780e-003 -3.10216377796445e-005 2.87544963460434e-007 
7.67766313942563e+007 -1.69082898757162e+007 -9.62915814270658e+005 3.46956122289134e+004 1.04695391443319e+003 -1.99707981702493e+001 -5.03729707511226e-001 3.72951605177286e-003 1.67361331164201e-004 1.08832265982634e-006 
6.95447362460507e+007 1.51926582286038e+007 -8.83101477638378e+005 -3.24605714886882e+004 8.88005181815301e+002 2.20386958513569e+001 -3.10860728185195e-001 -8.50835813762743e-003 1.11424512260863e-005 2.65835855792902e-006 
2.64580382173176e+007 7.90519049011652e+006 -3.36368527728340e+005 -1.67997032338949e+004 3.33254786531395e+002 1.11790400722837e+001 -1.07976691686057e-001 -4.06391518822510e-003 -5.57802856661187e-006 1.12710952238034e-006 
-5.20694870297344e+007 -1.94974829156998e+007 2.62574283637443e+005 1.61534825901723e+004 -1.18324526707873e+002 -4.57355091916970e+000 2.79343230849352e-002 7.55447321432153e-004 3.89481797013917e-005 9.48729899186397e-006 -3.48479972049508e-007 -2.97244696681731e-007 -4.75299529547992e-008 
1.24969299509948e+008 -6.83291483642328e+006 -6.25953180035705e+005 5.78286442201057e+003 2.71246742158514e+002 -1.76273003149157e+000 -5.94557965501238e-002 8.04288123939510e-004 3.49420716758082e-005 -1.44300801470597e-005 -2.01798309438978e-006 1.17724717209300e-007 5.34279359877057e-008 
5.41692383276089e+007 -2.96254748456072e+006 -2.71376303583949e+005 2.50711663327553e+003 1.17596588515652e+002 -7.63764318241264e-001 -2.57415528836638e-002 3.11993795247452e-004 1.10564718013179e-005 -4.81588063974711e-006 -6.07908317501641e-007 3.75280984412053e-008 1.57557620428352e-008 
-8.83771505296773e+007 -1.66603754616781e+007 4.42181399814484e+005 1.35740754650457e+004 -2.00959940776210e+002 -3.60670381074848e+000 4.89621653670684e-002 6.65478121236450e-004 3.61327693731711e-005 -7.35153037168332e-006 2.69691657723850e-007 3.15698704986489e-007 -1.17739778397535e-007 
1.06565607275545e+008 -1.14923372042848e+007 -5.31917869577308e+005 9.76875303028175e+003 2.22956648567906e+002 -3.01305742616110e+000 -4.26603790334510e-002 9.30831393368672e-004 -4.99630403502821e-005 -7.36266663010444e-007 1.88981618527522e-006 -5.64177074826627e-007 3.15792180863408e-008 
4.61900866067370e+007 -4.98259707996537e+006 -2.30608005600916e+005 4.23516634146906e+003 9.66617302278814e+001 -1.30600582738138e+000 -1.85997539167982e-002 3.84616468408554e-004 -1.48445746145067e-005 -2.23555528792121e-007 6.03225105695457e-007 -1.90747482049629e-007 1.03008579279297e-008 
1.07413013870140e+008 -2.80176438195135e+007 -6.04708088248501e+005 3.05099870451068e+004 -1.32233126318954e+001 -1.14788898993186e+001 2.73866884051317e-001 -8.37590493753718e-004 -1.35531829339206e-004 3.91893594355612e-006 -1.00973628453006e-007 
1.78568267185034e+008 1.69063126113414e+007 -1.00964644819257e+006 -8.84314130779945e+003 6.01100188330795e+002 -6.36688805626489e+000 -1.14150450141815e-001 6.57455932982709e-003 -1.07377413322237e-004 -2.11922267579032e-006 6.40867945286821e-008 
7.90147149121900e+007 8.51106454085110e+006 -4.46757384616088e+005 -4.88057143213747e+003 2.76065993497699e+002 -2.60989302422479e+000 -5.97418926578653e-002 3.03632998282687e-003 -4.61820135601929e-005 -1.10558313317205e-006 3.44495351267866e-008 
-7.61968081253294e+008 -6.24366646906612e+006 9.13010304533484e+004 9.66123289533322e+001 -8.49853489921411e-001 2.85793749992781e-004 2.87666267702594e-007 -6.26847179191910e-008 
2.40799867437904e+008 -1.49228525031928e+007 -2.88656177547215e+004 3.06946133291768e+002 1.12789408219521e-001 -1.32024768749340e-003 1.89938915461936e-006 7.36409082297341e-008 
1.21765496442451e+008 -6.24446114899922e+006 -1.45956463768570e+004 1.29215330615610e+002 6.90297089212439e-002 -5.72212853195971e-004 7.84832930792389e-007 2.94164126240249e-008 
-2.43895503350869e+008 -1.38461590799930e+007 6.25941057888197e+003 5.92413155163657e+001 -1.88371784378549e-002 -1.12172916707585e-004 3.46913787278539e-008 
1.22437004573075e+009 -2.47576127157852e+006 -3.14960488813183e+004 1.17001031674426e+001 7.78475222888658e-002 -2.75119856128029e-005 -2.71053930003446e-008 
5.16211929166364e+008 -4.26516651217366e+005 -1.32788209514579e+004 2.28296410964352e+000 3.29740970638329e-002 -6.56959181068425e-006 -2.21934469827143e-008 
2.65655119481209e+009 4.29545952267294e+006 -6.25517669137139e+003 -1.53611298092425e+000 1.13233441985014e-003 -5.11055667618031e-009 
-1.25954026590224e+009 7.26113199659252e+006 2.96495565600457e+003 -2.91694533947966e+000 -4.08418921083693e-004 2.59762829326904e-007 
-5.89220713042531e+008 3.11944238606839e+006 1.38706777563901e+003 -1.25591338647465e+000 -1.94841008109444e-004 1.10642947739776e-007 
3.05395719758492e+009 5.46898689402594e+006 -2.12796478163663e+003 -6.49704270450172e-001 1.17436892007117e-004 1.59918503228559e-008 
-3.03106512373340e+009 4.81103766632114e+006 2.11250703992774e+003 -5.43637607787259e-001 -1.31870353549221e-004 2.52452256321850e-008 
-1.31666345351551e+009 1.83302728218194e+006 9.17634428335955e+002 -2.06313869491995e-001 -5.69226198765613e-005 9.29443231607537e-009 
-7.92362634257771e+008 7.54507747497380e+006 5.16978483264783e+002 -8.74795199190837e-001 8.68902103383560e-005 8.05491923837848e-008 
-4.38779243229841e+009 -1.65084343245353e+006 2.86198255693203e+003 -1.19941108194373e-001 -2.43940660702808e-004 6.85122723855226e-008 
-1.13055848714639e+009 -2.78847983256980e+006 7.37387066361366e+002 2.26092835857971e-001 -1.03539154500408e-004 -1.60612292670281e-009 
2.26166590820840e+004 -1.64572832659904e+005 -1.13835844229810e+003 1.27472699391587e+003 1.18714668791921e+001 -1.99106064721210e+000 -7.62427801324594e-002 -2.95433450122037e-004 3.10599944474881e-004 -1.27502765199452e-006 -9.49467635640902e-007 -2.07160796225446e-008 2.97137481944949e-009 
3.44428679591938e+005 6.14990324363292e+002 -1.60746516977663e+004 -6.47628619706310e+001 5.48609076726995e+001 8.24931327082013e-001 -3.10599389636237e-002 -4.58833459894549e-003 -1.92073843405319e-006 1.55308918550954e-005 -2.21295206896767e-008 -4.76567952169745e-008 -2.38019836760752e-009 
1.72099279676342e+005 1.27029770413951e+004 -8.05559690804323e+003 -1.29352119020571e+002 2.69945290787296e+001 5.70584237061666e-001 -1.02134852279613e-002 -2.30638536825372e-003 -2.45177951350358e-005 7.97553475118514e-006 6.05972734136305e-008 -2.26289898215789e-008 -1.42941008092451e-009 
-2.67284105080248e+005 -1.12877726125830e+005 1.36965222121762e+004 1.06101589293064e+003 -4.22100570592029e+001 -3.08330118886797e+000 1.87280671657734e-003 3.21387549346575e-003 -1.22201539691752e-004 -2.84438406023052e-006 1.71338693540198e-006 6.62138664946022e-008 -4.87890921568750e-009 
2.25673959932308e+005 -1.15375018812885e+005 -1.12789713372499e+004 8.66332984863868e+002 5.52616440204916e+001 -1.07307742844112e+000 -1.03910133980901e-001 -2.64834984668324e-004 4.42126229252214e-005 -1.79334497302653e-005 -4.56027061077867e-007 9.53931149375097e-008 4.37735786506093e-009 
1.33781391544161e+005 -4.99318971459542e+004 -6.73987624171688e+003 3.60076415993286e+002 3.12613907743521e+001 -3.15551658637630e-001 -5.31265108573139e-002 -3.79009239700876e-004 3.18184992711620e-005 -8.85757584164133e-006 -3.58936396096760e-007 4.34565987842713e-008 2.58739873573013e-009 
-3.54252603420993e+005 3.16024535108047e+004 2.04216337455799e+004 -7.86817727530420e+001 -9.69330470301590e+001 -1.98138695792090e+000 1.21628109605053e-001 1.08213061341123e-002 7.90512940341497e-004 1.56477450053498e-005 -4.33151840897781e-006 -3.98903111501716e-007 -7.33363994692699e-009 
-5.34219911327839e+004 -1.51528906453115e+005 3.25950682037397e+003 1.43674314132645e+003 6.89052376681096e+000 -3.96979272752961e+000 -1.54841297197262e-001 -2.43391899784676e-003 3.37611885112436e-004 6.49824083591290e-005 3.35462810456244e-006 -1.30487481849804e-007 -2.52598457744378e-008 
-9.29810761479750e+002 -7.90168853320115e+004 1.36166784407787e+002 7.35156087129700e+002 1.07138392478327e+001 -1.87346283480434e+000 -8.77450884936502e-002 -2.02001128736268e-003 1.13673989268498e-004 3.18073884957215e-005 2.02034207578360e-006 -3.68950939048686e-008 -1.22839327144793e-008 
-1.50192990579858e+005 1.63541915802758e+005 9.76236918411619e+003 -1.64471767183943e+003 -7.25862969962896e+001 6.05594636783967e+000 4.76506451877203e-001 -9.31071891599191e-003 -3.28947348551318e-003 -1.04700351222875e-004 1.88710774427485e-005 1.69328813674660e-006 -6.21411712998066e-008 
-2.79241408445578e+005 -6.18768303553156e+004 1.79462060208419e+004 7.40069015711584e+002 -9.86353706218436e+001 -4.95497240524835e+000 2.72731730636156e-001 3.53941320187153e-002 1.62725321483527e-004 -2.34162028244215e-004 -1.27285166455847e-005 1.14302453740815e-006 1.51916377108122e-007 
-1.30233225647731e+005 -4.33244381164437e+004 8.38115217588665e+003 4.97294178716158e+002 -4.47434596975088e+001 -2.96524128706140e+000 1.03518986869599e-001 1.86564786332484e-002 3.23899925879754e-004 -1.11149269775838e-004 -7.84417592852213e-006 4.55698206519978e-007 8.16474505539540e-008 
1.86403365433401e+005 1.54927988055418e+005 -1.16564629242871e+004 -1.49815444927284e+003 8.94637573770997e+001 5.46166498283000e+000 -5.81274781679282e-001 -1.63244223395697e-002 4.22005202739040e-003 2.57532540364166e-005 -3.24282367806442e-005 5.17266619968066e-007 2.51464419946118e-007 
-2.52922152135702e+005 8.65107865403413e+004 1.59542700415771e+004 -1.03238004949795e+003 -8.27048910617015e+001 6.54505377904161e+000 2.49097729987301e-001 -4.43056665246708e-002 -6.07711199120376e-004 3.30368974384179e-004 -2.50444825836946e-006 -2.54493505373562e-006 7.78679146877922e-008 
-1.41468757074336e+005 3.25701501534039e+004 8.94949112971996e+003 -4.13975493776866e+002 -4.86333032454344e+001 2.91971635800935e+000 1.69392429296799e-001 -2.12838101341365e-002 -6.18749615656823e-004 1.65752882157561e-004 1.11165174209688e-006 -1.32930984990933e-006 2.10410548318535e-008 
3.65723914038480e+005 1.76552816922787e+004 -1.97672130000272e+004 1.16237858967463e+002 8.23887756499383e+001 -3.52842768473139e+000 -8.47048240855587e-003 2.05812502029789e-002 -1.50748853498651e-003 -1.12172860682238e-005 9.36566907533929e-006 -6.66399576229049e-007 -8.57046537009058e-009 
-6.34214471304923e+002 1.52285641823619e+005 -1.12127559666764e+001 -1.33917691688179e+003 2.93270151690569e+001 2.57970474646918e+000 -2.75812787869363e-001 1.12473960882055e-002 8.29522646773072e-004 -1.19771255084190e-004 4.13369210967837e-006 4.12735890555677e-007 -5.93685902997518e-008 
-2.65602319278970e+004 7.59788044407926e+004 1.43386195711683e+003 -6.89441073471814e+002 8.79256364377244e+000 1.57367017392690e+000 -1.39175047425750e-001 4.18960666871483e-003 5.31769203973918e-004 -5.99454998114263e-005 1.40824762573636e-006 2.58361548002132e-007 -2.94906969321397e-008 
2.59926672920144e+005 -1.17321090920115e+005 -1.25069178619341e+004 9.67183152150248e+002 3.20675248350878e+001 -1.28398021864263e+000 7.06101834745770e-002 -6.79554942601873e-003 -1.76547433202945e-004 2.07470710179546e-005 -1.16946161890535e-006 8.26692922872379e-008 1.62191705067881e-009 
2.60077516813081e+005 9.80920399426647e+004 -1.23898003539106e+004 -6.93247211311610e+002 4.38547640500312e+001 1.22909121331936e-001 3.01938697875358e-002 4.77216959721056e-003 -4.50219601511397e-004 6.05378241353055e-006 -1.71213330201761e-008 -6.48416169618554e-008 7.24896854242172e-009 
1.13354437872122e+005 5.82283064309419e+004 -5.39648814658976e+003 -4.23742583905469e+002 1.99964561559880e+001 1.64227507240499e-001 1.01410264496978e-002 2.91243533495283e-003 -2.15956219092519e-004 1.52133214590913e-006 7.75868484215518e-008 -3.88874150964716e-008 3.56250067347996e-009 
-3.29797511216920e+004 -1.63925742089927e+005 1.43966759353066e+003 1.29775546284620e+003 6.92421010572125e+000 -1.97626240104075e+000 -1.12745376334856e-001 -3.25628166667386e-003 4.31083104160904e-004 2.06380348392365e-005 -2.57568456640544e-007 -9.53036239542130e-008 -4.61519337150249e-009 
3.39575268164431e+005 -2.18170955823868e+004 -1.62318164341405e+004 8.56801595042418e+001 5.66358083517102e+001 9.74108599107384e-001 -1.43447025440513e-002 -7.14674768087186e-003 -2.54921401682047e-004 1.57666951610175e-005 1.24364027174145e-006 2.70129403068382e-008 -5.32388533215885e-009 
1.74646011002868e+005 5.73838227906875e+002 -8.36739425243077e+003 -5.00958465504638e+001 2.84511132534737e+001 6.42133022688366e-001 4.99673109523781e-004 -3.41321805895856e-003 -1.60963413232041e-004 6.56913424725541e-006 6.53674581168456e-007 2.05399638862253e-008 -2.38515730099975e-009 
5.19115913270722e+005 4.89804087944450e+003 -2.04748532509183e+001 -7.79324357234668e-002 1.40696623820730e-003 -7.54258727828585e-004 7.93020696016764e-005 -1.99208812984919e-006 -8.32370730800745e-007 1.95387343327420e-007 -1.95035798445533e-008 
-3.76496600289795e+005 7.13127247208849e+003 1.23423756280090e+001 -1.61452930196265e-002 3.85505429428227e-003 -2.31633457805729e-004 -4.38648805936806e-005 1.00036247859309e-005 -1.08097096849015e-006 2.73910509856173e-008 1.24122393335284e-008 
-1.73418936117000e+005 2.89507691689783e+003 5.71943893122765e+000 -1.15212268081554e-002 1.98972839711035e-003 -3.83990289311946e-005 -3.16451043477923e-005 5.54848399912943e-006 -4.91117313629641e-007 -4.31135311278929e-009 8.64128874773725e-009 
5.28745072987092e+005 4.73024635119847e+003 -2.15275951988722e+001 -1.05423491403435e-001 -2.29298826554041e-003 8.50422366000703e-005 6.95240426779449e-006 -6.69145432597794e-007 6.94768198637921e-008 5.85866289029607e-009 1.54425668053573e-010 
-3.62135491715558e+005 7.22982700031577e+003 1.23206256412235e+001 -1.42162007981058e-003 -1.49310520636935e-003 -1.52507653647495e-004 9.98879116960268e-006 -3.54332551486412e-007 1.25634522609786e-008 -1.44580385464837e-009 -3.31121284054671e-010 
-1.67583191956426e+005 2.94065287026368e+003 5.69727516664473e+000 1.55160882649949e-003 -3.42765468114479e-004 -8.35517146515218e-005 4.57214703127517e-006 -1.22182718505919e-007 -5.60637735168297e-010 -9.29705921242819e-011 -2.01950302824074e-010 
-5.64792803052260e-005 1.86147753722567e-006 -3.83093755079192e-007 -1.72768320345949e-007 1.90282203654919e-008 7.38416468575541e-009 -1.34160418025332e-010 -1.33538997571321e-010 8.09294643355476e-012 7.38929238153098e-013 
2.78258259272505e-005 6.91732971204504e-007 2.61791912759113e-007 -4.48249463856221e-008 -1.79813255840437e-008 6.01359074962102e-010 4.63810167315775e-010 4.64666457365216e-011 -8.28504242508334e-012 -3.23090895968167e-012 
-5.52667553099808e-005 5.19932969718522e-007 8.47945313859255e-007 1.52925332492859e-007 -7.15462652085214e-008 -1.46633197848708e-008 1.69585125841682e-009 7.19753516148836e-010 4.48875521951293e-011 -1.89325479303475e-011 
2.87931436673565e-005 -1.75753152543662e-007 -1.57716439311466e-007 1.21404492217406e-007 2.37760809574068e-008 -5.63362096788559e-009 -1.56017556705899e-009 3.68586006855185e-011 6.28057567314082e-011 6.70270448283077e-012 
-5.26559694814950e-005 2.06740067943031e-007 -8.79506843712417e-007 1.64494453429256e-007 6.20703336288871e-008 -1.69472546310320e-008 -1.02100522986181e-009 9.67891596498210e-010 -7.40920234524779e-011 -3.65280448989399e-011 
2.97262555443932e-005 1.10607695220118e-006 -1.55622804113835e-007 -1.14746464153975e-007 2.50235558924171e-008 4.80211700282503e-009 -1.86899129984353e-009 -1.92223117203052e-011 8.76339323201592e-011 -5.66313719001946e-012 
-5.25577325541916e-005 1.07986117034767e-006 4.21822306108732e-007 -1.24982222567050e-007 -2.63370896307638e-008 2.36249998830024e-009 2.96988830147102e-010 1.08618917018769e-010 1.24999335032000e-011 -5.45709697243416e-012 
3.05237928035666e-005 7.27162223076985e-008 2.07563540398756e-007 5.94887385316915e-008 -1.09772490525665e-008 -1.77290551005440e-009 6.17380092599914e-011 2.55540912676897e-011 -1.63260656183457e-012 -1.06751048787700e-012 
-5.23923484255140e-002 6.21023958662625e-004 9.56309961747589e-005 3.42855861161589e-006 -1.22566306535779e-006 -8.04969376822240e-007 -2.36241705351107e-008 1.59312566864650e-008 9.96166312593178e-010 -1.46734265788971e-010 
3.91448370421857e-001 8.44751546237269e-005 -2.60595978170140e-005 -5.31542763136283e-006 -1.25840395565451e-006 2.82805109387805e-009 4.95142809919138e-008 2.30120267308590e-009 -6.17879160793142e-010 -5.17366974663984e-011 
2.90173928968051e+003 9.19390294504027e-001 -9.65094499140669e-005 -4.62601365270328e-006 1.24077555964462e-006 7.49901375599630e-007 2.11539546459516e-008 -1.46769969275930e-008 -9.02056960168174e-010 1.36030355947414e-010 
-5.09626988692445e-002 5.43437349040197e-004 -2.08862191433598e-004 -3.59829597792482e-005 6.39499758277473e-006 1.64694557394822e-006 -7.76306684405286e-008 -4.54422925667884e-008 -2.11557806486709e-009 6.86104899610477e-010 
3.91186182707311e-001 -3.77577298112086e-004 -5.10449328836801e-005 1.58321762313408e-005 3.16873872599671e-006 -3.24410269569282e-007 -1.11908905219565e-007 1.44505298150353e-010 2.37667640762794e-009 2.47574830082840e-010 
2.90357780276355e+003 9.19364944009251e-001 1.81717065681215e-004 3.46129612918002e-005 -5.63308156614599e-006 -1.51606769275352e-006 6.79016843868541e-008 4.11567591460111e-008 1.94319654842718e-009 -6.13403718352428e-010 
-5.12778150404949e-002 -5.89115448908383e-004 7.29169667060715e-005 3.34759189623186e-005 -7.55335470788843e-006 -3.30325805816524e-007 2.80159599937375e-007 -1.89400193503686e-008 -5.57026963585911e-009 1.18729934536975e-009 
3.90651714764461e-001 -3.98338604780457e-005 7.58990625441888e-005 -1.09605367471821e-005 -1.67843434435212e-006 6.10605580256140e-007 -9.58293571764209e-009 -1.64072001556096e-008 2.05146225556177e-009 2.19177834007831e-010 
2.90541781989803e+003 9.20425580260081e-001 -5.35036536016161e-005 -3.01586118123647e-005 6.60025380964192e-006 3.11450507416378e-007 -2.52187792108948e-007 1.66496536969289e-008 5.06547607261515e-009 -1.06451909503984e-009 
-5.16052549831325e-002 2.44659751701452e-004 7.85930287978768e-005 -3.70929100290082e-007 2.80790666537639e-006 -7.65481417245437e-008 -9.93678513297686e-008 -8.57017125148710e-010 4.77929580391935e-010 9.26050766243779e-011 
3.90813501448178e-001 1.31681496043377e-004 -6.12119928179313e-006 1.30281831704864e-007 -9.79696772344562e-008 -2.58475296975664e-007 2.44543934951755e-009 3.69212447320222e-009 1.64341917691230e-010 1.27777674770337e-011 
2.90725797320420e+003 9.19731814920197e-001 -7.18494512891593e-005 -1.51765443918388e-006 -2.56763410749933e-006 8.40056452851489e-008 9.15632467335830e-008 8.42735469701652e-010 -4.58220240823165e-010 -8.59946085069217e-011 
