3.02063479392732e+007 1.13144398332662e+007 -4.39363157638483e+005 -3.43766147979616e+004 -5.53686227536155e+002 -9.51324204072764e+000 7.45881164777309e-001 6.72987308216804e-002 3.91253817926565e-003 1.67975797164695e-004 4.70802610026655e-006 -7.14085791452947e-009 -1.27100824290570e-008 -1.07997494266498e-009 
-4.87234122213284e+007 8.25390286248212e+006 6.91818402282276e+005 -7.40770894836182e+003 -7.39243682823975e+002 -3.52883147705811e+001 -1.52319977229424e+000 -3.78889091758126e-002 -9.11700801936029e-005 8.78492847357672e-005 7.31027740935117e-006 4.12897872686666e-007 1.69930845022494e-008 4.17556501715203e-010 
-2.92050449705980e+007 3.23684733055745e+006 4.15107573482753e+005 -3.95098656787373e+002 -3.37539998533797e+002 -1.78657066681134e+001 -8.91004034791541e-001 -2.72144473623510e-002 -4.54132418058163e-004 2.95241629674627e-005 3.41739108001136e-006 2.21315614840536e-007 1.03949901107287e-008 3.34977875942250e-010 
4.79048694413561e+007 5.99520988269871e+006 -9.05623573775722e+005 -4.28079653032988e+004 -3.11838180377673e+002 5.16423620863665e+001 5.43979771029303e+000 3.00751873569697e-001 9.04223899269559e-003 -2.16486385176180e-004 -5.25207145743112e-005 -4.13143271975450e-006 -1.92368856967612e-007 -2.37513150771260e-009 
-2.71489551717380e+007 1.31636632032561e+007 5.01372680274042e+005 -2.71684938678183e+004 -1.87478642362756e+003 -7.87966207880262e+001 -1.46491810074687e+000 1.17027621709178e-001 1.49281828136706e-002 9.56511361791943e-004 3.47507653237984e-005 -2.87758763212817e-007 -1.60715777411450e-007 -1.43246296817786e-008 
-1.95137730008481e+007 6.41090727976483e+006 3.61684034274346e+005 -1.00779055444123e+004 -9.69223215324836e+002 -4.74455409010075e+001 -1.34626571040676e+000 3.13530112537698e-002 7.03785729838487e-003 5.33414438659540e-004 2.40066900179307e-005 2.74387394402202e-007 -6.59226565090941e-008 -7.40629087288023e-009 
5.10540109801036e+007 -3.24919104802491e+006 -1.38360709897964e+006 -2.93113875157889e+004 2.75854655916878e+003 2.83042413743081e+002 1.12073955620294e+001 -3.94507506730325e-001 -9.00177332450428e-002 -5.83322164479444e-003 -2.42706774491784e-005 3.13169470300317e-005 3.03778195720530e-006 9.55039045327804e-008 
1.71688431151386e+006 1.52395307757444e+007 -5.64201120044521e+004 -6.91291213486678e+004 -3.10277188318887e+003 1.55415653829621e+001 1.41492614060950e+001 1.10516292682501e+000 2.38268713101672e-002 -3.76678106339873e-003 -4.70719559987696e-004 -2.13316341755285e-005 8.13289789936326e-007 2.04796247671858e-007 
-4.41968714323321e+006 8.47779966211049e+006 1.13233412262747e+005 -3.38923993689020e+004 -1.94339114700957e+003 -2.10270855352450e+001 6.39739004694896e+000 6.31273404634357e-001 2.20565510705343e-002 -1.40781196392540e-003 -2.48950306650666e-004 -1.46408696067597e-005 1.19682767551284e-007 9.95088873183558e-008 
3.32165873811076e+007 -1.44985232681937e+007 -1.26474658679403e+006 6.33904647010128e+004 8.02655259014377e+003 1.74533452848777e+000 -4.71470003273849e+001 -2.30249450408035e+000 2.19632756909029e-001 2.85909285239444e-002 -2.26224210310346e-004 -2.44531156146128e-004 -1.12544239008484e-005 1.47917604361779e-006 
2.86428764884455e+007 1.08181621549501e+007 -1.08765407126989e+006 -8.87542838821542e+004 2.51948450841190e+003 5.53837270298154e+002 1.08326132224167e+001 -3.11362459390113e+000 -2.32962216590215e-001 1.14141038120867e-002 2.42694541963922e-003 3.65444080143299e-005 -1.82987074397406e-005 -1.32147136033976e-006 
1.18128016161389e+007 7.28153584815792e+006 -4.49982515214159e+005 -5.39824370752437e+004 5.14211299063585e+002 2.95686643569587e+002 1.06724154349969e+001 -1.42475244848390e+000 -1.47210444817915e-001 3.13495442205852e-003 1.31995052950243e-003 4.48604107130595e-005 -8.60928738115379e-006 -8.59203344209989e-007 
1.00984313582618e+008 -7.71117875061162e+006 -1.27033439933520e+006 1.51168089091148e+004 1.32155276970551e+003 -6.98731096625044e+000 -5.39936373397437e-001 -7.96076277870851e-004 1.04100815146855e-004 2.00231277291367e-006 
3.33591183608704e+007 2.05308336592698e+007 -4.16352504932564e+005 -4.28995939213080e+004 3.83739433703411e+002 2.66840703287415e+001 -7.62905615915841e-002 -7.60157372035580e-003 -5.48494162471572e-005 8.93315004205880e-007 
8.60675868968301e+006 9.72630511942764e+006 -1.06991905505626e+005 -2.02607058620967e+004 8.90770122662711e+001 1.24496113507238e+001 -1.72220941029485e-004 -3.37008088621188e-003 -3.12454261120958e-005 2.77081693929757e-007 
7.62175705331635e+007 -1.68039869607886e+007 -9.68958477897634e+005 3.44396570677953e+004 1.05264567872915e+003 -1.97700413936224e+001 -5.04822008236670e-001 3.62924285965846e-003 1.55322506952611e-004 -1.53008474907777e-006 
6.95595627450252e+007 1.52847516437046e+007 -8.77224637794267e+005 -3.26652187396173e+004 8.81019585983169e+002 2.21430415191851e+001 -3.06523613414788e-001 -8.56358600014998e-003 -2.37117125877734e-006 3.66063814388348e-006 
2.64630015628597e+007 7.94083993719021e+006 -3.33445150441779e+005 -1.68777020947422e+004 3.29860186286434e+002 1.12147545950223e+001 -1.06035832090023e-001 -4.08660507973023e-003 -9.35697081081223e-006 2.23486248479317e-006 
-1.15816548480143e+008 1.27974858225346e+007 5.35829981148817e+005 -1.04422064243452e+004 -1.86626334479494e+002 2.74138060958526e+000 1.39781982779660e-002 -8.01040539871880e-004 -1.43088580084616e-005 2.09229369429915e-005 1.47825699717008e-006 -7.70669501350355e-007 -6.38378457560794e-008 
-8.79203382188149e+007 -1.45631940621082e+007 4.08959344514959e+005 1.08379832526083e+004 -1.71161845091518e+002 -1.93645666433220e+000 3.05085220499243e-002 -2.73004229852052e-004 6.25965436612032e-005 1.38308189257926e-005 -2.30031554653693e-006 -6.31043177404783e-007 5.98031935591477e-008 
-3.80912632764181e+007 -6.31263102398411e+006 1.77266319750561e+005 4.69798014186868e+003 -7.41927855797903e+001 -8.39228134008736e-001 1.33654863461129e-002 -1.32956852102411e-004 1.66898805107671e-005 6.49165477973567e-006 -4.71160482620866e-007 -2.75818870400957e-007 6.31943510331906e-009 
-8.63647667954919e+007 1.65363981988095e+007 3.94462810891953e+005 -1.29757506044210e+004 -1.29368465028513e+002 2.95847045917561e+000 4.59715246673587e-003 -4.68392138045837e-004 2.52877038608740e-005 2.91727386346485e-006 -6.12140691487723e-007 2.33245835482134e-007 -2.56139550261956e-009 
-1.13397848309630e+008 -1.08205361188298e+007 5.21435076484399e+005 7.82962929103688e+003 -2.02512531371301e+002 -1.20704208968418e+000 2.77605141295475e-002 -1.43146489126852e-004 4.38686481746173e-005 -1.02989301969779e-006 -1.93015876406531e-008 1.40111735455841e-007 -5.91627613309896e-008 
-4.91348866262623e+007 -4.69034101238725e+006 2.26021814598757e+005 3.39397304027102e+003 -8.77819595197917e+001 -5.22834713078365e-001 1.20641618676227e-002 -9.11077352617735e-005 1.81492594261818e-005 4.07294919767610e-007 -5.87873516853009e-008 6.97739045650913e-008 -2.11545936137042e-008 
4.80188445360892e+007 -3.13933733024885e+007 -2.54088119368008e+005 2.88915574794042e+004 -1.78163193499450e+002 -5.72462741374967e+000 2.09467324037094e-001 -3.20658114849136e-003 -2.06665536910763e-005 3.40542994329984e-006 2.05796823499675e-007 
2.04090213689365e+008 8.72505005622941e+006 -1.06293403126562e+006 -5.13050644339040e+002 4.63239067465266e+002 -7.30986327383025e+000 1.80365910251421e-002 3.26843223264195e-003 -9.14663316622716e-005 1.35025385272385e-006 -1.99687445788995e-007 
9.23189242218086e+007 4.84841066157258e+006 -4.80694022373602e+005 -1.01420627034335e+003 2.17281740863676e+002 -3.19843536895916e+000 2.63969585463170e-003 1.58556978929366e-003 -4.18906621913222e-005 3.85071712998121e-007 -1.13420238530799e-007 
2.71842516028856e+008 1.66869352590392e+007 -3.74756448256756e+004 -4.03872125437444e+002 1.03905997259059e-001 3.28797678297998e-003 6.72142682787800e-006 8.26253699642440e-009 
-6.61731524517008e+008 6.77664568867744e+006 9.10635180362350e+004 -1.04594223189240e+002 -1.16360947378992e+000 -7.31875324068648e-004 5.44468942932367e-006 -1.19629054155884e-007 
-2.90244426000306e+008 2.49839992273485e+006 3.99441317073785e+004 -3.50010150762421e+001 -5.01284523654954e-001 -3.93937351418052e-004 2.21336692205275e-006 -3.66918287589885e-008 
1.26377991284074e+008 -1.40143304370435e+007 -3.27465950714990e+003 6.01612643903864e+001 1.15864303234604e-002 -1.15087680389076e-004 2.70540941808547e-008 
1.24351639603627e+009 9.13217414722667e+005 -3.21093823790625e+004 -5.13615710395504e+000 8.00137502395220e-002 1.88030671151133e-005 6.56381737923310e-009 
5.08189613860031e+008 9.80862901504433e+005 -1.31217201598512e+004 -4.71412976727762e+000 3.25498217622859e-002 1.27455047924166e-005 -4.89401586837277e-009 
1.75354125782941e+008 -9.46547372340884e+006 -4.80989417167746e+002 4.27419694268795e+000 6.15850325965725e-004 -4.87963093996596e-007 
2.60793889288420e+009 7.80128244910647e+004 -7.14380109564598e+003 -5.89276079415486e-001 1.63928983206666e-003 4.85050338920566e-007 
1.13972011349455e+009 1.67970405322054e+005 -3.12212470685293e+003 -3.18212963799033e-001 7.10742553998498e-004 2.19126162909685e-007 
4.30978244335389e+009 -1.99963269878205e+006 -3.07397616982119e+003 2.27126654322894e-001 1.80216935775818e-004 -3.34622868826561e-008 
1.11231250072601e+009 6.73979563692027e+006 -7.93313933084328e+002 -8.05302034982425e-001 4.07169591714065e-005 2.92228742462304e-008 
3.47978137543158e+008 2.80841531597122e+006 -2.48177180129156e+002 -3.35285075081241e-001 1.21678009269741e-005 1.27132764089128e-008 
3.76567345314570e+009 5.74578416354545e+006 -1.40436448750846e+003 -1.43766454779050e-001 9.67599805809603e-005 -1.48081725967360e-008 
-3.41917622942178e+009 3.92190435906586e+006 1.27500401065879e+003 -4.36988977466793e-001 4.52379223212493e-005 -4.30846667822238e-009 
-2.20160681923669e+009 -5.07277108102982e+005 8.21014813648559e+002 -9.28774474580347e-002 -1.45171209247496e-005 -5.40641284951418e-010 
-3.61375639622189e+005 4.97961880433109e+004 1.84093681814183e+004 -2.44849916223495e+002 -7.85417689737422e+001 -1.43801596154713e+000 1.23082625801365e-001 1.29378350370767e-002 2.20624633184743e-005 -5.18183523283834e-005 -1.82919745781582e-006 1.62017192545574e-007 1.59645392405234e-008 
-8.05358888167767e+004 -1.53701222242609e+005 4.07905243303957e+003 1.33496904799286e+003 3.02982189626188e+000 -3.27178622679657e+000 -1.58302919806305e-001 2.70915343214172e-003 8.09622869896253e-004 1.45282204183630e-005 -2.78884286730380e-006 -1.75974073366763e-007 6.84857048692238e-009 
-5.05583416829515e+004 -5.08686623112825e+004 2.57018098345485e+003 4.53280763298254e+002 -3.80977754370027e+000 -1.23593914058713e+000 -4.78831577628705e-002 1.74887506340858e-003 2.85353301146173e-004 1.88892442116161e-006 -1.09142163588657e-006 -5.17040083911404e-008 3.39020112625449e-009 
-1.39347948582335e+005 1.63348053180635e+005 7.79114048102526e+003 -1.46961251286681e+003 -5.55513253112387e+001 4.21932384919179e+000 2.33291362579026e-001 -9.77927851243202e-003 -7.13368215116353e-004 5.12904788886538e-005 2.35530127257433e-006 -3.48419543661596e-007 -1.28212599791767e-008 
-3.07916630990356e+005 -6.21449970562642e+004 1.77537980885204e+004 7.29019647876345e+002 -8.04734811652429e+001 -3.67908499943760e+000 1.76891794599622e-001 1.27653237223323e-002 -5.93570339461835e-004 -3.76408006944669e-005 4.00556855544489e-006 1.64274672993157e-007 -2.53198086452232e-008 
-1.16643880539128e+005 -1.17195521089113e+004 6.71112843903357e+003 1.64873242737271e+002 -3.16616764056548e+001 -1.02875715785846e+000 7.64517805945886e-002 3.87013239453141e-003 -2.52358067337581e-004 -1.00268403416097e-005 1.55110442467064e-006 3.60745620126537e-008 -9.67560427306576e-009 
1.88291000601109e+005 1.47843878394025e+005 -1.17237720089118e+004 -1.49631522525016e+003 5.65517581055301e+001 5.59000931799793e+000 -1.14776855208537e-001 -1.09796971678731e-002 1.79541556080974e-005 -2.35915182175136e-005 7.66977157822745e-007 3.65928257203607e-007 -1.17198973760096e-009 
-2.80405340424827e+005 8.93208094578099e+004 1.73219625482612e+004 -8.38736389441142e+002 -9.50737547057447e+001 2.51587068238815e+000 2.63880040124497e-001 -3.02482374696696e-003 -1.84332757050790e-004 -7.06448678171423e-006 -3.60213052310965e-006 3.41641958969005e-008 2.66275939723998e-008 
-8.67605050343800e+004 4.04689375720137e+004 5.35378498257728e+003 -3.86602393661767e+002 -2.98455530697816e+001 1.22762132730162e+000 8.53871824438920e-002 -1.73923455136737e-003 -6.32812853073716e-005 -3.93228573588995e-006 -1.21679617983315e-006 3.45709650393963e-008 9.26761465132457e-009 
3.48853097928562e+005 4.60851415923962e+003 -2.13369454188821e+004 4.68717365066754e+001 1.15627702737533e+002 -7.89222468341665e-001 -3.77025745534475e-001 1.77322553481864e-005 1.32613268309565e-003 4.91646147754188e-005 -5.82757248474079e-006 -5.08467034333035e-007 2.66529534410213e-008 
-9.52014688882634e+003 1.67612724069358e+005 7.76905504625999e+002 -1.66378960680969e+003 4.95147091596347e+000 6.36596188192194e+000 -3.18281167452272e-002 -2.05383026452516e-002 -3.29591360900289e-004 8.03463445058747e-005 5.19798650847141e-006 -3.68327500156826e-007 -4.23667304931565e-008 
1.82049195234096e+004 5.91025115791602e+004 -1.04262656504716e+003 -5.80639047361374e+002 8.87056807046381e+000 2.18291300116113e+000 -3.44423814577614e-002 -7.19852715236063e-003 -3.38185741027233e-005 3.12031645911249e-005 1.46396931808409e-006 -1.60518816255982e-007 -1.32159462182539e-008 
2.08769776214903e+005 -1.36417608365706e+005 -1.15742372010784e+004 1.36632954351227e+003 3.36860477085661e+001 -5.42883453603063e+000 8.79370190409079e-002 1.84563038513096e-002 -1.02311697292600e-003 -6.40609060242775e-005 6.95600957007350e-006 1.61891213590417e-007 -4.55728083275752e-008 
2.75292950791363e+005 1.03799500624906e+005 -1.51455668572192e+004 -7.85036440965532e+002 8.48307079605646e+001 4.85127842896043e-001 -2.98229522138429e-001 1.03307016469060e-002 1.05522875220220e-003 -7.89205097243995e-005 -3.44873949674855e-006 5.33763078216661e-007 4.50615048073217e-009 
1.09527217047727e+005 2.80297182315517e+004 -6.02539423572112e+003 -1.91199726656394e+002 3.18111694768341e+001 -1.65403372755237e-001 -9.91255421292980e-002 4.76301409542211e-003 3.06947512239777e-004 -3.16270241696694e-005 -7.80578884377109e-007 1.97177620066586e-007 -1.22923201145283e-009 
-1.02893945264912e+005 -1.61209229142609e+005 5.14059951501163e+003 1.25100617542224e+003 -3.36131354504140e+001 -1.22320090330656e+000 1.26101352062295e-001 -9.50253406694408e-003 -1.28679086053423e-004 3.79937474118779e-005 -1.95895557543236e-006 -1.44297472991071e-008 1.19491166060285e-008 
3.47469824622652e+005 -3.31181561383195e+004 -1.70049080194480e+004 3.92909538145798e+002 5.46456208467557e+001 -2.01700231354961e+000 5.75042983252766e-002 5.63616985508818e-003 -6.57778038781387e-004 1.00292769384294e-005 1.43334769985271e-006 -1.68576741792621e-007 4.24322741504866e-009 
1.15689789999745e+005 -2.15289984992228e+004 -5.65029534792851e+003 2.14482159676867e+002 1.70735928509686e+001 -7.82019411156200e-001 2.80276159243269e-002 1.39198841168727e-003 -2.38622950278490e-004 5.85991737630763e-006 3.81663928271317e-007 -6.00275144404355e-008 2.22467307157832e-009 
-3.43925560402220e+005 -7.04114629146081e+004 1.64095181959472e+004 5.94565566699221e+002 -4.81127836078215e+001 -1.04318663675010e+000 -7.69803801553384e-002 -2.46990012057780e-003 4.32351459736750e-004 1.45101845991371e-005 7.10632150947690e-007 6.45589347029345e-010 -6.49619604583277e-009 
1.68973512166017e+005 -1.37899771842229e+005 -8.07584887140035e+003 1.03630628876548e+003 3.05736578855567e+001 -6.55429469087643e-001 -4.32923900364828e-003 -7.75363896000435e-003 -2.36260875356814e-004 8.44175228164317e-006 5.10218927444877e-007 9.35142699252455e-008 2.32063712286957e-009 
3.82321369964584e+004 -5.27309463116147e+004 -1.83024602495056e+003 3.99601740936237e+002 7.77583512195599e+000 -2.91049225936810e-001 -6.16716463544327e-003 -2.87370182414243e-003 -5.65533086260713e-005 3.83266383459240e-006 2.22224305817837e-007 3.28818434085382e-008 4.18831781222060e-010 
-3.41560951117924e+005 7.41022038395646e+004 1.79312184795356e+004 -4.30612144234865e+002 -8.25657403602099e+001 -1.60135272304047e+000 1.32122377784639e-001 1.84256026899671e-002 4.38036305107093e-004 -6.52529286051032e-005 -5.90974180964040e-006 -2.82020978662519e-008 3.20539164455930e-008 
-1.27111140737708e+005 -1.45888406560887e+005 6.61904224964756e+003 1.33237256180016e+003 -3.22400679986103e+000 -3.60097086505637e+000 -2.09393504257122e-001 5.10931558083862e-004 1.14948001147687e-003 5.89819699586494e-005 -2.10671740641974e-006 -4.47800035976149e-007 -1.62675414996744e-008 
-6.56049252709096e+004 -4.67134315480358e+004 3.41547267689680e+003 4.41119305967017e+002 -6.13000073826597e+000 -1.35883865036175e+000 -6.55104059567673e-002 1.29440692408902e-003 4.29923348344371e-004 1.67422845096650e-005 -1.09755038877700e-006 -1.58874463679115e-007 -3.76520488847952e-009 
-5.19606623360825e+005 -5.75962230312026e+003 1.08981392816290e+001 9.12315459571056e-002 -1.24788351117767e-003 -4.82330800864068e-005 -2.46315038945903e-005 -3.47169581416406e-006 -3.17576057707697e-007 -7.39628120633447e-009 1.21662627553513e-009 
1.08856439112545e+005 -3.47483407474267e+003 -1.99734492577234e+001 1.05365400314660e-001 2.90176175720625e-003 2.41984070292165e-004 2.00007891450676e-005 1.62383304703329e-007 -1.76999254841919e-007 -5.12205436206018e-008 -3.60433821197442e-009 
6.56535039796777e+004 -1.38183938044358e+003 -9.08647498281087e+000 4.54157952696634e-002 1.62781057184673e-003 1.38990238964874e-004 1.32789051249619e-005 4.44631760496332e-007 -6.16128683834527e-008 -2.41129395680731e-008 -2.05306275961768e-009 
-5.31035774398329e+005 -5.66890744767961e+003 1.16123121548554e+001 -1.31608191568119e-002 -1.76685591020325e-002 -1.46108036264801e-003 1.10763309092105e-004 4.77433804530125e-005 4.04180018246437e-006 -6.22472931163161e-007 -1.91910365930391e-007 
1.01751823971836e+005 -3.62835647493262e+003 -1.82601712863211e+001 1.83452842791450e-001 2.00902872010179e-003 -1.53759385739835e-003 -2.58939455784884e-004 -2.36452921320890e-006 5.80043291372194e-006 8.38764836926151e-007 -2.60452979348857e-008 
6.28193590627613e+004 -1.45162464072370e+003 -8.26394081176703e+000 9.79192404855217e-002 2.95367726278858e-003 -6.64802177360176e-004 -1.49812732294146e-004 -6.21296469123913e-006 2.67984223835058e-006 5.15070227049677e-007 5.97389276649334e-009 
4.87374292151223e-005 -4.72889812458754e-007 6.78822977203287e-007 2.04768106178081e-008 -4.95750588688011e-008 -4.32210531109542e-009 1.50026717935264e-009 2.41343732566365e-010 -2.33896386826668e-011 -6.07300035143701e-012 
-3.33923413991585e-005 -9.38611178789077e-007 -2.43341835619478e-009 8.48723739442292e-008 4.57019954082089e-009 -4.00469970879016e-009 -4.39926105242050e-010 9.81287452805805e-011 1.57932642805749e-011 -2.17820636409242e-012 
4.86241267683439e-005 -8.89624539059053e-007 -4.96748542180887e-007 1.64609238931904e-007 5.13996512938895e-008 -1.03432549285755e-008 -2.24243639399874e-009 3.07432173113892e-010 6.43539458838828e-011 -3.25668617561332e-012 
-3.42795069660683e-005 -1.36581659171638e-007 -1.97022969726667e-007 -7.71121486220782e-008 2.00044755375131e-008 4.76817254725551e-009 -8.68379141810418e-010 -1.74405102576175e-010 2.26565718317362e-011 5.16235119593457e-012 
4.81089603034586e-005 9.19072625854504e-007 7.18549348728848e-008 -1.81273845736844e-007 6.86877216050217e-009 7.39583755839083e-009 -1.05955997971251e-009 -6.75018795750595e-011 4.37017482338379e-011 -4.37897604031492e-012 
-3.54522937288906e-005 -5.61673724610984e-007 2.45936900077818e-007 2.96968139332122e-009 -1.80311920846249e-008 1.29895827679166e-009 4.34030329726120e-010 -8.47345992556324e-011 -6.50443677206582e-014 1.82475333319639e-012 
4.78924704440895e-005 -1.09781252654985e-006 1.00723100019461e-007 1.69571645552549e-007 6.46324592738154e-009 -4.54874508070893e-009 -7.36501866976311e-010 -7.18923010780504e-011 1.46782283078077e-011 5.59569586525487e-012 
-3.60632237369396e-005 -4.92541154915352e-007 -2.24575029660754e-007 -1.10471474546745e-009 1.40824718320303e-008 1.35436774792667e-009 -8.47156163877751e-011 -8.45020928271734e-011 -1.48982446143332e-011 2.14577521179906e-012 
4.24463518528005e-002 -1.47214374836958e-003 -2.98406324330707e-004 6.38135040568593e-005 2.38704397215891e-006 -1.54715783273814e-006 3.83733529960468e-008 3.25810528533596e-008 1.23916676689555e-010 -5.94654348558502e-010 
4.29549494896621e-001 -5.11512623189610e-004 1.41960247187896e-004 1.52113576367735e-005 -4.27941947023323e-006 4.12476944728018e-008 9.42001523889228e-008 -1.82906440002800e-009 -1.84002615231410e-009 -5.05170460119115e-011 
5.27863112846076e+003 9.21219146454194e-001 2.59252386414511e-004 -5.84378590504922e-005 -1.96857603907138e-006 1.41895195290307e-006 -3.63537452176218e-008 -2.99169305202915e-008 -9.63571607362559e-011 5.47070136702035e-010 
3.91961064277687e-002 -1.30505533985784e-003 2.75169495604517e-004 3.69411170540802e-005 1.15882105925828e-006 -1.98924130910656e-007 -2.33055909548527e-007 -5.32012250866021e-009 5.73387848965290e-009 2.35493959967409e-010 
4.29710173891632e-001 6.34212689208717e-004 1.05106485279386e-004 -1.10442109821478e-005 -1.49647747928714e-006 -4.10613622351413e-007 -4.00374470621672e-009 1.66337279149909e-008 4.95313383800991e-010 -2.94356486420892e-010 
5.28047377216673e+003 9.21006060738804e-001 -2.48822805609838e-004 -3.15600225081733e-005 -1.08452445959227e-006 1.54099963487156e-007 2.11671266395750e-007 4.97354641243524e-009 -5.19142481759142e-009 -2.11191205849133e-010 
3.95194854246126e-002 1.62198760693215e-003 2.38886017390985e-004 -7.68377785722650e-005 -8.09281050331255e-006 1.39151162523759e-006 1.27096030075183e-007 -2.50532271408344e-008 1.53285831562415e-010 4.03219923411412e-010 
4.31006263302751e-001 4.04934669186018e-004 -1.88827255639777e-004 -2.01026177570444e-005 4.49581715564436e-006 4.73449931942164e-007 -7.73567541911229e-008 -4.10695355869261e-009 1.39116155915850e-009 -9.07102168561477e-011 
5.28231317746203e+003 9.18412379643345e-001 -2.07396756990007e-004 6.88567715424540e-005 7.18802502278359e-006 -1.24584758635977e-006 -1.15079476421417e-007 2.24380783467287e-008 -1.23431695697447e-010 -3.61957650199658e-010 
4.17099307102704e-002 -8.18806783368523e-005 -4.97854859411401e-004 9.51252882906909e-006 1.21761215154621e-005 -4.79280563545204e-007 -1.78073749164121e-007 1.41381376234443e-010 1.63121642240764e-009 2.47737565519692e-010 
4.30477840582448e-001 -7.61769035412592e-004 4.20670524790545e-006 3.60655136666144e-005 -1.24464013016709e-006 -6.36974228089607e-007 2.14805559726944e-008 7.85508595960513e-009 4.03681385024184e-010 -2.96793181796780e-011 
5.28415098414200e+003 9.19970155719933e-001 4.44367877764008e-004 -1.00722111313196e-005 -1.09870643795624e-005 4.51101521715573e-007 1.63787645544432e-007 -5.72727159069528e-011 -1.53415851628693e-009 -2.31418407916933e-010 
