5.29875859195469e+007 -7.06267959977808e+005 -1.28835063161489e+006 -3.75328737149613e+004 1.57086947466533e+003 2.15713812433704e+002 1.20033625329166e+001 1.11520406245834e-001 -4.44697741602177e-002 -4.57269762124693e-003 -2.00153335591612e-004 4.92799736729018e-006 1.54028842306700e-006 1.21570547880697e-007 
-4.87076211454687e+006 1.51874448935305e+007 1.24516470008113e+005 -5.74412913864196e+004 -3.02263347862852e+003 -4.59836359693304e+001 7.59963940063695e+000 8.46248778782805e-001 4.03060716339010e-002 -3.99568435048364e-004 -2.39164863279047e-004 -2.04220343461833e-005 -6.66679971834488e-007 4.69712139003716e-008 
-8.14321467517620e+006 8.18565689580743e+006 2.00070851783757e+005 -2.67937722479631e+004 -1.77750283967103e+003 -4.69257311984180e+001 2.81533752580527e+000 4.40497072181947e-001 2.61410094550259e-002 2.60577888224047e-004 -1.07010836167855e-004 -1.14201029893184e-005 -5.15806013539733e-007 1.24890868844955e-008 
4.04155681330592e+007 -1.19719021287851e+007 -1.40371025508778e+006 3.37595717684846e+004 7.47734898354183e+003 2.19276484845954e+002 -2.84689351300842e+001 -3.08897631918030e+000 -4.36996340380398e-003 2.14804815668498e-002 1.44380620508331e-003 -6.73005399955042e-005 -1.58498878523494e-005 -5.51374074585729e-007 
2.37602994302696e+007 1.26458230050973e+007 -8.27213268596719e+005 -9.37340323658250e+004 1.21029092286008e+002 4.46645350014122e+002 2.52751396328287e+001 -1.21426573784897e+000 -2.44447781561280e-001 -7.20189467246187e-003 1.32482235400366e-003 1.43354321844186e-004 -7.03387204109344e-007 -1.19953447509053e-006 
8.45339806143154e+006 7.99578650845379e+006 -2.96375155213812e+005 -5.35714385743152e+004 -7.10477942174807e+002 2.15862465537218e+002 1.64529275855599e+001 -3.28433593393362e-001 -1.30128570579626e-001 -6.07392954156563e-003 5.58036469623916e-004 8.35550868156542e-005 1.26731756739888e-006 -5.83621859227878e-007 
7.96020369273913e+006 -1.95655353873842e+007 -3.14321291665411e+005 1.32115663545697e+005 1.33511900677152e+003 -7.54069221338421e+002 -5.53712752613063e+000 5.43250546337973e+000 1.91709201508483e-002 -4.46592611257342e-002 3.95462119114146e-005 3.96146159148793e-004 -2.21009228278057e-006 -3.71066450322493e-006 
3.94072901411193e+007 2.33775519251930e+006 -1.60514857811261e+006 -1.27944723584658e+004 8.68320620437285e+003 4.20026420717982e+001 -5.59241405155333e+001 -6.62004002912630e-002 4.33386211016672e-001 -1.38416150909122e-003 -3.70589840819150e-003 2.93785450519672e-005 3.35929971072474e-005 -4.36757896883159e-007 
2.01752326557852e+007 3.27650387069011e+006 -8.24870726382251e+005 -2.05302967981283e+004 4.50007904760881e+003 1.00607094343229e+002 -2.93001205597500e+001 -5.98517905791271e-001 2.29523279446931e-001 3.89014458601558e-003 -1.98375364152730e-003 -2.53722998138901e-005 1.81741520891494e-005 1.51349949998674e-007 
-2.90647147719024e+007 -1.63584979794219e+007 9.90568920217593e+005 6.44833100364389e+004 -6.77909454964614e+003 7.96380211052938e+001 3.10400857325554e+001 -2.52076138389058e+000 -2.84287864510188e-002 1.91223221034230e-002 -1.15654604318442e-003 -5.72032819311194e-005 1.29206571917344e-005 -5.17985793829372e-007 
3.22179615953262e+007 -9.07940467941503e+006 -1.08362194496723e+006 7.97716250779615e+004 1.34849701571189e+003 -4.32237702784232e+002 1.99698390664852e+001 1.26036689576619e+000 -2.13735476816129e-001 6.31237625935998e-003 1.06928451805169e-003 -1.23571555619064e-004 9.25683325484309e-007 8.88104748626240e-007 
2.01718290622724e+007 -3.15488372814959e+006 -6.81546302199246e+005 3.59286228380053e+004 1.42310066660287e+003 -2.39152669424332e+002 7.44995571881452e+000 9.34587248719845e-001 -1.11228332644919e-001 1.38971562258589e-003 6.91093161804024e-004 -6.00807867682094e-005 -8.44913947479175e-007 5.28113127300063e-007 
5.99169784401861e+007 1.98721008205080e+007 -7.35529066944900e+005 -4.06784333082551e+004 7.43911858180440e+002 2.32808089071693e+001 -2.71086908518443e-001 -4.47505344192050e-003 2.73463694080747e-005 -7.08443743731531e-007 
-7.96082305135319e+007 1.25289296423153e+007 9.92785465453836e+005 -2.57737774442860e+004 -9.91932035250775e+002 1.51086523149363e+001 3.41936551449355e-001 -3.32126663807500e-003 -1.76876831575751e-005 -1.67554277755796e-007 
-3.96184369696061e+007 4.37966875193083e+006 4.93238066010497e+005 -9.02294816050236e+003 -4.93386039997601e+002 5.32507828946732e+000 1.71004150846394e-001 -1.21121604222276e-003 -9.68886179217407e-006 -3.16626965995216e-008 
9.23957538195950e+007 1.22705324828970e+007 -1.13814716526968e+006 -2.54454957725104e+004 1.13474438087925e+003 1.53508463364560e+001 -3.87048967878129e-001 -3.87058394459524e-003 1.58029159422656e-005 1.70755078910110e-007 
-4.77610772822996e+007 1.89899664968883e+007 5.99601275615251e+005 -3.88143187411937e+004 -6.15602383224126e+002 2.21238551968443e+001 2.38976302478047e-001 -4.13717906803807e-003 -3.69815825452202e-005 -7.66710614127625e-007 
-2.73445853812377e+007 7.76775369057446e+006 3.41801391177245e+005 -1.58543258203177e+004 -3.48786544231097e+002 8.98325890429161e+000 1.32014699851832e-001 -1.61654182248389e-003 -1.76324380027843e-005 -3.56716512210283e-007 
-3.31378404556334e+007 1.96910756595725e+007 1.52463531475372e+005 -1.49579556057806e+004 -4.39771120858002e+001 2.98700167482273e+000 -2.15636310875754e-003 6.48604297988612e-005 4.45184761619123e-006 -3.44041516629879e-006 7.11622501895728e-008 -1.40087867659627e-008 8.21670520219579e-009 
-1.34529626824426e+008 -4.24988376393633e+006 6.14157117843049e+005 2.91484661509426e+003 -2.23710374861584e+002 -3.04126522524996e-001 2.51157857274787e-002 4.20601404128653e-006 -3.97860858647474e-005 -2.16402604387054e-006 4.81565173418572e-007 2.82071719355054e-008 5.90520901326352e-009 
-5.83424205623935e+007 -1.84231356797729e+006 2.66239342513908e+005 1.26366401839625e+003 -9.69800189327800e+001 -1.31956193213163e-001 1.09975809604283e-002 7.35253201034384e-006 -2.23495943887041e-005 -1.04582375608247e-006 3.01657165793307e-007 1.40910071968187e-008 2.55919743823703e-009 
6.89015479747795e+006 2.01853623380120e+007 -2.92915818971512e+004 -1.51866807579312e+004 1.51435336226447e+001 2.90963859855294e+000 -4.36108723113052e-003 2.83731933225267e-004 8.81161223181951e-006 -2.38842305198735e-005 -1.42231244694754e-007 1.70281962674784e-006 -1.71760910426226e-008 
-1.38048501416638e+008 7.42178690933572e+005 6.27559673824969e+005 -6.82237051945738e+002 -2.24196019128422e+002 2.44025067048785e-001 2.35379829530645e-002 -1.19156629514840e-006 -1.38369032503652e-004 -1.57888736646184e-006 9.81372811931831e-006 -6.37844200643207e-008 -7.24280007136751e-007 
-5.98678099610786e+007 3.21766874591969e+005 2.72050212557459e+005 -2.95684622611173e+002 -9.71906290761700e+001 1.06003671555911e-001 1.03320783054597e-002 -2.69879956063772e-005 -7.09175062541090e-005 1.50111454206004e-006 5.00912475242169e-006 -1.99415460004913e-007 -3.66746229069113e-007 
-6.18489545906344e+007 -3.10114649290630e+007 2.85580007421176e+005 2.22759749435365e+004 -2.62975627480621e+002 -1.39747047916930e-001 6.48023285068335e-002 -2.21036550074494e-003 3.43701694711755e-005 -4.59798214797712e-006 -1.05836515491741e-006 
2.09755246440092e+008 -5.61060271510378e+006 -9.61602559515803e+005 9.17482641869011e+003 2.45557075639098e+002 -4.74769445153844e+000 7.74903381877610e-002 -1.71787767437069e-004 -4.67728090631317e-005 -2.26389140830423e-008 1.71704486079960e-006 
9.78496521836734e+007 -1.73667642918579e+006 -4.48771997844127e+005 3.60696165183454e+003 1.19730419786870e+002 -2.17391728898575e+000 3.37746582358014e-002 -1.86919989668919e-005 -2.03216955852101e-005 4.04293330731629e-007 6.65154387386863e-007 
-7.48936383627368e+008 6.90250493985389e+006 8.75322736420160e+004 -1.27134478429428e+002 -7.45330361154888e-001 2.57338119692550e-004 2.18508030647712e-007 -1.02516989750853e-007 
-3.01616913770189e+008 -1.44099146148934e+007 3.53028653133572e+004 2.83743063232454e+002 -2.58217065774919e-001 -1.00283009654851e-003 -6.97440332289663e-007 -1.50231561000288e-007 
-1.11058653778819e+008 -6.34447589962549e+006 1.30010545292517e+004 1.24716010736113e+002 -9.25363717304580e-002 -4.36126501930382e-004 -3.43081346087786e-007 -7.93760791232431e-008 
-1.49534355036958e+008 1.25542704399268e+007 2.77541748842225e+003 -3.91675194288793e+001 -1.69956979866413e-003 1.85905642812873e-005 1.45180306162272e-009 
-1.38533911318950e+009 -1.06839169583060e+006 2.58252604480342e+004 2.41379582126738e+000 -3.37087798626484e-002 3.53007898565129e-006 4.63458352684841e-008 
-5.65779604408814e+008 -9.81828701208210e+005 1.05473742834568e+004 2.68133688283872e+000 -1.38581575309585e-002 6.22118397069057e-007 1.78643487935688e-008 
2.70354228025726e+009 -4.03543300880661e+006 -6.47749742304984e+003 1.34082010049482e+000 1.24339246425360e-003 1.46838346583254e-009 
1.16446293255473e+009 7.39780486915992e+006 -2.78944838744001e+003 -3.06732257607968e+000 3.07654443902435e-004 2.97881503880151e-007 
4.71766130656653e+008 3.29711036913258e+006 -1.13011697617352e+003 -1.36235102921505e+000 1.17343046409812e-004 1.31746384431920e-007 
4.26358100624846e+009 2.25635316877559e+006 -3.00910291615160e+003 -2.83959872346935e-001 1.76560823040933e-004 1.03284485412148e-008 
-1.23379662000479e+009 6.68150432402120e+006 8.71006379476376e+002 -7.80804422685945e-001 -6.21547835079350e-005 2.56468505297310e-008 
-6.11146696842814e+008 2.67860268423597e+006 4.31428409068517e+002 -3.12513532532196e-001 -2.98969255301909e-005 1.05196967500334e-008 
1.52168229851146e+009 7.31401444471722e+006 -7.78447890651689e+002 -5.06329240474407e-001 1.66924268338160e-004 -8.56158625426726e-009 
-4.38512223586590e+009 1.53878928681802e+006 2.24294168363276e+003 -4.70224608023441e-001 -4.29157446601750e-005 5.60144622191476e-008 
-1.82693988470841e+009 -1.72349188841893e+006 9.34460868843561e+002 5.69485100254519e-003 -6.35863221824175e-005 2.21353105106838e-008 
-3.58280044050311e+005 -4.86072440227929e+004 1.92880387879840e+004 1.57154756632449e+002 -8.25059814137436e+001 2.41050477991122e+000 3.55559400954007e-003 -1.12944519776534e-002 1.22978868245641e-003 -4.29230228001808e-005 -2.76549664142246e-006 4.79442619510606e-007 -3.09175586385709e-008 
7.11583165617144e+004 -1.54742746614067e+005 -3.98567236427547e+003 1.39757277869990e+003 -1.26256957512060e+001 -2.78528106418528e+000 1.99411760211587e-001 -1.10033904129262e-002 -1.35373361046304e-004 7.55962439909533e-005 -5.76446254839565e-006 1.25718043416594e-007 2.08995726253510e-008 
4.27923157939327e+004 -5.13880373965436e+004 -2.36059276523703e+003 4.76242110680496e+002 -2.08289306886598e-001 -1.08085290556183e+000 6.89055524599168e-002 -3.26222510802686e-003 -1.08041196499985e-004 2.83550525858080e-005 -1.86209171561155e-006 1.98201820269518e-008 8.78635122941302e-009 
-3.08798905185099e+005 9.42128475749015e+004 1.47133827065477e+004 -8.20579666728462e+002 -4.28142414465713e+001 1.57809737673834e+000 -1.06338677662748e-002 3.13085349926833e-003 -8.37001811249722e-005 -1.34898374313549e-005 1.02777082278608e-006 -1.91398899560781e-008 1.03433122519360e-009 
-2.21551543423936e+005 -1.26006537762819e+005 1.03142075307497e+004 9.15998598366303e+002 -4.18474005009951e+001 -8.78349281176279e-001 1.22741436449922e-002 -9.49647523740369e-004 2.70255822909696e-004 -1.43550652323493e-005 -1.86460187434474e-007 3.01658330706832e-008 -1.32118043416033e-009 
-6.16207978104866e+004 -4.86830449544615e+004 2.82787919944584e+003 3.59558381221629e+002 -1.22511613587111e+001 -3.82234572810919e-001 4.53599382672720e-003 -4.88713342484135e-004 9.81351239276272e-005 -4.30044676027352e-006 -1.16181725930808e-007 1.13548120761599e-008 -5.09864569433180e-010 
-4.04740923426340e+004 1.63308951561675e+005 1.81381199958571e+003 -1.24583440714473e+003 -9.24174654722903e+000 1.87543811904908e+000 1.57066341815778e-002 -6.67617059365090e-004 6.81140431061014e-006 1.25493482280614e-005 4.79926870102559e-008 -4.14223868775718e-008 -4.30468844210980e-010 
-3.65089790597736e+005 -1.21335677914120e+004 1.67650882235212e+004 1.24281593598138e+002 -5.56026896784939e+001 -3.98017174311823e-001 3.19780758066356e-002 2.51861649113278e-004 -1.04772393607764e-004 5.27646650398904e-007 8.16683268139385e-007 5.81472991175233e-009 -1.49775988550338e-009 
-1.25414315723395e+005 -1.26801266160956e+004 5.73169569821902e+003 1.08050393167103e+002 -1.87372901898452e+001 -2.36751151896260e-001 1.00603009979079e-002 1.22134873478936e-004 -3.68271674796718e-005 -4.67782916632041e-007 2.80967211645706e-007 4.18875623077734e-009 -4.94969530491014e-010 
2.53492973390968e+005 1.18476629367694e+005 -1.27249889528695e+004 -1.07429716022643e+003 3.21810859182771e+001 2.39403541083670e+000 4.97670812456858e-002 3.55946939321198e-003 5.23419434150862e-005 -2.21229587228367e-005 -1.82810231709813e-006 -4.99780304839650e-008 1.68236451591261e-010 
-2.61422325228873e+005 1.12486340812906e+005 1.27860119303624e+004 -7.89375376068287e+002 -5.64043712288781e+001 3.08575318041681e-001 3.70067700981638e-002 2.84784207381155e-003 3.90371925123147e-004 1.94581543657426e-005 -3.89714881089585e-007 -8.06714209031585e-008 -5.16595688563901e-009 
-1.04597483254485e+005 3.29864363980780e+004 5.11431339540192e+003 -2.17158747018646e+002 -2.12460290260315e+001 -2.40604494919499e-002 1.00138260252119e-002 8.04370710983843e-004 1.33209921267765e-004 7.95302785688720e-006 -3.73312382007894e-008 -2.53396130379463e-008 -1.80811174623232e-009 
3.56748184678896e+005 -2.19432402136135e+004 -2.06677390675074e+004 -8.90746661842389e+001 9.59043110492740e+001 3.68522091023578e+000 -5.41801311998693e-002 -2.14177849362252e-002 -1.71564565560808e-003 -9.36331369676953e-006 9.97744266661743e-006 9.00965721901061e-007 1.38576187964470e-008 
2.56744386439691e+004 1.62582747558218e+005 -1.59399902330941e+003 -1.53654193020857e+003 -2.61068935602955e+001 3.82551414562283e+000 3.06578512946798e-001 1.08091649403865e-002 -8.86749668983307e-004 -1.45592513781900e-004 -6.45566528038707e-006 3.70532609888050e-007 7.45347386888466e-008 
-9.96228027127031e+003 5.78295052321459e+004 5.42906752809594e+002 -5.28966258791001e+002 -1.42154550736549e+001 1.12789614551899e+000 1.09594719233129e-001 4.92094885257023e-003 -2.16264433099640e-004 -5.01635130409099e-005 -2.78342864845454e-006 8.04643558494243e-008 2.51948521801251e-008 
1.65124595675235e+005 -1.61694173110902e+005 -1.10831938605545e+004 1.68374988035154e+003 8.92143730328074e+001 -7.29725007724142e+000 -6.75122760188016e-001 2.43030751091957e-002 5.75981926462817e-003 4.78839755663300e-006 -4.81076916870257e-005 -1.71938724648703e-006 3.69150714247668e-007 
2.80193652090578e+005 7.74347152187558e+004 -1.87198171308075e+004 -9.61777040184693e+002 1.11183666153099e+002 7.03580391996127e+000 -4.23367185834960e-001 -5.83491498807092e-002 1.08313456883529e-003 5.02016872409019e-004 8.20358816566351e-006 -4.07822058335667e-006 -2.16708007693957e-007 
8.89827130529974e+004 3.56486068131592e+004 -5.92143854973144e+003 -4.24618663727095e+002 3.38332201648499e+001 2.83811696609649e+000 -1.10820017507319e-001 -2.16063147114039e-002 6.69555404364417e-005 1.74429902551091e-004 5.44146677465264e-006 -1.32677527553407e-006 -9.52614866086128e-008 
-1.75335698165792e+005 -1.59777323031047e+005 1.13166670862632e+004 1.55489265130232e+003 -9.68960852726679e+001 -5.03931392605883e+000 7.12727683624388e-001 -6.84569516975374e-004 -5.14059103370417e-003 2.32760416986034e-004 3.15012512418604e-005 -3.39728147025191e-006 -1.18390957659191e-007 
2.73747516559358e+005 -8.29921861855885e+004 -1.76992815093701e+004 1.07390407808563e+003 9.03153445043093e+001 -7.90657907514003e+000 -1.67713652179328e-001 5.78954030072871e-002 -1.40615867413556e-003 -3.88869285409510e-004 2.87378315097891e-005 1.98271144686769e-006 -3.41222197096660e-007 
1.05047037021756e+005 -2.02955112685251e+004 -6.77007445830086e+003 2.89613803224014e+002 3.65809044154529e+001 -2.47760701018085e+000 -9.64967507387701e-002 2.01764154156784e-002 -2.13250356303472e-004 -1.47812993243089e-004 8.30804813553180e-006 8.72483469575718e-007 -1.12386587233739e-007 
-3.65682809146800e+005 -2.35204972964211e+004 1.98219796679002e+004 -8.18680739227910e+001 -8.08900832567435e+001 3.31645999121394e+000 -3.50981150126819e-002 -1.44365059517544e-002 1.57683325552755e-003 -4.68529484441274e-005 -4.72968907590216e-006 7.10664203896616e-007 -3.63750892134290e-008 
1.67593097916972e+004 -1.59866467014236e+005 -9.76702275066773e+002 1.41174123459094e+003 -2.77903143758993e+001 -2.44213563049544e+000 2.50720329019955e-001 -1.46482216191261e-002 -2.50499236489958e-004 1.03145930920614e-004 -7.39813714106919e-006 6.28959960512621e-008 4.12780578970142e-008 
2.57948125209168e+004 -5.44264186982146e+004 -1.41708146572443e+003 4.94878558830619e+002 -5.29628147386350e+000 -1.02359207557298e+000 8.91039045713571e-002 -4.32661517116091e-003 -1.71777637368535e-004 3.84030676327436e-005 -2.32080766745663e-006 -1.62464859098500e-008 1.63192235501179e-008 
4.25182389335999e+005 -5.07715700071762e+003 -1.88330042265976e+001 1.73094882707074e-001 -1.34506395384782e-002 -1.69813635173311e-003 -1.96280340993255e-005 3.01617772879193e-005 5.07893631065106e-006 8.21532860241556e-008 -1.06302591839090e-007 
6.90622612033149e+005 6.71740806083129e+003 -1.40530270086768e+001 1.25172829552324e-001 9.34340990946624e-003 -8.32966049036809e-004 -2.27084703825262e-004 -1.76177546551181e-005 2.21901136432134e-006 7.47583726857914e-007 6.53987707935971e-008 
2.75901957592608e+005 3.03585044581214e+003 -5.72218907722018e+000 5.80447666721563e-002 6.05546234803261e-003 -2.69154597914254e-004 -1.19166268164112e-004 -1.25381612589839e-005 6.58867505343572e-007 3.90687017496015e-007 4.59550501280317e-008 
4.14880707879014e+005 -5.22411951673144e+003 -1.82962895440330e+001 -1.98959237717967e-002 8.83297157680579e-003 2.16378260456993e-003 -4.18312484912773e-004 -2.63064098574747e-005 1.35968726443416e-005 -2.30176261939508e-007 -3.85310051533571e-007 
7.03949811195009e+005 6.61087318595674e+003 -1.28172379051393e+001 5.14592395776063e-003 -1.33533174216224e-002 2.04139963532949e-003 2.11825434722363e-004 -6.91128655559092e-005 -7.18652409667113e-007 2.01990517018411e-006 -1.31388965785411e-007 
2.81930390831863e+005 2.99318388227408e+003 -5.03960920902194e+000 8.75119395081013e-003 -8.35887454234902e-003 8.68383634666347e-004 1.56614600803382e-004 -3.41928319659074e-005 -1.79342140269221e-006 1.10272828247299e-006 -3.02420936587607e-008 
-4.78733299867062e-005 -7.74489860751681e-007 1.44935787620708e-007 1.57537521688966e-007 -2.09812566498019e-008 -3.83110068622854e-009 7.94047408381762e-010 1.70629459836457e-012 -1.42503382007072e-011 -4.36401724690977e-012 
-4.02411477078237e-005 -2.22645229664107e-007 -2.10191039228088e-007 2.91954149031806e-008 1.22303695075964e-008 -1.67163465744361e-009 -7.61113840176675e-011 -1.42774288185019e-011 7.50353284727543e-013 4.78045886290711e-012 
-4.71004338211788e-005 1.19096493365744e-006 -2.14862082925703e-007 -1.31362058334182e-007 1.00361392838002e-008 4.63102845408437e-009 8.20418812683544e-011 -3.80737514665169e-011 -1.06111187813586e-011 -2.40794745546082e-012 
-4.06583278013343e-005 1.90785347845654e-007 2.01674607257942e-007 -2.54265857178369e-008 -1.22378947803213e-008 3.29515321919448e-010 2.89546216876293e-010 1.35422472297001e-011 -1.22856917882733e-011 -9.63065291925563e-013 
-4.65161740842402e-005 1.85029006467278e-007 6.55468502948602e-007 1.60822296922767e-007 -5.05895711387692e-008 -1.63397858268254e-008 6.05210449135328e-010 9.37816141380274e-010 1.09390664404468e-010 -3.49730415619742e-011 
-4.04319688816199e-005 -3.33592422904198e-007 -1.47199685204873e-007 8.28701350489713e-008 2.36905297277806e-008 -3.44352393664144e-009 -1.70043698682856e-009 -2.83209753579044e-011 7.94699564920844e-011 8.10033981645277e-012 
-4.45001239213076e-005 3.22654329519199e-007 -7.03644698755954e-007 1.14876450522218e-007 4.91795407312828e-008 -1.29625192939135e-008 -2.10624755894242e-010 6.84853805463080e-010 -1.30843880618053e-010 -1.74718679817960e-011 
-4.01690733501787e-005 6.55474117425496e-007 -8.82429439187737e-008 -8.82357794420390e-008 1.81061810490703e-008 3.40833052856434e-009 -1.45885255002991e-009 4.66766002928077e-011 6.81936019767102e-011 -9.08055397992085e-012 
-3.48087966081396e-002 -4.29453637951293e-004 1.69302324840545e-004 1.90088773749310e-005 -6.70192823080738e-006 -4.58607637068158e-007 1.42666680609360e-007 2.16023685373019e-010 -1.01141158964976e-009 8.51656869814201e-011 
4.31962189725127e-001 1.86829226518946e-004 3.50786697540128e-005 -1.52695001164066e-005 -1.47700238730431e-006 4.47289667564683e-007 1.63360637286751e-008 -6.31529587596289e-009 2.24289370431441e-010 -1.05469062817418e-011 
4.02766007863315e+003 9.20286547236693e-001 -1.40471605427404e-004 -1.86986323690143e-005 5.99110251633031e-006 4.32182310923532e-007 -1.32039442990626e-007 2.90803808798705e-011 9.31942711537384e-010 -8.33984414778155e-011 
-3.46967798130572e-002 3.23433701982484e-004 -6.52175071585535e-005 -2.42686670095563e-005 4.83362716180495e-006 5.30303805442350e-007 -1.07389829824896e-007 -7.95755957975157e-009 8.80800510872826e-010 3.99828100041497e-011 
4.32140477037482e-001 -8.92935809752252e-005 -5.50764564123176e-005 8.74908613457143e-006 1.55292119304659e-006 -3.44157583380750e-007 -2.91734531124836e-008 4.66812485496758e-009 3.03560222295081e-010 -2.64048326476337e-011 
4.02949981188112e+003 9.19626875606437e-001 5.13075206043972e-005 2.02204845084038e-005 -4.35246619264076e-006 -4.71841840044721e-007 9.83959361530628e-008 7.29297119934899e-009 -7.92407285632241e-010 -3.57763288808395e-011 
-3.46652096046732e-002 -2.38421269887212e-004 -2.83380530361523e-005 -3.05821085655859e-006 -5.81316340111295e-006 -4.25386072074516e-008 2.83781658757211e-007 2.31155888194669e-008 -6.00134989875903e-009 -1.35615780249060e-009 
4.31814162225583e-001 -1.90455877140694e-004 -3.75892968235564e-006 -5.46842707430352e-006 2.96858396036283e-007 6.25887724814366e-007 2.56191622027038e-008 -1.92814171560887e-008 -2.60307218166859e-009 2.46628593136123e-010 
4.03133951545518e+003 9.20021898334552e-001 1.12123284666969e-005 4.65345747485259e-006 5.72725060165732e-006 3.66489602698351e-008 -2.67577111724475e-007 -2.22549003642406e-008 5.56576218799336e-009 1.28533610982125e-009 
-3.56697272531723e-002 -7.69382185525957e-004 -3.25534495764971e-006 4.07443542210791e-005 2.22437246810671e-006 -1.58421426028071e-006 -1.80061357543716e-009 4.11454324868103e-008 -4.63214172238173e-009 -4.57562905948964e-010 
4.31524974922932e-001 -2.41973567219699e-005 7.32640540870782e-005 3.72997821286396e-006 -3.55828106350867e-006 -1.39795937282779e-007 1.14858696018238e-007 -5.65973673356304e-009 -2.20402885572966e-009 4.65697449750004e-010 
4.03318003105105e+003 9.20524700749985e-001 1.97343707336485e-005 -3.64764725996225e-005 -2.43710135396507e-006 1.47278889933126e-006 6.11214054236026e-009 -3.90060528799837e-008 4.30421530123488e-009 4.50615068868669e-010 
