-2.57418935268606e+007 1.21268909539966e+007 3.08693686483446e+005 -2.52705837289381e+004 3.38429755189115e+001 -1.08689753831261e+001 -1.89911466659929e-001 6.81042136196965e-003 -4.87174851825570e-004 2.63287585268071e-005 -6.82266838361205e-007 3.54232413671923e-008 -3.41544118792090e-010 1.28407822247285e-011 
-5.63314353547702e+007 -4.42150794158560e+006 6.80525610608894e+005 5.93712984415312e+003 -3.07635584619078e+002 7.74090976902438e+000 -5.86149743329975e-001 7.05695256691595e-003 -5.30149059994715e-004 -1.17570563150027e-006 2.15130680253900e-008 -2.05614694750940e-008 1.08393108094221e-009 -4.52653372267832e-011 
-2.75150690095370e+007 -3.61957812136244e+006 3.31530807803608e+005 5.79119155459170e+003 -1.67844743044290e+002 5.26183424889881e+000 -2.93428739783896e-001 3.06373513713394e-003 -2.32697588311544e-004 -3.35735690232212e-006 8.22116783066077e-008 -1.46553352912046e-008 6.14408148435992e-010 -2.55064780878433e-011 
1.58895167828804e+004 1.33747560109428e+007 8.42589350910668e+002 -2.66726940172450e+004 -2.19509994651557e+002 -1.41405292751004e+001 -9.56906038394818e-002 4.02394868574312e-003 3.28164857887149e-004 2.92373170914971e-005 9.21857067482784e-007 4.91500283834308e-008 1.08657168780349e-009 3.43108266914364e-011 
-5.95589540741813e+007 1.23099379084014e+006 7.24970328198396e+005 1.52116079162423e+003 -2.87641624988275e+002 -5.93621583490384e+000 -6.38011033278756e-001 -1.14991855359188e-002 -6.73634664139313e-004 -7.72031845259842e-006 -1.14432943424996e-007 1.53916103330900e-008 1.24383716903028e-009 5.81234019191532e-011 
-3.19103842006061e+007 -7.29417695928296e+005 3.87185582556112e+005 3.57756262171601e+003 -1.30900803426753e+002 -1.70522311045993e+000 -3.30900355245993e-001 -6.55990514355214e-003 -3.93867784886968e-004 -7.15497481806274e-006 -1.56690541627437e-007 3.12726119145950e-009 5.51951280170943e-010 2.76065897061305e-011 
2.57019532370619e+007 1.20195268809273e+007 -3.49849553533414e+005 -3.24965490002894e+004 -5.04578826423374e+002 -1.25468539096438e+001 4.02794177667985e-001 4.38053782074104e-002 2.73248937193779e-003 1.27400007711953e-004 4.30515115033446e-006 7.58836070485752e-008 -3.87574422237010e-009 -4.94848496131299e-010 
-5.13044232463687e+007 7.01037262999515e+006 7.08586192374595e+005 -5.01932235252269e+003 -5.99176362552688e+002 -2.77751215422761e+001 -1.29421958528269e+000 -3.53283067685633e-002 -5.80245245919875e-004 3.82105628607167e-005 4.06684231460361e-006 2.57993635993207e-007 1.20504541547376e-008 4.10255298529800e-010 
-3.01646524861494e+007 2.49836396143210e+006 4.14787103475281e+005 6.87408598886821e+002 -2.67768819687620e+002 -1.35365816974074e+001 -7.33115647511148e-001 -2.34130630351194e-002 -5.93219503336121e-004 7.20509764938294e-006 1.72618792618997e-006 1.29951874453726e-007 6.83887435061880e-009 2.70097141938794e-010 
4.56018631371769e+007 7.51101015902396e+006 -7.93116962968711e+005 -4.13909396320918e+004 -4.86007785338143e+002 2.71564581849760e+001 3.77357450038040e+000 2.34141903225656e-001 9.35362143375814e-003 1.00819265376199e-004 -2.13694513804626e-005 -2.31597495158145e-006 -1.42737362905827e-007 -5.28253538447118e-009 
-3.19565488938868e+007 1.22202591152283e+007 5.66093902575672e+005 -2.10787360394776e+004 -1.54433832490237e+003 -6.96289674210295e+001 -1.92113739715638e+000 3.47971203895681e-002 8.49456875692290e-003 6.54704610042897e-004 3.17134337722389e-005 7.23990317385933e-007 -4.26604985312713e-008 -6.59536734574257e-009 
-2.18931420567325e+007 5.74880674520022e+006 3.84619342601192e+005 -6.96937354099601e+003 -7.74591163576231e+002 -4.00103001330209e+001 -1.41743432464173e+000 -5.68349645773454e-003 3.56810151399351e-003 3.39286277613524e-004 1.91562577033770e-005 6.26829855376673e-007 -7.99230502508945e-009 -2.97558517334951e-009 
-1.04694892903364e+007 -2.40225232041707e+007 1.36540406270461e+005 5.11284822122266e+004 -1.13461171254727e+002 -3.42972016586460e+001 -4.68488339119971e-003 1.30179448417028e-002 5.46017995903234e-005 -4.32022280949848e-006 
9.70681970475178e+007 -2.86319103970142e+006 -1.23345777373334e+006 5.55258493455273e+003 1.33494858433751e+003 -2.30654419197536e+000 -6.36944323783443e-001 -8.56520386869344e-004 2.16735962672928e-004 1.46645205822698e-006 
4.43164145400005e+007 2.31323291122300e+005 -5.63629597206780e+005 -7.36684192821936e+002 6.07834386535614e+002 1.13226601538054e+000 -2.86294338449304e-001 -1.20907317682570e-003 9.40648861305636e-005 9.33180570884239e-007 
-5.55351256926190e+007 -2.05584426796433e+007 7.16876935468587e+005 4.39449871101777e+004 -7.70629533415197e+002 -2.99911292839574e+001 3.59184720846564e-001 1.20663768335733e-002 -1.15598668330779e-004 -4.56269605826341e-006 
8.19357615212950e+007 -1.21101069756326e+007 -1.04287186793530e+006 2.57184952263672e+004 1.13818535681745e+003 -1.70708229451720e+001 -5.60399172979392e-001 6.28200121973122e-003 2.08513599983059e-004 -1.98825802812325e-006 
4.03583220074156e+007 -4.14847900048188e+006 -5.14595751202959e+005 8.79141672927458e+003 5.60882514899287e+002 -5.78332468548498e+000 -2.74876159804880e-001 2.06309716982418e-003 1.01134882738195e-004 -6.05879909664509e-007 
-1.24666427447611e+008 1.10013146689222e+007 5.83040422746664e+005 -9.17536580866667e+003 -2.08045194314821e+002 2.58062156438183e+000 1.68006186297771e-002 -3.48489960244340e-004 1.08499764609067e-004 -8.64180686972284e-006 -4.23166994717696e-006 5.74708414754954e-007 9.73396819797235e-008 
-7.49556841195054e+007 -1.57794389487145e+007 3.54259770271490e+005 1.18848092537248e+004 -1.54353205541161e+002 -2.25308285182546e+000 3.17387781209305e-002 3.09688203168269e-004 1.17953987735826e-005 -1.63546536061692e-005 -3.68232209364837e-008 5.94247397739543e-007 -3.34000963374929e-008 
-3.25097211474598e+007 -6.84026633218902e+006 1.53570779256435e+005 5.15213770091530e+003 -6.69108228909854e+001 -9.76885758627265e-001 1.36206184607541e-002 1.50905313421098e-004 1.47043938121176e-005 -8.37918532507131e-006 -4.30909722292567e-007 3.31526513984248e-007 -4.05799337064956e-009 
-9.83854127691555e+007 1.51726889786071e+007 4.54733265566903e+005 -1.20710927935676e+004 -1.52894638965292e+002 2.89299745646041e+000 6.92075316263786e-003 -2.87747319632585e-004 6.00981231940509e-005 5.25870250771937e-006 -6.64433438584950e-007 -4.75481037464559e-007 -8.68721699891589e-008 
-1.03260581502075e+008 -1.24200240769974e+007 4.80709331611273e+005 9.09677529702168e+003 -1.91722965261949e+002 -1.49895367986692e+000 2.99451108797032e-002 1.46602474673082e-004 3.50590360840462e-005 -4.35420910712117e-006 -2.15228684448310e-006 -3.78242873455906e-007 4.18484939617275e-008 
-4.47796571179529e+007 -5.38396311500410e+006 2.08387541300146e+005 3.94352640505270e+003 -8.31115615038324e+001 -6.50148343499766e-001 1.29106373196601e-002 8.81700076096993e-005 2.06395052618298e-005 -2.38598569448137e-006 -1.18724365332828e-006 -2.05635338651761e-007 2.17443260198019e-008 
-6.25188224866025e+007 3.32907989212677e+007 3.57106015560527e+005 -2.92027002868743e+004 -4.87979183343528e+002 3.75233874835831e+000 3.05090548901612e-001 5.76863850978959e-003 -3.57345097419259e-005 -3.95957403899175e-006 -1.65036825674563e-007 
-1.93269028925240e+008 -5.61171462875421e+006 1.11108649623897e+006 1.30440969916972e+004 -4.38634731487057e+002 -1.22349913216245e+001 -8.24916732742046e-002 4.71419026181728e-003 1.72758619311065e-004 1.47586630101340e-006 -1.91621825108629e-007 
-8.69953154023398e+007 -3.47277945185922e+006 4.99990253534493e+005 6.77119930248711e+003 -1.88017369855433e+002 -5.71290915932482e+000 -4.60696361285509e-002 2.00914956008691e-003 8.02921102164228e-005 6.85083642542518e-007 -7.33972081760022e-008 
-5.45881671985382e+008 1.31073141281004e+007 6.52942254081724e+004 -2.41873852190142e+002 -6.83226208671222e-001 4.33891599073236e-004 2.26292990741808e-006 -8.87340662985632e-009 
-5.52861542060094e+008 -1.03031686308512e+007 6.62017118111325e+004 2.25319337479150e+002 -4.81108442075029e-001 -1.25644443002820e-003 -1.31994597409653e-006 -4.49904231555415e-008 
-2.23691128330414e+008 -4.73524408384553e+006 2.67866260650068e+004 1.02467229206533e+002 -1.89575606994548e-001 -5.49324928097151e-004 -6.79585208059625e-007 -1.65408089419096e-008 
1.02514462583932e+008 1.25881049992389e+007 -1.92902646324347e+003 -3.91413741406999e+001 2.01223044469430e-003 1.81955895248737e-005 3.89954782135820e-009 
-1.38601256314802e+009 1.00061753748476e+006 2.57931190254390e+004 -2.93543256750702e+000 -3.31779358422870e-002 2.40930467940411e-006 5.99245894814248e-008 
-5.76910122154596e+008 -1.28713445958729e+005 1.07363237068472e+004 4.69440231263337e-001 -1.37961883841670e-002 2.70955998117697e-007 1.98218992550053e-008 
2.61769621051787e+009 -4.54687784752237e+006 -6.30463909119976e+003 1.54027796645932e+000 1.24820891267049e-003 -4.18874840991714e-008 
1.31008954321969e+009 7.16000824892770e+006 -3.15439585072793e+003 -3.01368852146457e+000 3.61958114820337e-004 2.84911709033156e-007 
5.36760724813081e+008 3.20019335369553e+006 -1.29239495721806e+003 -1.34165090553563e+000 1.41026031274111e-004 1.27383166970949e-007 
4.30629191056443e+009 2.01430712255620e+006 -3.04148521354385e+003 -2.55775485608927e-001 1.75426977402696e-004 2.11518114147709e-009 
-1.09949483964287e+009 6.74742138772275e+006 7.76730425679144e+002 -7.90302692063223e-001 -5.62101052196099e-005 3.53537959565014e-008 
-5.57239557544646e+008 2.71160936855006e+006 3.93646734357049e+002 -3.17116181129392e-001 -2.74690865855892e-005 1.51891503184419e-008 
1.66732381074681e+009 7.24935095842936e+006 -8.37606252536974e+002 -4.79642378937031e-001 1.66958886029708e-004 1.09034559723825e-010 
-4.35256722445438e+009 1.71595726844402e+006 2.18613787582937e+003 -4.76239996289906e-001 -3.29597894493913e-005 3.55378320676246e-008 
-1.86066205184372e+009 -1.64872368788281e+006 9.34547750359361e+002 -4.14032551665694e-003 -5.95983444439484e-005 1.47267066144863e-008 
2.12036997566380e+005 -1.44097194828337e+005 -1.26730158092396e+004 1.34258503835965e+003 8.17499631781221e+001 -4.55093986099648e+000 -3.61306155110402e-001 1.63028715618109e-002 1.66506556380248e-003 -1.00600281817023e-004 -9.08858432273754e-006 7.09173745774827e-007 5.69655131614842e-008 
2.66254890031610e+005 9.44258524138294e+004 -1.62248366018814e+004 -1.03868794399407e+003 8.02645467651272e+001 5.09481655116614e+000 -2.47044242433408e-001 -2.23854982975332e-002 1.19451440928950e-003 1.10855920989754e-004 -8.15880937412858e-006 -6.54958614752764e-007 5.71419885511901e-008 
8.26483658689762e+004 4.46820601828508e+004 -5.02629269076759e+003 -4.75496593370921e+002 2.34151515449118e+001 2.18831899904811e+000 -6.41882681904800e-002 -9.34123420917264e-003 3.16966472147660e-004 4.76519192610376e-005 -2.33065020902529e-006 -2.89758575396587e-007 1.68047521503486e-008 
-1.16691681321502e+005 -1.67754094537026e+005 7.32485933042823e+003 1.66158502020666e+003 -4.54585343012738e+001 -5.80532679195742e+000 2.03014671170011e-001 8.84938298891732e-003 -8.97675460024451e-004 4.58184712374817e-005 2.77469177929778e-006 -5.29453847409054e-007 4.32206224996905e-009 
3.04627329367266e+005 -5.84059761112523e+004 -1.90099908648393e+004 6.24092623531073e+002 1.00370817857374e+002 -2.97660301361859e+000 -2.47219966226415e-001 1.30577246141460e-002 -5.91324716426355e-005 -5.01898792371013e-005 5.47289352091894e-006 6.69947203746195e-008 -3.85570023718993e-008 
1.19885514020754e+005 -9.51494897366754e+003 -7.47808860063746e+003 1.08703756564845e+002 3.99387279076501e+001 -6.66579573730740e-001 -1.04819574883083e-001 4.11996333094653e-003 4.22933106574106e-005 -2.15635375459161e-005 1.80224035590374e-006 6.22321730035510e-008 -1.43934813043357e-008 
-3.43767543298420e+005 -4.86168186251234e+004 2.00591837197440e+004 3.15693267231637e+002 -1.03193175499823e+002 2.16519941632694e-001 2.57737793908842e-001 -2.19403339472067e-003 -3.97003320436322e-004 -2.64424025198870e-005 7.07404014128684e-007 2.82571335357372e-007 -5.66213908096377e-009 
7.47675596670135e+004 -1.59279423708467e+005 -4.58375018799366e+003 1.54344393237450e+003 7.61115606504575e+000 -5.17689269758474e+000 4.76641744391005e-002 1.00808913994901e-002 6.54327655632027e-005 -1.39106901966991e-005 -2.96986197941434e-006 6.42490461538464e-008 1.97189843076973e-008 
5.17178812427529e+004 -5.49710437056565e+004 -3.11883533662526e+003 5.41898187436478e+002 1.02594649844541e+001 -1.90591975369622e+000 -1.34941697973406e-003 3.84084065414709e-003 5.34224685252435e-005 -3.20086612372932e-006 -1.13993136781895e-006 3.22548412535036e-009 7.62606688633085e-009 
-2.86891570528267e+005 1.01222243162943e+005 1.50393635746002e+004 -1.01723251121424e+003 -5.10559665813390e+001 3.94458281897928e+000 -7.14707902776034e-004 -1.21444907507829e-002 2.98452796864839e-004 4.28258685372409e-005 -1.63372375361293e-006 -1.80701378680561e-007 1.22002546134490e-008 
-2.25003486825099e+005 -1.26803481307562e+005 1.17009734910429e+004 9.87936411916042e+002 -6.42598559707382e+001 -1.34166742566603e+000 2.05535709508302e-001 -3.52150516471251e-003 -6.52050929791655e-004 2.08966486216520e-005 2.55961017233982e-006 -1.36325589148309e-007 -1.04844208378616e-008 
-6.24179811212414e+004 -5.38451952491584e+004 3.20559607849590e+003 4.35635189777752e+002 -1.97700379268990e+001 -7.76247022966798e-001 7.51021314874416e-002 -4.09594199310892e-004 -2.60346559565227e-004 4.54395409159810e-006 1.05600099058631e-006 -3.68683057152657e-008 -4.72214035524545e-009 
-8.91770691130143e+003 1.64362287115051e+005 2.90070950524114e+002 -1.28795819958203e+003 9.47300619143911e+000 1.72346536638907e+000 -1.00416542882250e-001 4.81016892342859e-003 3.34848770993001e-004 -2.16717742379604e-005 2.56425891064153e-007 6.05665441354746e-008 -6.01343445954501e-009 
-3.60224605667559e+005 -3.84563891349462e+003 1.72044103730781e+004 -4.97468476546417e+001 -5.75399112236959e+001 1.10363209470608e+000 -1.18189399321910e-002 -6.17889004885393e-003 3.58914272224498e-004 8.70230357338696e-006 -1.08718179551141e-006 6.25768371072115e-008 2.36907654342170e-009 
-1.32127511278949e+005 -1.32861156322236e+004 6.29709047536544e+003 7.61134451391339e+001 -2.17287491430750e+001 2.75032807271718e-001 2.73566379876510e-003 -2.61151517394008e-003 1.07138973850808e-004 4.76220820724349e-006 -4.15751444933902e-007 1.85798084046655e-008 1.30389145171693e-009 
2.76369413941123e+005 1.09493636453169e+005 -1.33830100300805e+004 -9.32110662125157e+002 3.43652677670552e+001 1.53162269610614e+000 8.83011752075186e-002 5.67339727386344e-003 -2.84120146951359e-004 -2.59789809664356e-005 -1.39885475670038e-006 -5.22324636979367e-008 5.08518214439475e-009 
-2.42293429945572e+005 1.17138031339163e+005 1.16618059887350e+004 -8.42831521077254e+002 -4.50322729644652e+001 1.66460960806463e-001 -5.89993694532063e-003 7.01318956912070e-003 4.58665221277155e-004 2.21425413409540e-006 -5.75298944512289e-007 -1.11473219569583e-007 -7.21303636007587e-009 
-1.09368142943416e+005 3.51845608865222e+004 5.26927409519188e+003 -2.40591889850233e+002 -1.90869693399496e+001 -5.90127657846131e-002 -8.68632695722941e-003 2.17060710479052e-003 1.89897809625592e-004 2.76912650200036e-006 -1.08493599249500e-007 -3.72835785021363e-008 -3.03452933809325e-009 
3.61566006260440e+005 -2.97453517364363e+004 -1.98141217390614e+004 -1.31463105127604e+000 8.87501833621940e+001 3.32365239432436e+000 -8.00692630006690e-002 -2.41662757790967e-002 -1.21210882362909e-003 5.96364542302161e-005 1.09216160008197e-005 4.04636105962472e-007 -4.18591453195686e-008 
4.50080670792275e+004 1.58375155872021e+005 -2.44184017246409e+003 -1.45091106489641e+003 -1.99306146940611e+001 3.63363744571024e+000 3.00581009910981e-001 5.52910006853985e-003 -1.39575518122738e-003 -1.19703700237792e-004 8.47172523243014e-009 7.34201657714955e-007 5.20824583194513e-008 
-9.66465470255570e+003 6.05888497103724e+004 5.60635975101725e+002 -5.33774097282633e+002 -1.39816194502639e+001 1.08892256159337e+000 1.16940133734217e-001 3.83734491726350e-003 -4.24639918953909e-004 -4.85736140033549e-005 -8.08331223591860e-007 2.40731932033950e-007 2.23143898486155e-008 
1.62672759411376e+005 -1.61090620552122e+005 -1.01579089569785e+004 1.59159832754604e+003 7.74330356545078e+001 -6.38939871502761e+000 -4.85648665779100e-001 2.63691993538112e-002 3.40534973284411e-003 -1.38894202599694e-004 -2.62881350929736e-005 7.26860851167786e-007 2.14120512631992e-007 
2.88367754105628e+005 7.16030036520715e+004 -1.82552955552219e+004 -8.70305706709530e+002 1.00646197014373e+002 5.58391541576857e+000 -3.82240210103734e-001 -3.71120146001546e-002 1.85716241672679e-003 2.75563883572366e-004 -1.02203884533492e-005 -2.20852079749322e-006 5.15603312852492e-008 
9.47521676512362e+004 3.83017888465634e+004 -5.97981445981443e+003 -4.39059144688017e+002 3.12840194359013e+001 2.53433715451463e+000 -1.04640244105535e-001 -1.56420631160767e-002 4.31676443913192e-004 1.11910438893992e-004 -1.81726297308714e-006 -8.68300202774478e-007 3.12425527323849e-009 
1.64212110239930e+005 -7.93211075113438e+003 -1.77670042064048e+001 -3.21535919691734e-002 1.19302149914504e-003 1.43543487909264e-004 1.33823768533779e-006 -1.56737252211841e-007 -3.42736149108774e-008 -6.36576476358643e-009 1.32567549873966e-008 
9.19212373238350e+005 4.57274004843597e+003 -1.60733169848399e+001 -8.22387497024146e-002 -2.03406143291518e-003 7.24661857557792e-006 7.45201100687290e-006 6.91318969797786e-008 4.05893532187861e-008 -8.32719349581763e-009 -6.17690783315941e-009 
3.81682657636307e+005 2.18953723025909e+003 -6.44427471515583e+000 -3.26522598686887e-002 -9.05061118724332e-004 -9.61399382041142e-006 3.71998482533014e-006 5.66175109297446e-008 2.78996505101026e-008 -3.79113184084087e-009 -5.61193533811587e-009 
1.48204907023541e+005 -8.07524262577071e+003 -1.79417623252714e+001 1.00303356382447e-002 3.89215702179010e-003 6.48017759355121e-005 -1.75705270438421e-005 -2.49649587820120e-006 -2.39098998019415e-007 -2.66897057075445e-008 -3.22115662972588e-009 
9.28225803388894e+005 4.43973560612092e+003 -1.72141050896421e+001 -1.01824891705985e-001 4.86158644870167e-004 2.96415129234576e-004 2.00329547593647e-005 5.55910639489964e-007 -3.90046817044272e-008 -3.78077775622381e-008 -1.11604091741488e-008 
3.86008776674507e+005 2.13619167147177e+003 -6.91054966056439e+000 -4.25564993534782e-002 1.56667054113287e-004 1.49667801987102e-004 1.23851842874572e-005 5.57777988045022e-007 -1.15826491389227e-009 -1.57342077609701e-008 -4.36747518835168e-009 
-6.87873287799147e-005 6.43858571118738e-007 3.51875717322408e-007 -2.45207100716994e-007 -3.38804236298857e-008 1.50801990132083e-008 1.48459882902138e-009 -5.77531410025214e-010 -2.85938593570896e-011 1.78168320701685e-011 
-2.80006526076358e-005 -4.17239925751841e-007 2.63245603370772e-007 5.30619272716040e-008 -2.65813387551198e-008 -3.62287304132664e-009 1.21768760982418e-009 1.35933821609688e-010 -4.09016663360584e-011 -3.45315628532175e-012 
-6.95685483572540e-005 -1.55604487936113e-006 1.74014519534022e-007 2.00536442648556e-007 -2.55609189864253e-008 -8.65872079274973e-009 1.40384275116918e-009 1.43989544950394e-010 -3.72745104763964e-011 5.05910185213996e-013 
-2.81959088423127e-005 -3.42252594992828e-007 -2.67263537878306e-007 3.21555899423469e-008 2.05869689972883e-008 -2.69145479159245e-009 -5.97154018568890e-010 9.77626843713091e-011 1.06063159113735e-011 -1.31380581376418e-012 
-7.01627460931784e-005 4.60547932727171e-007 -2.88735295844411e-007 -1.14158214082878e-007 1.79310975707311e-008 2.60678831012026e-009 -1.45737993343327e-010 4.37179909869130e-011 -1.53338600759287e-011 -7.37734990199863e-013 
-2.89597841153446e-005 5.31509310021721e-009 1.83929049077866e-007 -3.59474762202469e-008 -9.75124459222405e-009 9.04698023459454e-010 1.26768490422965e-011 3.59310443714114e-012 5.09319529933399e-012 -4.78962547485776e-013 
-7.09850081613354e-005 -3.98950340168122e-007 6.85373904175461e-007 1.50188633667708e-007 -4.85213713898201e-008 -1.45686142004950e-008 9.25979518920563e-010 8.50830501767621e-010 4.18657708291282e-011 -3.64169657938716e-011 
-2.92752016948581e-005 -6.66438607873799e-007 -1.48103183195808e-007 8.16575388505916e-008 2.12068026861282e-008 -3.35358099222873e-009 -1.39219847984503e-009 1.24816114769962e-011 5.88984919123893e-011 3.90481753980058e-012 
-4.86061854340146e-002 2.76012124814981e-004 -1.99752983822833e-004 -3.67404204800473e-005 6.87526693111649e-006 1.48855574151810e-006 -1.70915526604537e-007 -4.00513770937046e-008 3.93936121638833e-009 7.69680282640398e-010 
4.27234082348725e-001 -3.77243635408353e-004 -6.22879982196941e-005 1.67277633357351e-005 3.27359442284049e-006 -4.63204984621454e-007 -1.05840880131931e-007 1.09609653487289e-008 2.38462531535746e-009 -2.62104253091726e-010 
4.10126369518204e+003 9.19571129892846e-001 1.77766930832611e-004 3.54206017885080e-005 -6.22434822207275e-006 -1.38644411825259e-006 1.57122416596044e-007 3.69007800876804e-008 -3.65272703599140e-009 -7.06573666464642e-010 
-4.94874745600260e-002 -9.27080625101265e-004 4.03774877511209e-005 3.33602084499926e-005 -5.78065301888740e-006 -4.41670039681913e-007 2.08079626607464e-007 -2.59735607105380e-009 -3.96803836064861e-009 2.19033584707615e-010 
4.26646342359003e-001 -8.05539078727486e-005 8.12343465854856e-005 -8.17922760225365e-006 -1.83471239176891e-006 5.01719210324706e-007 9.89687894625319e-009 -1.25476651560140e-008 4.52392268273731e-010 1.95920072247903e-010 
4.10310417121933e+003 9.20708170219927e-001 -2.57568194618352e-005 -3.02863727392597e-005 5.08796879480915e-006 4.00679269719331e-007 -1.88950458284715e-007 2.48792981937750e-009 3.61477791822415e-009 -2.03795458517216e-010 
-5.05960116148353e-002 -1.48653022999606e-004 1.01134367376347e-004 2.72206916460841e-006 2.07473495232206e-006 -1.21568617567318e-007 -8.59758603697020e-008 2.42040779711656e-009 2.59743892721164e-010 -4.78594050410570e-011 
4.26815823023824e-001 1.83162501705606e-004 3.18658110956453e-006 -1.72633896324992e-006 -3.06805057263939e-007 -2.38007842226272e-007 7.39889646493009e-009 3.30859952527190e-009 -1.35992656302535e-010 2.48225493685946e-011 
4.10494496946023e+003 9.20048965266237e-001 -9.42308345820325e-005 -4.33536839206215e-006 -1.90329550407341e-006 1.24727323496074e-007 7.86079590215162e-008 -2.13109393718242e-009 -2.22971319198371e-010 4.24700958932905e-011 
-5.00311813124535e-002 6.62945583832327e-004 1.91034958152486e-005 -4.22591984860150e-005 -5.59919312638311e-006 8.25477077586195e-007 2.57459510133458e-007 8.00617972971055e-010 -6.88670494934681e-009 -7.21474077897558e-010 
4.26972785676935e-001 -1.11770247046045e-004 -9.39618960768216e-005 -7.12525193487496e-006 2.75942506192887e-006 5.53269615938883e-007 -3.11174644832395e-008 -1.86084726104353e-008 -9.60353212058216e-010 4.14837341642124e-010 
4.10678420976472e+003 9.19227131260423e-001 -3.09798296215710e-005 3.94748842231106e-005 5.45804166610826e-006 -7.54661860887099e-007 -2.41413394576626e-007 -1.27348590947372e-009 6.39762483226799e-009 6.83248081344027e-010 
