3.85779219939592e+007 9.84038662435941e+006 -5.94240130546953e+005 -3.77091878071885e+004 -5.90595563743906e+002 6.36450205588708e-001 1.69883889145513e+000 1.26521226036547e-001 6.48301271598000e-003 2.21829035619603e-004 1.57490696772266e-006 -4.87105031989051e-007 -4.85451978182766e-008 -2.94932784524728e-009 
-4.18853718281497e+007 1.01820772407365e+007 6.49730350932804e+005 -1.24797435755551e+004 -1.04466363576903e+003 -5.00429475792019e+001 -1.87895538405286e+000 -2.89489689558332e-002 1.98001987927760e-003 2.52707589584081e-004 1.64452715376253e-005 7.47806412622897e-007 1.91095856340229e-008 -4.88719096422826e-010 
-2.63881091469146e+007 4.41770545909343e+006 4.08695232030841e+005 -2.75423010737358e+003 -4.96738811167789e+002 -2.67963362552130e+001 -1.17986962641985e+000 -2.85877892822768e-002 3.85102712389260e-004 1.11971533027454e-004 8.62082641305651e-006 4.49969087054800e-007 1.52432585952724e-008 4.48611068615548e-011 
5.19729741051828e+007 3.13913589049978e+006 -1.09135895399989e+006 -4.31321658688098e+004 2.64210096000586e+002 1.12966588369697e+002 8.86411728534243e+000 3.61499743196940e-001 -1.19229111980245e-003 -1.56749343614172e-003 -1.42013780039430e-004 -6.70796023398216e-006 -1.05732714901749e-008 2.95984420823815e-008 
-1.70585537433446e+007 1.44044638371712e+007 3.58628507213889e+005 -3.96322947443796e+004 -2.46738816673144e+003 -8.30559286827496e+001 8.61134551738969e-001 3.71238811886378e-001 2.98648365510225e-002 1.25655176648841e-003 -7.79933858371834e-006 -6.21345664228653e-006 -5.65343592023467e-007 -2.67730063711948e-008 
-1.45169280061688e+007 7.36823760571435e+006 3.04772918786576e+005 -1.66951438222198e+004 -1.34535741428481e+003 -5.60827857692098e+001 -4.59552727864570e-001 1.60795847180342e-001 1.60759107909713e-002 8.33789028538644e-004 1.05659038117783e-005 -2.62304723634622e-006 -3.00880035715271e-007 -1.73711497112425e-008 
4.81006290945265e+007 -7.33038118047215e+006 -1.46475960238309e+006 -7.04179629937623e+003 5.05361233053421e+003 3.43099884703279e+002 6.33603495682060e-001 -1.80337562902146e+000 -1.44452752950856e-001 -5.11128942085665e-004 8.84407377667451e-004 7.68607123486932e-005 4.16516053167117e-007 -5.00794554746244e-007 
1.25771835705009e+007 1.46078260559840e+007 -3.89873180968956e+005 -8.54605660049266e+004 -2.42576985647474e+003 1.86151633549609e+002 2.51125159589828e+001 9.00787029563418e-001 -7.51628514074576e-002 -1.15466132501645e-002 -4.62551418458037e-004 3.81903305882960e-005 6.36735035149591e-006 2.77474829834746e-007 
1.71416298814901e+006 8.56292185516967e+006 -5.63024044042895e+004 -4.49180633442572e+004 -1.81995916885101e+003 6.38407160356902e+001 1.33480601353938e+001 6.68227597406758e-001 -2.51631387868336e-002 -6.11457217045187e-003 -3.38815310669775e-004 1.24260683755645e-005 3.35789662209237e-006 2.00162764565098e-007 
2.27023095810045e+007 -1.75991309529543e+007 -8.98376872962592e+005 1.06054503685900e+005 6.43601463377160e+003 -4.49523903139070e+002 -5.13673050365380e+001 1.85257666251373e+000 4.38401070726520e-001 -3.10156048015568e-003 -3.76341452282012e-003 -7.78990458268699e-005 3.13685094927208e-005 1.62154453158612e-006 
3.52850594379421e+007 7.22790675849676e+006 -1.41851808682939e+006 -6.29211920833867e+004 6.41448594304855e+003 4.83678165017344e+002 -2.85987419185911e+001 -4.12061847308209e+000 1.08730249494715e-001 3.59945125650594e-002 7.58194019716902e-005 -3.10430515516132e-004 -9.40001029089213e-006 2.58001554435046e-006 
1.64777583314494e+007 5.68618835815292e+006 -6.64504662563620e+005 -4.46108419107826e+004 2.75863682052111e+003 3.04987165341973e+002 -9.94732184586770e+000 -2.39319637229341e+000 1.26001414394526e-002 1.95481211240877e-002 4.30899237175864e-004 -1.57734767314089e-004 -8.27502660519244e-006 1.20989674769702e-006 
-4.02278244057027e+007 2.21028880481845e+007 5.07563430174283e+005 -4.61690800869152e+004 -4.74280695342964e+002 2.87058208828584e+001 1.06454271041775e-001 -8.16387351617490e-003 5.43285988849851e-005 9.28422103665635e-007 
-9.10471169825776e+007 -7.89068849556220e+006 1.14303901978275e+006 1.56033331616555e+004 -1.18885425154386e+003 -7.51009456430490e+000 4.85289656362824e-001 -3.77099236802211e-004 -9.33289251643563e-005 1.74794476810468e-006 
-3.84092410369096e+007 -4.94864767006189e+006 4.82080657912169e+005 9.94143807569362e+003 -5.04798920040754e+002 -5.19534160835333e+000 2.11574924414081e-001 3.47069965807585e-004 -4.54229083712435e-005 7.27537319232844e-007 
6.22207736963456e+006 2.38624395381655e+007 -7.28041960144739e+004 -4.90997303499984e+004 1.07972285892050e+002 2.87332304720928e+001 -9.50876960666871e-002 -6.20823280170814e-003 5.94294075385671e-005 -4.80651556873716e-007 
-9.73244748329516e+007 1.67187138568172e+006 1.21321937836548e+006 -3.99606596383775e+003 -1.22494591076188e+003 3.72882933029076e+000 4.41933851113954e-001 -2.42960302746538e-003 -3.87635864558625e-005 1.12086297604443e-006 
-4.41731111377755e+007 -7.58217661366069e+005 5.50384576698279e+005 1.30995324956753e+003 -5.57887040802920e+002 -1.41128591379324e-001 2.04826579904934e-001 -7.00119577140909e-004 -2.12054932536333e-005 5.35007439214163e-007 
-1.16425620108510e+008 -1.28009213267821e+007 5.76728390371133e+005 1.00887838962905e+004 -2.57288616475017e+002 -2.33511363134774e+000 5.92843284215179e-002 4.08812698790961e-004 8.64737973658867e-005 5.36485677571235e-007 -4.51019933164136e-006 -9.21480189951021e-007 5.02291402437086e-008 
8.21830247384609e+007 -1.50400758571460e+007 -4.04210445272818e+005 1.26607846594040e+004 1.58332899750174e+002 -3.76955793376844e+000 -2.19369062160993e-002 9.85884317340759e-004 -5.48440316585949e-005 -1.35873708957037e-005 3.94081155753235e-007 7.00050251281006e-007 1.50867856923512e-007 
3.56194428176121e+007 -6.52101763239460e+006 -1.75254515099331e+005 5.48940187997459e+003 6.86477737061252e+001 -1.63464814904389e+000 -9.38128502191036e-003 4.55440687383420e-004 -3.09781549153566e-005 -8.02730768133156e-006 2.46085675427475e-007 4.14348786025335e-007 8.58327036140397e-008 
-1.37081672595096e+008 -7.77584266407819e+006 6.71813479100399e+005 5.67914338453604e+003 -2.89148697143507e+002 -8.58860194473716e-001 6.02867497535695e-002 1.34651310687518e-004 -7.01986089552755e-007 -6.66258364371447e-006 3.06278722194421e-007 -1.94728926417463e-007 1.13060965849786e-008 
4.93768253174174e+007 -1.76288576280235e+007 -2.39643530851881e+005 1.45689559150912e+004 7.92504065243092e+001 -4.05499167687637e+000 -3.04069865448077e-004 7.06501381480240e-004 -3.42266949075453e-005 2.03085330447902e-006 -1.99225553407195e-007 1.42105618971328e-008 3.67841993448436e-008 
2.13954695846557e+007 -7.64344055008303e+006 -1.03902448405569e+005 6.31672736532571e+003 3.43595865476644e+001 -1.75793657262263e+000 -2.02026309331899e-005 2.89871040532141e-004 -1.97108516754015e-005 1.52984896596268e-006 -5.35897809769162e-008 8.35212819239117e-009 1.95470829516681e-008 
4.38685786757111e+007 3.39445453894598e+007 -2.83124046484813e+005 -3.81824817704016e+004 -1.56609360654938e+002 1.83405060524500e+001 4.05098600470754e-001 -4.22490725368105e-003 -3.79736536937084e-004 -4.65158227003633e-006 4.39909931430967e-007 
-1.88577222682321e+008 9.18343825109074e+006 1.22296902824271e+006 -2.63578953023018e+003 -8.09585945386490e+002 -9.19763180544770e+000 3.01611272452363e-001 1.17417451331273e-002 2.33192681224684e-005 -6.42943012170445e-006 3.38116313068803e-010 
-8.76936985797402e+007 3.29364874194064e+006 5.68594004146316e+005 -1.76070543035363e+002 -3.67098296591007e+002 -4.71501700745137e+000 1.27424918418924e-001 5.50816792713412e-003 2.13951245024726e-005 -2.92717428581204e-006 -4.72529258708022e-008 
-7.54083051441274e+008 -6.68154510329362e+006 9.07311180406616e+004 1.04781100856361e+002 -8.59738728839106e-001 2.65949065888242e-004 2.14520794411544e-006 1.35652814936293e-008 
2.58596925959392e+008 -1.47986519659782e+007 -3.10578375587774e+004 3.06834408018559e+002 1.28715065416435e-001 -1.36488303821911e-003 2.24199966813194e-006 -1.31286078907179e-007 
1.29217629113531e+008 -6.18049277607141e+006 -1.55235589536323e+004 1.28970059336553e+002 7.61266271172684e-002 -5.91290516056428e-004 9.26000473186219e-007 -6.15397645270500e-008 
9.54836965517104e+008 9.50274957510876e+006 -1.84859251277343e+004 -3.33571511616130e+001 1.89135123725217e-002 2.91822269721841e-005 4.73304155046071e-008 
-1.03613763011206e+009 8.05941787911773e+006 2.00699680149758e+004 -2.30602202440579e+001 -3.35720314168354e-002 1.83102677042980e-006 -2.20021753366808e-008 
-4.68990865737913e+008 2.91980686640186e+006 9.08405495057305e+003 -8.08835388390198e+000 -1.46808615200630e-002 -5.05527326199320e-007 -7.15474810817377e-009 
7.34152075818903e+008 9.04132478462304e+006 -1.86998425418834e+003 -3.71205059970864e+000 7.51401827642743e-004 2.66316658535205e-007 
-2.58453339088795e+009 1.81502245817393e+006 6.59271125776854e+003 -1.24042263894473e+000 -1.20830066682888e-003 3.79269790734263e-007 
-1.14233957310064e+009 6.67017857145647e+005 2.91393427325124e+003 -4.90988298206481e-001 -5.38888699339963e-004 1.63338794221777e-007 
1.30837324514449e+009 7.14299175344347e+006 -9.01469212871568e+002 -8.24986444402958e-001 3.96963076827640e-005 1.65375359738561e-008 
-3.98932621528040e+009 2.11918842028872e+006 2.74946966351898e+003 -2.27476906169712e-001 -1.60283536645823e-004 1.91602004756053e-008 
-1.66542937970346e+009 6.89591755885860e+005 1.14776742954170e+003 -7.25552072596639e-002 -6.65282345064784e-005 7.30537023027132e-009 
-2.69594838632017e+009 6.18833107090270e+006 1.95361123079069e+003 -7.86091268447985e-001 -1.78232052495956e-004 1.19148746672319e-007 
-3.51770279874490e+009 -4.69059360198722e+006 2.54907882681469e+003 5.18198543496462e-001 -2.77823882582875e-004 -5.47737803100588e-008 
-2.85493130064150e+008 -3.32825239232204e+006 2.06858915401009e+002 3.98237617720499e-001 -3.46106903030119e-005 -4.98895875919372e-008 
3.61618287731004e+005 4.98053778539062e+004 -1.71253988149392e+004 -4.90551376272367e+002 5.57644525997025e+001 1.36980586099727e+000 -2.27212657892272e-002 6.56374808786538e-004 1.20322072119561e-004 -9.37466715039851e-006 -1.19806861464649e-006 -2.81526537293410e-009 1.68456050139898e-009 
-1.28528676938359e+005 1.41851487156623e+005 5.91543928444305e+003 -1.07434365192746e+003 -2.89561387745037e+001 1.49184329553206e+000 3.39757564177395e-002 -2.36488028634046e-004 1.32916364864949e-004 1.51332832123937e-005 -2.06655482984340e-007 -5.30195309302923e-008 -3.97728584165820e-010 
-2.25869700459342e+004 6.89015984403416e+004 9.71547417050932e+002 -5.32462157262368e+002 -7.45200280519742e+000 8.07020144404141e-001 1.28353083984764e-002 -4.52907501356885e-005 7.18312505119202e-005 5.89417851037937e-006 -2.11579683911413e-007 -2.41145249793269e-008 -8.94217312514955e-012 
3.17567137812822e+005 -9.36474795990656e+004 -1.68296755828460e+004 5.98174681785004e+002 7.89712900417760e+001 8.57338276705545e-001 -6.14319645592586e-002 -8.85278855875501e-003 -8.50011419120796e-004 -2.51190039260168e-005 2.34834561155558e-006 3.01725437639048e-007 1.74163183853077e-008 
1.57813968516306e+005 1.32327874672168e+005 -8.60254596557886e+003 -1.24331897983358e+003 1.25178162637709e+001 3.03118426679377e+000 1.27938938338844e-001 5.88633021342512e-003 -1.51479800596980e-004 -5.44134836071889e-005 -3.64068882772241e-006 -5.64408892989184e-008 1.12415175556868e-008 
1.02214794907535e+005 5.04469109523937e+004 -5.53293813049420e+003 -5.00073390390686e+002 1.34565969359748e+001 1.44367941749740e+000 5.13151987130048e-002 1.78293154557713e-003 -1.51307028606557e-004 -2.69292134290193e-005 -1.40588284221907e-006 4.22354551218254e-009 6.75841235775387e-009 
3.36700451277612e+004 -1.77952527051760e+005 -2.12573220092045e+003 1.78131347281610e+003 4.68558341010063e+001 -6.03605432577751e+000 -5.07704201477790e-001 -9.97441113402417e-004 3.33779417114676e-003 2.34466208770658e-004 -9.32191864762549e-006 -2.43477970311781e-006 -9.48269864503217e-008 
3.12609667552134e+005 1.30547912186311e+004 -1.97184720836595e+004 -3.76687373633050e+002 1.03699024284157e+002 4.97691766323695e+000 -1.91234447794791e-001 -4.00789354434193e-002 -1.55280329083550e-003 1.86246155485781e-004 2.41315387394532e-005 2.08824812080597e-007 -1.76176865867303e-007 
1.44145731359375e+005 -1.15349245694408e+004 -9.08021798202523e+003 6.23995260385945e+000 5.12079451898278e+001 1.64031000431339e+000 -1.35734072307964e-001 -1.81059466845560e-002 -3.70627514300091e-004 1.06712111455753e-004 9.93341329572054e-006 -1.44893164075097e-007 -8.84968513212016e-008 
-2.70719962966765e+005 -1.09191187078434e+005 1.82099622674622e+004 1.14729026098744e+003 -1.26893794301353e+002 -5.67423762420129e+000 7.76544196089308e-001 3.33625114537058e-002 -6.05846409747295e-003 -2.50475936915905e-004 5.38199109939704e-005 2.03547418116657e-006 -5.09482975427880e-007 
1.89385126208235e+005 -1.30498043708678e+005 -1.28203726789074e+004 1.47301787282160e+003 7.97836633826787e+001 -8.64619919277967e+000 -4.09855920042036e-001 6.00844390918427e-002 2.83124365019342e-003 -5.08069309763857e-004 -2.25623958022441e-005 4.69600894488049e-006 1.89194344038944e-007 
5.89643375323624e+004 -6.93500804734436e+004 -3.97772386705173e+003 7.74821267613331e+002 2.33424422813862e+001 -4.44481127664353e+000 -1.07840681970104e-001 3.02865328654064e-002 6.78148695982751e-004 -2.52978943213922e-004 -4.86361960177998e-006 2.31081269570767e-006 3.50864498727434e-008 
-3.25696368543521e+005 5.50226984002375e+004 1.92904996354862e+004 -8.28423742968127e+002 -7.90556089344618e+001 6.42122928886862e+000 -7.63655524519206e-002 -3.20316389681712e-002 2.88439932045711e-003 1.92389463047987e-005 -2.18618776213542e-005 1.47630220348660e-006 5.75678050334918e-008 
-1.11983833692376e+005 -1.54414085786475e+005 6.62841454604933e+003 1.38341711005119e+003 -6.77327190563367e+001 -2.53141550598946e+000 4.50908653717818e-001 -2.03698584646456e-002 -1.55757750296632e-003 2.50409531771270e-004 -6.89323447198663e-006 -1.34480028195992e-006 1.54100047962165e-007 
-8.18727899244496e+004 -6.40148529495997e+004 4.86526125499868e+003 5.39609997596344e+002 -3.82505405450751e+001 -5.04068034356486e-001 1.95379791734656e-001 -1.23056408438118e-002 -4.17300918352171e-004 1.14475892391032e-004 -5.24427508382051e-006 -4.59824731684509e-007 7.49303212674811e-008 
-1.02478081160665e+005 1.56355183749422e+005 5.23843391387387e+003 -1.30971849894905e+003 2.70142888082082e+000 1.79436739044774e+000 -1.18128161716562e-001 1.04867111051729e-002 -1.30049459819982e-004 -3.30295847520526e-005 3.18910784937876e-006 -1.83925511535132e-007 9.35496330099142e-010 
-3.29015072643022e+005 -5.45239060308211e+004 1.63628299414199e+004 2.65617623570900e+002 -6.07070203844852e+001 1.22750152183297e+000 -3.92917612766061e-002 -4.61105021897664e-003 7.30897058930751e-004 -3.23470720492850e-005 1.14051270022991e-007 1.42509115401599e-007 -1.64212276479224e-008 
-1.57631943591992e+005 -9.27908526427143e+003 7.84919498401178e+003 -1.00469914308373e+001 -2.69653863812690e+001 7.33861738519056e-001 -2.92480953978166e-002 -1.05039632106587e-003 3.15653907599300e-004 -1.77953396336327e-005 3.64392006379049e-007 4.60775293904559e-008 -7.29084173339288e-009 
2.04320893414826e+005 1.38288979697844e+005 -9.29950714205319e+003 -1.05016181469372e+003 2.90681495587680e+001 1.47153193032480e+000 4.14674426761165e-002 1.37628880869492e-004 -3.34288754423093e-004 4.74627810566848e-006 4.20450043806819e-007 2.12714232953066e-008 -9.42446243562744e-011 
-3.07745637406554e+005 7.40806866005206e+004 1.43339310839144e+004 -5.69176518442591e+002 -4.63877880589563e+001 4.61426489009500e-001 1.65503396950660e-002 4.75632578916146e-003 -2.02109059322980e-005 -1.36326375594190e-005 9.57658910604809e-008 4.57357261965025e-009 2.82609799319863e-009 
-1.18370249735752e+005 4.65765706016313e+004 5.50885631887089e+003 -3.58006456446644e+002 -1.78389413619923e+001 3.54940866105963e-001 1.12305252788279e-002 2.13863309850285e-003 -4.18701141934336e-005 -5.63414443328590e-006 8.51735184313812e-008 4.06018056165666e-009 1.25533062590446e-009 
3.73831388148821e+005 2.39090972659889e+004 -1.80061568939651e+004 -3.12607712210345e+002 6.36910037316958e+001 1.60026072820039e+000 -5.16626393942658e-002 -4.22559237548928e-003 1.17744849631399e-004 1.04680766690377e-005 -9.96070623420434e-007 -6.64582902271131e-008 2.38910598570156e-009 
-7.47742878103397e+004 1.49856691437743e+005 3.53403211509695e+003 -1.17723237791316e+003 -2.44694438146108e+001 2.00112877640134e+000 8.32176244809332e-002 -9.70144031179322e-004 -1.78498624365322e-004 1.16288457170818e-005 7.72366490072716e-007 -4.83536389066003e-008 -4.59570304132102e-009 
2.29082640703731e+003 6.93284000272476e+004 -1.73454765339649e+002 -5.56363477406166e+002 -4.61798805477449e+000 1.04968025563274e+000 3.18502400963612e-002 -8.49930726588431e-004 -6.82100832331059e-005 6.22875178378620e-006 2.47830514242165e-007 -2.80788636369799e-008 -1.81662102712947e-009 
3.46590317689386e+005 1.50823726177222e+003 -2.26613409297919e+001 1.27173113673914e-001 2.94150554127848e-003 -2.78889590377720e-004 -4.88428664583864e-005 -5.46346217358896e-006 -3.61592724953531e-007 2.20016501758392e-008 6.46263941775979e-009 
3.61905620795932e+005 5.85484821403065e+003 4.06988755653498e+000 -8.02234417105969e-002 6.92948977405487e-003 4.11418090387241e-004 1.52890552478006e-005 -1.71456498911957e-006 -4.90609185042224e-007 -7.12552903549864e-008 -5.00662071514930e-009 
1.43888238952026e+005 2.51841027919630e+003 2.16334063393672e+000 -4.46401156798625e-002 3.33152067615037e-003 2.43855067130211e-004 1.32968539934132e-005 -3.48628044906727e-007 -2.24599793879667e-007 -3.87323203675774e-008 -3.35418132572127e-009 
3.49430214872205e+005 1.33278216416045e+003 -2.13608155413202e+001 3.09245138876761e-002 -1.84328455090017e-002 -5.41940096405473e-004 3.66460715420478e-004 4.96814053830951e-005 -4.24606930892510e-006 -1.77767043646859e-006 -7.62194813637042e-008 
3.73646468291583e+005 5.88588860338215e+003 3.92866093317781e+000 4.37335017722623e-002 -8.22266339253741e-004 -2.43300158299510e-003 -1.65252359346181e-004 4.18611260015494e-005 8.78712777790134e-006 -2.21248723842650e-007 -2.69209956037596e-007 
1.48941541616983e+005 2.53482341821994e+003 2.08072159738458e+000 2.98370006409607e-002 1.32848050013547e-003 -1.24643603596868e-003 -1.26202807264478e-004 1.72062584154771e-005 5.13407645353032e-006 6.77890690482804e-008 -1.35902576365099e-007 
8.87163729349710e-005 -1.39975066645969e-006 2.27240165304482e-007 2.04533390585053e-007 -2.31712457868492e-009 -6.87727184076317e-009 -5.06114606227826e-010 2.59849904586967e-011 1.28466157187885e-011 4.95476692043627e-013 
6.95131965536590e-006 1.01926349546609e-008 -2.74321933811112e-007 2.11071516877876e-008 1.87303944256714e-008 2.53533150361311e-010 -3.33550705965588e-010 1.35259516990145e-011 3.96792905285525e-013 -5.15256217466538e-012 
8.90386440549213e-005 8.31640289381508e-007 -7.48333532599216e-007 -2.23706982696415e-007 7.92346418103423e-008 2.04544432224657e-008 -3.81587916581624e-009 -1.35455292687310e-009 1.07410767815837e-010 6.88582957137704e-011 
7.15582399124072e-006 7.09959917438652e-007 1.89850458987244e-007 -1.25140026772662e-007 -2.75631072820632e-008 8.65066344924309e-009 2.07967659905751e-009 -3.58600844159403e-010 -1.11338200465378e-010 1.10728236869656e-011 
8.81027856860977e-005 -2.56620119468663e-007 5.88151636158001e-007 -9.57956459177711e-008 -4.11202573366611e-008 9.26223639604427e-009 -3.72004907076491e-010 -2.19926275075541e-010 1.05675720698274e-010 -1.45600126857594e-011 
7.49887543875623e-006 -4.18120348739066e-007 9.90230408287007e-008 8.89788338542673e-008 -1.66788793561678e-008 -1.77667849920664e-009 9.20985239552879e-010 -1.69371464930346e-010 -1.30441365854276e-011 1.23987414052611e-011 
8.72967774232586e-005 -1.59527851978797e-006 -5.31047039984710e-007 8.84258838312384e-008 3.31075801122236e-008 -1.11093812254673e-009 -7.32448530554921e-010 -7.82571447091957e-011 1.98025278945563e-011 4.42815289970317e-012 
7.87032441992439e-006 5.38725148654518e-007 -1.52001739176725e-007 -6.72888143555265e-008 6.23838992793182e-009 2.14382564505576e-009 7.83042189944958e-011 -2.43782584382757e-012 -1.17192693313659e-011 -2.44171713894430e-012 
6.71219715826671e-002 -5.97417166278879e-004 1.14231481948394e-005 2.24148117628131e-005 4.26260410340397e-006 -9.99504061681822e-008 -1.29298739853547e-007 -5.37574645815714e-009 9.39980776639317e-010 3.35815994112370e-011 
4.05956885398574e-001 1.84665929390673e-004 5.96348852822079e-005 4.78404237681643e-006 -9.00337405810759e-007 -3.51262545464258e-007 -7.87538610844424e-009 5.36004902491713e-009 2.81212717637561e-010 -3.13968943104538e-012 
1.90079649602933e+003 9.20500386190978e-001 -2.38847544793010e-005 -2.18746313026834e-005 -3.80067126897895e-006 9.93756393878683e-008 1.19838215212017e-007 5.17742741479234e-009 -8.58593069406900e-010 -3.42255495602199e-011 
6.69799358020859e-002 6.28517622304434e-004 1.81494660533672e-004 -3.94821314991048e-005 -9.06324798915010e-006 1.28660100044113e-006 3.62461748111203e-007 -2.70793011285971e-008 -1.32379660069909e-008 9.67886636911537e-011 
4.06602515418516e-001 3.47668205237565e-004 -6.96595032778170e-005 -1.74191875881144e-005 2.89924093876429e-006 7.41297007624113e-007 -7.65670709579473e-008 -2.81104559338134e-008 1.02193360645924e-009 9.88430784968148e-010 
1.90263641134932e+003 9.19260560054180e-001 -1.73869018686926e-004 3.93318614640235e-005 8.61032795769296e-006 -1.23755854254653e-006 -3.44290612742110e-007 2.56913831892430e-008 1.25863246578881e-008 -8.88492724424164e-011 
6.81141020807538e-002 2.04687862037814e-004 -1.53765512725124e-004 1.63396186394782e-005 2.56238525613314e-006 -1.10152949063717e-006 5.78430411620855e-008 1.57102532758274e-008 -3.27108766955159e-009 3.16092552228206e-010 
4.06732870044379e-001 -1.45540556839563e-004 1.22785555147510e-007 9.90196530309096e-006 -2.08363546508182e-006 -2.40273331956196e-008 6.44069506889680e-008 -6.86654096909567e-009 -1.10242315990533e-010 1.72916521392898e-010 
1.90447509284562e+003 9.19717985872245e-001 1.57588131862723e-004 -1.57076590450476e-005 -2.63576921513934e-006 1.04495661073361e-006 -5.42374504783999e-008 -1.48755726546652e-008 3.12762081522199e-009 -3.00659902984324e-010 
6.77781551910762e-002 -4.61324618074904e-004 -5.88926403226373e-005 -1.33827209575184e-006 1.66979132095858e-006 7.00672043603915e-007 -1.19703853202914e-008 -1.35139466144490e-008 -4.91391382525787e-010 1.09600722312721e-010 
4.06572523700808e-001 2.13665729534154e-006 2.84058135566682e-005 4.62661718074324e-006 1.10634203100001e-006 -7.48141886255800e-008 -4.41283017915647e-008 -4.30491815635746e-010 5.18748763438867e-010 3.83636615317441e-011 
1.90631528838813e+003 9.20387505360564e-001 5.04343641015683e-005 -5.70768782083075e-007 -1.46673708590861e-006 -6.35121627040291e-007 1.04196784792962e-008 1.23899112594494e-008 4.57715455181321e-010 -9.87917986186881e-011 
