2.16360347388452e+007 1.23975449721866e+007 -2.93872658592617e+005 -3.13673249856924e+004 -4.66559187513791e+002 -1.36858759653789e+001 2.47412170206259e-001 3.25058914573976e-002 2.12724616773390e-003 1.03893352539589e-004 3.75993534174605e-006 9.21035650855013e-008 -9.84947674798156e-010 -2.76711720720487e-010 
-5.35596562581790e+007 6.17570310305196e+006 7.16326202058724e+005 -3.70360077203069e+003 -5.24471221198419e+002 -2.34943478989931e+001 -1.15647973095389e+000 -3.22685588264476e-002 -7.27724081821162e-004 1.87738280709467e-005 2.65856890693375e-006 1.84128048562609e-007 9.15575386573805e-009 3.50724129427717e-010 
-3.09552679832356e+007 2.01336656962202e+006 4.13115133588884e+005 1.27403508377318e+003 -2.31783497110360e+002 -1.11310442739924e+001 -6.43415809517166e-001 -2.06074933022497e-002 -6.09300296247510e-004 -7.43931432644512e-007 1.03028239853937e-006 8.88066060337576e-008 4.99291532075526e-009 2.16026693253132e-010 
4.27875933235587e+007 8.39760845980999e+006 -7.21759734626608e+005 -4.01959284448842e+004 -5.48527155137856e+002 1.54866426048558e+001 2.90468639077339e+000 1.92293842402239e-001 8.57794030078078e-003 1.88656419393951e-004 -9.39344700875302e-006 -1.45546055140067e-006 -1.03998434728862e-007 -4.85001774077856e-009 
-3.57497967213413e+007 1.15387187023675e+007 6.00229180968257e+005 -1.76973203425555e+004 -1.35158077938841e+003 -6.27871309777851e+001 -1.99555790041596e+000 2.31588834967405e-003 5.51568332087361e-003 4.84969832380631e-004 2.64767577415999e-005 8.80287555042065e-007 -5.31149991850968e-009 -3.42491224661080e-009 
-2.36349714112086e+007 5.29290434022782e+006 3.95465583045761e+005 -5.28565149392315e+003 -6.65105672077629e+002 -3.51450767658388e+001 -1.36715575411682e+000 -1.87013440826749e-002 2.05691521795694e-003 2.39497418399430e-004 1.51172021014671e-005 6.21140379657073e-007 7.94604800413177e-009 -1.32661672771152e-009 
5.22139359106253e+007 6.04528198761227e+005 -1.22788072935747e+006 -4.03016107379736e+004 1.05580855267295e+003 1.79266033892849e+002 1.13288140087598e+001 2.56827595412406e-001 -2.55304092989150e-002 -3.50427024863335e-003 -2.06139030433594e-004 -2.35489804622175e-006 8.16019217410615e-007 9.13920653300735e-008 
-8.87459137965778e+006 1.50136442538138e+007 2.09781395077216e+005 -5.13009802390075e+004 -2.87886284255324e+003 -6.54283828032739e+001 4.81881744967099e+000 6.78793859424115e-001 3.98093899550223e-002 5.69561174027107e-004 -1.35530053709905e-004 -1.56535261744782e-005 -8.19672281511643e-007 9.06015393206765e-010 
-1.02564243944604e+007 7.95717316586695e+006 2.39376520757207e+005 -2.32249319633028e+004 -1.64729059737382e+003 -5.35378080424209e+001 1.39943699124180e+000 3.35964860942650e-001 2.39123571084186e-002 6.67593788015433e-004 -5.10227434096773e-005 -8.11754766383570e-006 -5.22459229144911e-007 -8.99223059833166e-009 
4.25107978983436e+007 -1.04985956428796e+007 -1.44548307303023e+006 1.88924626109041e+004 6.81638573735509e+003 2.91250594386725e+002 -1.75371172809590e+001 -2.89509205469699e+000 -8.64900430534768e-002 1.34855921818904e-002 1.57912099375742e-003 1.65655074048378e-005 -1.06543064509469e-005 -9.28514351270594e-007 
2.03140805193838e+007 1.34292016343911e+007 -6.81956457848883e+005 -9.29412838345604e+004 -9.33837254397738e+002 3.63446852928902e+002 2.80067759409594e+001 -2.88098070885517e-001 -1.98585962167555e-001 -1.20314547771973e-002 5.37911542994712e-004 1.27206209167313e-004 5.33529065085649e-006 -5.78170043433682e-007 
6.34141727168198e+006 8.26206388066595e+006 -2.14404908717009e+005 -5.16058166702906e+004 -1.20560543057941e+003 1.63945200944811e+002 1.67788939823381e+001 1.46289648013773e-001 -9.71117136079637e-002 -7.82518649106669e-003 1.23603974226753e-004 6.62327308228848e-005 3.95469517774118e-006 -2.12568733033355e-007 
-1.02689195378945e+008 -6.44980632298211e+006 1.31305242566006e+006 1.31626998865835e+004 -1.42665249761171e+003 -7.40375443022110e+000 6.90843232536258e-001 1.07027838649308e-003 -2.46823277705501e-004 6.83230717436210e-007 
2.36638591007421e+007 -2.14166078499560e+007 -2.96270067567387e+005 4.56770432171707e+004 2.91631561412586e+002 -3.08763273259719e+001 -8.96587702151473e-002 1.20038468749495e-002 -1.36760669135380e-005 -4.00140033129794e-006 
1.71077215292064e+007 -9.22768264375200e+006 -2.16387107624866e+005 1.97175991662069e+004 2.21496100490969e+002 -1.34214714496410e+001 -8.39916868884725e-002 5.32478716215729e-003 8.29240725558558e-006 -1.86233084284212e-006 
-1.04861862390955e+008 4.29295956960051e+006 1.33206822516614e+006 -9.95277252450621e+003 -1.41090791525251e+003 8.69532442717932e+000 6.19634165134966e-001 -5.66606682640216e-003 -1.58075486537446e-004 3.13336188171071e-006 
-1.97788722884701e+007 -2.15620800187353e+007 2.59400569750548e+005 4.53978019841012e+004 -3.20972636825701e+002 -2.91677157225915e+001 2.20530916017251e-001 9.51176414564370e-003 -1.34644346498792e-004 -2.39980154093029e-006 
-2.30068786555887e+006 -9.97294873159802e+006 3.24129518943246e+004 2.10550733983312e+004 -5.51010584547892e+001 -1.36743724775456e+001 5.98139311708665e-002 4.65146050896769e-003 -4.88239940531664e-005 -1.45755716009017e-006 
-1.47408122238383e+008 -2.69874996495711e+006 7.10756291744866e+005 1.39105799868261e+003 -2.93031377743731e+002 4.08212563982157e-001 5.31317881992973e-002 -8.28935049477183e-004 6.65515653550209e-007 1.84712063634383e-005 -2.89559489219837e-006 -3.88262450808176e-007 2.42169336502506e-007 
1.61593724914171e+007 -1.87955964925229e+007 -7.53722458668202e+004 1.51906719376951e+004 5.98603021237148e+000 -3.89173955536307e+000 1.44416578401453e-002 5.45248005005638e-004 3.65698170444683e-005 -5.19723740218049e-006 -1.09210630673051e-006 4.87061792502877e-007 -2.08876491787429e-008 
7.00252978219769e+006 -8.14830070763193e+006 -3.26757419488348e+004 6.58572901979539e+003 2.59127767595682e+000 -1.68845426504602e+000 6.09233988782320e-003 2.61296523938340e-004 2.34436825957186e-005 -3.78538697690609e-006 -5.83008990333858e-007 3.02019901009146e-007 -2.03089435793672e-008 
-1.47122299092183e+008 2.97540801079074e+006 6.99796195944811e+005 -3.16827027407887e+003 -2.73302420083288e+002 1.52643329310545e+000 4.01921449507523e-002 -1.03146023529574e-003 -3.36204997726468e-005 2.70632545004123e-005 2.09461513241292e-006 -1.17829953360228e-006 -8.94303900718411e-008 
-2.14602088281431e+007 -1.86735588599650e+007 1.04998382163864e+005 1.46881764403566e+004 -6.70998587505285e+001 -3.37109683023470e+000 2.55915309730853e-002 1.43085499597469e-004 5.16663547003059e-005 8.33728395062296e-006 -2.42127124688889e-006 -3.95187466431649e-007 1.00382291413775e-007 
-9.30637328838802e+006 -8.09538795433138e+006 4.55206013805064e+004 6.36766368965670e+003 -2.91048817721078e+001 -1.46100378312971e+000 1.11411672069466e-002 8.89484232137113e-005 2.76473956320116e-005 1.68138193247987e-006 -1.42235047519791e-006 -8.23509152329796e-008 6.12259352347939e-008 
1.49865624686294e+008 2.40913347180549e+007 -1.06890301777764e+006 -3.11113086295986e+004 6.85155538896416e+002 2.36501594325535e+001 -2.95879341591658e-001 -1.94181806116817e-002 8.48069623962037e-005 1.45775056356967e-005 2.87500096368475e-007 
-1.26157538212149e+008 2.49577223563510e+007 9.00836432410117e+005 -2.72533544534347e+004 -7.75889143801591e+002 1.34081885424533e+001 6.05610403536197e-001 -5.32505209038814e-003 -5.31087926727837e-004 1.87998668994437e-006 9.70325068757012e-007 
-6.19413043918114e+007 1.07968109041299e+007 4.42066446448337e+005 -1.16600497650877e+004 -3.74390634839145e+002 5.51111346898937e+000 2.85759582129130e-001 -1.90990275868007e-003 -2.45194124830579e-004 -2.09485324400765e-009 4.16505285339629e-007 
4.80025108953610e+008 1.37797895128934e+007 -6.91405691426690e+004 -3.67309539580420e+002 5.99097193454804e-001 4.02348692995706e-003 2.54052241233228e-006 1.45169353019711e-007 
-5.37361844293881e+008 1.13959890104107e+007 7.74176348421673e+004 -2.32630186013914e+002 -1.18133174086954e+000 6.52690595519154e-004 1.20273881043314e-005 -1.27986283200923e-008 
-2.42026293969285e+008 4.54910244938294e+006 3.48669277497697e+004 -9.07694621900848e+001 -5.20937897255053e-001 1.81125012033180e-004 5.02593024532179e-006 2.96363907688795e-009 
-1.37702250376438e+009 -3.33392934023132e+006 3.14998038900755e+004 4.82518692230769e+000 -6.52294478645125e-002 3.32107522482421e-005 2.87901479232769e-007 
2.33085590664948e+008 -1.21838063439857e+007 -5.32329852593392e+003 4.77716971917397e+001 -7.25059236886604e-003 -6.02742261610252e-005 -1.57887329876344e-008 
1.55551578603634e+008 -4.88887857118277e+006 -3.55490626028180e+003 1.95228095527106e+001 -1.86257503057910e-004 -2.62478060200073e-005 -1.48800691598681e-008 
2.98088468170920e+009 1.14595646275112e+006 -6.96434200088637e+003 -4.69351651927941e-001 1.14484284797392e-003 2.38027485816528e-007 
-3.39881755528276e+008 8.15521249447485e+006 7.93001381791567e+002 -3.17357170558655e+000 -1.13111885093675e-004 2.62130009031878e-007 
-1.91020180431888e+008 3.55557373232740e+006 4.45804410017334e+002 -1.38341446682212e+000 -6.62714700662809e-005 1.11070850795961e-007 
3.63595471608429e+009 4.36241364386882e+006 -2.54666922380913e+003 -5.27464166457460e-001 1.55139343695985e-004 1.56402466025461e-008 
-2.40830199917049e+009 5.71077575697782e+006 1.68707696207224e+003 -6.53244690332226e-001 -1.08296798901201e-004 -2.34906807755957e-008 
-1.07625264587177e+009 2.22884354685597e+006 7.53928822257969e+002 -2.54229510828056e-001 -4.80161822325115e-005 -1.09991280371653e-008 
1.06767310901735e+008 7.64867571714053e+006 -6.38617756199412e+001 -7.57035166275901e-001 1.45843027517319e-004 5.60875322615219e-008 
-4.50403427207507e+009 -3.31880307223867e+005 2.70344060918282e+003 -3.17423860361687e-001 -1.64656047849796e-004 1.21175372764075e-007 
-1.43773880527105e+009 -2.40809233553442e+006 8.62941908141718e+002 1.29144432836475e-001 -9.75260098849924e-005 2.31424790051510e-008 
-2.04041965281213e+005 -1.44795079292771e+005 1.27206312879735e+004 1.45909284738240e+003 -7.55925046320071e+001 -6.33642687443751e+000 2.60201229189975e-001 3.09705553010381e-002 -5.30168665002680e-004 -1.99562426853331e-004 -2.32271381560012e-006 1.32458633000433e-006 4.91641963072583e-008 
2.54917778537551e+005 -8.97802170760482e+004 -1.61735349367843e+004 9.43938761027946e+002 9.19861918352727e+001 -3.96512938190909e+000 -3.87345016213295e-001 1.08577382967098e-002 2.20878843685333e-003 1.81384220865269e-006 -1.45594747289438e-005 -4.00025547784038e-007 9.26984751307341e-008 
1.11986391593176e+005 -5.65954653945906e+004 -7.10662382057185e+003 5.91221573745932e+002 4.01131873388199e+001 -2.50198912104385e+000 -1.73563660451270e-001 7.93801595827687e-003 1.06636716751921e-003 -1.50657502724441e-005 -7.49594143239894e-006 -9.48553050887013e-008 5.04795759950908e-008 
-3.55235752746673e+005 8.82868543082653e+001 2.04556763320856e+004 -2.34258321196291e+002 -1.01433820077995e+002 3.70300220201127e+000 2.53980595724036e-001 -2.93155263877869e-002 -2.69589777796194e-004 1.81924254538134e-004 -4.72858480512154e-006 -9.99740600979017e-007 6.92697526498782e-008 
-5.94364220407889e+003 -1.57161746148198e+005 2.87407054690686e+002 1.48807076604439e+003 -2.70561300485639e+001 -4.93828634394654e+000 3.02279667316318e-001 1.05191828975581e-002 -2.09434372630365e-003 1.14624006572338e-005 1.24515665889164e-005 -5.30374568047264e-007 -6.37360940634431e-008 
-3.09701322201137e+004 -7.88514747838295e+004 1.77912926253078e+003 7.28083072772027e+002 -2.17696067809048e+001 -2.18314747560056e+000 1.72296294195096e-001 2.93490073433543e-003 -1.07333747595447e-003 2.03253322430009e-005 5.87391799073487e-006 -3.46343210737956e-007 -2.64608316951736e-008 
-2.15493073727633e+005 1.31425920560638e+005 1.07442575776241e+004 -1.17458529334756e+003 -2.05021105722328e+001 2.73554837502514e+000 -1.62699837366173e-001 3.12534649906125e-003 7.19498840290311e-004 -5.34559987763469e-005 1.07473008318450e-006 1.84030838792351e-007 -2.08614669071340e-008 
-2.69926414652639e+005 -9.57080594038078e+004 1.35664268400606e+004 6.49895895681368e+002 -5.92383656582988e+001 6.04273534452634e-001 6.01813036346628e-002 -1.20718485300042e-002 4.93390842278697e-004 1.94777043267063e-005 -3.34169019200794e-006 1.90677787134404e-007 3.85510612518237e-009 
-1.52269858952305e+005 -3.75350139633303e+004 7.65973547265514e+003 2.31153122618280e+002 -3.14075533747815e+001 5.26504025015545e-001 1.73467223584712e-002 -5.81223301633035e-003 3.05367294547628e-004 5.49503803062526e-006 -1.59280332078284e-006 1.10461106307846e-007 2.66556424878257e-010 
8.67795156129335e+004 1.58474743179233e+005 -4.04782048140923e+003 -1.21899398225839e+003 9.75649067379584e+000 1.14683894139993e+000 4.55511860401517e-002 7.31346623113504e-003 -1.89113491246219e-004 -1.34770480636076e-005 -5.52351797424817e-007 -5.71260086862553e-008 4.20364413921801e-009 
-3.38826758161538e+005 2.89033468479624e+004 1.61002752054826e+004 -2.03266088867105e+002 -5.02417111468791e+001 -1.21165315510619e-001 -4.96774061457051e-002 3.24666034602558e-003 3.89386250796052e-004 -1.79142999045399e-006 1.66276390150261e-007 -5.70284614870151e-008 -4.16579048326138e-009 
-1.62808003978849e+005 2.70481414858253e+004 7.73541296740975e+003 -2.00292814755089e+002 -2.43525024592230e+001 3.80757370499927e-002 -2.12417831502533e-002 2.20498715179783e-003 1.79550379188356e-004 -2.01187330953094e-006 3.99512411919807e-008 -3.30494125885585e-008 -1.74629537872064e-009 
3.28456124190193e+005 7.26332696997169e+004 -1.66455247559301e+004 -7.70296391683741e+002 5.40879495974989e+001 3.38201662089224e+000 5.86688246064069e-002 -1.04457538769826e-002 -8.49463772594789e-004 8.52131215292929e-006 3.95935829779627e-006 1.77335480877119e-007 -1.13379599135740e-008 
-1.69822858201849e+005 1.33929545959521e+005 8.69033817368663e+003 -1.03665471868695e+003 -5.05601495391349e+001 1.00615011607307e+000 1.75933717411616e-001 9.16128736549160e-003 -3.73831203618011e-004 -5.48235142704059e-005 -1.05250898424867e-006 2.03469390862113e-007 1.67287383813581e-008 
-5.91012597545845e+004 7.27185842355386e+004 3.01201976355070e+003 -5.80287862555233e+002 -2.08503582272670e+001 7.77329174356133e-001 9.23850292448607e-002 3.73135051411952e-003 -2.54969057340011e-004 -2.66811331912907e-005 -2.06862547117386e-007 1.15806967870843e-007 7.44157787280716e-009 
3.24967603906218e+005 -7.78248671118931e+004 -1.85897664410942e+004 5.73368699991111e+002 1.01742912061947e+002 -3.53257517060149e-001 -3.48217319604791e-001 -4.88821772636288e-003 1.40802029762285e-003 2.33417853806149e-005 -7.60410847687823e-006 -1.45009029408000e-007 4.58141489298418e-008 
1.20565460471149e+005 1.43217318781775e+005 -7.06435337995353e+003 -1.41390389032721e+003 1.86742011373980e+001 5.43172541338400e+000 4.87073427272564e-002 -1.89457819238354e-002 -3.62432011350449e-004 8.96796545761563e-005 1.77233883646035e-006 -5.23731198038017e-007 -1.33408412739769e-008 
8.56968478251045e+004 6.53282197735672e+004 -5.01409147939017e+003 -6.59656041147388e+002 1.75623961414906e+001 2.68165523817121e+000 -3.90501883754640e-003 -9.85199407888059e-003 -6.75110063297206e-005 4.66638087355133e-005 2.74111840668054e-007 -2.73139563062147e-007 -2.98209538365702e-009 
5.97773063627643e+004 -1.74717139336688e+005 -3.56906942272410e+003 1.72710242522315e+003 2.29271058612698e+001 -6.24289828550247e+000 -5.20957100964185e-002 1.43751189103961e-002 -3.74431536066988e-004 -1.03415051589699e-005 5.02581904742123e-006 -1.59225108394608e-007 -3.03286202619093e-008 
3.05514668920543e+005 3.17162996035169e+004 -1.89201609941700e+004 -3.51736632436617e+002 1.00397938305734e+002 1.40431996258667e+000 -2.81811650920897e-001 -9.08947194694730e-005 5.00900928462604e-004 -4.51936333815115e-005 6.58082548805513e-007 3.80379030626772e-007 -1.39708179915191e-008 
1.56952515324916e+005 1.94861222371457e+003 -9.72017099469910e+003 -3.62139441776277e+001 5.19434335735772e+001 1.93326542538875e-001 -1.44924438585512e-001 1.12612239065420e-003 2.20542663321238e-004 -2.34153498396535e-005 7.29821301133758e-007 1.77045327726436e-007 -9.40824475197675e-009 
-2.54347811118994e+005 -1.23468993792771e+005 1.53411457933339e+004 1.14413728675021e+003 -8.71809501208753e+001 -3.58906726580062e+000 2.56614215372798e-001 9.55448030833939e-003 -2.67951805595328e-004 -4.92217015103796e-005 -2.59910911005156e-006 3.11734823064273e-007 2.29624900883273e-008 
2.23447069722630e+005 -1.09394011171155e+005 -1.37203056230674e+004 1.13037627828532e+003 6.59502383336026e+001 -4.41891875361613e+000 -1.67591420390708e-001 9.41060739807869e-003 5.78029106655580e-004 1.23826417668094e-005 -3.50252936207205e-006 -2.53118090126604e-007 1.92439677865165e-008 
9.11591018592144e+004 -6.42682831064940e+004 -5.60321990002997e+003 6.55663452249451e+002 2.58063509808999e+001 -2.49565559733215e+000 -6.26421918321475e-002 5.46971374841355e-003 2.65507155237198e-004 2.19086890991825e-006 -1.95144145390732e-006 -1.00971830048243e-007 1.14348608748391e-008 
-3.75233443853410e+005 -6.28029477480728e+003 9.13486173766151e+000 5.62114250089739e-002 5.81451252930961e-003 4.22877989221504e-005 -1.40072293405306e-005 -1.93203617092524e-006 -2.06926171002962e-007 5.19076407645731e-010 -3.44999373248909e-010 
5.89354319043497e+005 -3.84844900045513e+003 -1.78536673655726e+001 -1.18663288359950e-001 1.66341461295319e-003 3.05513454878690e-004 1.76819397018865e-005 6.81255054124845e-007 -3.16612489493530e-008 -2.86301511432686e-008 -1.73231978355597e-009 
2.51986767231841e+005 -1.53099912754421e+003 -7.82470451035141e+000 -5.60310381298733e-002 5.68837206436717e-004 1.51832900751394e-004 1.07990795714273e-005 5.66297822875245e-007 4.55183706871887e-009 -1.25032304848465e-008 -8.95592991707142e-010 
-3.87717831967935e+005 -6.20315211506010e+003 1.02447682270685e+001 1.02611985005240e-001 -5.53201186383809e-003 -1.59836652457070e-003 -6.81793872616380e-005 2.01883668495794e-005 4.61345010211285e-006 3.12849155573040e-007 -5.50685749255542e-008 
5.81510791850711e+005 -3.99592722388821e+003 -1.88569801354942e+001 -2.92303455027572e-002 8.15590976224668e-003 -3.90801935153751e-004 -1.92883282412492e-004 -2.07810899802034e-005 6.72298071667608e-007 5.52277555296350e-007 7.80157388730455e-008 
2.48860365725495e+005 -1.59580287693140e+003 -8.29528317145506e+000 -9.75658111370917e-003 5.05663840451709e-003 -5.14289295013527e-005 -9.59838971789421e-005 -1.31919131067935e-005 -1.19242729809639e-007 2.65383898245260e-007 4.73737864238288e-008 
6.87608319104462e-005 -1.44010259479841e-006 -6.67963130805003e-007 2.37051965446011e-007 5.36437595639570e-008 -1.85648393695594e-008 -1.93113699699140e-009 9.16682835950222e-010 5.25350648631130e-011 -3.62011345123163e-011 
2.98648424659644e-005 4.60669113031400e-007 -2.95830677061054e-007 -8.69846511378487e-008 3.29057354825858e-008 4.22059887547065e-009 -1.86316800974376e-009 -1.00337739787420e-010 7.56873509343250e-011 1.49496193340394e-012 
6.69913595962471e-005 3.78207549527762e-007 1.41032202538763e-007 -1.77466108880199e-007 -2.68095917891308e-009 4.64111924635281e-009 -4.00414141471750e-010 3.74275349122204e-011 8.92722424218120e-012 4.15008408473525e-013 
2.94996097479357e-005 -2.33967024925188e-007 2.74868704427082e-007 1.35416980787982e-008 -1.67487719267960e-008 3.95865626379590e-010 1.48692559547633e-010 -2.33473282335250e-011 3.75192551315765e-012 -1.32824905143326e-012 
6.53621643296708e-005 -2.12358054825996e-006 8.28319174351516e-008 2.58500778608850e-007 1.43404954885164e-008 -1.22305575237541e-008 -1.71112222098904e-009 2.79203582932914e-010 7.96245414456023e-011 -3.38662010166322e-012 
2.95856980274566e-005 -2.77197846919357e-007 -3.55428601344406e-007 -5.81041296358613e-009 2.77874880926632e-008 2.54126369371513e-009 -8.91189840707062e-010 -1.85034124758729e-010 1.75844551382369e-011 7.35100954735728e-012 
6.46211352746913e-005 7.22131130217902e-007 -6.01336400640330e-007 -2.37371296190267e-007 6.08515348001893e-008 1.31430712381774e-008 -2.49542657067761e-009 -3.74243211996700e-010 5.01877007872922e-011 5.77322457651786e-012 
2.87914937052017e-005 1.47555375128588e-007 2.63158866182050e-007 -1.00595342192904e-007 -2.62332263761157e-008 6.12520507684636e-009 1.04967381264069e-009 -1.82202969180338e-010 -2.50769827087983e-011 2.27727935876799e-012 
5.67821761741916e-002 1.56862606863871e-003 -2.13695350185147e-004 -7.77970376659541e-005 3.92610533724565e-006 2.21097233350547e-006 -7.20946573812311e-008 -5.47381916532722e-008 3.06076521118375e-009 1.28907322287486e-009 
3.93794708709717e-001 -2.59018815691453e-004 -1.49200757907950e-004 1.22367958506184e-005 5.19658284939852e-006 -1.72185847281296e-007 -1.35706043691751e-007 5.53631201967935e-009 3.25829143531453e-009 -2.33068929301902e-010 
3.33582405299947e+003 9.18406237523401e-001 2.05591641604134e-004 7.33554709113493e-005 -3.82562369833148e-006 -2.06556019208475e-006 6.96320760067979e-008 5.09763354314352e-008 -2.89771677435150e-009 -1.20095387518601e-009 
5.71218375225489e-002 -1.20084784694368e-003 -1.91553176761714e-004 6.84385047684380e-005 1.27540544672286e-006 -1.32085774520834e-006 4.47984835130426e-008 9.70889980856666e-009 -4.87907932684978e-010 1.03190774751889e-010 
3.93013339936669e-001 -2.65913600123374e-004 1.37409741462991e-004 9.10124654474197e-006 -3.94192826626444e-006 5.10329016638246e-008 5.16603113450283e-008 -2.46967316355901e-009 -1.97276752597273e-011 -3.66150175118880e-012 
3.33766352761838e+003 9.21039212823478e-001 1.81643664836150e-004 -6.48834392562470e-005 -1.25687301168053e-006 1.23426785818306e-006 -4.15195499330858e-008 -8.87778131192427e-009 4.60065575880359e-010 -9.77247595368285e-011 
5.51734618671368e-002 -3.64412403887972e-004 2.64123780530860e-004 2.07945519557841e-006 -1.15091244246033e-006 8.49741286072037e-007 -6.38026297024341e-008 -3.02398936292348e-008 -8.08677245448737e-011 6.25048013884467e-010 
3.93405181656329e-001 5.61991993331741e-004 3.44812318910904e-005 -1.14146550923468e-005 9.72957467355685e-007 -1.05475442052918e-007 -6.76492644179451e-008 2.39904908247010e-009 1.73367448811641e-009 7.18125813659665e-011 
3.33950516213809e+003 9.20226678281707e-001 -2.56277708508374e-004 -2.21649731696779e-006 1.31400258937945e-006 -7.77308977778783e-007 5.58700804799959e-008 2.76751840577791e-008 1.15574087459062e-010 -5.69965433473884e-010 
5.65015035372581e-002 1.61437166267764e-003 1.44271137608021e-004 -5.27112286384292e-005 -9.03395432018724e-006 5.15154056429623e-007 2.96043995346857e-007 -2.73278219684440e-009 -5.84663689013234e-009 3.31152034389406e-011 
3.94344880068045e-001 2.38853114513421e-004 -1.32109444417958e-004 -1.55459062299893e-005 2.25548514987910e-006 6.77220712198253e-007 -1.43549372224187e-008 -1.71155036578810e-008 8.80500296166794e-011 2.64641759996664e-010 
3.34134364608387e+003 9.18341591857045e-001 -1.31676786356446e-004 5.03710558322660e-005 8.27846603881792e-006 -4.88395161494627e-007 -2.72130785765376e-007 2.35648123581374e-009 5.38138902507845e-009 -2.48272650436056e-011 
