1.74434590573195e+007 -1.82793178543949e+007 -7.61207382850482e+005 1.15763377159684e+005 5.38609015779116e+003 -5.67396372610821e+002 -4.39873027176429e+001 3.23727150876304e+000 3.97605101855690e-001 -1.87209393098816e-002 -3.73647141917581e-003 9.06830175942834e-005 3.54826870117225e-005 -1.16578227810467e-007 
3.64253564340925e+007 6.02402770580804e+006 -1.48892785618375e+006 -5.15898633567125e+004 7.32166737059307e+003 3.98987881968812e+002 -3.96776684312320e+001 -3.54485150724470e+000 2.38220479710861e-001 3.33040752860515e-002 -1.37196699125045e-003 -3.19476464491144e-004 5.99907642950256e-006 3.09097689628525e-006 
1.75352665052927e+007 5.11417359284578e+006 -7.16373870878639e+005 -3.95638127537205e+004 3.35230763245282e+003 2.71971514032022e+002 -1.66319705170436e+001 -2.22927397798279e+000 8.60093667452320e-002 1.97313532643302e-002 -3.45314059562507e-004 -1.80056632861056e-004 -4.75688354412103e-007 1.66316465404070e-006 
-2.04469190813747e+007 -1.83720324697628e+007 7.01041522658442e+005 9.65014063022515e+004 -6.43463755929722e+003 -2.08260391171107e+002 4.75879620532851e+001 -1.09827744799564e+000 -2.75493409850627e-001 2.31492956014038e-002 8.50078549767175e-004 -2.33804262483064e-004 6.30751501073396e-006 1.61269431210766e-006 
3.61472566138048e+007 -6.17851887006094e+006 -1.34746102643710e+006 6.65113840067868e+004 4.22946573758899e+003 -5.14377774523717e+002 6.72481445098435e-001 3.30342226252726e+000 -1.79957859014623e-001 -1.47015573024423e-002 2.21030135588255e-003 -6.74006803785305e-006 -1.78352229396201e-005 1.09673189496793e-006 
2.13176133882348e+007 -1.39430811793472e+006 -7.92467970701682e+005 2.55188337103460e+004 2.92658762856831e+003 -2.53159382133660e+002 -4.57644273512420e+000 1.87846294528362e+000 -6.75530297571305e-002 -1.02539568866732e-002 1.09248600614897e-003 2.06494328685825e-005 -1.01810234569862e-005 4.18563821096279e-007 
-4.91612714863015e+007 -9.88666141979619e+006 1.25391576456715e+006 3.26094627643595e+003 -3.79726454411066e+003 2.48941795387244e+002 -4.67047081523721e+000 -7.51282395638791e-001 8.78420446602905e-002 -3.89784714806216e-003 -1.24204958594343e-004 3.33613528531112e-005 -2.38946678826409e-006 2.85824706582557e-008 
1.59011456870464e+007 -1.32894201053972e+007 -4.26006414454582e+005 7.10231593241337e+004 -2.12574611875820e+003 -8.04340552888962e+001 1.51641684709317e+001 -9.03057230378847e-001 3.67125260994392e-003 4.36319597190560e-003 -4.15099374873227e-004 1.36702869585399e-005 1.12905583248000e-006 -1.87202271118334e-007 
1.34821636364818e+007 -6.07273347623719e+006 -3.57606980387373e+005 3.75994641513309e+004 -7.41644224939252e+002 -6.87840974988885e+001 8.58446067377152e+000 -4.04454236156003e-001 -7.14936115924345e-003 2.73488297837392e-003 -2.08850608741655e-004 3.84257159081324e-006 8.50963056606279e-007 -1.02971730695167e-007 
-5.92951271097087e+007 -4.10921045942399e+005 1.06368447955799e+006 -2.68338491719666e+004 -5.37390677950794e+002 7.90897560089643e+001 -5.42056456762463e+000 2.18255181509313e-001 -2.21432944359335e-003 -5.38402415910636e-004 5.73671064360493e-005 -3.41702176889610e-006 1.09446283300142e-007 2.54912051724629e-009 
-1.18179235667642e+007 -1.38983126253505e+007 2.12545003843325e+005 3.65590177304622e+004 -1.76745869474639e+003 5.73830083763787e+001 2.31782361414299e-002 -1.73071944679147e-001 1.50440692243534e-002 -7.81755872061377e-004 1.91099500069330e-005 1.05002168893852e-006 -1.71429491472873e-007 1.24112014700814e-008 
-2.72138141214415e+005 -7.38076860764775e+006 3.21152146694799e+003 2.23114782696200e+004 -8.88368211645204e+002 2.24486549733265e+001 5.74594087207918e-001 -1.15085156412033e-001 8.26555606324241e-003 -3.61732237295763e-004 4.25716178109859e-006 9.15272356976437e-007 -1.02913688357346e-007 6.36421484449428e-009 
-7.23367551074485e+007 -1.79267595817274e+007 9.15304713473556e+005 3.82529778042185e+004 -9.95682254655174e+002 -2.59031634592961e+001 4.84588664055832e-001 1.01661556636326e-002 -1.74633453487317e-004 -2.90279756806958e-006 
7.02360183558781e+007 -1.52512301389333e+007 -9.02204801882280e+005 3.25408940411321e+004 9.80356960666244e+002 -2.20791490041829e+001 -4.75473262016027e-001 8.74433566581283e-003 1.73747801001581e-004 -3.09584926771222e-006 
3.61290178265724e+007 -5.72646484119031e+006 -4.63810049601340e+005 1.22185249550814e+004 5.04058116089826e+002 -8.29362406451425e+000 -2.44595690518385e-001 3.28702004619795e-003 8.92108357898656e-005 -1.08088465725258e-006 
-9.96285004163579e+007 -9.07384146932585e+006 1.26394036771614e+006 1.88937219661576e+004 -1.37804299454716e+003 -1.15833663931465e+001 6.75440257303664e-001 3.03072949375682e-003 -2.38258972303416e-004 3.28026291989853e-008 
3.39163174985262e+007 -2.06773838892513e+007 -4.33929577935290e+005 4.41667192970818e+004 4.47154767325009e+002 -3.00619511493323e+001 -1.74929898406567e-001 1.20086902366477e-002 2.57221722323281e-005 -6.24988498090284e-006 
2.15171828966670e+007 -8.72785409241584e+006 -2.75207098684323e+005 1.86739499843010e+004 2.88379274667643e+002 -1.27909496483764e+001 -1.21458637974465e-001 5.20356241027104e-003 2.83050733376445e-005 -2.73229182812798e-006 
1.43785619769420e+008 4.91875514618413e+006 -6.73419954684602e+005 -4.47755911677905e+003 2.47475507147238e+002 1.57321259888254e+000 -2.81773205119258e-002 6.00647411462747e-005 9.33615676127706e-005 -2.75327251498838e-005 -6.17675029550366e-006 1.79171193431600e-006 3.93043080726670e-007 
-3.50447026936753e+007 1.81398399469545e+007 1.63424504257647e+005 -1.38542528645166e+004 -8.26327193264316e+001 2.80632843684075e+000 2.42483388061616e-002 5.12241925282828e-005 -8.25327766932953e-005 -9.35152429416750e-006 4.83159088385712e-006 5.67928699164445e-007 -3.27430823454741e-007 
-1.51584832079476e+007 7.86472463282267e+006 7.08531379732018e+004 -6.00662153137724e+003 -3.58247286418154e+001 1.21697378312695e+000 1.03783794677633e-002 -5.17408706631128e-006 -2.50833039643905e-005 -2.03021431424175e-006 1.40300883397743e-006 1.14561990324256e-007 -9.53978401480081e-008 
1.48114562436378e+008 -6.14065143843108e+005 -7.02476391921183e+005 -3.04374013988048e+002 2.71694841508167e+002 7.96469552391438e-001 -3.83404902356579e-002 -9.61799978322462e-005 1.84897152719320e-005 -6.92973406753175e-006 1.33756556527851e-007 7.56521447516592e-009 -4.34006208008132e-008 
2.00298106803114e+006 1.87642162034671e+007 -8.81061991476439e+003 -1.46979711826648e+004 -2.12188006425186e+001 3.31381409063789e+000 1.91003938099433e-002 -2.07756687175709e-004 -3.20773451648769e-005 -6.59481835248689e-007 1.73126043481423e-007 -8.80704234056168e-008 3.59153276138231e-009 
9.03933540575948e+005 8.13542127108285e+006 -3.82071168550553e+003 -6.37241243387845e+003 -9.19792973867322e+000 1.43663892113791e+000 8.16016802201269e-003 -8.43269338659848e-005 -8.26232718525132e-006 -4.87196323797658e-007 -1.33571120983761e-008 -2.71565960980243e-008 -3.05107963508720e-010 
-1.04325910731840e+008 -2.89731006761976e+007 4.55744658596210e+005 1.94286666506771e+004 -2.58536997574010e+002 5.85984085813757e-001 2.76867280472006e-002 -1.61767383501970e-003 3.69171202963035e-005 2.04601345334249e-006 -1.57882269210922e-006 
1.98172425717419e+008 -1.06565254035606e+007 -8.76652562893575e+005 1.15153201739356e+004 1.89631036279440e+002 -3.52291471012059e+000 6.99309024797687e-002 -5.04980291408645e-004 -5.38464619510307e-006 -4.67517250258067e-006 -1.13041057054239e-007 
9.37139416880080e+007 -4.10380113496895e+006 -4.14415830197058e+005 4.75637373782810e+003 9.39674457199535e+001 -1.63153496170696e+000 3.13439926100290e-002 -1.94618652561691e-004 -4.41838610995678e-006 -1.60135345121285e-006 2.56806266243133e-008 
7.36231281811848e+008 1.94352055097382e+006 -1.13900541468836e+005 -7.58517900152433e+001 1.64254522936318e+000 1.68614680668410e-003 -1.74624820401083e-005 -2.19342305514968e-007 
-7.57443959607382e+007 1.72697778412724e+007 1.17411218612091e+004 -4.42320818942923e+002 -3.22126153623998e-001 4.65215254075053e-003 6.03893736327686e-006 1.64247315916401e-007 
-5.04005651781849e+007 7.35522585463548e+006 7.80724999809780e+003 -1.87754672725958e+002 -1.78117299596355e-001 1.95329278994323e-003 2.92452459920660e-006 7.70259441280363e-008 
1.21587309253325e+009 -7.14862242339741e+006 -2.87246217403907e+004 2.15203249541045e+001 6.78395020764979e-002 8.21201592057041e-007 7.97551944835889e-008 
6.39021088363343e+008 1.06741616464362e+007 -1.51163165826772e+004 -4.56538153009073e+001 1.60430467920904e-002 7.93440052868619e-005 5.88613306586824e-009 
2.11624083330561e+008 4.71592044267823e+006 -5.00697537315983e+003 -1.97715097230219e+001 3.76604663730933e-003 3.28705575142390e-005 -1.13576122404231e-008 
1.95944574514638e+009 7.00876704612411e+006 -4.73538469021298e+003 -2.59388618702888e+000 1.00107684600576e-003 -1.90575320685309e-008 
-2.03676800120853e+009 5.32082987913870e+006 4.92274520941234e+003 -2.38675839695434e+000 -7.19101533401140e-004 5.62976804124902e-007 
-9.19766500893989e+008 2.23124334443422e+006 2.22304704539665e+003 -1.00861436176321e+000 -3.28552328972475e-004 2.44994413838100e-007 
2.32831496559485e+009 6.38492216932023e+006 -1.61367741490317e+003 -7.48652725390548e-001 7.69442427761716e-005 1.60578405424289e-008 
-3.55141662565838e+009 3.69088357372139e+006 2.46209285836808e+003 -4.10854934640907e-001 -1.42917750512685e-004 6.38277009036376e-008 
-1.51158075774362e+009 1.35174471651886e+006 1.04790170987416e+003 -1.49476920185160e-001 -6.05674078033948e-005 2.52640166500602e-008 
-1.69100019174048e+009 7.13296850157777e+006 1.17627462255807e+003 -9.09716838343843e-001 -1.76660550211379e-005 1.15072992824122e-007 
-4.10078659184451e+009 -3.05348345044383e+006 2.85280810792149e+003 1.54745059055781e-001 -3.00767760397300e-004 -1.30080951609527e-009 
-7.70237380493385e+008 -3.10201588999518e+006 5.35815256029799e+002 3.22165765555580e-001 -8.82660505208762e-005 -2.72341408564840e-008 
7.33425475528707e+004 1.64598471105881e+005 -3.95980654653376e+003 -1.50490763779365e+003 -1.65607177572713e+001 3.47135892579924e+000 3.00989351800380e-001 9.67548703351037e-003 -1.07765028951252e-003 -1.31238988812170e-004 -3.97920243395972e-006 4.77417051383654e-007 6.48464661268995e-008 
-3.38864200626553e+005 4.59121124697927e+004 1.83702894792690e+004 -1.45537549821959e+002 -8.19524628158384e+001 -2.81907905320149e+000 4.82365064626760e-002 2.04291547759912e-002 1.32345749365045e-003 -1.89811499232520e-005 -8.90965882688467e-006 -6.10532108719366e-007 7.58751509303384e-009 
-1.18717011630383e+005 7.96925423834018e+003 6.43754373052657e+003 2.07981716390641e+001 -2.71207654400051e+001 -1.12314255451927e+000 2.33946801334571e-003 6.50624726912253e-003 5.01010567614127e-004 -3.34764233572053e-007 -2.84816099737487e-006 -2.30183285106264e-007 -4.42910625244212e-010 
3.15578234523134e+005 6.39904195207529e+004 -2.00800930583265e+004 -8.52253921619103e+002 1.10374868972802e+002 6.49699103221777e+000 -3.79969448340067e-001 -5.00364102986872e-002 1.14802451756203e-003 3.95243000657507e-004 1.74376999703071e-006 -3.10418237883006e-006 -1.00521129026513e-007 
-1.23182925965420e+005 1.60916274788836e+005 7.75996374172994e+003 -1.60247707224081e+003 -6.94826942464304e+001 6.34352765591717e+000 5.31157020614617e-001 -2.13975254490906e-002 -4.18943946754909e-003 4.39256384607342e-005 3.32669354026500e-005 5.60512780153880e-007 -2.57857922584371e-007 
-5.65601378518647e+004 5.18114775060025e+004 3.57864985361649e+003 -5.05796049181618e+002 -2.88272164701883e+001 1.85550471908057e+000 1.98640837910778e-001 -4.94663322561190e-003 -1.48009767656944e-003 -3.49855884123664e-006 1.12458242918182e-005 3.35748842644191e-007 -8.31084532724613e-008 
2.75219282493725e+005 -1.02476345337738e+005 -1.78637077044954e+004 1.18208640349139e+003 9.60193807185564e+001 -7.17282968481495e+000 -2.28597018484714e-001 4.64713002645910e-002 -7.16239463255138e-004 -2.93427276494213e-004 1.87668615379544e-005 1.40995549887703e-006 -2.11709149535214e-007 
1.94583817323571e+005 1.39502073772147e+005 -1.27290399480356e+004 -1.39056318455249e+003 9.03300018338958e+001 4.85767726584913e+000 -5.44370454118101e-001 -3.56102331783494e-003 3.55172633870263e-003 -1.41057227513123e-004 -2.00670718554543e-005 1.99603476692832e-006 6.70810693503682e-008 
5.35273603257525e+004 5.22804030876190e+004 -3.50259692490361e+003 -5.28960136233166e+002 2.62531564151629e+001 1.98970564479925e+000 -1.74582268877889e-001 -3.38234800840718e-003 1.24257252306323e-003 -3.43327999839728e-005 -7.70828394020571e-006 6.13822905259972e-007 3.27204532879584e-008 
-1.66219708414516e+004 -1.73621095573717e+005 7.77552892703561e+002 1.59969887840127e+003 -3.10820300240994e+001 -3.84779988836902e+000 2.28207096221804e-001 -6.98224679369745e-003 -3.26078202115161e-004 8.41193521556631e-005 -5.10240274627721e-006 -8.92358370840270e-008 3.34629760877332e-008 
3.38508940958794e+005 -1.25192777473203e+003 -1.95540541318006e+004 2.36489913405786e+002 8.77160291973523e+001 -2.96744450219870e+000 -6.43920363863175e-002 1.16565637337476e-002 -9.88577327092273e-004 2.61265136523000e-005 4.21780576646713e-006 -4.69809953517134e-007 1.42991392336359e-008 
1.16117790747966e+005 7.63880991739191e+003 -6.70137520907146e+003 5.45749587792848e+000 3.13331891325795e+001 -8.28318006294792e-001 -3.25674262069400e-002 4.28992348146750e-003 -3.21414916876433e-004 4.97652082363253e-006 1.67442542882646e-006 -1.55797914762221e-007 3.30597053580418e-009 
-3.05663934151369e+005 -1.03317118075618e+005 1.52332892295005e+004 7.19357754055754e+002 -6.81202302243366e+001 -3.85233789656002e-001 9.46054522021232e-002 -1.42508612031746e-003 4.96693832705599e-005 -1.99195735814407e-005 4.65256188569323e-007 8.98855590489935e-008 -4.67723711423337e-009 
2.02297032125228e+005 -1.27184142803491e+005 -1.03420487172801e+004 1.14423446355661e+003 2.63504838754282e+001 -2.87432613800753e+000 2.84763435612815e-002 1.27441057085950e-003 9.88419505145095e-005 8.54010041075175e-007 -1.55638310086265e-006 6.18720669817519e-008 2.93237747524250e-009 
8.30859697653963e+004 -3.85894693484966e+004 -4.24120978550708e+003 3.56242820483767e+002 1.22084877232780e+001 -9.59525612651823e-001 5.17871307761026e-003 4.98828489527660e-004 3.15365497794722e-005 1.21979836844746e-006 -5.52380997376100e-007 1.68587918087526e-008 1.21907060137995e-009 
-3.76103109493861e+005 3.46886822192468e+004 1.74281070994902e+004 -3.25381834451583e+002 -5.73701951348187e+001 1.16814083883093e+000 1.96059146304228e-002 -4.00720137396127e-003 1.94563940917542e-005 1.44074632786364e-005 1.47813863569544e-007 -4.64610057497597e-008 1.73786603044175e-009 
-8.89480968477005e+004 -1.51879626644410e+005 4.18485996463457e+003 1.15901503360834e+003 -2.05090065114479e+001 -1.65090110461851e+000 6.38743555281318e-002 -8.05889132554285e-004 -2.30758766348933e-004 -2.10795277780595e-006 7.82247597883343e-007 -7.48481758837343e-009 -2.47974714161617e-009 
-1.30568839976154e+004 -5.34832550981318e+004 6.11028255526426e+002 4.10999827165528e+002 -4.25008473526589e+000 -6.17933880163348e-001 2.07360041115114e-002 -8.77401280807804e-005 -7.96776252715248e-005 -1.40238592321546e-006 2.59913285514743e-007 -3.53862169331845e-010 -9.26750847834853e-010 
-1.89505536686650e+005 1.44668907376911e+005 8.78171595683059e+003 -1.06173551550251e+003 -3.60622117676159e+001 8.18441241476775e-001 -1.16881744342787e-002 3.91803747560338e-003 4.26833849114001e-004 7.35381691590655e-006 -2.48383989184969e-007 -3.08043653641192e-008 -5.10639779358450e-009 
-3.20494992637246e+005 -7.04111201046111e+004 1.52490931714848e+004 6.28284277283625e+002 -4.39605793147418e+001 -1.11249047885640e+000 -3.86831999626139e-002 -4.76704176102073e-003 9.67957702869927e-005 1.92362753148892e-005 8.02893088602244e-007 4.76140724103414e-008 1.43852973999486e-009 
-1.00856835182547e+005 -3.08119362688769e+004 4.80000492597760e+003 2.65190511551214e+002 -1.32846371809181e+001 -4.21703001333428e-001 -1.28520188450594e-002 -1.81418248357852e-003 1.30017847414533e-005 6.24064227676466e-006 2.87650406079327e-007 1.77825393240334e-008 7.31912618066965e-010 
1.23757171497914e+005 1.55599003742457e+005 -6.75827012814151e+003 -1.45671207667447e+003 -5.36803763445965e+000 3.40078917927814e+000 2.71040517567104e-001 1.12964126423025e-002 -7.11751518285407e-004 -1.21892763373818e-004 -6.51607695044663e-006 1.32620308156500e-007 5.46107931806728e-008 
-3.25311749852634e+005 6.76007739211566e+004 1.75854734858309e+004 -3.31523822350169e+002 -8.06957514060560e+001 -2.35113477099999e+000 3.55465261617184e-002 1.75381857756997e-002 1.39835995362493e-003 1.48532707727555e-005 -6.51099893172122e-006 -6.91013501838026e-007 -2.30855924358128e-008 
-1.17088177788569e+005 1.58841363627225e+004 6.33715808135646e+003 -4.42790991805351e+001 -2.73845641408316e+001 -9.70147096102711e-001 -6.30033277680774e-004 5.48338456526516e-003 5.13028000839416e-004 1.08483280320960e-005 -1.92502260670345e-006 -2.43180597203689e-007 -1.04893390056396e-008 
-1.25606777985540e+006 -3.00743948173279e+002 2.90467354908229e+001 -2.33601750122101e-001 4.96302165228685e-003 3.37250995944099e-003 -1.91134837213208e-004 -8.15476479355979e-005 8.39106433570209e-006 2.11953194734456e-006 -3.33261030623309e-007 
1.71387224751025e+005 -9.99049009436448e+003 6.53759400015497e-001 6.54787943919562e-004 -2.21396312954152e-002 9.52028304180488e-004 4.47510670770366e-004 -3.95816106228419e-005 -1.14052162006654e-005 1.55093224066188e-006 2.93183350350453e-007 
1.09848182623213e+005 -4.27272815577048e+003 -1.92966067861185e-001 1.96327022941645e-002 -1.21526004632658e-002 1.57125178415792e-004 2.58736359923414e-004 -1.26843409804368e-005 -6.96253647149776e-006 6.09454444799792e-007 1.91162190282866e-007 
-1.25644320002307e+006 -7.58933006085385e+001 2.75783276084513e+001 -1.75042306651480e-002 7.37833220578944e-003 -8.38413492454969e-004 7.78010940625058e-005 -6.42626037018985e-007 -1.13413255574155e-006 2.27003203052714e-007 -1.95680337009331e-008 
1.51409081092178e+005 -9.98847287004076e+003 -2.70425384206806e-001 -8.00037114470683e-002 4.75434817627845e-003 -5.57879639875735e-005 -5.65572676047327e-005 1.14145317110301e-005 -1.10945037749593e-006 5.61763818657447e-009 1.82747051088568e-008 
1.01300404028421e+005 -4.27539747039761e+003 -5.77195219375003e-001 -4.32710450927651e-002 1.90169385565658e-003 5.28731081267310e-005 -3.83642350548911e-005 6.16576629151600e-006 -4.75005522804665e-007 -1.97676803193813e-008 1.17753700441828e-008 
-3.84611653357200e-005 -6.01911471446954e-007 -5.61958643984574e-007 -1.05815582296516e-007 4.73468607433178e-008 1.19290374603105e-008 -8.10894749243460e-010 -7.53127468269280e-010 -7.17985997946956e-011 3.12311242219698e-011 
-3.69519337619031e-005 7.67781721251902e-007 8.44980467116836e-008 -8.69290162538188e-008 -1.62150140368673e-008 3.87968141458597e-009 1.26761928601096e-009 -2.75816571638444e-011 -5.86640803769326e-011 -4.22997954630213e-012 
-4.06496711597459e-005 -3.72607703388070e-007 5.04735378098173e-007 -1.54923120393631e-007 -4.44329130049092e-008 1.26629835291981e-008 7.10306101801986e-010 -5.57260796612849e-010 6.47084423368065e-011 1.11458781173712e-011 
-3.64166768961480e-005 -1.80849277428412e-007 1.34573145396341e-007 8.12550491244427e-008 -1.99968613243245e-008 -3.53131822146131e-009 1.29177650196341e-009 -1.73273081303159e-012 -5.36701133860761e-011 5.97281557995853e-012 
-4.25394310261042e-005 -2.23433220787726e-006 -2.68969036601774e-007 1.44672771797749e-007 9.43970748645624e-009 -5.27113839762665e-009 1.01240994097161e-010 8.09289343593228e-011 1.50949153712836e-012 -3.23911630775165e-013 
-3.58996192698654e-005 3.41145420532968e-007 -2.01514037223244e-007 -2.57989715189242e-008 1.30270459844097e-008 1.65461274766530e-010 -3.41649281668412e-010 3.59006848072905e-011 9.73463490330041e-012 -2.17459652738392e-012 
-4.54711668153739e-005 -2.44596782182384e-007 2.16576468927032e-007 -1.39170895551111e-007 -2.03745755652437e-008 3.10926512052469e-009 5.98005152848767e-010 4.59062886852913e-012 1.47245318730313e-011 9.20384502190276e-012 
-3.60282392520423e-005 -9.32321506482405e-008 2.01599557926963e-007 3.01845669527995e-008 -1.10757413257094e-008 -1.84048195466633e-009 -8.01108219210978e-011 -8.53028385780184e-012 1.15987317760396e-011 5.18777666330044e-012 
-3.10650446651272e-002 -3.64016748058027e-004 -1.66864941437929e-004 1.33671667472933e-005 8.61882844650584e-006 -2.29812147735509e-007 -2.78702595545904e-007 -1.64573624406676e-008 5.65112457270033e-009 1.14198495657178e-009 
4.32677279699591e-001 -2.59423647860239e-004 2.05925800674943e-005 1.67248996965901e-005 -9.40385065815945e-007 -6.72939624975529e-007 -8.08889714762498e-009 1.75466584848439e-008 2.03967530547403e-009 -2.45033356483724e-010 
2.45281581196387e+003 9.20173163754949e-001 1.37443376236904e-004 -1.15076917389410e-005 -7.45808236956546e-006 2.26683636843839e-007 2.47722820454780e-007 1.38045741573621e-008 -5.11449765627961e-009 -1.00271573619911e-009 
-3.20974481810404e-002 -4.38462149525350e-004 7.35671454242201e-005 -1.53924480055649e-005 -3.06754492318649e-006 1.42916123474085e-006 1.90182062266198e-008 -4.29090450556268e-008 3.26959159474021e-009 5.91025287035670e-010 
4.32483145468306e-001 3.98988255773795e-005 1.38695071807684e-006 -6.75320391472007e-006 2.45849365709436e-006 1.61360271250890e-007 -1.11909800624321e-007 3.26187190469829e-009 2.36623233447742e-009 -3.33900358386697e-010 
2.45465639748522e+003 9.20227415508267e-001 -5.40557696130248e-005 1.56376243358969e-005 2.46147200194294e-006 -1.30213078374755e-006 -1.18896478059170e-008 3.82311907044517e-008 -2.99086919688642e-009 -5.11732239577798e-010 
-3.26718329154196e-002 -1.28042122970495e-004 8.19108872877525e-005 1.62049594991245e-005 -2.21132597363666e-006 -8.62622600679166e-007 5.47041436228797e-008 1.42037901150818e-008 -1.09580647494249e-009 -1.16428959315286e-010 
4.32596792267739e-001 9.22333342331219e-005 1.16963790408581e-005 -5.94902468442635e-006 -1.92378510603070e-006 1.43797997454106e-007 5.17411022900803e-008 -3.40019341530165e-009 -5.63342791183691e-010 5.30621195138951e-011 
2.45649668940931e+003 9.20053088962479e-001 -6.61914443867237e-005 -1.64275522177426e-005 1.94069572237736e-006 7.96027955084032e-007 -5.01971613922162e-008 -1.29509000727596e-008 9.96327552290190e-010 1.07286796874750e-010 
-3.24464008119802e-002 1.88592291414662e-004 -1.04113566147471e-004 -3.23180481962303e-005 3.07162667834832e-006 1.05045962292708e-006 -9.83088086370136e-009 -1.27724442012026e-008 -1.06271767669552e-009 -1.30965817152438e-010 
4.32562412535214e-001 -1.91332388371172e-004 -5.51565640584860e-005 8.28360273822973e-006 2.65868449915356e-006 -1.32568473608984e-007 -5.69933259756323e-008 -1.64721725060106e-009 1.87521901427523e-010 5.13260050129089e-011 
2.45833635544054e+003 9.19744938457397e-001 8.17337769686292e-005 2.79348737647212e-005 -2.68465607021990e-006 -9.37080942665631e-007 1.15477877232184e-008 1.18441805922258e-008 9.45298912489622e-010 1.10819324353282e-010 
