3.03478994731511e+007 1.12611629746806e+007 -4.45734534602956e+005 -3.45125428152957e+004 -5.56428619295586e+002 -9.22592708446505e+000 7.75498859004470e-001 6.92457107493069e-002 4.00552166509642e-003 1.70800344584731e-004 4.69597839837148e-006 -1.69900300507094e-008 -1.35992157468356e-008 -1.13397733058918e-009 
-4.86880228809842e+007 8.33730689560603e+006 6.90419820734212e+005 -7.59295366106234e+003 -7.50213499366509e+002 -3.58503617429974e+001 -1.53920444717492e+000 -3.79009130301748e-002 -4.04202654714706e-005 9.24495084064064e-005 7.59279971010310e-006 4.25407228828945e-007 1.73115574640776e-008 4.09109171658340e-010 
-2.91951685552005e+007 3.28724765875959e+006 4.15020238264859e+005 -4.80150078024155e+002 -3.43120519497830e+002 -1.81958721033399e+001 -9.02623118947668e-001 -2.74223585910211e-002 -4.36636763615173e-004 3.16900251715530e-005 3.56960737428780e-006 2.29019813568237e-007 1.06572475834033e-008 3.36043835830282e-010 
4.78837230169169e+007 5.88449904757512e+006 -9.13507411076619e+005 -4.28777267289916e+004 -2.95314635531718e+002 5.36788704437850e+001 5.56924679083625e+000 3.05046402142364e-001 8.90542283549407e-003 -2.49883571223222e-004 -5.53499802775531e-005 -4.27161580041554e-006 -1.93833471381012e-007 -1.87616888390164e-009 
-2.69677271774007e+007 1.32230357798248e+007 4.96273394218289e+005 -2.76339130590325e+004 -1.89889163764531e+003 -7.93039898918903e+001 -1.41160534438022e+000 1.24527204941309e-001 1.54596439565865e-002 9.77306992936858e-004 3.44808097712648e-005 -4.11662753050325e-007 -1.72395222422757e-007 -1.49686201362076e-008 
-1.94084912530229e+007 6.45440795725869e+006 3.59773829700678e+005 -1.03195761406882e+004 -9.83818925105991e+002 -4.79275527081056e+001 -1.33117542680468e+000 3.49161668537941e-002 7.33602775761894e-003 5.47985444593930e-004 2.41554502653613e-005 2.22699092074669e-007 -7.20116695706321e-008 -7.80207198004543e-009 
5.07516818068388e+007 -3.41754619545377e+006 -1.38881085819482e+006 -2.86139267825091e+004 2.84577000425331e+003 2.87040247528311e+002 1.10210646582986e+001 -4.39494648334524e-001 -9.31894938826333e-002 -5.83618445709084e-003 -2.22758324245877e-006 3.35577071334364e-005 3.10580308242808e-006 8.62940752884653e-008 
1.95383592351208e+006 1.52294064479301e+007 -6.92388037902538e+004 -6.98814534970146e+004 -3.09617248109125e+003 2.08666438369860e+001 1.46216210103550e+001 1.11566627233332e+000 2.16347559736869e-002 -4.05823567787839e-003 -4.84496794721346e-004 -2.06462078780831e-005 9.81462477220328e-007 2.16957802218691e-007 
-4.25491377522991e+006 8.49010902096979e+006 1.06918090948877e+005 -3.43668809069522e+004 -1.94889800178789e+003 -1.85952010361876e+001 6.66912496583068e+000 6.41546300367638e-001 2.12137330401689e-002 -1.56324126757487e-003 -2.58595130777424e-004 -1.45067145140394e-005 2.02496148319761e-007 1.06960721761749e-007 
3.25805423260246e+007 -1.46494972695935e+007 -1.25284061060077e+006 6.53371216049551e+004 8.02227919557263e+003 -1.56620144692743e+001 -4.80823814545312e+001 -2.19044377599676e+000 2.35085843707689e-001 2.83805480813651e-002 -3.92156663155728e-004 -2.52090821857666e-004 -1.00166798008377e-005 1.63005052185756e-006 
2.87372547383695e+007 1.06827267121638e+007 -1.10371229385838e+006 -8.81035477063622e+004 2.68816259182117e+003 5.57343552001036e+002 9.47658918402505e+000 -3.22362380322041e+000 -2.26145412020548e-001 1.28873019352813e-002 2.44458555585235e-003 2.27724248542219e-005 -1.92789115126863e-005 -1.23874212648033e-006 
1.19364742943340e+007 7.22503802259160e+006 -4.59803243464832e+005 -5.38364292688100e+004 6.04807749566126e+002 2.99364738200566e+002 1.00447414828706e+001 -1.49514230148470e+000 -1.45169606033408e-001 3.94387009788186e-003 1.34657122378941e-003 3.82865186701614e-005 -9.26119595636724e-006 -8.30658321732210e-007 
-7.76891610827967e+007 1.65067602783308e+007 9.70455167894634e+005 -3.52386420435475e+004 -9.72271188119093e+002 2.37939597209360e+001 3.34475136026450e-001 -9.03093054507113e-003 -5.52200441203666e-006 2.69025838236667e-006 
-6.94469385768470e+007 -1.55388386412370e+007 8.73912871506302e+005 3.18054575422125e+004 -9.47440206708696e+002 -1.81654012134100e+001 4.51065857110974e-001 3.21844270567375e-003 -1.44987948939202e-004 1.08686060082588e-006 
-2.63571764875309e+007 -8.03664431346917e+006 3.31867000200200e+005 1.65416813920192e+004 -3.64846515295715e+002 -9.67953556181242e+000 1.81852069785408e-001 2.01585877001266e-003 -6.46950040024625e-005 3.20849880454069e-007 
-3.84123763225690e+007 2.23530648348987e+007 4.71136736469757e+005 -4.66371054391039e+004 -4.36370485638132e+002 2.88435333403016e+001 9.10947299865500e-002 -8.02507997618466e-003 5.68981795494713e-005 7.84970626964037e-007 
-9.25223378206178e+007 -7.30225173120215e+006 1.15460244223579e+006 1.43498986588494e+004 -1.19771683003602e+003 -6.73791858898352e+000 4.83756657260931e-001 -5.80693726494546e-004 -8.85226520879260e-005 1.75054735004379e-006 
-3.92256760084132e+007 -4.70003930060709e+006 4.89764256796667e+005 9.40771102938439e+003 -5.11367758768076e+002 -4.85651199654120e+000 2.11920921042917e-001 2.46269820613413e-004 -4.34130283212970e-005 7.35232755042767e-007 
-1.34070573610742e+008 8.93593923731932e+006 6.26400005650626e+005 -7.67994923230394e+003 -2.29216574738995e+002 2.36836593680202e+000 2.49653706084652e-002 -6.26976652920913e-004 -5.53123097697673e-005 1.81482087249826e-006 1.37558025860885e-006 9.03028014559749e-008 -3.55029343214937e-009 
-6.20308271528697e+007 -1.68948364202243e+007 2.90725297125319e+005 1.28723274543570e+004 -1.33765108927713e+002 -2.57383344715704e+000 3.17473603356052e-002 -1.73242609869043e-004 -1.05344693491069e-005 6.54767715397881e-006 7.28698887168319e-007 -2.72442295505023e-008 -8.86633889657847e-009 
-2.68639610718204e+007 -7.32328342713379e+006 1.26013918615034e+005 5.57963718395458e+003 -5.79756928391029e+001 -1.11600507195086e+000 1.38509222665466e-002 -5.30752849587179e-005 -9.62842764935549e-006 1.85732456304881e-006 3.81933758917214e-007 1.25263360658541e-008 -2.75037383003262e-009 
-1.11520856119682e+008 1.35199341086160e+007 5.13887050825553e+005 -1.09420185593361e+004 -1.77200878839684e+002 2.79442311402074e+000 1.25520910837606e-002 -7.46850356519621e-004 1.10905972031686e-005 1.94087203816308e-005 -3.60564661367118e-006 -4.42815286963167e-007 3.27991112985325e-007 
-9.30336431899545e+007 -1.39911920421115e+007 4.30786156850317e+005 1.03614889963231e+004 -1.77613667347781e+002 -1.80699127129992e+000 3.04376787546610e-002 -2.79289920547696e-004 6.85662484161048e-005 1.89760121847920e-006 -3.89612275083407e-006 6.78719729108945e-007 1.23611124334662e-007 
-4.03025668747362e+007 -6.06469919221398e+006 1.86725221466850e+005 4.49137066891937e+003 -7.69860408775076e+001 -7.83215645984497e-001 1.33227206169016e-002 -1.45809088599161e-004 2.30064495899270e-005 2.91256824475316e-006 -1.63712999145290e-006 1.67322714509041e-007 7.56562293508907e-008 
-1.10976435513019e+008 3.04493045596508e+007 5.91653400463636e+005 -2.31873512587310e+004 -5.08578125039468e+002 -6.40641813985455e-001 1.83227331844863e-001 5.63757297578346e-003 5.52723137347934e-005 -4.26561737631145e-006 -3.46700168350901e-007 
-1.81276855548684e+008 -1.18596949295068e+007 9.74266332660182e+005 1.72399157477456e+004 -2.70227582875737e+002 -1.01021410864416e+001 -1.42842514712188e-001 1.33104276180823e-003 9.71978279127521e-005 5.24683845905242e-007 3.32474432475394e-007 
-8.01500643761787e+007 -6.26029964397500e+006 4.30929748680145e+005 8.53268370575333e+003 -1.10238824982658e+002 -4.61605061973684e+000 -7.03617027730685e-002 4.60688303197076e-004 4.12809118979270e-005 2.40988886080319e-007 2.00541165157936e-007 
5.85938251543986e+008 1.11456168687571e+007 -8.64986565063741e+004 -3.13941579322193e+002 9.47141912894328e-001 4.02318091529336e-003 -1.28912833288335e-006 2.00411474290024e-007 
-4.31181052449395e+008 1.37798416257175e+007 6.35579986517119e+004 -3.09579958005223e+002 -1.06994906030501e+000 1.86353139041143e-003 1.30266538348944e-005 -3.91444368347700e-008 
-1.99071678922433e+008 5.63501202725151e+006 2.93478585244681e+004 -1.25051952209570e+002 -4.81666182103342e-001 7.00151877289755e-004 5.60097009079324e-006 -4.60855365616926e-010 
-1.82528559163558e+008 -1.39513002727817e+007 4.70265636132881e+003 5.99559185434973e+001 -1.39692948964511e-002 -1.15067331228105e-004 3.59335873863092e-008 
1.23245766016663e+009 -1.91478510521979e+006 -3.18515999758874e+004 9.02658497480636e+000 7.95110266466590e-002 -1.99415448895582e-005 -1.25211937703740e-007 
5.16927710819366e+008 -1.89965176869838e+005 -1.33590217538481e+004 1.14477727298520e+000 3.34460542665425e-002 -3.27744181358467e-006 -5.35395409195336e-008 
-3.31684433100856e+007 -9.48277478522564e+006 8.99666803865735e+001 4.37347887822249e+000 5.07498507174182e-004 -5.31809962543032e-007 
2.60271795394105e+009 -5.53498517262864e+005 -7.20224296473228e+003 -2.94216464782515e-001 1.70869446403075e-003 3.42735006712497e-007 
1.14038102252080e+009 -1.08379430035930e+005 -3.15573963816670e+003 -1.90221173814585e-001 7.41533730548808e-004 1.51606244900583e-007 
4.26282494063036e+009 -2.26876249357670e+006 -3.04192154425921e+003 2.58480937859570e-001 1.77836864923422e-004 -4.12973320974825e-011 
1.25978580483849e+009 6.66532160469730e+006 -8.99098629569457e+002 -7.97140187531829e-001 5.26985308484634e-005 5.40512460972964e-008 
4.09508761008650e+008 2.78463293065289e+006 -2.92275215809975e+002 -3.32715716751654e-001 1.72506663596453e-005 2.21912339214220e-008 
3.89071532765207e+009 5.62139770087961e+006 -1.42223650085314e+003 -1.27218978279175e-001 9.01211922701757e-005 -3.89776078615018e-008 
-3.33167868651129e+009 4.03158189796685e+006 1.21783805856106e+003 -4.29212214700921e-001 4.36792147149221e-005 4.96273796485527e-009 
-2.21197616286711e+009 -4.35572247906367e+005 8.08584057437201e+002 -9.54642777648144e-002 -1.43215229481197e-005 1.02031975668982e-008 
-3.62658485062296e+005 -5.94008082861926e+004 1.67802734775951e+004 4.02418051009992e+002 -5.51992032426808e+001 -3.97825188949080e-001 -1.55876817890628e-002 2.06626250485048e-003 2.29601967969564e-004 -1.55545887908398e-005 6.05515940628931e-008 -5.75450700330614e-009 8.77597507575027e-010 
1.32672096187403e+005 -1.44060244505338e+005 -6.34093099352376e+003 1.11891452982678e+003 1.66427254382930e+001 -1.39594117894422e+000 -1.34391054306179e-002 -3.87798543310759e-003 2.16296451173543e-004 5.85660867324760e-006 -5.37539009292187e-007 5.97268523818340e-009 -2.22262593228369e-009 
3.18006035621804e+004 -5.02007677789002e+004 -1.53911711266450e+003 3.87720542661825e+002 3.64191128297199e+000 -4.79097855303569e-001 -4.98577122308162e-003 -1.22658949273562e-003 8.02070511444679e-005 1.41654335277036e-006 -1.77465826774928e-007 1.80870797641245e-009 -7.13091677621887e-010 
-3.42923535136210e+005 7.85424218807424e+004 1.60574214723429e+004 -5.36547157361633e+002 -6.00266136174511e+001 2.62982562242603e-001 6.76925429261306e-002 1.70869526003094e-003 -1.55354239093241e-004 1.69460253882652e-006 1.00905676925277e-006 8.54291244757710e-009 -3.07657653139852e-009 
-1.62007418071727e+005 -1.38910666464627e+005 7.64111197280608e+003 1.12248547623301e+003 -1.89810937928569e+001 -2.19722005230782e+000 -2.40402684426228e-002 2.11521565319505e-003 3.38399538390683e-005 -1.30514967243540e-005 7.13440558095191e-008 5.68486045706317e-008 1.37647713335795e-009 
-6.60102717349337e+004 -4.37191650546345e+004 3.10687643573480e+003 3.56489808375675e+002 -8.40134464289478e+000 -7.23767486905043e-001 -5.72155084048000e-003 7.62816655048331e-004 5.91376189530974e-006 -4.30181813177560e-006 5.86676925781723e-008 1.92829498049054e-008 3.54091219387537e-010 
-8.86376805980489e+004 1.65943628609948e+005 4.34265191361726e+003 -1.35721792904847e+003 -3.63919464092596e+001 2.19962115095278e+000 1.00676358561068e-001 3.34786517396584e-003 2.85655953116899e-004 2.32199152140225e-006 -2.01351935114380e-006 -1.30574953835083e-007 -1.62830604906588e-009 
-3.41962757891964e+005 -3.25157967661705e+004 1.77875205874527e+004 4.53858913096016e+002 -6.46297961553503e+001 -2.23033351698854e+000 1.25526809391417e-002 1.09751508405893e-003 1.83196853327590e-004 3.09198915044786e-005 1.28476950350000e-006 -5.94432671212051e-008 -6.86991664440003e-009 
-1.17395789378329e+005 -5.15375892630579e+003 6.09408375406812e+003 1.05105567519433e+002 -2.28251556636234e+001 -6.69673047953129e-001 7.55120741114849e-003 4.78816697796578e-004 7.11050188421188e-005 1.04200051489698e-005 3.60652038959326e-007 -2.43187371425683e-008 -2.35146157626718e-009 
2.22300812499671e+005 1.30050512618279e+005 -1.34417068694001e+004 -1.41242081512846e+003 4.21414063632612e+001 6.03690958823767e+000 1.66910392460509e-001 -1.05482660107743e-002 -1.89778999307465e-003 -9.21201711732539e-005 5.33383438879391e-006 9.95963317618571e-007 4.32154931669542e-008 
-2.61933937339534e+005 1.10858071605665e+005 1.56997639148723e+004 -8.83653229280720e+002 -9.54939998477562e+001 2.07563258856768e-001 2.92525914152411e-001 2.09338691615604e-002 2.43792125663684e-004 -1.17189904391227e-004 -1.07269524960371e-005 -6.20388761090705e-008 6.40437475047774e-008 
-7.99351709256568e+004 4.15395086073997e+004 4.78794976132385e+003 -3.43529119665276e+002 -3.04677948353728e+001 2.74079371250623e-001 1.03412059238389e-001 6.64153844754821e-003 1.69505347359378e-005 -4.23224891335669e-005 -3.40473969814145e-006 1.32021310456862e-008 2.28859212620465e-008 
3.35598281761901e+005 -2.42700821638895e+004 -2.22508230385300e+004 2.13970005635056e+002 1.42771274580395e+002 9.68427143556641e-002 -7.35177916507661e-001 -1.56120991860436e-002 4.64084709199615e-003 2.32045209912079e-004 -3.14106172437410e-005 -2.69580540414288e-006 2.01466291604643e-007 
3.57357978929243e+004 1.71671501005353e+005 -2.26947181034699e+003 -1.85267140854996e+003 7.15770966400383e+000 9.53163550606260e+000 9.76578321116607e-002 -5.41560919252343e-002 -1.94944322540454e-003 3.60143916481034e-004 2.43988803156014e-005 -2.39261178327102e-006 -2.66522545736009e-007 
2.35158596075203e+004 5.65949792006553e+004 -1.51824570061094e+003 -6.11953929637167e+002 7.24854133458505e+000 3.18817948460862e+000 7.61515581634727e-003 -1.86338809104439e-002 -4.93565543089252e-004 1.28314074343844e-004 7.08643251161615e-006 -8.91861732150187e-007 -8.22395050449900e-008 
1.41070346091201e+005 -1.58731794151617e+005 -8.68561216865966e+003 1.70707506286348e+003 1.56261837993884e+001 -8.12678287687156e+000 2.98475334807271e-001 3.21651529140529e-002 -3.64070204290115e-003 -5.33647611503738e-005 2.96732492290908e-005 -1.07643335176826e-006 -1.82618556220438e-007 
3.00445390727301e+005 7.93647238272373e+004 -1.84568069441875e+004 -5.61373785224147e+002 1.15965068671841e+002 -1.21854801967504e+000 -4.98711333100945e-001 3.36693495331203e-002 1.65953082741021e-003 -3.21174704013420e-004 3.37714339633631e-006 2.31558586121660e-006 -1.44732799605452e-007 
1.05434000696983e+005 2.11445092691103e+004 -6.46795231359903e+003 -1.29738759032227e+002 3.92705274449402e+001 -6.84378993963464e-001 -1.56446155641217e-001 1.23537718993051e-002 4.30520768442204e-004 -1.09194743028633e-004 2.14146537525314e-006 7.37448831073774e-007 -5.46200047872364e-008 
-1.84150547315528e+005 -1.51197702035359e+005 9.52574944277200e+003 1.14663096033037e+003 -5.88301638080477e+001 -2.42981559406578e-001 1.37958103257838e-001 -1.66883447673555e-002 5.86027971525262e-004 3.67615764749163e-005 -5.85099490749398e-006 3.45737580155180e-007 3.17283910950859e-009 
3.09578421881164e+005 -6.81224883998033e+004 -1.60719506153024e+004 7.72009188142409e+002 4.59663250679729e+001 -3.15474035775092e+000 1.47081012850831e-001 8.97290090975644e-004 -1.00798604054035e-003 7.02049914093507e-005 -1.10057496759169e-006 -2.86163579489123e-007 3.33835466792272e-008 
9.74193443209365e+004 -2.79374430162277e+004 -5.05542338208687e+003 2.96573571411552e+002 1.33564696197636e+001 -1.06053842829383e+000 5.39532796694307e-002 -2.70915944386101e-004 -3.17034675129612e-004 2.47220839813887e-005 -5.67942025303767e-007 -8.38713600565426e-008 1.12702939165452e-008 
-3.77947198560715e+005 -3.57690766310117e+004 1.77299352263682e+004 2.30701776262066e+002 -5.60564133374473e+001 -1.71020197446713e-001 -4.49349738560660e-002 1.77294046990874e-003 3.63164347986507e-004 -1.11573225579219e-005 1.90959140586691e-007 -3.39543756939856e-008 -1.86309331384407e-009 
8.04624941585178e+004 -1.50823766126066e+005 -3.93565885486985e+003 1.16213960759571e+003 9.31280839427369e+000 -1.17868868863432e+000 -8.94453453572778e-003 -6.13827943357631e-003 1.75085421713868e-004 9.72540425007890e-006 -1.86739200631934e-007 3.60703730656815e-008 -4.03305907206920e-009 
1.41205632016200e+004 -5.17336864117862e+004 -7.24341828578323e+002 3.96159892370079e+002 1.25889515169017e+000 -3.96501941378321e-001 -4.54059959196767e-003 -1.99795260526966e-003 7.06684020499270e-005 2.86915683527105e-006 -5.51958960978597e-008 1.09377078722760e-008 -1.41243693434158e-009 
-7.21768796088952e+005 -3.21767426870427e+003 1.62504001894964e+001 1.97981031962612e-001 4.44377124028991e-003 -1.27506532969666e-004 -2.75603675998022e-005 -3.53147034397632e-006 -3.21350410665729e-007 -6.51294820177022e-010 1.24564172887824e-009 
-1.12268103838992e+005 -6.32497967455059e+003 -1.65249885688536e+001 -6.01097679197173e-002 6.10278296407917e-003 3.57233747225005e-004 1.87142565145955e-005 8.76371699732691e-008 -1.85825649939619e-007 -4.47564220988563e-008 -3.62934110821243e-009 
-2.56676874190825e+004 -2.66677332009334e+003 -7.59153931434650e+000 -3.70408108276752e-002 2.72116466219300e-003 1.96407130599998e-004 1.29150706641460e-005 4.13817896598255e-007 -6.59804169520523e-008 -2.16351998624213e-008 -2.08181220664299e-009 
-7.28066179422024e+005 -3.07761549495287e+003 1.87269940925090e+001 1.68252421970799e-001 -1.41386023430153e-002 -1.55732313522628e-003 1.19426504423667e-004 4.86657793802775e-005 3.85808015412636e-006 -6.73871054970174e-007 -1.95057121642996e-007 
-1.25050991710740e+005 -6.45782950528699e+003 -1.64236398776432e+001 8.43421754942503e-002 6.79782148387269e-003 -1.51122029834247e-003 -2.60933390201076e-004 -9.40570883961147e-007 6.03263001634974e-006 8.35410395539608e-007 -3.51441480190459e-008 
-3.10626107498138e+004 -2.72817907361845e+003 -7.61927988225926e+000 4.08235870290967e-002 4.88335684339448e-003 -6.51641163029702e-004 -1.51674264780847e-004 -5.54476670368272e-006 2.82296879624770e-006 5.18247371128062e-007 1.42346915793891e-009 
2.71025276271288e-005 -2.11529247277185e-006 1.29489745029526e-007 1.40356232440949e-007 -4.59173609387683e-009 -3.75467504105878e-009 -1.55484018416394e-010 1.86398198823174e-011 2.20408370868333e-011 -8.07264421317383e-013 
-3.97741405305536e-005 -4.28399480168414e-007 -2.03299052149330e-007 1.18460962197394e-008 1.10015390673902e-008 -1.36913555392547e-010 -1.08139140855623e-010 -6.90976425811078e-012 -8.45093137512732e-012 -2.60440337786974e-013 
2.54766570954831e-005 1.87547751505068e-007 -2.21599503449147e-007 -1.78653281000712e-007 1.09072993357746e-008 9.03635335496462e-009 4.85701241215021e-010 -1.11414104829903e-010 -1.72084415085328e-011 -5.13565160668405e-012 
-4.07428154813712e-005 -1.40657556663741e-007 2.04292590911782e-007 -3.34281585114050e-008 -1.94242345565937e-008 -1.72367437730885e-010 5.17693476245637e-010 9.61360397965992e-011 1.19157253827364e-011 -3.46782492444919e-012 
2.42096890166220e-005 -4.90225151391719e-007 6.82166703275222e-007 2.20986583305645e-008 -7.98472754925627e-008 9.19773288785457e-010 5.06617751293714e-009 -2.39864197095154e-010 -2.56697870032062e-010 1.68497446567592e-011 
-4.14781092064007e-005 -9.00277456983524e-007 -5.20709632206172e-008 1.12044846610074e-007 2.13166737655754e-009 -8.47157947028050e-009 1.83727050279691e-010 4.17873024066370e-010 -2.03463877660278e-011 -1.58745501410774e-011 
2.40573914654641e-005 -8.16766434124927e-007 -4.69299274761098e-007 8.27873542497196e-008 2.37807373124853e-008 -3.67439266567155e-009 -1.01407939650785e-010 5.23976202684652e-011 1.24996263994934e-011 -3.09519988027698e-012 
-4.23228382217202e-005 -2.72091525448682e-008 -8.92502644752329e-008 -5.36403806836170e-008 8.11068461231593e-009 8.57768385985548e-010 -1.56853374180509e-010 3.54497613108829e-011 -8.87461648932499e-012 9.84594729189369e-014 
2.39308442633438e-002 3.16482015733333e-004 -3.11474240097808e-004 -1.79169688428734e-006 6.71641204875496e-006 -5.83264807031097e-007 -7.89173534579781e-008 1.00971030202754e-008 9.48206419528036e-010 -5.07907984025422e-011 
4.34472385459850e-001 -5.00688347175529e-004 -3.46020373447084e-005 2.18092094369996e-005 -9.54832843750529e-007 -3.15389912498707e-007 3.84433976378622e-008 3.47125956577675e-009 -3.62125092355662e-010 -4.79767642330919e-011 
5.35959788608274e+003 9.19663474733862e-001 2.82173536631746e-004 -3.52802830211914e-007 -6.09041353280743e-006 5.39788098025895e-007 7.20878034383744e-008 -9.18359512770318e-009 -8.76202293732863e-010 4.73302007076488e-011 
2.26385653191470e-002 -1.41545254551638e-003 -9.27338060634649e-005 2.20132969402997e-005 1.51905460775227e-006 7.25076693129016e-007 4.41307394501879e-008 -1.89832571838855e-008 -2.33533534890853e-009 -4.82663824341561e-011 
4.33748703498604e-001 -1.14699536619558e-004 9.99606475306698e-005 5.99051929203644e-006 3.56190127423534e-007 -1.83805494353081e-009 -6.13021965901631e-008 -5.20437769904553e-009 5.98879833542500e-010 1.26138785910624e-010 
5.36143889352205e+003 9.21155100287939e-001 6.79859555441968e-005 -2.00323955081946e-005 -1.13989346021774e-006 -6.44043748064216e-007 -3.94967313886256e-008 1.71358204978915e-008 2.06065253442627e-009 3.57874393265828e-011 
2.04717605961029e-002 -3.24748449624955e-004 3.87955616575639e-004 1.87001695445733e-005 -1.24252054293937e-005 -9.98490147118295e-007 3.60105950198595e-007 2.72674251681946e-008 -1.19437885583060e-008 -4.87475755602025e-010 
4.34344060120162e-001 6.51947633486867e-004 1.97720791372887e-005 -3.10853926483130e-005 -1.95743819029795e-006 8.65689809815470e-007 7.22320192383749e-008 -2.71294003438514e-008 -1.57490831521050e-009 9.17648732728839e-010 
5.36328052043462e+003 9.20104428420288e-001 -3.45399389183385e-004 -1.42547311337230e-005 1.10460756695060e-005 8.49225311648071e-007 -3.20242557754441e-007 -2.33382290811802e-008 1.06070687219525e-008 4.02340038768681e-010 
2.17318018409163e-002 1.08732354916471e-003 -1.59744150379305e-004 -4.94795547845878e-005 6.98266088425454e-006 4.51003376461709e-007 -1.23919974270018e-007 2.38197648500232e-009 1.08775704798504e-010 -1.86431300670933e-011 
4.34948492380504e-001 -1.80094737171386e-004 -1.31668578178536e-004 1.60499675668581e-005 2.34341633357885e-006 -4.45807206694421e-007 -6.23400451269878e-009 4.17742809665585e-009 -1.97820311184740e-010 4.91001699502028e-011 
5.36511909140740e+003 9.18919902130208e-001 1.54482952496035e-004 4.32934217788529e-005 -6.43104379028965e-006 -3.94913735763977e-007 1.11135469758891e-007 -1.94738656402780e-009 -8.85341470478285e-011 1.13910435801281e-011 
