-3.79245528927076e+007 1.05591532437413e+007 4.64432692712387e+005 -2.59399419464648e+004 1.28784903711823e+002 -7.65728113399888e+000 -3.65070347412913e-001 1.95050520377262e-002 -1.14513392051918e-003 4.87734381255193e-005 -1.56434741649108e-006 4.23532850133846e-008 1.00262628734289e-010 -6.73352917371807e-011 
-5.05111862912121e+007 -7.10194016074502e+006 6.35725170815140e+005 8.87394017268079e+003 -4.24932841739325e+002 1.57195772913110e+001 -7.45243551923094e-001 1.52638744217770e-002 -4.62992007566317e-004 -9.03499425404187e-006 9.25342158766857e-007 -6.92405829896702e-008 3.29956814180422e-009 -1.32808532655207e-010 
-2.31920906999085e+007 -4.88875091455297e+006 2.91380197577917e+005 7.43125120037382e+003 -2.40334731606848e+002 9.19089044282505e+000 -3.60186766882636e-001 6.12925105807490e-003 -1.28487932154610e-004 -9.88663267757408e-006 6.56583817782271e-007 -4.13783205094741e-008 1.75197774982190e-009 -6.39440031723952e-011 
-1.40609787707093e+007 1.30504755878522e+007 1.59287022435350e+005 -2.54521719621264e+004 -8.35447417014774e+001 -1.27278840151265e+001 -1.33754371169678e-001 2.34961459628091e-003 -9.52673146744010e-005 2.00689871235788e-005 4.11026844868176e-008 3.33698986838051e-008 2.35104370846999e-010 2.89965259585709e-011 
-5.93615060178797e+007 -1.68760046542099e+006 7.08965388811992e+005 3.73130298594891e+003 -2.64136376869908e+002 1.13518561119992e+000 -5.47486994479207e-001 -1.56092892823102e-003 -5.66804436916018e-004 -3.70884225959393e-006 -2.17476359648085e-007 -3.47617007333137e-009 5.50940828175090e-010 1.01089581041634e-012 
-3.03948702342472e+007 -2.25521666362845e+006 3.62160291164822e+005 4.63376191174511e+003 -1.32417720813675e+002 1.92686345218051e+000 -2.78558368746856e-001 -1.07755477280141e-003 -2.92864429631458e-004 -4.06294972943889e-006 -1.20416420481915e-007 -5.31972079590361e-009 2.69810985457957e-010 -2.47192556770712e-012 
1.23176496197516e+007 1.30599813990503e+007 -1.63058492955315e+005 -2.89743263306549e+004 -3.63531863695734e+002 -1.47359038539159e+001 1.88533874134727e-002 1.44852725585531e-002 1.08362806145307e-003 6.02209166937215e-005 2.33061984300171e-006 8.19615428676851e-008 1.43027597110698e-009 -2.96829600894138e-011 
-5.69758307597060e+007 4.08823642515552e+006 7.26686566129734e+005 -1.08107050330788e+003 -3.87699740890726e+002 -1.47593837977036e+001 -8.76163880868288e-001 -2.32309427111048e-002 -7.98544575693342e-004 -3.66049268614498e-006 7.27070261337923e-007 7.31928343260278e-008 4.17182900044850e-009 1.87455552844557e-010 
-3.18569994205450e+007 8.28902000520039e+005 4.05069984822883e+005 2.42870816133099e+003 -1.69369349060515e+002 -6.35473100151628e+000 -4.69948474247880e-001 -1.39112195638962e-002 -5.38958191819529e-004 -8.20404732337524e-006 1.46499784548899e-007 3.05938336480099e-008 2.08033984225839e-009 1.03211597629261e-010 
3.59483103937455e+007 1.02447098701549e+007 -5.54677500110000e+005 -3.68821506554328e+004 -5.89176752533674e+002 -2.66497893218444e+000 1.40749674848377e+000 1.09208480905911e-001 5.79281895791664e-003 2.13575010939784e-004 3.11346389776367e-006 -3.08002188135396e-007 -3.63463595497473e-008 -2.37520695373627e-009 
-4.31216403509386e+007 9.71322263266946e+006 6.62327032835985e+005 -1.10591681953984e+004 -9.59802020509076e+002 -4.61541106091737e+001 -1.80237961891446e+000 -3.35457738129206e-002 1.26196986722951e-003 1.99564209053064e-004 1.37080329927358e-005 6.63986102884815e-007 2.03901617060269e-008 -7.14334136262846e-011 
-2.69082293438185e+007 4.12552215622191e+006 4.11324258238503e+005 -2.08055029663225e+003 -4.51540703402114e+002 -2.43761850905516e+001 -1.10874792289532e+000 -2.92487882442843e-002 7.30418630519860e-005 8.44373182840418e-005 6.99902724967019e-006 3.86609726290330e-007 1.46618597989232e-008 2.08319896884613e-010 
-9.57152980545810e+007 1.06274450492929e+007 1.20769959255331e+006 -2.32454499663748e+004 -1.24930132331490e+003 1.70859319181538e+001 4.97816366162769e-001 -8.12072263762146e-003 -8.27429568928084e-005 3.53667139881511e-006 
-4.49337990138651e+007 -1.94693813921759e+007 5.81098818098275e+005 4.05001390735873e+004 -6.58103230320939e+002 -2.47788605452251e+001 3.60462309408301e-001 6.52575148175727e-003 -1.57246709471118e-004 -2.86894679284460e-007 
-1.42050259290944e+007 -9.43080893893069e+006 1.84957388171774e+005 1.96899767712782e+004 -2.16961892190737e+002 -1.22280476198454e+001 1.30641126650709e-001 3.44946231687255e-003 -6.55020507029709e-005 -3.50626066446396e-007 
-6.59024717605095e+007 1.88632377226318e+007 8.21979730178265e+005 -3.99326161027703e+004 -8.07594935721299e+002 2.61167508722331e+001 2.51107239555405e-001 -8.94287374165405e-003 2.26142022613973e-005 2.09838720131870e-006 
-7.78338634281646e+007 -1.30899313284845e+007 9.89236300850328e+005 2.65278458354591e+004 -1.05528909826332e+003 -1.44971883222961e+001 4.74334224870651e-001 1.75704065372573e-003 -1.29915373722967e-004 1.52654870536235e-006 
-3.08918887432154e+007 -7.08237898340237e+006 3.92969379978029e+005 1.44609584551104e+004 -4.23591331402447e+002 -8.17456136658579e+000 1.97479896498130e-001 1.35644776487169e-003 -5.98708686353097e-005 5.53779853821918e-007 
3.32652868718705e+007 1.96865385933911e+007 -1.52612080627036e+005 -1.48035091084882e+004 5.44806389759915e+001 2.83385303037276e+000 -6.05181683788410e-003 -4.39511637120125e-007 2.87299649236096e-005 -2.49166110883092e-007 -3.77165448196925e-007 -8.79575104766234e-008 3.21764447953285e-009 
-1.34523494051617e+008 4.12738787851450e+006 6.11917776757613e+005 -3.10834645629680e+003 -2.18395593024886e+002 5.90906631415568e-001 2.18446908459400e-002 2.24894029953487e-004 -2.52794527425377e-005 -6.36052556390117e-006 6.54762623742492e-008 8.76131343612364e-008 2.79899138887954e-008 
-5.83314874506659e+007 1.78981183673729e+006 2.65320149230049e+005 -1.34780163929070e+003 -9.46934371941712e+001 2.56567959971394e-001 9.42003044079419e-003 7.35513332424126e-005 -8.59450087187217e-006 -1.95767029699260e-006 9.92232485236133e-009 2.54498638060420e-008 9.52440807350911e-009 
7.08682034778938e+007 1.77741515028669e+007 -3.23177670661112e+005 -1.34857961730079e+004 1.09775917020270e+002 2.68398177613224e+000 -8.43494092154875e-003 1.31057881720853e-004 7.43707314923068e-005 -1.66105811004593e-005 -4.26705315233606e-006 1.22569580930629e-006 2.51935650796225e-007 
-1.21532716165692e+008 8.81520954568641e+006 5.54133847043177e+005 -6.47984376764160e+003 -2.01426268858376e+002 1.10125017835822e+000 2.29999257754487e-002 2.67779060916284e-004 -1.12500580191409e-004 -1.13137869241635e-005 7.69086461171171e-006 4.60914738717650e-007 -5.35891296263870e-007 
-5.26983927412002e+007 3.82239182417713e+006 2.40265035321159e+005 -2.80963881700953e+003 -8.73345664676162e+001 4.77603114863544e-001 9.82299547475186e-003 1.08336468570339e-004 -3.67501211486196e-005 -4.71710988045088e-006 2.53545733910966e-006 2.15954122189284e-007 -1.79030635000473e-007 
6.99844502864141e+007 3.27105636436297e+007 -4.70176710859248e+005 -3.86681866668440e+004 7.60794173223022e+000 2.19231434590250e+001 3.27985644545162e-001 -9.06422487146145e-003 -3.88820229532834e-004 -5.91066706237720e-007 3.96555798622845e-007 
-1.79043679371080e+008 1.30810172223786e+007 1.19684789526006e+006 -8.10196466817112e+003 -8.70137033034160e+002 -5.59530707948980e+000 4.34707421102816e-001 1.11557691347315e-002 -1.37840551172124e-004 -1.17209269002326e-005 -2.89489547319239e-007 
-8.40542360743624e+007 5.11484234966589e+006 5.61680035889164e+005 -2.66928773109467e+003 -3.99332791906133e+002 -3.16130576713576e+000 1.90810016700338e-001 5.37801463135937e-003 -5.75237963625099e-005 -5.49827096593984e-006 -4.80309199341231e-008 
7.11595026331630e+008 5.14970851273650e+006 -1.08595208850739e+005 -1.65548329204283e+002 1.47453501025210e+000 2.80992813292129e-003 -1.04774839615871e-005 -7.91359690383744e-009 
-1.97505551374899e+008 1.66609168427753e+007 3.02474946867878e+004 -4.14177478637514e+002 -6.29950249806648e-001 3.92798026456178e-003 1.01027124151424e-005 -7.55807489811790e-008 
-1.02010955130416e+008 7.01620102374041e+006 1.56117023115629e+004 -1.73502194765279e+002 -3.05951596472870e-001 1.61509014202655e-003 4.60216712193159e-006 -3.32173504425672e-008 
-5.60429045074789e+008 1.16598995861695e+007 1.06286739229983e+004 -3.79288933833874e+001 -8.77339685609035e-003 2.27052200162265e-005 -2.26520085941587e-008 
-1.28917570081573e+009 -4.48181727263888e+006 2.44653329491279e+004 1.18003151799723e+001 -3.49644009367595e-002 2.17148887698975e-006 5.78648644786958e-008 
-5.08325583599784e+008 -2.35241884664039e+006 9.64695436638264e+003 6.50382079111447e+000 -1.40638726788795e-002 -3.94617288901222e-008 2.47734725086193e-008 
-4.51837775127933e+008 9.22562057238878e+006 1.21934204226722e+003 -4.24871191217649e+000 2.46028889811504e-004 5.64030302059189e-007 
-2.59323413822472e+009 -1.71478709931936e+006 7.00578676724136e+003 2.34635470395965e-001 -1.60129560527942e-003 9.11572508650008e-008 
-1.12936645437547e+009 -8.81651352729013e+005 3.05136651943150e+003 1.63139506562067e-001 -7.05989210924928e-004 2.76200691525301e-008 
3.71527450831428e+008 7.44005595081327e+006 -2.55275237491050e+002 -8.52794454367304e-001 6.74202426921152e-006 5.35523148454974e-008 
-4.16893121363758e+009 6.77739160331299e+005 2.85980563672659e+003 -6.17250760653973e-002 -1.53382357655808e-004 -4.23587478553454e-009 
-1.71562407127423e+009 9.22236404215498e+004 1.17686537728866e+003 -4.06166649424916e-003 -6.31069218661404e-005 -2.88810321656481e-009 
-3.41788598885112e+009 5.04774159150713e+006 2.47029831473387e+003 -5.41900467631380e-001 -2.79620178997233e-004 3.70869799196334e-008 
-2.83869208972996e+009 -5.87639426463794e+006 2.05146899745343e+003 7.62776767749719e-001 -1.86818246907007e-004 -1.02484194086780e-007 
1.43914039554260e+008 -3.35462311204242e+006 -1.04215187656968e+002 4.01383466653085e-001 2.60418795144560e-005 -4.04904696701658e-008 
3.69751698746935e+005 -8.19869135453057e+003 -1.92969878075472e+004 3.21544854282906e+002 6.73951916222808e+001 -2.91744209420114e+000 9.11174864681674e-002 4.84028632239991e-003 -1.09722341258147e-003 6.35937113740199e-005 -2.86727975450222e-007 -3.07269032750608e-007 3.24705926749790e-008 
4.47636883895791e+004 1.48375847314431e+005 -2.23427107826975e+003 -1.21589240997896e+003 3.29981860987876e+001 1.28094745390215e+000 -1.48273319493263e-001 1.30963804969405e-002 -3.10584933434367e-004 -4.10480039434854e-005 4.98846336439539e-006 -2.64194730433346e-007 -3.05420929459565e-009 
6.61977382675706e+003 7.90772846058682e+004 -2.91171191359300e+002 -6.61891198695287e+002 1.43725297783676e+001 8.24337884519597e-001 -8.30329592564817e-002 6.71779587826127e-003 -1.12960149728169e-004 -2.48169704172155e-005 2.66198661914372e-006 -1.25657183519630e-007 -3.16004106390121e-009 
2.21716003134894e+005 -1.32448765231181e+005 -1.05027952913800e+004 1.05021345941051e+003 2.90373959441534e+001 -1.33388100134293e+000 1.16616636337222e-003 -4.92678729848969e-003 1.38519741359113e-004 1.08571515030494e-005 -5.73357452769566e-007 1.94080930701215e-008 -2.84411515564984e-009 
2.84575687143565e+005 8.23114109194581e+004 -1.31646675272841e+004 -5.79883976282621e+002 4.45192373043999e+001 5.15716301654051e-001 1.95539794940512e-002 -3.64371656245373e-004 -2.75243870519354e-004 1.17584057605311e-005 1.06339056807657e-008 4.83530313633891e-009 5.69192495465205e-010 
1.40599407852199e+005 4.97033627348912e+004 -6.51610813695895e+003 -3.57097506889331e+002 2.24127448553737e+001 3.40686216389085e-001 1.01018257227807e-002 2.94160009541973e-005 -1.52747448961756e-004 5.74578330171694e-006 3.36165322355525e-008 1.60342993308534e-009 4.32966584573118e-010 
-8.31642914033688e+004 -1.60364971231814e+005 3.91261928141865e+003 1.26819012308975e+003 -4.95423435239197e+000 -2.24859260691741e+000 -4.60265661284918e-002 1.47564043906713e-003 1.20489591680801e-004 -1.19561418192882e-005 -3.39919283955571e-007 4.46187903432456e-008 2.65371682401673e-009 
3.30970887738018e+005 -3.78538889578940e+004 -1.54679640440063e+004 2.24141652436947e+002 5.52406347061748e+001 2.64098844300746e-001 -4.96531663723635e-002 -2.45269454284452e-003 1.09205144542614e-004 4.13488716266801e-006 -7.57363701868408e-007 -2.74974395527570e-008 1.67292328922927e-009 
1.78988077159865e+005 -1.28966171054238e+004 -8.39972665488662e+003 6.20872143406248e+001 2.97131267160988e+001 2.41966792955720e-001 -2.46212618087752e-002 -1.37435184885061e-003 5.26312644655597e-005 2.74647820331142e-006 -3.87690468853991e-007 -1.66420043339256e-008 7.73184604412576e-010 
-3.27800970607642e+005 -7.32625719559115e+004 1.70228810528058e+004 7.85955671267475e+002 -5.70115709454819e+001 -2.79017015390990e+000 -4.95803253311111e-003 9.24943363687062e-004 7.72452123107651e-005 2.53667597875458e-005 1.74914150579890e-006 -1.99543580199480e-008 -6.24897463495087e-009 
1.50588729373745e+005 -1.35920482504143e+005 -7.55801925609695e+003 1.06875143853021e+003 4.48296887285106e+001 -1.44763725646967e+000 -9.17116222421718e-002 -2.54528284354268e-003 -2.25097131679279e-004 -9.93046507894365e-006 1.17596430343479e-006 1.17748287826606e-007 2.49636007464262e-009 
9.41412613934421e+004 -6.89237501249559e+004 -4.77390588866788e+003 5.34409678329714e+002 2.64495862745639e+001 -6.51848486405576e-001 -4.88970428249494e-002 -1.39342276836300e-003 -1.22641876798665e-004 -6.37827951338563e-006 5.49541625006849e-007 6.35911948269306e-008 1.60046517525173e-009 
-3.21977882769870e+005 8.09692071638531e+004 1.91858685591274e+004 -5.50975772999064e+002 -1.05661454432187e+002 -1.17602701555804e+000 2.40258796820904e-001 2.15137258282898e-002 7.08574781550537e-004 -7.63160751251646e-005 -1.06561689131825e-005 -3.34722446218918e-007 3.94930880313844e-008 
-1.34544782819167e+005 -1.36047099133316e+005 8.12757181400564e+003 1.39701153623851e+003 -1.54749502000482e+001 -5.05955234937753e+000 -1.92225355455181e-001 3.61858969478438e-003 1.36012291232776e-003 9.68980182339901e-005 -1.11579896249883e-006 -6.88073057096594e-007 -4.64070404223126e-008 
-5.74861211187571e+004 -7.57739778793117e+004 3.48526727508241e+003 7.68254818557108e+002 -3.64267105172207e+000 -2.64893788812529e+000 -1.12732893731239e-001 1.01295722242878e-003 6.93659539747285e-004 5.48493655076271e-005 -1.35889989790616e-007 -3.51900451657473e-007 -2.64002219478239e-008 
-4.70573027581865e+004 1.80522218693690e+005 3.21288544724972e+003 -1.92527120518908e+003 -3.00084742010015e+001 9.33347127516279e+000 3.06632690734642e-001 -4.57094884284062e-002 -3.29879400620214e-003 2.39210601672473e-004 3.25327842623996e-005 -9.97777739874716e-007 -2.98058864001956e-007 
-2.97224723628171e+005 -1.68735034347207e+004 1.96187094318213e+004 2.36012123926238e+002 -1.22458587210282e+002 -2.42056283122930e+000 5.70876278612865e-001 2.75248000571921e-002 -2.99864757456380e-003 -2.88503294501001e-004 1.50223668870931e-005 2.76105055622620e-006 -4.50550439461163e-008 
-1.55740562735561e+005 -1.66979750442401e+004 1.03007734411344e+004 2.09171323388880e+002 -6.39609380056388e+001 -1.69400722045994e+000 2.90929630743686e-001 1.66247874721961e-002 -1.45473537189789e-003 -1.63867892744373e-004 6.59810627202650e-006 1.51261951098222e-006 -1.11684559627310e-008 
2.70223065327407e+005 1.19920971135604e+005 -1.66945330038088e+004 -1.01125611275012e+003 1.15075924807092e+002 1.15730620814379e+000 -6.03901663014599e-001 2.22353362527911e-002 3.00993390925199e-003 -2.89437425233970e-004 -9.51871582919369e-006 2.65678507288242e-006 -4.57540620386391e-008 
-1.87750770098923e+005 1.19546781403658e+005 1.16271896960916e+004 -1.35185784478326e+003 -4.18179310804600e+001 7.39909094811355e+000 -1.08881848001113e-001 -3.80621569516384e-002 2.46518489238185e-003 1.62223301598901e-004 -2.53655657363801e-005 -1.03739514546175e-007 2.06358113506001e-007 
-1.11037902514305e+005 5.85055247689821e+004 6.90394058728467e+003 -6.76737732230216e+002 -2.72923674997170e+001 3.89124042100437e+000 -3.17385372629326e-002 -2.12227386939856e-002 1.18253229197097e-003 9.88194332313684e-005 -1.30922620787890e-005 -1.69553189362352e-007 1.11807465074936e-007 
3.58985247594160e+005 -3.27983176675837e+004 -1.87764853622743e+004 5.19268802716834e+002 6.26057585750482e+001 -3.37939145857089e+000 1.13507448142234e-001 6.79136716597270e-003 -1.27949371099313e-003 6.04387518881193e-005 1.30458459135564e-006 -4.57370530794144e-007 3.33472942021037e-008 
9.11211677260116e+004 1.45538208130270e+005 -4.75590969086743e+003 -1.16858815888038e+003 4.23166598264780e+001 9.88860476147280e-001 -1.71088707184477e-001 1.46714118472961e-002 -1.92845929420722e-004 -5.80372870353367e-005 5.69933040108841e-006 -1.91071825716001e-007 -1.73391246649183e-008 
3.35825384121290e+004 7.88355318428244e+004 -1.74038526976508e+003 -6.45689589534481e+002 1.98426838297826e+001 6.77875900630076e-001 -9.58838979131386e-002 7.51253085218822e-003 -4.75490234130541e-005 -3.35047430742974e-005 2.97677968679671e-006 -8.19935575816125e-008 -1.06629803183277e-008 
-5.13978242597070e+005 -4.71399321775297e+003 2.23533181820602e+001 1.59080712764921e-001 2.72459190029467e-003 5.99082469743711e-006 9.63192596872473e-007 -1.45646820529196e-007 2.18960034949900e-008 1.04038258768114e-008 -1.80936389283406e-011 
8.93030152361145e+005 -7.22187828140230e+003 -1.32057421415093e+001 -4.89049761784093e-002 3.17942377677797e-003 1.64321010742328e-005 5.42383457082135e-006 -1.67155723395501e-007 2.29048460550983e-008 -2.09571515895653e-009 -8.93005369352183e-012 
3.83656055911187e+005 -2.96024712446554e+003 -6.11071699600251e+000 -3.15648918782662e-002 1.30733126587697e-003 6.18024403417377e-007 2.83105040317748e-006 -7.21756974049882e-008 9.90677354569804e-009 -9.75355714343612e-010 -1.77629721926240e-011 
-5.23220825567545e+005 -4.52677639087919e+003 2.45297016755518e+001 2.04084276733821e-001 2.86898764254172e-003 -1.04251881161577e-005 -5.49354741606467e-006 -9.74465866256145e-007 -1.20609355429775e-007 1.61418853051505e-009 -6.58137412868811e-010 
8.78479546299849e+005 -7.32893744881680e+003 -1.34541703338110e+001 1.16690681091323e-002 4.89508382778295e-003 1.82485904399768e-004 1.25917932356456e-005 7.20158647340658e-007 2.03068659455223e-008 -6.24185228148361e-009 -7.59078276919517e-010 
3.77685742954294e+005 -3.01026776341091e+003 -6.35164107769210e+000 -6.75396862106332e-003 2.07048719023603e-003 9.24501271006388e-005 7.37897572983683e-006 4.86797925665789e-007 2.32294923461594e-008 -2.33853852693078e-009 -3.46032230922215e-010 
-3.41513352131587e-005 -2.19465653789898e-008 5.43571656605961e-007 9.79781159964931e-008 -4.05757662308900e-008 -7.52645193126848e-011 5.79379096251194e-010 -6.51457172935330e-011 -7.44031844194441e-013 -2.31320520317321e-012 
3.73174921467952e-005 -3.34854464345926e-007 -1.54421049019406e-007 8.26422210308406e-008 5.44045329517561e-009 -2.49618365693041e-009 4.46805029455294e-011 -3.87564131997883e-011 1.66194174448454e-011 2.94945544436048e-012 
-3.19410304673027e-005 1.11522761459509e-006 -6.35309042190945e-007 -8.63416596882223e-008 3.90257797392786e-008 5.22814726465782e-009 -5.35844848614752e-010 -9.46780792847603e-011 -4.89990215221635e-012 -2.03805384402405e-012 
3.75693969611511e-005 8.52438143008972e-007 1.25723999677481e-007 -8.48063537083845e-008 -1.17600175680641e-008 2.38968990410397e-009 4.90788755517810e-010 -1.68447474860982e-011 -1.73323200428853e-011 1.14817713310918e-012 
-3.09307589807096e-005 1.49856336725660e-006 9.59968372515747e-007 -6.01514512308075e-008 -1.02350085964169e-007 -3.65826856129548e-009 4.80703938015860e-009 6.70531196945434e-010 -1.21729185305417e-010 -4.24741578618410e-011 
3.81833570304818e-005 -3.20871644319714e-007 9.55909930870816e-008 1.54888630866159e-007 -4.27118961286842e-010 -1.04862349977764e-008 -8.38947300787153e-010 3.93393933657184e-010 7.28927717173033e-011 -9.47773404116970e-012 
-2.85006584227069e-005 -6.11088708033793e-007 -4.91271145791374e-007 2.78944743860325e-007 8.36895170511637e-009 -1.65702730200810e-008 2.31384114109410e-009 3.44566951055742e-010 -1.85437422781838e-010 1.11366271824400e-011 
3.91146653006800e-005 7.57403003844826e-007 -3.31807624559880e-007 -4.20089908279022e-008 3.40901136181336e-008 -1.79471323288872e-009 -1.39388762072583e-009 3.26436484062257e-010 2.37117962239947e-011 -1.76401811757359e-011 
-3.20865359025185e-002 -1.58943477769167e-004 -1.44610171202669e-005 -3.51126098786416e-006 3.12321116963619e-006 5.55610992749279e-007 -1.00355316884393e-007 -4.48896204493750e-009 7.33660044489442e-010 -7.88439843870881e-011 
3.84949805362066e-001 -2.24041467342522e-005 1.84829967576322e-005 3.57059316202992e-006 1.01843244107005e-006 -2.43619712870653e-007 -2.61807173794521e-008 4.31594654783389e-009 -7.07039875089590e-011 1.48211284370268e-011 
1.42990713731664e+003 9.20046831402247e-001 2.49389014925804e-005 1.50528781034347e-006 -2.98001670178052e-006 -4.96326541696758e-007 9.13068119781553e-008 4.32034231165729e-009 -6.80241300156758e-010 6.89498084872801e-011 
-3.20542430152466e-002 3.70188629975895e-004 1.77994610335520e-004 7.69976584724619e-006 -6.50126232218015e-006 -6.67574908612084e-007 1.08866231782179e-007 1.48400466495997e-008 -7.04137640657317e-010 -1.40404016235760e-010 
3.85120817083609e-001 1.79220125622696e-004 -4.12844658280897e-006 -1.41446496812307e-005 -1.10058302997708e-006 3.50238484038108e-007 4.22175457377497e-008 -3.76481789350268e-009 -6.10882983340192e-010 1.37260524928461e-011 
1.43174692868471e+003 9.19560691420344e-001 -1.74711115554738e-004 -8.52597741481244e-006 6.11260603339903e-006 6.23499831485510e-007 -1.00482896534473e-007 -1.35978446875143e-008 6.63254635767158e-010 1.28797086157919e-010 
-3.07223556746705e-002 6.37407779013830e-004 -1.71937199421599e-004 -1.71918764888128e-005 9.98423652292551e-006 5.94062718521353e-007 -3.24792593124119e-007 -3.26452356911960e-008 6.17218309781389e-009 1.40659489136264e-009 
3.85094094158148e-001 -2.38206779664293e-004 -3.55754369552126e-005 1.74245702020895e-005 1.08830706133059e-006 -7.30611648660982e-007 -5.26986467088023e-008 1.84229578816195e-008 2.66585073388929e-009 -2.30381450584743e-010 
1.43358539833526e+003 9.19208450897589e-001 1.48978059742868e-004 1.80175802579326e-005 -8.90465957141703e-006 -5.63439085595057e-007 2.92036163680436e-007 2.95204418045559e-008 -5.55301148380965e-009 -1.26535215120464e-009 
-3.03392408705786e-002 -7.28759549917511e-005 2.13707645917141e-006 -5.37765825046051e-006 -4.05507419594126e-006 1.06631618353555e-006 8.30257378387953e-008 -3.81131356057932e-008 2.51731629869827e-009 6.16309508815233e-010 
3.84714398274265e-001 -1.01093932272774e-004 1.63862208966017e-005 -5.14968889229272e-006 1.40439994032985e-006 2.88875570054738e-007 -8.38182523164331e-008 -1.77860974058104e-010 2.07254166648574e-009 -2.94077070401475e-010 
1.43542465773260e+003 9.19906453734989e-001 1.41464232578028e-005 5.02874223397650e-006 3.38303658265759e-006 -9.58252732400419e-007 -7.35193856187155e-008 3.41687804392083e-008 -2.25894191598284e-009 -5.50777237475898e-010 
