3.47720256051031e+007 -1.41482021087747e+007 -1.29020768358497e+006 5.89869293522081e+004 8.01442745933265e+003 3.96951307885204e+001 -4.48420523896972e+001 -2.52563753775617e+000 1.84314668708151e-001 2.86737341698882e-002 1.28071318687414e-004 -2.24093439368938e-004 -1.35918172783565e-005 1.12858003026561e-006 
2.78816106315657e+007 1.11170781405287e+007 -1.05088429143512e+006 -9.00553365663477e+004 2.14263978866263e+003 5.43896063187647e+002 1.37071358420553e+001 -2.85210080228066e+000 -2.45166767453017e-001 8.13563797911349e-003 2.35165947907778e-003 6.47647050061112e-005 -1.58478887759173e-005 -1.45853103749033e-006 
1.12945551487187e+007 7.40464641299337e+006 -4.27690650147766e+005 -5.42212821523601e+004 3.14093924467388e+002 2.86441538655136e+002 1.19694365142931e+001 -1.26189348504562e+000 -1.50071061741886e-001 1.37471419525745e-003 1.24300978774658e-003 5.78205815034354e-005 -7.05760531454988e-006 -8.96116591914558e-007 
-2.90103622404685e+005 -1.98165786442761e+007 6.66230028663674e+003 1.31596221540712e+005 -1.65927789821801e+003 -7.09148087564420e+002 2.35511727803166e+001 4.57501589408939e+000 -2.71376201361100e-001 -3.15779101075813e-002 2.95503231105632e-003 2.14637994416051e-004 -3.11665284787656e-005 -1.31037017902575e-006 
3.92124335077317e+007 -2.57190726338773e+005 -1.60276164432548e+006 1.49062864413084e+004 8.32401687498611e+003 -2.16961747312877e+002 -4.88553498982431e+001 2.47534831432094e+000 3.24917531761918e-001 -2.66636390332505e-002 -2.19777611394246e-003 2.80096937893136e-004 1.38227568473079e-005 -2.90082464526218e-006 
2.09802962768934e+007 1.91579881502128e+006 -8.56902790969247e+005 -5.67408759776870e+003 4.61872835733197e+003 -4.24149734144237e+001 -2.85396363073597e+001 8.48253209919604e-001 2.01696875946694e-001 -1.09716139633036e-002 -1.48030263727908e-003 1.27388061618533e-004 1.06140214650158e-005 -1.41385923747124e-006 
-3.56955141116530e+007 -1.46518531040864e+007 1.12261532587234e+006 4.33318199540445e+004 -6.20953648519085e+003 1.96702920673596e+002 1.69911592127278e+001 -2.34084450934667e+000 7.48603173247981e-002 9.03861753994042e-003 -1.20994812512583e-003 3.51452307148584e-005 5.68268331651898e-006 -7.22770119181962e-007 
2.76587548463982e+007 -1.06852613284674e+007 -8.87064859408794e+005 8.16575088341783e+004 -1.93179089498264e+002 -3.24361765547195e+002 2.36367363412135e+001 7.33619187439029e-002 -1.46979544472532e-001 1.09120539350143e-002 1.10884543170608e-004 -8.36805528989644e-005 6.00818887102106e-006 1.07140924290130e-007 
1.84764663513418e+007 -4.19020310849944e+006 -5.90214996351656e+005 3.91318837518762e+004 5.40289815285754e+002 -1.93661659078865e+002 1.08662210682542e+001 2.81770153395897e-001 -8.62757484062303e-002 4.89267305992505e-003 1.84621439202155e-004 -4.83451138693554e-005 2.62074800271904e-006 1.32135786349964e-007 
-5.53285045277629e+007 -4.92228919330261e+006 1.20227505453981e+006 -1.83987653698431e+004 -1.70737242381223e+003 1.61132290270688e+002 -8.07609156113429e+000 1.00467651493490e-001 2.27361347270236e-002 -2.51625607272701e-003 1.36716132079612e-004 -1.64871030648352e-006 -4.78278310257437e-007 5.44959016590188e-008 
2.04629590463368e+006 -1.42282836800549e+007 -5.19620216693597e+004 5.27316746857657e+004 -2.26484102054215e+003 3.40727442263296e+001 4.66652659222556e+000 -5.30100030255088e-001 2.90096575643816e-002 -4.55037300775723e-004 -8.41037335561136e-005 1.00752835134180e-005 -5.81480850743789e-007 8.95354452309830e-009 
6.82780623965390e+006 -7.09118804723717e+006 -1.52349151408484e+005 3.00764738935235e+004 -1.03296886629773e+003 1.50405823864232e+000 3.32982633155124e+000 -2.93596520152391e-001 1.31411423053102e-002 1.76712638287756e-005 -5.90968563205069e-005 5.55318013416341e-006 -2.61069789035487e-007 -8.64285202513397e-010 
-6.93923368616730e+007 1.81179944835345e+007 8.73696247560527e+005 -3.84516922751748e+004 -8.64766936943237e+002 2.53914925757662e+001 2.79867353651439e-001 -8.98321834841052e-003 1.23810294259714e-005 2.30605779972299e-006 
-7.56667272504809e+007 -1.39313511241477e+007 9.52863295674288e+005 2.83604233522084e+004 -1.02142148019779e+003 -1.57650665862853e+001 4.67392647226230e-001 2.26415467677792e-003 -1.35392883713817e-004 1.36902871675197e-006 
-2.96507416832688e+007 -7.41538492797161e+006 3.73500757614010e+005 1.51944045750118e+004 -4.04916692403488e+002 -8.70040120276425e+000 1.92613057052365e-001 1.58708783977415e-003 -6.17038832439779e-005 4.71567179885193e-007 
-2.77672969468500e+007 2.30672144551615e+007 3.46969019500310e+005 -4.79442347775879e+004 -3.09632582705851e+002 2.91985451302438e+001 4.37782560212420e-002 -7.62372545068469e-003 6.12415877486250e-005 4.35723769056160e-007 
-9.50381973052411e+007 -5.24490076788578e+006 1.18674032946931e+006 1.01181416593821e+004 -1.22172774815513e+003 -4.22494622598944e+000 4.78658536620833e-001 -1.14001660112763e-003 -7.56600830412471e-005 1.67663738855940e-006 
-4.10015156247315e+007 -3.81971806127900e+006 5.12065074340481e+005 7.58617230689295e+003 -5.30171587808053e+002 -3.74838904988856e+000 2.12619651105519e-001 -3.06300757297721e-005 -3.79242051574554e-005 7.26982606416279e-007 
-1.48169830757216e+008 7.25782993986798e+005 7.10701537684877e+005 -1.38653726521269e+003 -2.83852629811584e+002 1.11569466610866e+000 4.44611740757151e-002 -9.95516696357240e-004 6.67392915255285e-005 2.76830728909492e-005 -5.48665321964172e-006 -1.06331836103574e-006 4.21815935528496e-007 
-6.98735210734592e+006 -1.88883419807462e+007 3.37727847176448e+004 1.50301673678667e+004 -3.90994935205582e+001 -3.61732471235810e+000 2.17580550613593e-002 4.91831508938675e-004 6.07973816676288e-005 -8.66997832306055e-006 -3.08854043677167e-006 7.35492112147857e-007 9.67379158126759e-008 
-3.02075790928357e+006 -8.18747037030916e+006 1.46350515709285e+004 6.51514723984591e+003 -1.69466488815817e+001 -1.56838486264334e+000 9.53061343860110e-003 2.48404913069581e-004 1.78700055000577e-005 -5.77068122398578e-006 -7.40722853725425e-007 3.88413130793182e-007 1.73466853615281e-009 
-1.41138501383147e+008 6.26968023167746e+006 6.67723628575301e+005 -5.69646257050223e+003 -2.51933082086304e+002 2.03045998691958e+000 3.02250863152755e-002 -7.89184336059504e-004 2.32753665511448e-005 7.12107686836817e-006 4.41171682998348e-007 1.71174189120710e-007 -1.82997838734733e-008 
-4.39337079446282e+007 -1.79126361921096e+007 2.08098955288784e+005 1.38588277414130e+004 -1.05200526180187e+002 -2.96566579329311e+000 2.94602131648981e-002 1.79172575476787e-004 2.73917885504085e-005 1.97164493538502e-006 6.31979194158469e-008 -6.30256297438332e-008 -4.95539405891564e-008 
-1.90358106490784e+007 -7.76456513674128e+006 9.02006692913100e+004 6.00744092343283e+003 -4.56005368479532e+001 -1.28567448356925e+000 1.28872253357598e-002 8.67117092166860e-005 6.39923974891492e-006 3.63651102857929e-007 7.19419604072696e-008 -2.29840018443346e-008 -1.59793253945337e-008 
1.78503047168041e+008 -1.70779207678200e+007 -1.14328922874161e+006 2.51148883570555e+004 4.92024448436998e+002 -1.97460930038681e+001 7.89246377534836e-002 1.10399470058036e-002 -2.84828611234427e-004 2.72057390063399e-006 -6.18433436475526e-007 
1.08632542918029e+008 2.78015395780193e+007 -6.93884703336949e+005 -2.53428811637941e+004 6.69098226588039e+002 4.15840363307882e+000 -4.47521574964140e-001 6.22237260865600e-003 1.94405545925806e-004 -7.93030844333962e-006 -7.97176361073720e-007 
4.50199140261287e+007 1.32122459559106e+007 -2.87440758554135e+005 -1.23015028127369e+004 2.93634558460903e+002 2.43990992913621e+000 -2.07404516514775e-001 2.55190364983621e-003 9.86649125592246e-005 -3.80020665799183e-006 -4.73335471774589e-007 
-5.29569008402616e+008 1.34310465103147e+007 6.35354161036753e+004 -2.49166867878633e+002 -6.78484507097381e-001 4.76973199459529e-004 3.04004148413731e-006 -1.98681607670712e-007 
-5.65899748415146e+008 -9.98684445208842e+006 6.79013164218215e+004 2.20707806393518e+002 -5.00397416348909e-001 -1.28302248633401e-003 -1.59917559267262e-006 -1.90241259454350e-007 
-2.29659115937444e+008 -4.60756659738595e+006 2.75575024224331e+004 1.00665893574553e+002 -1.97963860081400e-001 -5.60925999255775e-004 -8.54372815608407e-007 -6.87335142767475e-008 
7.58294073320938e+008 -1.18092209684588e+007 -1.90230315635603e+004 4.63187291648596e+001 5.62429571418057e-002 -6.20769560810202e-005 -2.00666311965091e-007 
1.05727407181564e+009 6.66667881593127e+006 -2.65209560712961e+004 -3.20689788066170e+001 5.53916023678933e-002 7.67043218822610e-005 -1.05919046292970e-008 
4.04043323887197e+008 3.26231908070787e+006 -1.01348573004909e+004 -1.52412593263603e+001 2.04520514439991e-002 3.43505694814395e-005 1.34109944800188e-008 
6.25617143661486e+008 -9.25732498421495e+006 -1.67389373395946e+003 3.99652222715933e+000 8.24441598096280e-004 -3.57359785155676e-007 
2.57160437568619e+009 1.42770796435243e+006 -6.88725228463836e+003 -1.17806150036415e+000 1.41911112755711e-003 5.25327540762338e-007 
1.11744103679268e+009 7.56185960054126e+005 -2.99290032567596e+003 -5.72697900434475e-001 6.10679505319981e-004 2.36455477309135e-007 
4.39150718739168e+009 -1.40379841912176e+006 -3.12919350116006e+003 1.55528683032630e-001 1.92292927441405e-004 -3.01863911132782e-008 
7.85504658426808e+008 6.86971787114207e+006 -5.59440054775953e+002 -8.17908259519727e-001 2.61096764552968e-005 2.29551270421169e-008 
2.12179422292502e+008 2.84675889282772e+006 -1.51075508792067e+002 -3.38632820823683e-001 5.79639090929267e-006 1.02041918975153e-008 
3.48347228107531e+009 6.01110009031083e+006 -1.35751653928184e+003 -1.81849991565768e-001 1.01902995764960e-004 -1.43123072836520e-008 
-3.60135710271470e+009 3.66485971861617e+006 1.40338473923950e+003 -4.54402776551321e-001 4.31073743192358e-005 1.78528805186982e-008 
-2.17343379463979e+009 -6.67428740225820e+005 8.46959375049986e+002 -8.71436613237037e-002 -1.68971319727698e-005 1.40360108381910e-008 
-3.15188551924537e+005 -6.83886577552928e+004 1.87232573103001e+004 9.07366532346684e+002 -8.28112644752666e+001 -6.42137179088384e+000 6.29353506030906e-002 3.89423095228758e-002 1.55224814684634e-003 -1.84402079408932e-004 -1.94491078478301e-005 3.63752142947925e-007 1.62692912841536e-007 
1.54521875562056e+005 -1.48506462203517e+005 -9.17212655528436e+003 1.32919937021638e+003 7.56408100304764e+001 -3.02640499801815e+000 -4.75397944238712e-001 -8.98418865871468e-003 2.54707890113196e-003 1.79530208879277e-004 -8.90690937960878e-006 -1.72485689359344e-006 -1.99165042474711e-008 
3.47264362091017e+004 -6.80730960351464e+004 -2.03038359346219e+003 6.37650817462010e+002 2.34166321533816e+001 -1.86551182682836e+000 -1.90829898494228e-001 -2.66354899924630e-005 1.20267698274924e-003 5.69082327904696e-005 -5.53531191399880e-006 -6.80336439241280e-007 7.16685598830777e-009 
-2.88551894708120e+005 9.50723448742072e+004 1.87076019639072e+004 -1.00089016244465e+003 -1.15262033064299e+002 5.24823133633903e+000 5.09471995216962e-001 -3.57851825244980e-002 -2.49516238649945e-003 3.03415009601922e-004 1.23372971212405e-005 -2.61827664493082e-006 -4.56522097641203e-008 
-1.56188153875118e+005 -1.45761088023390e+005 1.02733378584928e+004 1.54504598734701e+003 -6.42220466604732e+001 -7.28529269339620e+000 3.66238407613504e-001 3.38439611532892e-002 -2.94686567264592e-003 -1.74627746105894e-004 2.57262461447391e-005 8.34242935179036e-007 -2.22445091999250e-007 
-9.16251221758876e+004 -5.14590147834219e+004 6.02781522894555e+003 5.44832971711553e+002 -3.76121944753499e+001 -2.51794470300026e+000 2.00331151163065e-001 1.06279115075749e-002 -1.45835778691210e-003 -4.36077094618341e-005 1.18329519337002e-005 9.75585174727075e-008 -9.65251192072228e-008 
-2.09701596604324e+003 1.75725682595710e+005 2.02282534001858e+002 -1.71941378059005e+003 2.43244875450669e+001 5.42502965802393e+000 -2.79222047745546e-001 -2.04460451223489e-004 1.36006214516865e-003 -1.18310487985717e-004 -1.27518698003995e-007 7.70014845311802e-007 -5.27067674425678e-008 
-3.24010087763505e+005 -1.40860595418994e+004 1.97761676253834e+004 -4.98693147098597e+001 -1.01624303794126e+002 2.56567934160330e+000 1.92127501335414e-001 -2.00111739281065e-002 7.91246715695459e-004 5.98587066370476e-005 -9.95372099421374e-006 3.10716273761522e-007 3.97907033746897e-008 
-1.34204982757749e+005 1.06909179602066e+004 8.20124567747412e+003 -1.84533163515819e+002 -3.97654462205232e+001 1.58394759918970e+000 5.30762038854892e-002 -8.32664123634216e-003 4.56979044658442e-004 1.36110292053404e-005 -4.13754800430002e-006 2.01796935249669e-007 1.14958916511647e-008 
2.94369307985855e+005 1.07505293689428e+005 -1.55819898541040e+004 -7.82589376380517e+002 7.70307245367967e+001 5.03788109837278e-001 -1.30887877528850e-001 2.93442064127320e-003 -1.96497048247597e-004 2.11982987303029e-005 7.99134493453326e-007 -1.74539923028101e-007 4.60538552084569e-009 
-2.12220864648293e+005 1.18903747424654e+005 1.15445433107257e+004 -1.14830483181928e+003 -3.34955565870362e+001 3.44656565278553e+000 -3.03218649623192e-002 -1.70245803273310e-003 -1.01041188152152e-005 -1.85859377869651e-005 2.21608322505798e-006 -5.32457598663351e-009 -8.12329585816281e-009 
-6.01603906111559e+004 5.92074958521436e+004 3.29092135114066e+003 -5.49430788856059e+002 -6.45237369004835e+000 1.47699142844972e+000 -2.52894628577876e-002 -4.27363312119550e-004 -2.21574809569667e-005 -5.69343037315830e-006 9.92428732704970e-007 -1.88157800502759e-008 -2.92515198445491e-009 
3.69653842172937e+005 -3.39875893470617e+004 -1.77333964403735e+004 3.83809227235816e+002 6.15293362610182e+001 -1.71964071460814e+000 -4.11195366584275e-002 4.95195911941618e-003 5.68958444644526e-005 -1.52007487495132e-005 -5.70846971863034e-007 7.73074949217818e-008 1.63539665339157e-010 
7.11107082991167e+004 1.51918408882146e+005 -3.35640782626674e+003 -1.19183692518097e+003 2.33979205961389e+001 1.99960085112108e+000 -8.74541829012464e-002 -6.04037961427159e-004 2.36835518117150e-004 7.86348539651714e-006 -9.63286077687583e-007 -2.42813072689679e-008 4.92908190909225e-009 
6.37929601954890e+004 5.94102501147585e+004 -3.06912688568757e+003 -4.55104051504852e+002 1.56086603369988e+001 6.60840328353885e-001 -4.02633320730467e-002 2.26826585697577e-004 1.03138196912788e-004 1.78449902624887e-006 -4.51817320476487e-007 -2.64529762327115e-009 2.05168852785892e-009 
1.84404997307796e+005 -1.43433072782958e+005 -8.40684500200879e+003 1.08349190586017e+003 2.73035112390559e+001 -1.36094053387402e+000 4.05338872826719e-002 -1.36315431880256e-003 -3.52509067147517e-004 -2.39477845280650e-006 3.02728318205847e-007 -1.93796132949552e-008 1.44163515489466e-009 
3.08857798108980e+005 7.65593236196733e+004 -1.44384985940722e+004 -6.01159773169058e+002 4.56161945615651e+001 5.59635014963516e-001 -5.10253179845607e-003 4.98550100763016e-003 -1.70187972608236e-005 -1.39471002099512e-005 -9.58688655856628e-008 -1.09414683647945e-008 -2.81843622939914e-009 
1.44232969419905e+005 1.79583196962092e+004 -6.74440963568843e+003 -1.43611769743205e+002 2.14531648425678e+001 9.56808966110848e-002 1.56151162285825e-003 1.92673733834044e-003 -4.07505554082226e-005 -5.96860537318726e-006 -9.12789982541339e-009 -6.29818760343769e-009 -1.02359405892469e-009 
-1.24543743470592e+005 -1.53137690178342e+005 6.39783925945417e+003 1.31930325726186e+003 9.60956877375917e-002 -2.11206994390602e+000 -1.48606246582159e-001 -1.05571203739373e-002 3.31030510145239e-005 4.77738116261986e-005 3.89711541195956e-006 1.59387105808554e-007 -6.61570918156477e-009 
3.33044068005757e+005 -5.43807190152850e+004 -1.68126856363249e+004 2.51333825268784e+002 6.43389192989072e+001 1.50635889686847e+000 3.31497608023627e-002 -6.59183138192405e-003 -8.52302348233428e-004 -3.33903644928239e-005 5.56180033089571e-007 2.24998602288063e-007 2.00807709640169e-008 
1.25003941500434e+005 -3.68254806958470e+004 -6.30068543167364e+003 2.29937543157753e+002 2.64284188854696e+001 4.10456909305362e-001 -5.53258295883637e-004 -3.70453371688451e-003 -3.46384187356848e-004 -9.11848696797276e-006 5.99743470250911e-007 1.07401443063372e-007 7.60159220862009e-009 
-3.32631246625639e+005 -4.34560989106222e+004 2.00149282883930e+004 7.22369207892622e+002 -9.03059311589779e+001 -6.44025083713841e+000 2.54046838761105e-002 3.98704825359678e-002 2.50083760121742e-003 -1.19808888589907e-004 -2.59034036876803e-005 -8.34103847088705e-007 1.45734996129274e-007 
1.13030033679734e+005 -1.57313198627324e+005 -6.80794737855336e+003 1.43993305533486e+003 6.98156088946754e+001 -3.18053161787987e+000 -4.98130722854327e-001 -1.62166984696259e-002 2.28945043654308e-003 2.60671890917573e-004 4.11946142521752e-007 -1.93637893555186e-006 -1.34836482239580e-007 
1.50053268617521e+004 -6.86546066089140e+004 -8.86920055910115e+002 6.60145819102666e+002 1.99557372353154e+001 -1.92155492057942e+000 -2.01628659514957e-001 -2.83990991823131e-003 1.17712269812110e-003 9.54258609539139e-005 -2.30256580146356e-006 -8.73366652731707e-007 -4.13752488686785e-008 
4.03335367627601e+004 -4.46899872782633e+003 -1.76525609389965e+001 -1.83870041244322e-002 -9.39009163313469e-003 2.63099213116683e-003 3.78419356359949e-004 -5.94716260593510e-005 -1.29149854233827e-005 1.33118741711828e-006 4.41265137760927e-007 
8.19145043629736e+004 3.74840976544554e+003 -1.55289164625104e+001 -7.83154792601475e-002 -1.51206297178388e-002 -1.71913928560840e-003 3.67404529369855e-004 5.90309636433841e-005 -8.61995480261259e-006 -2.01768904971708e-006 1.96153602682768e-007 
4.24911745898316e+004 1.70595510032616e+003 -6.23721082427215e+000 -2.05056222336361e-002 -7.15197004991812e-003 -1.19823147697880e-003 1.57117021126781e-004 3.76996389675642e-005 -3.26650761652463e-006 -1.21568128263988e-006 5.90646665465887e-008 
3.12544704725614e+004 -4.60970490155556e+003 -1.71746775939465e+001 1.53153300890763e-001 1.17752586259906e-002 -1.31018475661417e-003 2.84523507930893e-005 1.77249388356630e-005 -3.51033523410421e-006 2.20972996373169e-007 3.47046433316491e-008 
8.92815023985438e+004 3.61684298286986e+003 -1.75598654247804e+001 -1.83365594546794e-001 8.26801015530078e-003 5.34271423716824e-004 -1.61059819722408e-004 1.66062988786658e-005 3.20291949707065e-007 -4.04477196185580e-007 6.13173624161536e-008 
4.58509072899902e+004 1.65299461804336e+003 -7.14758905633351e+000 -9.62190674226080e-002 3.02296652019992e-003 4.15893764726777e-004 -8.88950339851417e-005 7.03520112709434e-006 5.34875562658283e-007 -2.38802073864998e-007 2.91665364250992e-008 
8.32868602548847e-005 -1.94652749176570e-006 2.67011985133567e-007 2.88476628241883e-007 -1.33673439884662e-008 -2.21112458081185e-008 -3.17635989304082e-010 1.11781062204371e-009 5.46652532197136e-011 -4.67382601566195e-011 
-3.88803951334872e-006 -3.75451329317853e-007 -3.45295536964349e-007 3.41856094690196e-008 3.74557964808534e-008 -8.91639625051329e-010 -2.11486911002996e-009 -2.76268736360665e-011 8.67908271741531e-011 2.38587275001194e-012 
8.22412552087044e-005 -1.89032663346618e-007 -7.11521299004948e-007 -8.18369918619731e-008 6.23689837523000e-008 -3.73244293491234e-010 -2.02238407172900e-009 1.91798399724319e-010 1.61679037302767e-011 -3.10993760079964e-012 
-4.51826652396585e-006 2.30390770317922e-007 1.16769266142398e-007 -1.01610937277789e-007 -4.23943798782440e-009 5.37478580629291e-009 -3.13850409660558e-010 -9.32262675762904e-011 1.96280667138170e-011 -2.37814323015734e-012 
7.96160232728707e-005 -1.16917428421102e-006 5.78110835818313e-007 1.00331640579799e-008 -3.35680299846091e-008 1.30882515579017e-009 5.41792685338508e-010 -1.16287161807082e-010 -7.25525409043807e-012 6.73205093302299e-012 
-5.02382962677960e-006 -8.39773396399835e-007 -1.78313413953463e-008 7.11192759589319e-008 -1.13418516942848e-009 -2.08809834228440e-009 8.45382385431972e-011 4.75637445436688e-012 2.73094592148513e-012 1.48196742158841e-012 
7.85237419042203e-005 -1.03243953827571e-006 -5.87083074330966e-007 1.29703580476130e-008 5.37945863456316e-008 6.29272780736334e-009 -8.22568809971004e-010 -4.42185791505296e-010 -8.45497979150056e-011 6.16981185279457e-012 
-5.74496954910824e-006 7.86614089420507e-008 -8.06245377285331e-008 -9.91429668386756e-008 -5.07417243831729e-009 4.23777523555351e-009 1.05132574233686e-009 2.22530996273678e-011 -5.73779513891326e-011 -8.91732147397314e-012 
6.60818311345182e-002 -7.00747351606094e-004 -1.24292999095172e-004 2.87758934572033e-005 8.86345121965900e-006 -4.31764356759221e-007 -3.49105043791364e-007 -4.54061508537170e-009 1.05222364436217e-008 6.17699969012297e-010 
4.14087906845986e-001 -1.76658053264989e-005 6.67438494222482e-005 1.43663731278753e-005 -1.62976756262277e-006 -7.33922324876754e-007 1.09709936123645e-008 2.46328471908677e-008 8.55069021081034e-010 -7.04798173929689e-010 
5.10199166076131e+003 9.20477956932876e-001 1.04495853988365e-004 -2.40262293718616e-005 -7.85152199355001e-006 3.46794914868745e-007 3.12838489807125e-007 5.22411168541417e-009 -9.41325745897465e-009 -5.90618739781226e-010 
6.51392986293707e-002 5.97253631920084e-005 1.97673460266136e-004 -2.35179630454088e-005 -5.95340569861490e-006 1.25405047541958e-006 6.79324917226062e-008 -2.98681729971677e-008 1.07472713622952e-009 2.50293472829193e-010 
4.14548178311981e-001 3.87737661995611e-004 -2.88710898957166e-005 -1.53573810165537e-005 2.48003063032494e-006 3.00431139557548e-007 -8.51976900381505e-008 -5.39122796426106e-010 1.33585522988881e-009 -1.09549206439647e-010 
5.10383221099985e+003 9.19815967931040e-001 -1.67543560387270e-004 2.17784647773624e-005 5.23755663501416e-006 -1.13431885847940e-006 -6.27880932804558e-008 2.70981338438504e-008 -9.20707615760599e-010 -2.33323441575714e-010 
6.58337352591355e-002 4.21244427600222e-004 -4.45933769285898e-005 1.15315679950527e-006 1.10719753663720e-006 -6.83457815096279e-007 -2.40211163788872e-009 1.25417799991300e-008 -5.69734175813359e-010 -8.43664692200705e-011 
4.14944117909744e-001 1.63047792024415e-005 -2.89683811429403e-005 3.44075775317938e-006 -1.10814113001586e-006 -4.41211445391180e-008 4.31717271588722e-008 -8.16001198522180e-010 -4.62791710503305e-010 4.22688379458150e-011 
5.10567140208195e+003 9.19560729846412e-001 4.27258599765094e-005 -2.88586833371196e-006 -1.07423738937992e-006 6.35169122658814e-007 2.69736739217837e-009 -1.15151489043772e-008 5.19876272813598e-010 7.92802980991575e-011 
6.61335905010339e-002 -2.23271662468970e-004 -1.64145766121419e-004 -1.71560672515177e-005 3.20251799272843e-006 1.16584156309669e-006 4.73152378848212e-008 -1.98057219810482e-008 -3.82814360116848e-009 -2.58016992905190e-010 
4.14783665506395e-001 -1.61475358025769e-004 -2.39860346250458e-006 1.11429122850123e-005 2.18391993045774e-006 -6.68248551692334e-008 -7.25728763846674e-008 -7.07599698789116e-009 3.79965805629395e-010 2.38060892224802e-010 
5.10751096661306e+003 9.20080531975882e-001 1.33000807418048e-004 1.52321744344418e-005 -2.62216865124130e-006 -1.03441497907059e-006 -4.31191938007834e-008 1.74846636006750e-008 3.37460284333481e-009 2.31517190332344e-010 
