-3.40898825177514e+007 -1.53795862542080e+007 1.07401624552159e+006 5.18876465170783e+004 -6.50284566349401e+003 1.56372654718127e+002 2.26880570189045e+001 -2.49541946339538e+000 4.09665108340791e-002 1.32504105439020e-002 -1.28601088658341e-003 5.59558677755237e-006 8.91079717531813e-006 -7.49532069815893e-007 
2.86086604199769e+007 -1.00615713313071e+007 -9.69203520199275e+005 8.14768960232752e+004 3.93793020078149e+002 -3.71223279341821e+002 2.29248732205865e+001 5.12715112962029e-001 -1.78572353724398e-001 9.94089843087599e-003 4.63192191731351e-004 -1.05942289964371e-004 4.89648426578313e-006 3.98551322398329e-007 
1.88230220164035e+007 -3.78034311517738e+006 -6.29065456135003e+005 3.81473065202952e+004 8.84341647078513e+002 -2.14515187750886e+002 9.89504688067194e+000 5.32526900365961e-001 -9.96396022862712e-002 3.93713159322512e-003 3.80724475155214e-004 -5.71745174546388e-005 1.69216790619348e-006 2.90590679791736e-007 
-5.53152355193016e+007 -5.73229618458370e+006 1.21934852686440e+006 -1.58790043095443e+004 -1.99350884616706e+003 1.77579919790505e+002 -8.22168018240878e+000 2.75584655779746e-002 3.10846855779539e-002 -2.97995036712116e-003 1.38259962953466e-004 8.28627020710205e-007 -7.49028293492140e-007 6.89390473509964e-008 
3.64949865184851e+006 -1.41751106404898e+007 -1.07059498912995e+005 5.58130722506574e+004 -2.31188073311464e+003 2.31895066398455e+001 6.01344014635915e+000 -6.09378207578768e-001 2.98394546077821e-002 -1.00284707933432e-004 -1.25933601194950e-004 1.24605563699563e-005 -5.93211254372016e-007 -3.50583700507336e-009 
7.69080468721822e+006 -6.97768457878106e+006 -1.83569177095592e+005 3.14612037088798e+004 -1.02839730172700e+003 -6.01709861965729e+000 4.06451371190627e+000 -3.28387268553319e-001 1.27185744458108e-002 2.55279608666420e-004 -8.16036879745993e-005 6.57057123773164e-006 -2.39262822073405e-007 -9.01789326237452e-009 
-5.78734107359997e+007 2.92450588188474e+006 9.23412189689043e+005 -2.87247519872399e+004 -6.67727237872470e+001 3.64860886178793e+001 -3.17637970045664e+000 1.59403216205642e-001 -5.33612294517371e-003 1.17568292891986e-005 1.45846315223567e-005 -1.35461073225071e-006 7.83854176925136e-008 -2.91281714774411e-009 
-2.38381670008745e+007 -1.29168720093160e+007 3.69798952568390e+005 2.62847247673822e+004 -1.30902734557864e+003 5.08204976876391e+001 -1.10575633240829e+000 -3.80720396329799e-002 6.00048555938042e-003 -4.21448424597226e-004 1.96665422177797e-005 -4.98846386739547e-007 -1.61150150046510e-008 3.07719627475440e-009 
-6.72687989203579e+006 -7.20275444428636e+006 1.01841347717362e+005 1.70184783004688e+004 -6.92364493212869e+002 2.33668657885576e+001 -2.61486571535518e-001 -3.68592393924312e-002 3.75852448477820e-003 -2.26357074585802e-004 8.99430490983017e-006 -1.26088348401111e-007 -1.67327956518163e-008 1.94573807481842e-009 
-4.57180449159852e+007 8.94961779049635e+006 5.86338588772390e+005 -2.68988541789484e+004 1.72233942267377e+002 -3.01533239265552e+000 -6.70307823963986e-001 3.86740575371317e-002 -2.01815749443032e-003 7.80884932936190e-005 -2.15382065954737e-006 1.68915055219228e-008 3.43105781590312e-009 -3.06872831736241e-010 
-4.59214492112504e+007 -8.98568876534386e+006 5.88068244168718e+005 1.19225214184286e+004 -5.75503531670217e+002 2.34939096446894e+001 -9.37542783941771e-001 1.96477466090189e-002 -1.83505766262080e-004 -3.58262550731804e-005 2.79347525102861e-006 -1.61311250971951e-007 6.93234493675445e-009 -2.26328411496183e-010 
-1.97825000700662e+007 -5.72717514448836e+006 2.53376627057677e+005 9.15691734573715e+003 -3.25286150592076e+002 1.28630083867001e+001 -4.31364265904892e-001 6.48755408034725e-003 1.11139449960551e-004 -2.72318061412332e-005 1.71550900287158e-006 -8.79234697643948e-008 3.34766571865069e-009 -8.90997422750364e-011 
8.98765226202280e+007 -1.27800447110553e+007 -1.14087551462897e+006 2.58173924484774e+004 1.21225393112193e+003 -1.38151353201821e+001 -5.37300527868070e-001 1.27432638133807e-003 1.41147034393356e-004 1.79932726948475e-006 
5.29190685189064e+007 1.82324036911857e+007 -6.74047145411298e+005 -3.85152472441226e+004 6.56657200953997e+002 2.49920059414286e+001 -1.94184440598983e-001 -8.34155885568079e-003 -2.94687704208644e-005 1.83310296596901e-006 
1.81111252954848e+007 9.01297404743293e+006 -2.31118636771824e+005 -1.89639603722266e+004 2.18777346482991e+002 1.21195941350950e+001 -5.33832225421056e-002 -3.83398936459070e-003 -2.21997957880521e-005 7.11724911697279e-007 
5.63865932732971e+007 -2.03635319823508e+007 -7.26021204543013e+005 4.23243959633683e+004 8.12751124250390e+002 -2.57204565537411e+001 -4.30438428270696e-001 6.55687763306877e-003 1.77664269663020e-004 -9.17198921675924e-008 
8.26777601544116e+007 1.12058491732072e+007 -1.05773618449346e+006 -2.43436570054407e+004 1.09072628179502e+003 1.74952075643546e+001 -4.28667427190483e-001 -7.90461281899125e-003 6.53548527520411e-005 3.23956716465533e-006 
3.36212447883602e+007 6.33104597058530e+006 -4.30012522018518e+005 -1.36315819306695e+004 4.39368950148381e+002 9.49949589047808e+000 -1.65654084588270e-001 -3.97169621076968e-003 1.81662942970441e-005 1.46350723021416e-006 
3.61915869738097e+006 -2.08551673108329e+007 -2.23464355759072e+004 1.73002820589662e+004 1.74054059345301e+001 -4.91922743620664e+000 -1.00190848770342e-002 1.10114607898240e-003 3.31713071759540e-005 -8.05079760662637e-006 6.09903932888837e-007 2.84357350653592e-007 -1.07175929260499e-007 
1.33626077667420e+008 5.02332786954967e+005 -6.69869690567849e+005 -6.18438120681823e+002 2.90886484927382e+002 3.72705812177678e-001 -6.34483664915252e-002 1.58378337656982e-004 -3.97916768781212e-005 -6.35627423964167e-006 2.98835426531699e-006 -4.65029113310318e-007 -8.23457884344463e-008 
5.79544475135561e+007 2.17728916360237e+005 -2.90379620216962e+005 -2.68185451450855e+002 1.26095781878366e+002 1.62023162222564e-001 -2.75477651703318e-002 3.61961361580445e-005 -1.30554253534808e-005 -1.77164299093944e-006 1.00631887778650e-006 -1.77104434911234e-007 -2.43443358477629e-008 
-3.76141446284264e+007 -2.02062994261566e+007 1.83668283678347e+005 1.67893053396653e+004 -8.08861749570930e+001 -4.80396612582082e+000 1.74304853303409e-002 1.04408147731972e-003 7.23945001890131e-005 -1.87204882739446e-006 -3.25181478862824e-006 1.03420203081293e-008 9.79731766327755e-008 
1.29304168721654e+008 -4.80716218488859e+006 -6.49389498345060e+005 4.01190961771779e+003 2.82909221506756e+002 -1.17654178093897e+000 -6.20914184014504e-002 6.90483578322830e-004 -4.29407126272903e-005 -2.42202645608973e-005 2.10791229797945e-006 9.62964781103695e-007 -7.48208222706614e-008 
5.60809022899799e+007 -2.08387134360240e+006 -2.81502884235661e+005 1.73901632148727e+003 1.22639122471231e+002 -5.09696932641361e-001 -2.70453819336864e-002 2.71014915439246e-004 -9.60281611934798e-006 -8.67106792477566e-006 5.02856557264731e-007 3.33963307754274e-007 -1.77176756174090e-008 
-7.09356455583423e+007 -3.06807294372158e+007 3.19264679042428e+005 2.17477314963055e+004 -2.63302328951297e+002 3.80797690709645e-002 5.76920946585836e-002 -2.09858231485116e-003 2.57974552059331e-005 -7.84268444400321e-008 -1.38543097117190e-007 
2.06823610818162e+008 -6.60067361736009e+006 -9.47172366999670e+005 9.66158450826096e+003 2.34042987067882e+002 -4.51661095806164e+000 7.67689118383034e-002 -2.95614737638767e-004 -2.58892623742704e-005 1.32422471787524e-006 -1.93325068145311e-007 
9.68016409798824e+007 -2.19959940987068e+006 -4.43064542041012e+005 3.84491558600556e+003 1.14456988262740e+002 -2.07214858320534e+000 3.36762196986825e-002 -8.30129569604298e-005 -1.33495074897610e-005 5.47891744484959e-007 -3.69603489633552e-008 
1.61565935081675e+008 -1.78526042106727e+007 -2.34448084796600e+004 4.41998602220346e+002 -3.74351694935480e-002 -3.95299155599340e-003 8.40897299608927e-006 -1.96639627822404e-008 
6.83171007808724e+008 4.16545553866942e+006 -9.87303867864244e+004 -4.96017833088462e+001 1.31662445023549e+000 -1.11186038504087e-003 -8.94559636938332e-006 -1.97437550749081e-007 
2.88897887573414e+008 2.22006055520656e+006 -4.17479330761916e+004 -3.20195377828975e+001 5.65261170146857e-001 -3.80268278388880e-004 -4.18651124387578e-006 -7.64671135202193e-008 
1.41403634614060e+009 1.74442395952714e+006 -3.00077236086949e+004 -1.36169520750485e+001 4.70319142589097e-002 4.21979997480141e-005 5.39484871422238e-008 
-2.25330160971456e+008 1.21299202348837e+007 4.77509935580665e+003 -4.17441208627453e+001 -2.36810821297633e-002 3.03220584010038e-005 1.03099677086692e-007 
-1.53977328399286e+008 4.93512762045310e+006 3.26459477078612e+003 -1.66563308387222e+001 -1.17998786576117e-002 1.06621908075897e-005 4.27816563775307e-008 
1.66217039920725e+009 -7.81452126429230e+006 -4.22067601424414e+003 3.01970234605338e+000 1.21817815978336e-003 -2.85185999646019e-007 
2.21222924121320e+009 4.45966382862406e+006 -5.61606298834212e+003 -2.26350352191698e+000 8.97747439803577e-004 2.60088534123424e-008 
9.45386661856302e+008 2.06372332401767e+006 -2.40001404379558e+003 -1.03397993074202e+000 3.76119859371850e-004 6.80047860877606e-009 
4.46909030750729e+009 1.14310480510738e+005 -3.17383604290210e+003 -3.03082367193367e-002 1.85009179467674e-004 4.89101106530373e-009 
-4.92863585712678e+007 6.99588806150151e+006 3.49853759416224e+001 -8.28189332603393e-001 -7.50747649012895e-006 5.14431933870423e-008 
-1.31436346901177e+008 2.86060918105961e+006 9.33268420725119e+001 -3.38252468922543e-001 -7.61502925045608e-006 2.09727857043087e-008 
2.72448007738556e+009 6.62521323653243e+006 -1.18762414092474e+003 -2.95728172876909e-001 1.35536337651574e-004 -1.61129136428165e-008 
-3.99751840377982e+009 2.91067075939029e+006 1.74261120578198e+003 -4.84020832951655e-001 1.96352877060266e-005 1.27254439824979e-008 
-2.06838199014966e+009 -1.08782687682071e+006 9.01660905729697e+002 -6.19661914979206e-002 -3.41380863533919e-005 7.91874768696402e-009 
1.52408731738830e+005 -1.59801198003116e+005 -9.73230866926827e+003 1.69533872801679e+003 4.55587527929756e+001 -8.22266272924511e+000 -1.34994256577405e-001 4.27972605215487e-002 7.68408307081619e-004 -2.79638523857834e-004 -6.01353665383813e-006 2.05397870803879e-006 4.70446883034669e-008 
2.72322323176597e+005 7.28023029597517e+004 -1.70558283806803e+004 -6.57803231088520e+002 1.06132717333113e+002 2.09553171838917e+000 -5.03413661600712e-001 -8.06862345134564e-003 2.97805478946624e-003 5.89484882619243e-005 -2.08724844376261e-005 -4.62749994294147e-007 1.58014548878331e-007 
1.46737009001268e+005 4.02297736437282e+004 -9.22151514592414e+003 -3.65652480671086e+002 5.75562148325504e+001 1.17941241671644e+000 -2.73252694152400e-001 -4.58439435337927e-003 1.61538763404792e-003 3.33149636094003e-005 -1.13162721871144e-005 -2.60911115820215e-007 8.56567481650917e-008 
-1.79708290863465e+005 -1.55684682593624e+005 9.98791832041915e+003 1.28528438361093e+003 -7.32328046247236e+001 -1.64120799264294e+000 3.58776233385944e-001 -1.65769122635157e-002 -1.09322573722328e-003 1.56253910259920e-004 -2.51007395347548e-006 -8.29146923857952e-007 6.70748041550237e-008 
2.76470512153503e+005 -6.70951836573895e+004 -1.52953127753865e+004 8.11335541513558e+002 5.49750721963799e+001 -4.64291655343918e+000 6.95510021406119e-002 1.91975483872061e-002 -1.56475285225189e-003 -2.46102086584679e-005 1.06696824013681e-005 -4.89344668617570e-007 -4.05023715126621e-008 
1.50405286728245e+005 -3.57869559878805e+004 -8.35089210110910e+003 4.36107897862924e+002 3.02877329843734e+001 -2.51940219929289e+000 3.59330167581978e-002 1.05143437887094e-002 -8.45394788359415e-004 -1.41067981697654e-005 5.81075543313162e-006 -2.62076819624559e-007 -2.23214118698556e-008 
-3.76663353217170e+005 -3.43460732836916e+004 1.83276018105722e+004 1.42112060909171e+002 -6.13338721967509e+001 1.12790966418179e+000 -5.70497834035269e-002 -4.82968925018127e-003 6.61091574933347e-004 -1.83678386807150e-005 -1.40758853537073e-007 1.35774749818736e-007 -1.14701630978107e-008 
5.73443655233766e+004 -1.41508753597135e+005 -2.78058190293100e+003 1.12859632921789e+003 -3.51006350329293e+000 -1.24476356648385e+000 8.67231516939480e-002 -8.33457518400816e-003 -3.25583631753649e-005 2.44392264030175e-005 -1.85647740286361e-006 9.12732201811628e-008 3.77875966201867e-009 
3.22563951964028e+004 -7.66610550487094e+004 -1.57102499843487e+003 6.14138139470158e+002 -1.66759691607927e+000 -6.89203562373331e-001 4.72786306289079e-002 -4.50377500835754e-003 -2.05211152336658e-005 1.33952091980530e-005 -1.00733982828883e-006 4.89522130411914e-008 2.10420063162677e-009 
-3.04334445775362e+005 1.03566175653180e+005 1.46108926682123e+004 -7.43058775612883e+002 -5.33100019667236e+001 1.70882812554441e-002 2.57335117886497e-002 8.74150915359361e-003 2.39955908937787e-004 -1.55191740985416e-005 -1.27294500615735e-006 -7.76909068581669e-008 3.28315385095691e-009 
-2.06720008057406e+005 -1.12070076022339e+005 9.76415678522724e+003 9.11912279375453e+002 -2.48579160230889e+001 -1.57742789711345e+000 -8.42523758724354e-002 -1.76501477697726e-003 4.24905126353497e-004 1.62966365589342e-005 1.88734895628063e-007 -6.66777552611495e-008 -6.31370094124157e-009 
-1.11179991210140e+005 -6.10556347335188e+004 5.27162627290362e+003 4.98482933596635e+002 -1.34677195400544e+001 -8.64566354040786e-001 -4.56475768564130e-002 -9.70982794201839e-004 2.30884286204929e-004 8.90179382499659e-006 1.02650544382699e-007 -3.61270031947923e-008 -3.43903014630431e-009 
-1.83633359608243e+004 1.70971131107543e+005 9.38639777572540e+002 -1.47161958291711e+003 -2.61917194708822e+001 3.51120745640455e+000 2.14479213956963e-001 -2.72656127607726e-003 -1.03551759121515e-003 -1.52801242776856e-005 4.33673363970425e-006 2.10610640493799e-007 -1.64428740584199e-008 
-3.24868762755981e+005 -7.84645544434220e+000 1.69574587561213e+004 1.68560798093855e+002 -7.08868521656672e+001 -2.27939392151141e+000 1.03344574970913e-001 1.35718495121716e-002 3.58180528821220e-005 -5.90386351064505e-005 -1.74083503756435e-006 2.41454333469897e-007 1.75097217567405e-008 
-1.75856468952563e+005 -2.92844633439320e+002 9.21513769126739e+003 9.40873044382611e+001 -3.86155372394412e+001 -1.24519115924494e+000 5.62136828087988e-002 7.38881780642068e-003 2.07105378579565e-005 -3.21105884013059e-005 -9.52544195321326e-007 1.31099218164849e-007 9.54419673207180e-009 
2.74568706633360e+005 1.07487109608424e+005 -1.62330646879728e+004 -1.13618803492189e+003 7.25369033321050e+001 4.76063919931758e+000 -1.65286525718004e-001 -1.35063379224940e-002 7.14147140002384e-004 2.89008078838734e-005 -5.43339892728458e-006 -6.82449119324550e-008 3.51205588113313e-008 
-1.97817000983470e+005 1.22435341991517e+005 1.14109360289995e+004 -1.08886679817024e+003 -6.82573450729229e+001 3.07960909394275e+000 2.30458924149978e-001 -8.24600101106519e-003 -5.61224749012160e-004 5.48523353697296e-005 1.16887165551474e-006 -3.94772263446172e-007 -3.13083435206824e-009 
-1.07319494013781e+005 6.63313812036879e+004 6.21827245814431e+003 -5.91521688279498e+002 -3.72596727286730e+001 1.67492462452773e+000 1.25798807591806e-001 -4.47691520827449e-003 -3.06799253525966e-004 2.97880516843636e-005 6.43009275950403e-007 -2.14606216211827e-007 -1.74293610991572e-009 
3.34043390783959e+005 -5.17956528169641e+004 -2.06987424911863e+004 4.88021743225083e+002 1.10293592893700e+002 -1.39528688539815e+000 -2.85261974590077e-001 7.07611999538786e-005 1.09237859826563e-004 2.10517278231156e-005 4.31321762965438e-006 -1.13496367779334e-007 -2.93220845526564e-008 
8.78921886942320e+004 1.49061240456322e+005 -5.45824259879978e+003 -1.48196978293140e+003 2.60849890207415e+001 5.27378365587356e+000 -4.14397667131174e-002 -9.14879745465278e-003 -1.54758206311309e-004 -2.73633346029237e-005 1.52842194802203e-006 3.47295516382552e-007 -4.88053195738571e-009 
4.76538347880126e+004 8.09094382473437e+004 -2.95940791907145e+003 -8.06930073506141e+002 1.41496244189889e+001 2.87652309548614e+000 -2.24725615758518e-002 -5.00177278778659e-003 -8.41229943901422e-005 -1.48213748686339e-005 8.29916740630957e-007 1.88903455225721e-007 -2.64667733501769e-009 
1.01714324566391e+005 -1.68411054203626e+005 -6.32635526757296e+003 1.68142674984847e+003 2.15451453242596e+001 -6.54261750954381e+000 -3.28481357577428e-002 2.17619537055614e-002 4.77976437634708e-004 -9.08520244035449e-005 -5.45130851857364e-006 4.70428454843576e-007 4.21371039481905e-008 
2.95808342585815e+005 4.85324978490713e+004 -1.77028328308879e+004 -3.75128844971231e+002 9.73618506920702e+001 6.56066782093015e-001 -3.25963850993711e-001 -3.06486456190562e-003 1.19044923592975e-003 4.83157498192491e-005 -5.66241081181900e-006 -4.32969233664708e-007 2.99377076227426e-008 
1.60450937200983e+005 2.62653696420400e+004 -9.62850577512149e+003 -2.04361725122057e+002 5.30452462561329e+001 3.59758611891525e-001 -1.77664726791382e-001 -1.66666977925969e-003 6.48586596328610e-004 2.62545957311183e-005 -3.08361134880829e-006 -2.35458393411986e-007 1.63027680218178e-008 
-8.69984729007178e+005 8.51282653400161e+003 1.01866136200909e+001 -1.85088273375068e-001 8.22800148227282e-003 -1.19606374903536e-003 5.93180294422918e-006 2.25645821691446e-005 -3.79681610184022e-006 1.46280295521409e-007 5.75300683466341e-008 
-6.78519658840393e+005 -4.13445193417259e+003 2.73498482212546e+001 8.44793176100034e-003 1.84184112634331e-003 6.23015592817200e-004 -1.77556343835978e-004 1.56427429434886e-005 1.00096152773710e-006 -5.16785287297246e-007 6.22092749426787e-008 
-2.64689172245261e+005 -1.94372419781134e+003 1.14811594339121e+001 2.48828865275442e-003 2.39422990152419e-004 4.64961403464263e-004 -9.54688040090069e-005 6.01524870898805e-006 9.28181493767875e-007 -2.89506323333423e-007 2.72849215284350e-008 
-8.52883945636734e+005 8.58631836746764e+003 8.20171797554857e+000 -1.70446839251891e-001 -2.05346952821828e-003 1.80703455927403e-005 1.78974116800221e-005 -1.87159384458903e-006 1.60199878418811e-007 -9.39161977320313e-009 -1.16625923149567e-010 
-6.86569009425545e+005 -3.91464745141822e+003 2.76424036118378e+001 2.96129349321269e-002 -1.23870452169876e-003 -2.33541930857913e-004 1.35710532237851e-005 -1.79785306466530e-007 -6.45852110737296e-008 -4.51744795018134e-009 -1.61964805568794e-009 
-2.68484485856768e+005 -1.85148463396491e+003 1.16043944641342e+001 1.52928797748559e-002 -1.83042044442250e-004 -1.19330098955254e-004 5.32469710544360e-006 9.51909402599376e-008 -5.11653681296957e-008 3.36754769047999e-010 -8.35655375950126e-010 
-4.50360391021376e-006 2.95383888084426e-006 -1.33866848591046e-007 -3.28742970811998e-007 3.02788135110554e-008 1.90963386056700e-008 -3.12893002881800e-009 -6.43028485925333e-010 1.85500357508163e-010 1.57394506054575e-011 
4.12582967756465e-005 -5.80629985633944e-008 4.10520880244941e-007 -2.49564441752615e-008 -3.80599750218609e-008 4.42027739895731e-009 1.61817851593867e-009 -3.27794334148873e-010 -4.63912928882873e-011 1.46977861275685e-011 
-2.36038327077039e-006 -2.74609470240479e-007 3.14458617125064e-007 1.80665049101521e-007 -1.83818159053595e-008 -3.66700919729553e-009 5.38007801849417e-011 -6.67899533544055e-011 6.59780538436738e-012 2.56468693597185e-012 
4.15853566343665e-005 -2.50607363901249e-007 -2.55352468702613e-007 4.24373442761476e-008 1.43313577432811e-008 -1.00427805971725e-009 -1.12722648939739e-010 -1.78910820501912e-011 2.47684190955580e-012 2.60162060443127e-013 
3.34691408312564e-007 2.16887952119248e-006 -5.66127370963386e-007 -2.11431731213954e-007 4.09586072557341e-008 1.36875511804720e-008 -7.88405905276938e-010 -4.96375793698021e-010 -4.20017630021498e-012 1.27997258217803e-011 
4.14850229341960e-005 6.68606159101867e-007 2.61986831551207e-007 -8.46680308961556e-008 -2.63781034538454e-008 2.91052987826233e-009 1.27336951636196e-009 -1.85579346613854e-011 -4.22627494252778e-011 -6.80084265312275e-013 
2.26171937159801e-006 1.29554940694510e-006 8.83618527831138e-007 -1.72903498788162e-008 -9.03278431501979e-008 1.04672075388972e-009 3.78174823298863e-009 1.53586591870859e-011 -9.46717469373226e-011 -5.80732881611829e-012 
4.19891159393201e-005 -4.45568078303137e-007 1.59685749689161e-008 1.48779037000110e-007 -1.89927991748843e-009 -8.91128104801546e-009 8.01962267440494e-011 2.84722084276232e-010 5.35022092927953e-012 -5.80803939073584e-012 
-1.90034054437359e-003 1.33556077735562e-003 -1.67199744011899e-004 -1.35914996649203e-005 2.32107939285095e-006 -1.18400595796842e-006 7.50884403282515e-008 4.28785079126020e-008 -5.58835950735212e-009 -8.05835159458622e-010 
3.82507171860223e-001 -2.61438300165345e-004 -7.36656616395191e-005 9.03885879133842e-006 -1.09757724866081e-006 1.53882472230917e-008 9.53852081578208e-008 -9.12148926644687e-009 -2.31327005714186e-009 4.36052134234132e-010 
4.66050940534109e+003 9.18636832310130e-001 1.67126639624494e-004 1.38195997193809e-005 -2.47574957899494e-006 1.08254819563003e-006 -6.26937201729394e-008 -3.98050505612698e-008 5.00650913486674e-009 7.59571536571952e-010 
-1.04428636440302e-003 -5.89016938512263e-004 -2.83274593804825e-004 1.22989376819799e-005 7.09177794818697e-006 4.91492584211075e-007 -8.72896659355266e-008 -7.38588235811516e-009 1.51781376726008e-010 -5.95094552350927e-011 
3.81727764780629e-001 -4.12746270746112e-004 5.74780746011582e-005 1.86103953436595e-005 4.43220846403091e-007 -3.18540235467342e-007 -2.91157011767248e-008 2.46668244100143e-009 6.65606125673111e-011 2.11820203033717e-011 
4.66234845108033e+003 9.20501863900304e-001 2.65214478181679e-004 -1.32662057236351e-005 -6.58269040420812e-006 -4.41887984931119e-007 8.05902330773979e-008 7.00270205077663e-009 -1.46809507484721e-010 5.22898581407832e-011 
-2.79670229744387e-003 -5.92303600557827e-004 3.64601460221385e-004 4.79081807225374e-005 -1.06288405374217e-005 -1.40238111864098e-006 1.77079665063325e-007 3.45345986258168e-008 -1.65481264290684e-009 -7.14770076396790e-010 
3.81784457658976e-001 5.03423772855365e-004 8.85518657578612e-005 -2.52245362220305e-005 -3.16066456751946e-006 5.33554662780002e-007 8.41893714788064e-008 -6.76053387071395e-009 -1.88808432300412e-009 3.15294826091901e-011 
4.66418994953881e+003 9.20454984104812e-001 -3.49531634629690e-004 -4.42992001905305e-005 1.00629454189371e-005 1.29628166355096e-006 -1.66321023560449e-007 -3.18915095589132e-008 1.58065751105510e-009 6.60106018390718e-010 
-1.37998069086873e-003 1.67187766127037e-003 6.05080207765878e-006 -5.17408142798176e-005 6.54179842395236e-006 5.13283607559245e-007 -2.87763359932131e-007 -1.51731564572825e-009 6.32046620032826e-009 8.74895577814506e-011 
3.82570798255192e-001 9.55557140142437e-005 -1.23055424341761e-004 6.26628522285951e-006 2.18522842375741e-006 -5.80484456310104e-007 -1.26242670263550e-008 1.70788102296415e-008 7.83680115315432e-011 -3.03961455536753e-010 
4.66602839075353e+003 9.18311587528999e-001 -2.22875842217314e-006 4.97402832908222e-005 -6.09594463967508e-006 -4.96405616016760e-007 2.65134368747467e-007 1.50990726573637e-009 -5.79038797451446e-009 -8.02028303064005e-011 
