-5.76659613570834e+007 1.57521977177153e+006 9.83743074239293e+005 -2.83042532332989e+004 -2.22558190414270e+002 5.17380752022962e+001 -4.03626253768205e+000 1.88752447556495e-001 -4.97627361463520e-003 -1.35742867923036e-004 2.79823634359082e-005 -2.12771562989821e-006 1.03693720863621e-007 -2.42282833241927e-009 
-1.88464575920036e+007 -1.33907203656327e+007 3.09688573040678e+005 3.02480472785613e+004 -1.49545350412983e+003 5.49065892208193e+001 -8.16258772905758e-001 -8.05353541092973e-002 9.14410440326865e-003 -5.71382238947520e-004 2.25725949232397e-005 -2.04838871260126e-007 -5.72995702554184e-008 6.08369743543543e-009 
-4.05917694899716e+006 -7.31622860084598e+006 6.34407697520691e+004 1.90924221492335e+004 -7.75772377780119e+002 2.39662460144797e+001 -1.75741325614248e-002 -6.25894290589420e-002 5.40053751395574e-003 -2.91149599321657e-004 9.15683964264444e-006 1.11168311651149e-007 -4.13588431615457e-008 3.50099280739497e-009 
-4.77289363886714e+007 8.07803285014981e+006 6.43930090545949e+005 -2.73860753379169e+004 1.76872599073192e+002 2.89842591482341e-001 -8.92611583932894e-001 5.15673479825742e-002 -2.56203303821711e-003 9.33266355904787e-005 -2.13009510936506e-006 -2.70362355657292e-008 7.22691648157492e-009 -5.28755727678116e-010 
-4.22387095473276e+007 -9.79359295517946e+006 5.60808964438117e+005 1.36806985386378e+004 -6.65723841439243e+002 2.76673863060363e+001 -1.03527196807292e+000 1.98668523443259e-002 1.18991082009135e-004 -6.06106160524414e-005 4.29816949559727e-006 -2.29023540567930e-007 9.10731312818658e-009 -2.49982026463829e-010 
-1.75847872349415e+007 -6.06888445604161e+006 2.32814942070826e+005 1.01472317905077e+004 -3.73955727541049e+002 1.47493953471857e+001 -4.60483686742534e-001 5.26631412805688e-003 3.29180388839828e-004 -4.20527063750502e-005 2.51686689111673e-006 -1.19557838579648e-007 4.10726088103906e-009 -7.13413006873626e-011 
-2.74314602076035e+007 1.19578104934329e+007 3.29713158355483e+005 -2.53154319068886e+004 4.85781830428231e+001 -1.05410112479203e+001 -2.04259360256209e-001 7.96345209601665e-003 -5.55202293002747e-004 2.83643086749041e-005 -7.91683445973652e-007 3.66175900587087e-008 -3.79170819247289e-010 8.20226492240054e-012 
-5.69246232797010e+007 -4.79733322759825e+006 6.75452031422838e+005 6.28553432383791e+003 -3.19021359095457e+002 8.72530142928703e+000 -6.00913858831111e-001 8.22441609663782e-003 -5.27000804097453e-004 -1.33065412394989e-006 8.99190569631554e-008 -2.44485718790490e-008 1.26215754436262e-009 -5.38801542496784e-011 
-2.75337430079130e+007 -3.80220597066611e+006 3.26631552853943e+005 5.98218427183954e+003 -1.75452370651184e+002 5.75373684586181e+000 -2.99821601985084e-001 3.56773382033676e-003 -2.23954559822544e-004 -3.65146685918942e-006 1.30110694693838e-007 -1.68563158476725e-008 7.13533577787028e-010 -2.96322198765643e-011 
-1.84228153150265e+006 1.33761022063879e+007 2.29149742975945e+004 -2.64408782778968e+004 -2.00132396849546e+002 -1.39763844417654e+001 -1.02903527042400e-001 3.37486363844659e-003 2.58338111650263e-004 2.68891664215743e-005 7.77651177482660e-007 4.57552637244130e-008 9.65255487845763e-010 3.37230210768029e-011 
-6.09323860799479e+007 8.29633753436722e+005 7.23602895097176e+005 1.83702961985176e+003 -2.80150225663084e+002 -4.89510898598764e+000 -6.17187665035659e-001 -1.00314082810566e-002 -6.54914653400032e-004 -7.34852202114356e-006 -1.55438812335799e-007 1.15891894747885e-008 1.05466123395948e-009 4.74852543633177e-011 
-3.23272362799286e+007 -9.43421665910217e+005 3.84159972058722e+005 3.72254356232583e+003 -1.28903259988102e+002 -1.16589795869117e+000 -3.19022866892932e-001 -5.70849575395546e-003 -3.76627155351110e-004 -6.71316276428725e-006 -1.63654679044388e-007 1.44712222773922e-009 4.63310677441821e-010 2.18696234008975e-011 
6.56640205376529e+007 -1.90497670644317e+007 -8.29804250171415e+005 3.93931165288283e+004 9.17053596818562e+002 -2.34343075988773e+001 -4.66178420565599e-001 5.33992211588546e-003 1.76520113430165e-004 4.86560187802209e-007 
7.79670068977081e+007 1.29445854314982e+007 -9.91412775166799e+005 -2.79073853016600e+004 1.01220580292449e+003 1.95638982623726e+001 -3.80334482106226e-001 -8.28021500357748e-003 4.03765325809566e-005 3.02762744136833e-006 
3.09228418870768e+007 7.02983908907635e+006 -3.93556425246760e+005 -1.50491585311239e+004 3.97385856789956e+002 1.02850393163663e+001 -1.41632333711227e-001 -4.06328008967009e-003 7.05383752164938e-006 1.33712278082179e-006 
2.25732781387595e+007 -2.35871633053498e+007 -2.86318849985997e+005 4.97709346977892e+004 3.51895406224810e+002 -3.21927162858370e+001 -2.38764585339771e-001 1.07210142827532e-002 1.41326380555022e-004 -2.54927070259091e-006 
9.50760824694764e+007 3.97518761322592e+006 -1.21803013628099e+006 -9.15268138932869e+003 1.29462556259850e+003 7.90557912546096e+000 -5.76757175520435e-001 -5.12819969975409e-003 1.57506326930666e-004 3.18806495602996e-006 
4.13479338342822e+007 3.28136229359502e+006 -5.29910685007640e+005 -7.26768394258650e+003 5.60213430135137e+002 5.59418328446601e+000 -2.44325023804445e-001 -2.97966708330219e-003 6.20265577171718e-005 1.55602613390159e-006 
4.09785626903837e+007 -2.00535621244876e+007 -2.02790206781368e+005 1.64497019536626e+004 1.01350291113943e+002 -4.48059121913886e+000 -3.25881460050518e-002 9.20225767859602e-004 9.83277909997925e-005 -1.37539982345262e-005 -4.73524857214768e-006 1.26442293052184e-006 2.18161503152191e-007 
1.28936152844146e+008 5.17952739689331e+006 -6.41708527388323e+005 -4.63820733048086e+003 2.72501507678975e+002 1.65704705071593e+000 -5.54428886356756e-002 5.10417212814169e-005 -1.46581938249264e-005 -3.47698573589633e-005 3.48658588935377e-006 2.01169842824715e-006 -4.03401666737984e-007 
5.58812931779232e+007 2.24524393186986e+006 -2.78191261730839e+005 -2.01074118951683e+003 1.18137619645470e+002 7.18344222536543e-001 -2.41767083404087e-002 4.90498655155656e-005 5.52958001881540e-006 -1.74515647146149e-005 8.42176935646420e-007 1.07368854524130e-006 -1.45470474673794e-007 
-1.10968783607850e+005 -2.08657683551531e+007 1.26784211124322e+003 1.73216268955796e+004 6.18056005475867e+000 -4.93981395797257e+000 -6.98029586873081e-003 1.00505916976753e-003 3.31955476513462e-005 1.20598296890069e-006 1.46368818856232e-007 6.56405250832544e-009 -3.16559474799662e-008 
1.34038964049213e+008 -1.00619252812562e+005 -6.70355500410683e+005 -8.85691676177468e+001 2.91500734446707e+002 1.97830249474117e-001 -6.40796859914851e-002 1.86032262093229e-004 1.27813113003772e-005 -6.35067709746004e-006 -3.82443715307547e-007 -1.54650916703794e-007 -2.27417940200287e-008 
5.80931132002429e+007 -4.37859531704101e+004 -2.90609788743000e+005 -3.83083899892112e+001 1.26379110927068e+002 8.55034716670336e-002 -2.78781089257497e-002 1.02853792525618e-004 8.76515997293711e-006 -3.39491669567619e-006 -2.38834770620516e-007 -7.50459103491662e-008 -1.35151519568073e-008 
-2.08617146427885e+008 -1.67417776228628e+007 8.60560019529951e+005 1.06773354946260e+004 -2.29181265319997e+002 2.31359417580978e-001 -2.97609216708017e-002 -4.68899697492203e-004 6.58089800923473e-006 -1.76625105451191e-008 -1.61337656866537e-008 
1.19030261110547e+008 -2.31644663553620e+007 -4.91974470316887e+005 1.63689344057522e+004 9.88389176020255e+001 -8.79688307151443e-001 2.69862438713949e-002 -7.06331928620249e-004 4.14892538493130e-007 -1.03830825853072e-007 -1.18513021411939e-008 
6.02248848424591e+007 -1.01729727078205e+007 -2.48894028397733e+005 7.21978855494999e+003 5.15222410282145e+001 -4.09788969807298e-001 1.31838034647424e-002 -3.10982830536479e-004 -6.50506293286161e-008 -3.53149244786903e-008 -5.85119586166536e-009 
-1.78958326281333e+008 -1.77927380679264e+007 2.43234769056765e+004 3.89259261067125e+002 -6.13239275288080e-001 -2.06434529082570e-003 1.02020747623832e-005 7.13659294286338e-008 
6.91745135592519e+008 -3.20294338104822e+006 -9.40087794240972e+004 1.26163241471901e+002 9.75293561512331e-001 -2.23174008843962e-003 -9.01825651485725e-007 -1.44873106832712e-007 
3.00845181346571e+008 -9.39684637531244e+005 -4.08868950185695e+004 4.46004697963462e+001 4.32971643376226e-001 -9.06725746002957e-004 -6.77010659167691e-007 -6.07770183960559e-008 
-1.03974112720933e+009 8.75324728697567e+006 2.04484809408086e+004 -3.23858901792481e+001 -2.14599125159381e-002 3.33299186358115e-005 7.27082430045604e-008 
-9.85442402808176e+008 -8.58577558761734e+006 1.93782732628119e+004 2.46363032361837e+001 -3.52331933745144e-002 -6.21181814177080e-007 5.76686596672355e-008 
-3.62275292092707e+008 -3.92320114080613e+006 7.12362886746760e+003 1.15711357544145e+001 -1.36287750571610e-002 -1.68712484990767e-006 1.72014056957755e-008 
2.94112400064636e+009 -1.87988023417940e+006 -6.93224016650394e+003 5.60812966970768e-001 1.17907826701176e-003 1.66645484565370e-008 
5.43303381681384e+008 8.05066997109991e+006 -1.28049904514787e+003 -3.19822832694697e+000 1.01892241725358e-004 2.89266294585877e-007 
1.96354714293975e+008 3.55256902036857e+006 -4.62801397166106e+002 -1.40865381815035e+000 2.76478869584540e-005 1.24748865556162e-007 
4.04519560463548e+009 3.19457604345234e+006 -2.84588410162021e+003 -3.94989174586963e-001 1.65423653444848e-004 4.49787458591952e-008 
-1.75559051984395e+009 6.34391620638097e+006 1.23526742366410e+003 -7.35281924715216e-001 -7.78569743111640e-005 2.37102021558961e-008 
-8.19282860666693e+008 2.51706685301577e+006 5.76454762058990e+002 -2.91123896663402e-001 -3.59255103266707e-005 8.93927683106668e-009 
9.27689086743928e+008 7.52147834896381e+006 -5.09527777610568e+002 -6.14750203812776e-001 1.71955585416944e-004 -5.30986349390875e-009 
-4.47856986049112e+009 7.85840425226723e+005 2.45948642212463e+003 -4.26387855343152e-001 -9.51492810560786e-005 5.01193335804428e-008 
-1.67713314472004e+009 -2.02096476628811e+006 9.21017739726421e+002 5.22419398322201e-002 -8.13132588188535e-005 1.38486229636794e-008 
-3.14376820816509e+005 9.15331618738827e+004 1.85243064269002e+004 -6.05552473260860e+002 -1.09995373849998e+002 -1.93079662459614e+000 3.60126612770191e-001 3.70315824617315e-002 6.55594972070758e-005 -2.48681062415066e-004 -1.65304052922048e-005 7.24989838477331e-007 1.75281281976598e-007 
-1.47802422966495e+005 -1.43591363976382e+005 8.69874179903194e+003 1.50944761274518e+003 -1.01025425982997e+001 -6.29299360957541e+000 -3.33799270818624e-001 1.29843819498960e-002 3.08535460604574e-003 1.06330740001816e-004 -1.48244910468320e-005 -1.77062100535004e-006 -6.34931743426505e-009 
-7.01140852096183e+004 -4.48753456590436e+004 4.11443694368554e+003 4.91732001487484e+002 -9.86969526611655e+000 -2.30691749781010e+000 -9.58343671480561e-002 6.67180989745370e-003 1.08152564047103e-003 2.27719746686921e-005 -6.13420797879209e-006 -5.76653360429204e-007 7.91691251362031e-009 
-2.64319816638968e+004 1.82197891287146e+005 1.65046735039036e+003 -1.96984071408607e+003 -1.66089775593086e+001 1.04344273834009e+001 1.09763390940066e-001 -6.54214509712441e-002 -5.84664319319610e-004 5.15883340483351e-004 2.73527793043101e-006 -4.46806699104525e-006 -7.02295707820426e-009 
-3.17217430981674e+005 -1.52871800652325e+004 2.10767985428872e+004 2.14380287912575e+002 -1.36744270495470e+002 -1.53232277839788e+000 7.48118230050157e-001 8.91671455756808e-003 -5.39169597115092e-003 -4.78920873314403e-005 4.49954456884323e-005 2.35211953631813e-007 -4.00365252172603e-007 
-1.12638424174997e+005 5.20723692995205e+003 7.45973314562899e+003 -3.88763503058305e+001 -4.86731573894862e+001 6.80878831567691e-002 2.67496443398439e-001 -6.70835255561982e-004 -1.91700272373851e-003 1.31169010672633e-005 1.58764822099169e-005 -1.76308603100707e-007 -1.40273377717707e-007 
2.82553728267117e+005 1.10497253427779e+005 -1.76413791595729e+004 -9.13791702805366e+002 1.12330515632658e+002 3.50237777195114e-001 -4.35116074428179e-001 2.74069106471594e-002 5.98808734783251e-004 -2.33588345809038e-004 1.19583239657895e-005 8.51646474252108e-007 -1.47407968276143e-007 
-1.95286631366365e+005 1.29660181089114e+005 1.22095116699082e+004 -1.43503288419578e+003 -4.16722703641752e+001 6.87385968043635e+000 -1.66930670963711e-001 -2.11389709869602e-002 2.62645981455352e-003 -4.44827160791071e-005 -1.56319792365733e-005 1.40033825341809e-006 1.56612613485026e-008 
-5.21260462241440e+004 5.17282580711614e+004 3.25282656112961e+003 -5.53352003748908e+002 -8.05067463412311e+000 2.41737174449216e+000 -8.35723559554578e-002 -5.79118771154973e-003 9.52273363519723e-004 -2.90648115192567e-005 -4.76877199891832e-006 5.38489220977963e-007 -3.06061007193210e-009 
3.48034946027709e+005 -4.58781555425157e+004 -1.87682877361132e+004 6.08054545024061e+002 6.83463286740213e+001 -2.96384157169033e+000 1.70943402059371e-002 1.76883534995975e-003 -4.79276899043596e-004 4.98860306210007e-005 -1.18162577190124e-006 -1.39115759403042e-007 1.45096528051578e-008 
1.04898277089718e+005 1.55711468579590e+005 -5.40542457553991e+003 -1.29059326114986e+003 4.31612148901599e+001 1.96181080213021e+000 -1.25129272210086e-001 6.52609826883822e-003 -3.64494801345825e-004 -1.24264834889353e-005 3.32966556980803e-006 -1.77961229190620e-007 1.29705698596284e-009 
5.67031418396398e+004 5.18828562093211e+004 -2.95813918035236e+003 -4.15418956134733e+002 1.89547627243152e+001 5.10383446101516e-001 -4.25873173683502e-002 2.38849393459728e-003 -1.55259576726420e-004 -1.46535719077568e-006 1.09470959105290e-006 -7.01850317539059e-008 1.29561671559038e-009 
1.39493330194979e+005 -1.52590548094096e+005 -6.78592259976618e+003 1.25211476296929e+003 1.35915527433074e+001 -2.50008152949877e+000 2.73210289163551e-002 1.75649177689431e-003 7.63124733197984e-005 -1.29048095721712e-005 -6.08952165276194e-007 7.31750374019060e-008 1.31833922554285e-010 
3.33751895902878e+005 6.43951636391909e+004 -1.58686390763622e+004 -4.09850167023534e+002 6.08617003754750e+001 6.89327556696554e-003 -6.56378009222694e-002 7.40089672152830e-004 1.08768819431960e-004 9.93550811615066e-006 -1.04582848967160e-006 -1.96237221527259e-008 3.58275926354299e-009 
1.24988053124552e+005 1.39242551573443e+004 -5.92604769370561e+003 -7.20517352679022e+001 2.19428627863139e+001 -1.41314781510936e-001 -2.11640364989827e-002 3.57280358140142e-004 4.22416122053574e-005 2.74561393443630e-006 -3.99610771023476e-007 -2.67538859178324e-009 1.25551382640609e-009 
-1.72094134155681e+005 -1.46565954091645e+005 8.05409225135947e+003 1.12087769182070e+003 -2.64166164202271e+001 -1.43534499260887e+000 3.91966358897408e-002 -2.69178254571259e-003 -2.33392599148319e-004 4.08315389069031e-006 6.59026209103646e-007 -1.53403991050272e-008 2.42896105601555e-010 
3.31402896208450e+005 -6.61482867062064e+004 -1.51770291212777e+004 4.94978794555819e+002 4.93223274848884e+001 -8.76412126514311e-001 3.20780422183634e-003 2.71365136447455e-003 -1.34622554237405e-004 -1.42332530218717e-005 8.44248488442501e-008 1.46765298333893e-008 -2.03654911267321e-009 
1.06666208328668e+005 -3.13392923124388e+004 -4.85042127421296e+003 2.35130677282949e+002 1.56536534132496e+001 -3.84597790009857e-001 3.55084703705165e-003 7.97733902760366e-004 -5.99643825282965e-005 -4.73406684719676e-006 6.60409319115866e-008 4.20303948407973e-009 -6.99177504516783e-010 
-3.64608804183450e+005 -3.75438256885071e+004 1.80874346356259e+004 4.82255744224900e+002 -5.49900948339444e+001 -1.93651629281161e+000 -8.39187523291390e-002 -2.70760163286316e-003 4.44643808298175e-004 4.26003454868203e-005 1.84931060546678e-006 2.09591086497016e-008 -8.39504404184251e-009 
1.05153419660582e+005 -1.51622235103854e+005 -5.03029996231681e+003 1.15943010017072e+003 3.43151888636308e+001 -8.13895449936643e-001 -5.11189361708934e-002 -8.71162192015041e-003 -5.16651437428318e-004 2.39426742442663e-007 1.67872902103950e-006 1.69675511187307e-007 1.05342070631418e-008 
1.67681280351212e+004 -5.51376290898575e+004 -7.57569707632476e+002 4.30564344393433e+002 8.91043138129320e+000 -3.84473691282224e-001 -2.22555665326442e-002 -3.19444940238517e-003 -1.56279013529081e-004 2.38307270500208e-006 6.85313299191974e-007 6.04094727408914e-008 3.22670000951510e-009 
-2.89581732153000e+005 1.11757033049490e+005 1.70095668935942e+004 -7.91851087540084e+002 -1.04426041615406e+002 -1.54899073652282e+000 3.06760031814486e-001 3.57331318203941e-002 8.44732804907539e-004 -1.79692248588409e-004 -2.00228154645871e-005 -3.26277875992202e-007 1.24631399850433e-007 
-1.89093092151059e+005 -1.29072195271753e+005 1.11329014858508e+004 1.40340959009270e+003 -2.04046608649291e+001 -5.89174784123689e+000 -3.22750103983070e-001 6.25508402054938e-003 2.71573047659562e-003 1.66873718109836e-004 -5.80171128037825e-006 -1.68511283580861e-006 -9.57666380479078e-008 
-8.21087838969395e+004 -3.90600588164467e+004 4.81756124973466e+003 4.46115465154470e+002 -1.27629188080498e+001 -2.13547630838201e+000 -9.61597829166886e-002 4.10796984552823e-003 9.93804774486456e-004 4.85600900881471e-005 -3.10729352655650e-006 -6.06074225567943e-007 -2.67088974112744e-008 
1.23901694570993e+005 7.33913254412397e+003 -4.84181602161117e+000 -1.54897347262893e-001 -2.68341211733641e-003 -2.96829544756547e-005 2.35397559348149e-005 -2.43869756139824e-006 3.46880539843184e-009 -4.46762715937798e-008 4.79071010039304e-008 
-3.15058419635132e+005 2.29295082777271e+003 2.52718980213407e+001 3.85253963695345e-002 -6.27267153485422e-004 -2.73984863633653e-004 1.32635398637393e-005 1.83522828704199e-007 1.48491130609156e-007 6.94109824805694e-008 -7.13637278552027e-008 
-1.51172839909334e+005 8.09769307515302e+002 1.10103761465235e+001 1.84011629763606e-002 1.22256112951681e-004 -1.34503116622901e-004 4.84846436928647e-006 2.69802113693934e-007 -1.21846075750493e-007 -6.89509652379800e-009 9.37008562849403e-009 
1.38534872485940e+005 7.29231075768205e+003 -6.91914703932164e+000 -1.85938861953193e-001 -6.52452938546666e-004 1.60069559307757e-004 2.10404807353071e-006 -9.78702374160903e-008 5.61928332261932e-009 5.10741861796387e-009 7.06493542804019e-011 
-3.10269206656209e+005 2.49649428811954e+003 2.55453092523096e+001 2.93479729059143e-004 -3.38080456143985e-003 -3.01975513090700e-005 7.54849222849019e-006 2.71651877816408e-008 2.35365122144573e-008 -1.78716084728388e-008 -5.25432932984046e-011 
-1.49464603367452e+005 8.98607149049557e+002 1.11753731022229e+001 5.30897700594333e-003 -1.40938142640283e-003 -2.63008515059711e-005 3.70154653959725e-006 2.16135558095083e-008 1.19951885163705e-008 -7.65950462444238e-009 -2.92202770023213e-011 
4.48387774528504e-005 1.38389587110962e-006 6.91147309147232e-007 -1.28052288502333e-007 -7.84885627109675e-008 3.12818832918139e-009 4.97399733359642e-009 2.68073997971598e-010 -2.35654620885681e-010 -2.82287661679512e-011 
-3.85257350779532e-005 -7.78536356662053e-007 1.65969382777060e-007 1.02450727941177e-007 -1.15654950382395e-008 -8.25952638109013e-009 1.30881771000129e-010 4.26666350453978e-010 1.62640678270794e-011 -1.62514152945363e-011 
4.66656531537936e-005 -4.08172889022470e-007 -1.36073534223772e-007 2.25414998438873e-007 -9.07727753218737e-009 -1.06237494564231e-008 1.61170475495030e-009 3.47566653408251e-011 -5.90503039272867e-011 1.57216956008435e-011 
-3.89980848440177e-005 -1.70724478409433e-007 -2.52294244164842e-007 2.14020010208826e-010 2.32099581558464e-008 -2.28272714519424e-009 -5.52023333203587e-010 1.81489910240427e-010 -1.57594447654972e-011 -6.43262805551377e-012 
4.78171464418843e-005 1.50601518526576e-006 -1.25530705340005e-007 -1.37319125738685e-007 1.03086508629114e-008 4.16567887878267e-009 -4.11559792597783e-010 -6.29582110572371e-011 1.46243536720613e-011 4.83696397095727e-012 
-3.96648920717620e-005 -3.89811349749449e-008 2.20330428019861e-007 -1.76793814528646e-008 -1.17550550779008e-008 8.68712343786464e-010 1.40544603257593e-010 -2.33528347519585e-011 6.54910516354382e-012 5.92874017448646e-013 
4.86524437919252e-005 -2.85715959791717e-007 3.21956801370738e-007 1.89636551355779e-007 -2.95419841405993e-009 -7.80721269970347e-009 -1.08618763159457e-009 -8.31298972896347e-011 1.85412000783443e-011 1.74303561747540e-011 
-3.95802748812207e-005 -2.88319626171650e-007 -2.13291706625119e-007 2.38206450955947e-008 1.87157598349512e-008 1.46804965517075e-009 -2.98456174142006e-010 -1.67680554151321e-010 -2.81096625329687e-011 5.38728383013667e-012 
3.81387127725044e-002 -1.96303488502695e-003 -9.93587035268173e-005 7.14387296993536e-005 -4.34084956832058e-006 -1.38111014178444e-006 2.70689508702521e-007 4.47357664025418e-008 -6.97286606723112e-009 -1.84267292875350e-009 
4.30451421989830e-001 -1.91849347816391e-004 1.78485200722534e-004 -9.26090050483644e-007 -4.08587668783741e-006 5.61826034982439e-007 9.50093425048370e-008 -1.96471875090196e-008 -3.79720188742717e-009 3.96797762518038e-010 
3.73323033058007e+003 9.21641129737345e-001 7.89632439792288e-005 -6.28265435708287e-005 4.34623417061432e-006 1.22989895296518e-006 -2.58029161383584e-007 -4.07918548190406e-008 6.71472616617948e-009 1.70154550137704e-009 
3.52317778123329e-002 -5.62898127875974e-004 3.75614395496563e-004 2.63648824031798e-005 -2.56681701461237e-006 -1.07840139305977e-006 -6.37202693155750e-008 3.02743366818178e-008 -8.58600786137442e-010 -3.79202013215623e-010 
4.31155741816043e-001 7.84243551977257e-004 4.54682749996461e-005 -1.88621033691861e-005 -2.32132970422105e-006 -9.50537914379222e-008 8.12349758463053e-008 2.11489776851450e-009 -1.66227920296025e-009 1.60536567757807e-010 
3.73507269748064e+003 9.20404061959599e-001 -3.24935340100801e-004 -2.35447393639729e-005 2.01685317670625e-006 1.00023442332989e-006 5.88794293883429e-008 -2.81224562593041e-008 8.79488313694546e-010 3.43583052376965e-010 
3.68170173205603e-002 1.83216582458726e-003 -3.79521086988659e-006 -8.94952581487594e-005 -1.93389382986072e-006 1.50039656587055e-006 4.60808992133723e-008 -1.59885799711710e-008 -1.35503279015879e-010 1.26618458952361e-010 
4.32171994380375e-001 8.36252175389628e-007 -2.14146289798083e-004 -2.23018898718715e-006 5.23343181109593e-006 1.51303226305039e-007 -6.94795727734725e-008 -1.68528098763107e-009 6.34780026809989e-010 -7.82443283781342e-012 
3.73691114689963e+003 9.18320770979337e-001 6.34723460923568e-006 7.94031598428510e-005 1.74204517789834e-006 -1.35341851233793e-006 -4.23735136885389e-008 1.44604163049842e-008 1.24246651308945e-010 -1.12543519955710e-010 
3.80153476387374e-002 -1.02298913743676e-003 -4.43888002764354e-004 4.99259070904649e-005 9.90881284258184e-006 -1.24021013752970e-006 -1.76467012403513e-007 8.72993661745833e-009 2.94908719294951e-009 3.79138278484141e-010 
4.31192467915527e-001 -7.01109453681257e-004 1.01610740731571e-004 3.03335756283049e-005 -3.66942706328735e-006 -5.33692913899090e-007 5.92830860275189e-008 1.01570928401520e-008 3.32617321981594e-010 -9.21317030157348e-011 
3.73874998402685e+003 9.20853368829130e-001 3.86640221051711e-004 -4.62758034766733e-005 -8.80169740518259e-006 1.16044592053958e-006 1.64176906981027e-007 -8.10463296552199e-009 -2.81857893302102e-009 -3.62314210484671e-010 
