4.81211023950662e+007 -6.87967132212125e+006 -1.46107049003255e+006 -1.00813142049699e+004 4.79147988948589e+003 3.41853643993701e+002 2.48796684519562e+000 -1.62734756516843e+000 -1.42999316876270e-001 -1.77839325466700e-003 7.56161564559572e-004 7.53171879826222e-005 1.32562634045997e-006 -4.03102085455305e-007 
1.11341403708603e+007 1.47201559091104e+007 -3.50818207779592e+005 -8.39468194167803e+004 -2.56176057898708e+003 1.63462239507476e+002 2.41114733075104e+001 9.84836278889134e-001 -5.97056783387706e-002 -1.08013739984765e-002 -5.18425278351979e-004 2.69670595887546e-005 5.78626019732215e-006 3.15587398070656e-007 
9.29343832188854e+005 8.57671102971717e+006 -3.58119075680808e+004 -4.37937077923274e+004 -1.86542594635296e+003 5.18473822734350e+001 1.26208553842786e+001 6.94867665875152e-001 -1.70562299203807e-002 -5.58497241545261e-003 -3.55359029668368e-004 6.59059891063770e-006 2.95316309607335e-006 2.10388051289700e-007 
2.35002783921173e+007 -1.73162503633073e+007 -9.46191294317688e+005 1.02034899711640e+005 6.76297279031669e+003 -4.01752385744276e+002 -5.30841251711542e+001 1.31661793343479e+000 4.39040347831947e-001 2.52273817576063e-003 -3.58890348864814e-003 -1.32379279421170e-004 2.77308237601707e-005 2.09548867592593e-006 
3.43873687842392e+007 7.65352677223122e+006 -1.38893267838478e+006 -6.67396329812797e+004 6.03693312177598e+003 5.08027300978701e+002 -2.41431214901296e+001 -4.22555175555095e+000 5.95578519949761e-002 3.55145621249831e-002 5.80582210151999e-004 -2.88941813737309e-004 -1.41297395556107e-005 2.18921381815826e-006 
1.59047778433612e+007 5.88483970062631e+006 -6.43727936362833e+005 -4.62338446832596e+004 2.52297422773373e+003 3.13037786996672e+002 -7.38878277232322e+000 -2.39363572651567e+000 -1.37348090138399e-002 1.87081176549341e-002 6.82435883949788e-004 -1.40602708355699e-004 -1.04241623387249e-005 9.51960619069540e-007 
-1.41186989753104e+007 -1.90548733596171e+007 5.25316158810195e+005 1.10121886575428e+005 -5.60868048713140e+003 -3.73247682891621e+002 4.90691389142560e+001 3.83390466024671e-001 -3.72948815864377e-001 1.41114339365875e-002 2.33125313099224e-003 -2.27616108076444e-004 -8.98652702336750e-006 2.43592385234376e-006 
3.74996197390923e+007 -4.59167854151049e+006 -1.45040667059779e+006 5.52837669366033e+004 5.65737091370185e+003 -4.92348172757051e+002 -1.36906393052545e+001 3.89315190039378e+000 -7.42829345006504e-002 -2.64518363399351e-002 1.82813408879807e-003 1.32809927961884e-004 -2.19220200307797e-005 -8.93450546600675e-008 
2.14705171123876e+007 -4.75478298404216e+005 -8.29221875349296e+005 1.81050733206932e+004 3.60370134330249e+003 -2.24262378101737e+002 -1.24033118190522e+001 2.03972372174505e+000 -9.86986813086394e-004 -1.55930048763937e-002 7.34633695124679e-004 9.45529051813462e-005 -1.07771951484409e-005 -3.00432076178048e-007 
-4.50603965591537e+007 -1.12940992528857e+007 1.23972565299950e+006 1.27202969290941e+004 -4.51727286483360e+003 2.58374910115934e+002 -8.20438236323336e-001 -1.18987029391063e+000 1.04561188959832e-001 -2.49058772347849e-003 -3.82850467759689e-004 4.92196676717995e-005 -2.11769043733410e-006 -1.13401021133372e-007 
1.94208058861908e+007 -1.27250686207101e+007 -5.50769527968059e+005 7.54745690675046e+004 -1.81461996444791e+003 -1.38125284699723e+002 1.86803654667209e+001 -8.57181224754928e-001 -2.50058488384684e-002 6.88672078198355e-003 -4.63975779014687e-004 5.42876512497082e-007 2.79984215496659e-006 -2.61149414847319e-007 
1.50244838309288e+007 -5.62499364917335e+006 -4.22802193445118e+005 3.89945355351765e+004 -5.00631790175823e+002 -1.00583073606605e+002 1.00630905615741e+001 -3.34416613270231e-001 -2.42041360389581e-002 3.93686984709444e-003 -2.08111241656785e-004 -4.81620337062033e-006 1.71520920231582e-006 -1.27726463176297e-007 
5.81769942152439e+007 2.00514682605679e+007 -7.21502138727326e+005 -4.10168628435180e+004 7.31041959845339e+002 2.34617092837701e+001 -2.68573813999629e-001 -4.49629301867042e-003 2.92222448428150e-005 -7.23824147717673e-007 
-8.09678470202966e+007 1.22928464705918e+007 1.00165873742315e+006 -2.53245506670752e+004 -1.00048144637688e+003 1.48975631487427e+001 3.44429631592094e-001 -3.33944769007276e-003 -1.73476879667732e-005 -1.14105434164215e-007 
-4.01207195935452e+007 4.26099963530344e+006 4.96264703316704e+005 -8.79588981553227e+003 -4.96339455676027e+002 5.21656035098116e+000 1.71941409914156e-001 -1.21769322276982e-003 -9.65941615490290e-006 -5.40513785584206e-009 
9.11115828969662e+007 1.25426658430246e+007 -1.12928716804246e+006 -2.59577108227287e+004 1.12607968952015e+003 1.55909838202050e+001 -3.84424693732059e-001 -3.84947042986882e-003 1.61583924391044e-005 1.07070608576363e-007 
-4.95066434648889e+007 1.88438065111256e+007 6.12915360386019e+005 -3.85325373981369e+004 -6.27803767239061e+002 2.19691957480017e+001 2.41348823093374e-001 -4.11976672030680e-003 -3.51612399908584e-005 -7.43338513593324e-007 
-2.80520358743135e+007 7.68323587317216e+006 3.47201395518772e+005 -1.56907127671470e+004 -3.53696306881554e+002 8.89591160978961e+000 1.32903396641365e-001 -1.60953942339661e-003 -1.68417608125592e-005 -3.41862365627104e-007 
1.47460831061036e+008 -3.16804844746716e+006 -6.98751391752337e+005 1.70169825891837e+003 2.77090381659734e+002 3.58176622512140e-001 -4.41974926342714e-002 -2.64694915879814e-004 5.34506452931770e-005 -3.83246791110508e-006 -6.35536466581626e-007 1.20627425678564e-007 -1.55808664893496e-009 
1.89323919677328e+007 1.85938547921585e+007 -8.95040494691648e+004 -1.47414053549798e+004 9.88495236008035e+000 3.49219796674129e+000 1.45656231199122e-002 -1.96485495709046e-004 -1.01918887576289e-005 -3.04541809901920e-006 1.57236178795308e-007 3.11605730414993e-009 -1.05196530764043e-008 
8.20624602118906e+006 8.06181453839107e+006 -3.88103853515138e+004 -6.39158909465322e+003 4.28570484590650e+000 1.51395755049152e+000 6.43568095899804e-003 -7.36998168875724e-005 -1.01135595807673e-005 -1.58419942495574e-006 1.99637881423971e-007 -3.93515243586259e-009 -6.72066572052635e-009 
1.35652707619335e+008 -8.60084669354266e+006 -6.51684714757935e+005 6.13320682206041e+003 2.73197721141611e+002 -7.88622193037557e-001 -5.33775766830152e-002 1.67512574058815e-004 9.66407652402974e-005 -3.37532496293347e-005 -3.60632199675869e-006 2.68008631636708e-006 2.77063951951635e-008 
5.48493612644329e+007 1.71783397478604e+007 -2.63094387493551e+005 -1.40089269512571e+004 8.23345363350103e+001 3.69635010106802e+000 2.16899794617091e-003 -2.13978331391340e-004 -4.87344874257977e-005 -2.01785142462780e-005 4.18182258524429e-006 1.03102244235049e-006 -3.99278531868832e-007 
2.37788814728668e+007 7.44804942779857e+006 -1.14075738330863e+005 -6.07398725521297e+003 3.56988491915005e+001 1.60286987234270e+000 1.08150192149689e-003 -1.17297328462492e-004 -3.22738556702730e-005 -6.38325038915077e-006 2.42927060246983e-006 2.32507679338018e-007 -1.99219919446515e-007 
-2.39356213517110e+008 7.60629168823604e+006 1.03836160367084e+006 -1.68835755612201e+003 -3.05052437068593e+002 -2.88351397742425e+000 -4.38734909336969e-002 3.21523742312794e-004 1.86925277360000e-005 1.07854182094534e-006 5.14277200860785e-008 
-4.42258071637401e+007 -2.71681625844470e+007 1.92673110066101e+005 2.03341684149882e+004 5.67445356077393e+001 -1.42856237747148e+000 -5.04773061301440e-002 -1.30092046948255e-003 -9.99893016300647e-006 3.35083362063410e-007 -2.08212687593390e-008 
-1.38170288432827e+007 -1.26666517924190e+007 6.02743348460360e+004 9.37222891921660e+003 3.42800975139883e+001 -5.77211276615268e-001 -2.19718399613026e-002 -6.06680728720570e-004 -4.93086482545866e-006 1.85171227115534e-007 -1.38077189261210e-008 
1.09540443233911e+007 -1.82947738515755e+007 -1.56968751784372e+003 4.31184713973861e+002 -3.33160672633881e-001 -3.21158838762759e-003 8.63356691366740e-006 -3.84190000133435e-007 
7.04087822046445e+008 8.49407507643110e+005 -9.92995559054669e+004 3.41458112023763e+001 1.20286991033941e+000 -1.83261451634791e-003 -7.25440007942115e-006 -7.22025838194559e-008 
3.01530065423534e+008 8.09945151788302e+005 -4.25260481276096e+004 4.13007565095949e+000 5.23719262606085e-001 -7.07898276397955e-004 -3.21112123848271e-006 1.87664826083377e-008 
3.55984508450071e+008 1.22511592580440e+007 -6.68129792205995e+003 -3.85959088309877e+001 6.11857819955194e-003 1.97318157236797e-005 5.41563654811398e-009 
-1.34206454330408e+009 3.08735050940982e+006 2.51794418023780e+004 -8.46750018970356e+000 -3.38189918828404e-002 8.57147744134537e-007 7.93877887699295e-008 
-5.69581119420001e+008 7.48150043619079e+005 1.06862510916898e+004 -1.83637226893511e+000 -1.42275096269287e-002 -4.91126867137139e-007 2.59004518026449e-008 
2.37402345444727e+008 9.31177326143693e+006 -6.18650330750575e+002 -3.99916230109269e+000 5.70165016798446e-004 3.67814628405874e-007 
-2.64339961788756e+009 3.53953956478004e+005 6.90497997643619e+003 -6.71487426852197e-001 -1.42395532867676e-003 4.26129269275357e-007 
-1.16109308217330e+009 2.32597648783799e+004 3.03313154857076e+003 -2.38044284290711e-001 -6.31765548992954e-004 1.87692438749356e-007 
9.17916645903281e+008 7.30865341202636e+006 -6.31618355432001e+002 -8.40129806088126e-001 3.06867791187163e-005 1.37091813048114e-008 
-4.08759522083380e+009 1.51816355402022e+006 2.81173126489277e+003 -1.56384924891660e-001 -1.66410713276951e-004 3.36497271531301e-009 
-1.69593242516581e+009 4.39475131667681e+005 1.16653628778706e+003 -4.31299698805369e-002 -6.87499196638657e-005 1.41483209433486e-009 
-3.01824251082414e+009 5.73981838403488e+006 2.19443426018409e+003 -6.96360737487011e-001 -2.34873974214703e-004 9.22118961948584e-008 
-3.24988949430845e+009 -5.22169934556332e+006 2.36242930845133e+003 6.31883686851045e-001 -2.48517562417515e-004 -6.42522903695487e-008 
-1.04813984446475e+008 -3.35885850577067e+006 7.60415145976907e+001 4.07302042206160e-001 -7.32532160873266e-006 -5.14596067337671e-008 
-2.24993534131400e+005 -1.39379984248323e+005 1.14589299884721e+004 1.04819222794396e+003 -6.10940929957200e+001 -8.03067513457609e-001 8.82438086106840e-002 -5.58505024597432e-003 4.88622307880291e-004 -1.26065021068441e-005 -1.78373821141582e-006 1.69766675612614e-007 -7.03871750224407e-009 
2.67998140961077e+005 -8.08017030759379e+004 -1.40323049384373e+004 8.31081638657470e+002 4.24522863559106e+001 -2.62540414852190e+000 4.60035019585705e-002 -1.40254329765535e-003 -1.64245536371193e-004 3.53141356460490e-005 -1.91111630953644e-006 -8.47443748519262e-009 6.34602065875973e-009 
1.27854084097874e+005 -5.05589646205888e+004 -6.70065406489989e+003 4.98995560316633e+002 1.86966012894143e+001 -1.43210851218221e+000 2.94945120104263e-002 -1.05949809677834e-003 -5.79971143243978e-005 1.78415529436042e-005 -1.11043758307171e-006 5.50946154071191e-009 2.93055698177372e-009 
-3.84414562385446e+005 -1.46479907238419e+004 1.79289943369180e+004 2.79264654393831e+001 -6.21882209042852e+001 5.64496651173717e-001 4.54301558944212e-002 -1.00372031356029e-003 -1.21344817465495e-004 -3.42852764700646e-006 1.05301879430790e-006 -7.54398963173214e-009 -2.58690258085868e-009 
3.14385816960426e+004 -1.45294703288334e+005 -1.56170890714507e+003 1.13633187955042e+003 -2.08682920137605e+000 -1.90015915769173e+000 2.93231821607498e-002 9.46282792796192e-004 2.10440044731438e-005 -1.22660757476618e-005 -1.13767855563174e-007 5.17968012992947e-008 -7.86919429800056e-010 
-5.62421464248103e+003 -7.71013570039160e+004 2.35932244052119e+002 5.98466731310673e+002 -4.83826756676253e+000 -9.66409158950521e-001 1.82712042070865e-002 4.38221813329948e-004 3.87003811903314e-006 -6.63905080662125e-006 2.51471806663296e-009 2.67783942796259e-008 -5.68291570177639e-010 
-2.80395922271607e+005 1.14375420187775e+005 1.28153315076749e+004 -8.33925121247585e+002 -4.41093410299784e+001 1.00839627446935e+000 -9.24835019763691e-003 -8.70345319893643e-004 2.31389079510780e-004 1.39686236529158e-005 -1.40454033804206e-007 -1.00209305499472e-008 8.01126517040623e-010 
-2.30591429431253e+005 -1.06418612940934e+005 1.07609944796849e+004 8.42737810519788e+002 -3.20637079620015e+001 -1.15266473007393e+000 1.25970763407470e-002 -3.08907566323985e-003 -1.45173456333956e-004 7.27098759991095e-006 6.11822530970909e-007 -4.73082786169080e-010 1.17298842988148e-009 
-1.36989425909747e+005 -4.91046850070530e+004 6.39895978033980e+003 3.92224908063348e+002 -1.95032892627569e+001 -5.42775048599504e-001 6.30026089622002e-003 -1.67001470655197e-003 -6.23902659534873e-005 4.64179228588807e-006 3.11945167516400e-007 -9.14208083647831e-010 6.60579373684417e-010 
1.17028764604363e+004 1.66365317549559e+005 -7.74347116704668e+002 -1.37825866094802e+003 -2.20691074391222e+001 1.72617813624323e+000 1.29687319161877e-001 1.17352651710791e-002 3.35739144044720e-004 -3.07417502685340e-005 -3.96844122950797e-006 -2.43814618062989e-007 -4.03526539768158e-009 
-3.32663042160996e+005 9.58599439058948e+003 1.69954840125249e+004 1.27780238886889e+002 -6.01013954989359e+001 -1.97835945643280e+000 -5.95121787046213e-002 2.44789722776225e-003 7.36294676244202e-004 4.71525138319307e-005 8.44611704869300e-007 -1.33896347070260e-007 -1.90971966933278e-008 
-1.73409771800323e+005 1.47514763428504e+004 8.85465752014448e+003 -1.55212916419469e+001 -3.28006311972621e+001 -9.27126184307301e-001 -2.32954829558547e-002 1.97023929839892e-003 4.04757852147582e-004 2.28141027161509e-005 2.05366031542326e-007 -8.44138584027670e-008 -1.02180962555617e-008 
2.84389134044926e+005 9.22889984296979e+004 -1.74439513471982e+004 -1.17967182860901e+003 6.68664327956165e+001 7.52039572733234e+000 1.55091181063622e-001 -3.32906482727341e-002 -3.51776092867768e-003 -4.63762430111634e-006 2.59833682358571e-005 1.92491929621278e-006 -6.63752324968585e-008 
-1.86286989525029e+005 1.32198827842212e+005 1.14206328463369e+004 -1.13920388346638e+003 -8.91716763701581e+001 1.21047418194955e+000 4.72156797769859e-001 2.79559255130494e-002 -1.24527281962502e-003 -2.90821133261121e-004 -1.12869718962872e-005 1.43307052937342e-006 1.96425416479571e-007 
-8.08733587129636e+004 7.45436969096197e+004 4.94121346685428e+003 -6.66390164617267e+002 -4.26144692233799e+001 1.08398338498327e+000 2.55899277406662e-001 1.26269401121992e-002 -8.59667666056945e-004 -1.52259246134069e-004 -4.35639244314609e-006 8.63154344644985e-007 9.87166839024508e-008 
3.04421348282310e+005 -7.52064359780629e+004 -2.08144957092156e+004 8.31116345804440e+002 1.43019898718945e+002 -4.71368890143903e+000 -8.65664182162295e-001 3.27022797526375e-002 6.78738707281163e-003 -2.82327245743728e-004 -6.08268839409185e-005 2.66539718293743e-006 5.81602627737727e-007 
1.13162860556733e+005 1.51042929189951e+005 -7.74297852191394e+003 -1.68653454663815e+003 5.22695659934951e+001 9.70769874629120e+000 -3.13606676611361e-001 -6.70893969789667e-002 2.49120198061914e-003 5.70692808608864e-004 -2.26793574878985e-005 -5.31316902654892e-006 2.20054711381040e-007 
7.68001775407274e+004 7.44778972089603e+004 -5.28142986783213e+003 -8.32130989008483e+002 3.58926276206632e+001 4.79454633238688e+000 -2.15547550746430e-001 -3.31262856421382e-002 1.70520887981498e-003 2.81530054379246e-004 -1.54629279488292e-005 -2.61883429366804e-006 1.49511860582308e-007 
3.87869537109613e+004 -1.74799144452955e+005 -2.41513488647969e+003 1.78127669338179e+003 -2.75035451987376e+001 -6.34192219864826e+000 4.91717373123128e-001 3.81616219794741e-004 -3.43013704890642e-003 2.41473092923349e-004 8.43456734393363e-006 -2.47864461186974e-006 1.16817399197709e-007 
3.06065798248530e+005 3.24594318555281e+004 -1.89266610773242e+004 -4.98884544422967e+001 1.04801392687524e+002 -3.75987336893446e+000 -2.38197479048472e-001 3.94875547672210e-002 -1.28990798204185e-003 -1.96021810612842e-004 2.36242881327178e-005 -2.11936038845397e-007 -1.72754634499828e-007 
1.61875315208359e+005 6.61801304708207e+003 -1.00269815930220e+004 8.07733947287935e+001 5.31774406024712e+001 -2.34665826330522e+000 -9.54639708917887e-002 2.06701627055078e-002 -8.77653923933811e-004 -8.81430129981521e-005 1.28488215257363e-005 -2.57757525407314e-007 -8.33688025164494e-008 
-2.71780082758145e+005 -1.22114246482455e+005 1.39007888882390e+004 8.46211536929931e+002 -6.78460788752760e+001 3.62249253959137e-001 5.12871902534193e-002 -9.63448726008394e-003 8.28738801911823e-004 -1.84448132759871e-005 -2.14910437773175e-006 2.74544252528937e-007 -1.77195288723824e-008 
2.33617613870120e+005 -9.91791904252012e+004 -1.22043733248366e+004 9.74156653657484e+002 2.85251316188767e+001 -2.60322428847665e+000 1.14429420702969e-001 -5.15093069387523e-003 -2.79004142402547e-004 5.20335800554132e-005 -3.01408021694350e-006 4.87597614694229e-008 1.03914298190705e-008 
1.05743918612468e+005 -5.89339749700440e+004 -5.53210613673876e+003 5.60121381215288e+002 1.07980810147174e+001 -1.34487228777448e+000 6.29431656046224e-002 -3.25583772155053e-003 -9.66300248473650e-005 2.61034693888673e-005 -1.70353061070786e-006 4.17406016694977e-008 4.38301641862375e-009 
-1.76968612212998e+005 6.55117846022107e+003 5.83093256611438e+000 -1.19391284541809e-002 -2.15203392524899e-002 -6.93640576493564e-004 3.41002343996962e-004 5.20051428029708e-005 -3.02696649144555e-006 -1.72722023038800e-006 -1.10894148268525e-007 
3.84479487060745e+004 -1.06679371515616e+003 2.02080808780615e+001 2.17702332238841e-001 -3.40573438444012e-004 -2.40786156348694e-003 -1.86175026279284e-004 3.66238973021862e-005 8.87186737391368e-006 -4.16240773846034e-008 -2.48432928026135e-007 
1.35681832713847e+004 -5.78113125389251e+002 8.46555616761414e+000 1.07698208528579e-001 1.69707093786649e-003 -1.21247484413647e-003 -1.34704679725858e-004 1.41664690087280e-005 5.05286204608511e-006 1.59011710904257e-007 -1.21181946321773e-007 
-1.63822945605721e+005 6.59338145379630e+003 4.59357394214841e+000 -8.39447683701149e-002 1.28583353964962e-002 -4.21794483940577e-004 -2.81832903377131e-004 4.50162898199667e-005 9.36291265581499e-007 -1.26716593379257e-006 1.46003060963870e-007 
3.64823288164071e+004 -8.97564643403129e+002 2.17206937163597e+001 3.21786501538991e-002 -1.96947468970971e-003 1.96586812482415e-003 -1.84678713453952e-004 -2.21911646208275e-005 7.40141303098318e-006 -4.16627465176840e-007 -1.39764950866272e-007 
1.24829554859998e+004 -5.06451300213368e+002 9.25164490366553e+000 1.08361940501500e-002 -2.67830241151868e-003 1.09817810115360e-003 -6.93019169544009e-005 -1.65243825603268e-005 3.85626046817878e-006 -8.89728566690120e-008 -8.97897348332231e-008 
4.76725974800718e-005 -1.64884129297442e-006 -5.92196709502110e-007 1.53388191675295e-007 2.83507431448600e-008 -6.39632375896258e-009 -2.05486575060915e-010 8.05378041079093e-011 -4.95854938770433e-012 3.86398879042745e-014 
3.85610401695570e-005 3.72314824890677e-007 -2.10136675374135e-007 -6.64167586427261e-008 1.60543204196359e-008 1.50430174693973e-009 -4.46873824665568e-010 -2.45439075579311e-011 1.02226717281873e-011 3.67711618527262e-012 
4.52830571796119e-005 2.79222918995401e-007 5.10999122799306e-007 -1.25823130446367e-007 -3.25325817457297e-008 1.83230235964583e-009 5.59023159107441e-010 7.88935466665922e-011 -2.75016522427035e-012 -3.21077196488396e-012 
3.79246758951116e-005 -6.04830486869829e-007 2.15749290037932e-007 6.28734102753239e-008 -1.08174563844277e-008 -2.25089971210114e-009 1.02234590929290e-010 -8.50975954627853e-013 -1.57624879983250e-011 3.63497521553209e-013 
4.46641029868864e-005 -1.59380449763842e-006 -4.34426190816544e-008 3.52266392242118e-007 3.42618855577793e-008 -2.60548845488978e-008 -4.35686870628804e-009 1.11741456282785e-009 3.14211768166143e-010 -3.25955360103061e-011 
3.76382620570740e-005 -3.14678072910235e-007 -4.38757201289992e-007 -3.05942178281222e-008 4.83447056016872e-008 5.56321440839202e-009 -2.62378697220828e-009 -4.76459750496225e-010 9.91688491215327e-011 2.47422600571321e-011 
4.47730274201306e-005 9.47022807338076e-007 -6.62782333937314e-007 -1.56458330208612e-007 6.69608308331932e-008 -6.65618948586514e-010 -2.33815493785025e-009 5.94178842358566e-010 -3.25319529509847e-011 -2.92323935441530e-011 
3.65990335741369e-005 2.60376665797369e-008 2.46310684478588e-007 -1.03439836216141e-007 -1.03729959780307e-008 6.64059445201437e-009 -7.89857997723627e-010 -1.37934060705258e-010 7.85672633504436e-011 -4.66829394995555e-012 
4.39285189705268e-002 1.18771551019489e-003 -4.07749716654460e-004 -5.61683460786136e-005 5.50481082454163e-006 1.38201453136765e-006 -1.98868281919108e-008 -1.87799770747531e-008 2.01429976049769e-010 9.89653622252286e-011 
3.88033435065417e-001 -6.24509560642725e-004 -1.06336055016590e-004 2.17047349781668e-005 3.58027722614780e-006 -1.47573548766227e-007 -6.61606258707707e-008 7.70919366813414e-010 6.16105010109442e-010 -4.04893891581085e-012 
1.70212194974700e+003 9.18835437523463e-001 3.88920686682359e-004 5.03861237234842e-005 -5.17959730865497e-006 -1.26513092535258e-006 1.72815324882329e-008 1.73884680212029e-008 -1.84647094321948e-010 -9.06410322568159e-011 
4.28219191098100e-002 -2.02464988680327e-003 -8.87459535802961e-005 1.03144872863724e-004 2.74286551703818e-006 -1.82268545162680e-006 -6.34969445936886e-008 1.59555915812765e-008 6.11212140683045e-010 2.87930400693434e-012 
3.87045812196046e-001 -7.67888669181375e-005 2.16933525434907e-004 6.55811461130710e-006 -5.54265666482829e-006 -1.60963596723194e-007 7.03977107509594e-008 2.77050830426584e-009 -2.91795789297721e-010 5.36363312868771e-012 
1.70396286772023e+003 9.21814660641537e-001 7.19430651988125e-005 -9.71845037685095e-005 -2.48225973476726e-006 1.69831600974717e-006 6.03609807820284e-008 -1.46116368276762e-008 -5.60049010622008e-010 -2.66731353677791e-012 
4.09055251783296e-002 5.77694263454415e-004 4.52168673896314e-004 -4.00694739497446e-005 -5.49451210954304e-006 2.10472743061343e-006 -1.51292360364901e-009 -7.87147207745878e-008 -3.17617514444378e-009 2.45370905225801e-009 
3.88034795152497e-001 8.25642150456544e-004 -4.93045938354919e-005 -2.37125756026359e-005 3.56277226314437e-006 9.07247166987687e-008 -1.55584960252803e-007 -1.90601867786663e-009 5.28660696347536e-009 4.08319697056755e-010 
1.70580440850630e+003 9.19290646509774e-001 -4.28860762690743e-004 4.00203927334626e-005 5.50822939624607e-006 -1.99440257176316e-006 -1.32392523140537e-008 7.30270023046103e-008 3.43591401709894e-009 -2.23851093142611e-009 
4.40353622048696e-002 2.11034151400110e-003 -9.12694546309977e-005 -6.27365299899886e-005 -4.18410255535219e-006 6.73637020796390e-007 1.99068204416999e-007 -2.10536177413463e-008 -1.58449104230909e-009 6.57041256946647e-010 
3.88798686192772e-001 -1.54895819537631e-004 -1.65852946862988e-004 -1.03847862823793e-006 2.61141420279083e-006 4.28772395991162e-007 -3.92038379840147e-008 -9.20715573565582e-009 1.57449214419755e-009 -7.07515927447308e-011 
1.70764119813589e+003 9.17933652792014e-001 1.03262238004568e-004 5.77800152232762e-005 3.53792898715962e-006 -5.85024885819217e-007 -1.84530326393692e-007 1.87203774215300e-008 1.61114705495794e-009 -6.15791334182211e-010 
