2.83635761157749e+007 1.16327447907080e+007 -4.01736383239900e+005 -3.35781187763696e+004 -5.34998279672262e+002 -1.09909779775883e+001 5.86091335294042e-001 5.65517444613022e-002 3.38454366374902e-003 1.50750435766389e-004 4.64077744783504e-006 3.87602116755680e-008 -8.22709480509874e-009 -7.95924746627989e-010 
-5.10414113212035e+007 7.74443929703156e+006 6.99545232679810e+005 -6.35947407205419e+003 -6.77241130280264e+002 -3.20308370289115e+001 -1.42651366976949e+000 -3.72538312242480e-002 -3.42130338282774e-004 6.37759276846129e-005 5.78233642272689e-006 3.42334044964833e-007 1.49430051016568e-008 4.37196183921397e-010 
-3.01417771363737e+007 2.93171893948327e+006 4.15335059708300e+005 8.26993451666224e+001 -3.06340554210421e+002 -1.59719200618188e+001 -8.22789077410434e-001 -2.57622076203178e-002 -5.33543888469669e-004 1.84468705338789e-005 2.60803526254986e-006 1.78853910994134e-007 8.83509152043055e-009 3.16078519276136e-010 
4.70309136590922e+007 6.65367043053974e+006 -8.58646982606719e+005 -4.22979722574437e+004 -3.97164811232745e+002 4.04279804255507e+001 4.69996630273274e+000 2.73486293511977e-001 9.48368429455979e-003 -5.11715245809541e-005 -3.74519935780866e-005 -3.31526103157364e-006 -1.76039183204375e-007 -4.38652599773821e-009 
-3.03686007866613e+007 1.27888763989030e+007 5.30132863396200e+005 -2.45069568092787e+004 -1.73315758741439e+003 -7.53039986182260e+001 -1.71639771095539e+000 7.74028509024500e-002 1.19710806552473e-002 8.28418732096606e-004 3.47157715305781e-005 2.85895325368856e-007 -1.00874483921281e-007 -1.07038185227681e-008 
-2.10325192988279e+007 6.14249795056489e+006 3.72187265880609e+005 -8.70807873070063e+003 -8.84700156113671e+002 -4.44175847556192e+001 -1.40400270854561e+000 1.30054683031176e-002 5.41215019941167e-003 4.47848282855382e-004 2.24267459775922e-005 4.96314908746734e-007 -3.56433862732773e-008 -5.26343218926077e-009 
5.18601206120211e+007 -2.23772666240525e+006 -1.34960817955572e+006 -3.30326699632206e+004 2.26120473302191e+003 2.57604065383826e+002 1.19238593302879e+001 -1.57154606312591e-001 -7.11441529310069e-002 -5.55240248775657e-003 -1.25902710654041e-004 1.90465113573711e-005 2.50214946201344e-006 1.26968445281552e-007 
-1.89345481108747e+006 1.52614845726826e+007 1.75381149593289e+004 -6.45767105182663e+004 -3.10717390775037e+003 -1.27353434681711e+001 1.14130014688119e+001 1.02060431068298e+000 3.36993733993020e-002 -2.19977691601497e-003 -3.80361944921183e-004 -2.30563578794794e-005 3.41320513652688e-009 1.34027955590078e-007 
-6.32107176026486e+006 8.38485694386663e+006 1.49238658621941e+005 -3.10737684249864e+004 -1.89421305510266e+003 -3.35007520438348e+001 4.86111904312532e+000 5.61498894895460e-001 2.53755770344212e-002 -5.99693611179254e-004 -1.90142906761368e-004 -1.42907524530491e-005 -2.57493482054510e-007 5.84396687506992e-008 
3.60682774149071e+007 -1.35463803932772e+007 -1.32847801419194e+006 5.16983452894844e+004 7.93821823051466e+003 9.83942090970965e+001 -4.05844225427801e+001 -2.81133930976529e+000 1.26152678428829e-001 2.78028304130983e-002 6.41862351855698e-004 -1.83094339574090e-004 -1.61131423392273e-005 5.55099912862617e-007 
2.57980096250379e+007 1.15842392618897e+007 -9.88680853473528e+005 -9.17634875664042e+004 1.53306874802623e+003 5.22398470291858e+002 1.79181717682575e+001 -2.39350590852761e+000 -2.56751152322785e-001 2.98780527024493e-003 2.14162296882870e-003 1.02310832600412e-004 -1.13943333788455e-005 -1.54970683437320e-006 
1.01088384446421e+007 7.59245274935749e+006 -3.90478305306442e+005 -5.43783956320596e+004 -3.72536423216924e+000 2.68870427727978e+002 1.37780469243993e+001 -9.87261767271017e-001 -1.50231860952402e-001 -1.28531955559519e-003 1.07754414845212e-003 7.36303995130636e-005 -4.41697957283041e-006 -8.85390044091988e-007 
-5.97564410037996e+007 1.98335452719229e+007 7.47055157215580e+005 -4.18060399716830e+004 -7.26781708599560e+002 2.69590395184732e+001 2.13877645845711e-001 -8.79269770328873e-003 3.23666162214313e-005 1.78889704780838e-006 
-8.32302246577155e+007 -1.18436692425893e+007 1.03541487009175e+006 2.38994494718832e+004 -1.09671119572640e+003 -1.27610621507047e+001 4.80182949897960e-001 1.16933995764453e-003 -1.20848414910647e-004 1.62018817525113e-006 
-3.36578465080664e+007 -6.58382802765425e+006 4.18644495598570e+005 1.33989860094903e+004 -4.47509560155569e+002 -7.44770349513283e+000 2.02538540353676e-001 1.08245661042915e-003 -5.64248679238840e-005 6.15853694599542e-007 
-1.58131735473329e+007 2.36479969244931e+007 1.94085774468817e+005 -4.89231726740442e+004 -1.55402785286036e+002 2.93011099933483e+001 -1.07593669893936e-002 -7.09167373271865e-003 6.33353967240768e-005 2.81354394433288e-008 
-9.79468418295747e+007 -2.72678503096358e+006 1.21054303661454e+006 4.94044751834164e+003 -1.23605624675752e+003 -1.22434866096587e+000 4.67992073149235e-001 -1.71663316482831e-003 -6.01774940684320e-005 1.52331380734227e-006 
-4.30594659281127e+007 -2.72281070755289e+006 5.32431384091647e+005 5.31822815632450e+003 -5.46359396746865e+002 -2.40465280286458e+000 2.11265368557330e-001 -3.23777259406465e-004 -3.10903068390280e-005 6.83246014627131e-007 
6.60914478848346e+007 1.81383995480833e+007 -3.00280551503049e+005 -1.37268040610328e+004 1.02274658530385e+002 2.71141324762785e+000 -5.84509626779849e-003 -7.83990838177200e-005 -6.76911876713184e-005 7.45789963679137e-006 1.83967421302551e-006 -8.44929200907375e-007 6.45520881761723e-008 
-1.25533634161712e+008 8.19545868640427e+006 5.64784219323643e+005 -6.02578415686897e+003 -2.04484092825964e+002 1.04007262002289e+000 2.10730388338783e-002 -3.31584428776569e-004 5.59400830641869e-005 1.14208465341882e-005 -4.75682160198702e-006 3.45179318360950e-007 2.41097592619596e-007 
-5.44000339805417e+007 3.55229442187961e+006 2.44825641188123e+005 -2.61198023558762e+003 -8.86417243731863e+001 4.50726283027037e-001 9.27084598700774e-003 -1.43512580073863e-004 1.50318833384280e-005 5.94090839023236e-006 -1.74713733271715e-006 3.35180581936226e-008 1.09950060977398e-007 
9.94666997703568e+007 1.51091481848858e+007 -4.53425009245293e+005 -1.16664017521667e+004 1.54593961244865e+002 2.50529360028605e+000 -9.16049381878315e-003 -1.22325971781532e-005 -6.74061957633413e-005 -1.25114749969033e-005 1.08874538768960e-006 5.74368325642336e-007 6.81961741043301e-008 
-1.04891530306579e+008 1.23706329482434e+007 4.73619280949367e+005 -9.10359982232434e+003 -1.78544123252640e+002 1.56785229754826e+000 2.24000161886708e-002 -2.82777155690524e-004 -2.55267386641508e-007 1.45678781018907e-005 1.38456688687297e-006 -2.72543201418585e-007 -8.62108541942645e-008 
-4.54526143473584e+007 5.36217609653117e+006 2.05308256526345e+005 -3.94617570523672e+003 -7.73980822310332e+001 6.79781596203843e-001 9.84217335314864e-003 -1.33214333515151e-004 -9.28238563405833e-006 6.20706821125466e-006 9.70630657189608e-007 -7.15549475843228e-008 -4.19439258871426e-008 
1.39078136195219e+008 -2.44709451277421e+007 -8.29392902544795e+005 2.98523172035740e+004 1.54233631564487e+002 -1.55094513118726e+001 2.59082777599074e-001 2.84952557769668e-003 -2.26172769574136e-004 3.77228340569985e-006 -4.62523218797969e-007 
1.54364845613433e+008 2.16794517293636e+007 -9.21156279413826e+005 -1.51354757294996e+004 6.65459731352504e+002 -3.73196479567435e+000 -2.42979078804815e-001 8.09953832126651e-003 -4.40004040810899e-005 -6.78898095958687e-006 -4.75804994155376e-007 
6.70810594848442e+007 1.06038235411904e+007 -4.00146381254907e+005 -7.74748380421342e+003 3.01071013566530e+002 -1.29341375840195e+000 -1.18433371853479e-001 3.63581881656023e-003 -1.51105631811144e-005 -3.35253839525449e-006 -1.71130185376986e-007 
-4.63138865502015e+008 -1.48479796386212e+007 5.93945919147500e+004 2.87378898247056e+002 -8.30178252145332e-001 -6.47076709454339e-004 5.52110209126940e-006 -9.90312964365606e-008 
5.84119523289664e+008 -9.08134323375015e+006 -7.50395022804451e+004 2.32748742438276e+002 5.90858574983852e-001 -2.10630629082897e-003 1.55408512848511e-006 -2.55191041422805e-008 
2.61650417612068e+008 -3.53102731107973e+006 -3.36098242734716e+004 9.27670096627454e+001 2.73467822737963e-001 -8.87011681623108e-004 5.63181034307344e-007 -1.05928240696037e-008 
1.39718719820880e+009 -2.71251864045074e+006 -3.13287935063214e+004 2.08209057912146e+000 6.14584462879085e-002 3.38649846415695e-005 -3.38113843039809e-008 
2.15643038499030e+008 1.21376033550509e+007 -4.84486194592195e+003 -4.66035078520617e+001 -8.52769039910470e-003 5.55965535960082e-005 5.49112958537462e-008 
2.88917254790441e+007 5.13023673366835e+006 -6.51941344592896e+002 -1.93382355832023e+001 -6.16664236443714e-003 2.14700978423480e-005 1.70879406965853e-008 
1.37048751718119e+009 -8.37357191194733e+006 -3.53205583055602e+003 3.34951164063229e+000 1.07939161623064e-003 -2.94073685164339e-007 
2.35780984132213e+009 3.61710933396026e+006 -6.07639315813346e+003 -1.99342357594961e+000 1.00615065137685e-003 4.38091543991449e-007 
1.01327190378936e+009 1.70261125689692e+006 -2.61136225778009e+003 -9.20534673091933e-001 4.24567700709032e-004 1.95768142116665e-007 
4.46497575493802e+009 -3.42913799494375e+005 -3.17453871152529e+003 2.42214843906429e-002 1.93355331042510e-004 1.65893367787149e-008 
2.02501585509630e+008 6.98804043950142e+006 -1.43984762493030e+002 -8.28355147523927e-001 4.99810845531701e-006 3.23059955062138e-008 
-2.82757610975713e+007 2.86877867921856e+006 2.00889242637679e+001 -3.39643946636854e-001 -2.64366703167740e-006 1.23931419207200e-008 
2.95985601126123e+009 6.44979536992826e+006 -1.24737667052555e+003 -2.57992596340629e-001 1.26105016590667e-004 -2.78385732275888e-008 
-3.88830751173545e+009 3.15411063964321e+006 1.63873142825166e+003 -4.77533646603878e-001 2.57136422691817e-005 1.52177805514413e-008 
-2.10521867360742e+009 -9.59001035102064e+005 8.87252713832951e+002 -7.12465150713553e-002 -3.00833471454816e-005 1.07933896303302e-008 
-2.34619333237182e+003 -1.83018472364111e+005 7.66125271802084e+001 1.99814758273150e+003 4.17730231270826e+000 -1.06981016216610e+001 -1.18865859709234e-001 6.57139113923883e-002 1.84245878885526e-003 -4.89074491931206e-004 -2.30566894488784e-005 3.87137044784835e-006 2.66633768491529e-007 
2.97397545281352e+005 1.67862267895431e+003 -1.99457757588023e+004 -4.19251576546536e+001 1.30896084738231e+002 9.12167667135267e-001 -7.13302265518593e-001 -1.50150843307815e-002 4.91031782259722e-003 1.95562990437675e-004 -3.78536298285163e-005 -2.29379499754083e-006 3.00363491245249e-007 
1.57386474227596e+005 -8.42042106066670e+003 -1.05787397216803e+004 7.89989762772999e+001 6.97337749079285e+001 -5.86812563265402e-002 -3.84775730271478e-001 -4.62886760512967e-003 2.69974370795761e-003 7.89194747573483e-005 -2.12599169777431e-005 -1.02042753080871e-006 1.72941642579140e-007 
-3.00630574472987e+005 -9.97533568014872e+004 1.84430154477725e+004 7.42685908805463e+002 -1.19152415871717e+002 9.82735128558788e-001 5.09572223073226e-001 -3.71387483598141e-002 -1.28298775620905e-003 3.40051786266959e-004 -1.00064800570112e-005 -2.04304268720014e-006 2.02285655792709e-007 
1.62153180311166e+005 -1.28405934203530e+005 -9.94940737419341e+003 1.42244698807290e+003 2.49796428927591e+001 -7.09122001404203e+000 2.51171777039192e-001 2.68682977945915e-002 -3.30527074864174e-003 -5.16258711087235e-006 2.49151734227539e-005 -1.42995445789742e-006 -1.14137181637879e-007 
7.04528666151203e+004 -7.32035068182983e+004 -4.33873394469398e+003 7.93133141044492e+002 7.23337459793278e+000 -3.71625261887464e+000 1.59089910281141e-001 1.23774832628175e-002 -1.81918770834720e-003 1.45263934253432e-005 1.27133042245317e-005 -8.62580384789297e-007 -5.02887007627618e-008 
-3.44597125974236e+005 5.51202653438497e+004 1.77810235355937e+004 -6.76938025076158e+002 -5.33475670457611e+001 3.01875837138820e+000 -1.33523553978164e-001 -4.91999346608912e-004 9.25356294275060e-004 -6.77116759742027e-005 1.60389317650264e-006 2.02774996487321e-007 -2.95245833715266e-008 
-1.20843233838024e+005 -1.41058679202519e+005 6.16051508562563e+003 1.09435289910728e+003 -4.38666200721256e+001 -5.79157005429233e-001 1.15100564021297e-001 -1.32591778336303e-002 4.80301911022455e-004 2.59312472436283e-005 -4.36229329236522e-006 2.87488377825464e-007 -2.38202393602293e-009 
-8.18908224786154e+004 -7.19869033743317e+004 4.18401531503459e+003 5.46841345326110e+002 -2.60281312458753e+001 -1.57363500186505e-001 5.43450827426462e-002 -7.05778819101605e-003 3.01862735263817e-004 1.03295882392995e-005 -2.23336899462009e-006 1.62824495886160e-007 -2.76363527497428e-009 
-1.25679794689194e+005 1.53960441164679e+005 6.04530956373747e+003 -1.18930273874382e+003 -1.63061967403133e+001 1.31539926061266e+000 1.37128255193425e-002 5.47011126360666e-003 -1.89826654075163e-004 -9.50507130892424e-006 3.04417077871209e-007 -1.78261422651079e-008 3.56984247198024e-009 
-3.20777990145846e+005 -5.15685845338720e+004 1.49239392855296e+004 3.58266656942490e+002 -4.80059604875836e+001 -3.81028395219548e-001 -2.94382147919605e-002 1.42856297392452e-003 2.82444955264576e-004 -1.04206996337350e-005 2.49701426663536e-008 -2.09081628322520e-008 -4.62007753250553e-010 
-1.76631679107373e+005 -1.93755745874233e+004 8.23848831587086e+003 1.29120794238338e+002 -2.63907523567376e+001 -1.36315064804593e-001 -1.47593072612891e-002 1.04132612366945e-003 1.40259346823729e-004 -6.02455952430358e-006 2.79984986055093e-008 -1.19821264721817e-008 -6.11257479527863e-011 
1.83791463149888e+005 1.43113480201416e+005 -8.76025973726117e+003 -1.18535097866396e+003 2.11246015087101e+001 2.56962735564102e+000 4.94042821946646e-002 -3.14432958528810e-003 -2.13904487560112e-004 1.25008280292369e-005 6.22691098197534e-007 -4.09384204416153e-008 -4.15457052395158e-009 
-3.00589332597680e+005 7.12596357321477e+004 1.43100191700105e+004 -4.81868149358915e+002 -5.57328085063723e+001 4.09547634813845e-002 7.51252925864727e-002 3.67371356264681e-003 -1.51412188092974e-004 -9.16443208960396e-006 6.91375733227610e-007 4.62089142167574e-008 -1.32265810159915e-009 
-1.49803973607975e+005 4.52967516094791e+004 7.14542048725942e+003 -3.17793651621992e+002 -2.85582274571544e+001 1.56673090553437e-001 4.26174977108755e-002 1.78718344187717e-003 -9.16330012677602e-005 -4.22357144449273e-006 3.99958618304456e-007 2.24265340854609e-008 -9.20596371040472e-010 
3.61675283554323e+005 2.60205769303934e+004 -1.91540678864722e+004 -4.09664398478147e+002 7.52087441528942e+001 2.37769083161550e+000 -6.49672403777665e-002 -3.71356902689172e-003 -3.03164522169884e-005 -1.96129708032811e-005 -1.45539147993481e-006 6.50041485780088e-008 8.80908636416232e-009 
-7.20814165268263e+004 1.48276775771317e+005 3.58969686953293e+003 -1.24548793508149e+003 -3.17907252851113e+001 2.46972960009011e+000 1.08977282831434e-001 1.46599049306010e-004 6.72095695950877e-005 7.76808628231393e-006 -1.29065246715593e-006 -1.21600934384539e-007 4.16110491862552e-010 
-1.91863363010960e+004 8.00953409410799e+004 9.04543882415983e+002 -6.83537402872922e+002 -1.29715778214180e+001 1.43960165645483e+000 5.45779749879255e-002 -1.20298941373742e-004 3.39064543024341e-005 3.09467000974698e-006 -7.62147036759449e-007 -6.12176025966303e-008 6.84508366446398e-010 
2.61259933193387e+005 -1.23574576354680e+005 -1.56788853707698e+004 1.04182104800526e+003 9.48165663037016e+001 -1.31058385429763e+000 -2.98308081201316e-001 -1.39897014979659e-002 2.53790756979030e-005 9.12092673416936e-005 7.39394438780874e-006 -4.25305024357380e-008 -4.62828367211220e-008 
2.02826023602079e+005 1.13261582079213e+005 -1.23065885509897e+004 -1.21304490334078e+003 4.44543976391183e+001 5.07432060851796e+000 6.97002248420708e-002 -9.84007579009119e-003 -1.16611740763889e-003 -5.11384108173962e-005 3.70610917146136e-006 5.90458786337593e-007 1.95918270703506e-008 
1.21508995024731e+005 5.36433702591698e+004 -7.36320055398811e+003 -5.90084101302949e+002 2.86286594318900e+001 2.62997367608460e+000 2.12588829501551e-002 -5.97366470230131e-003 -6.18373575577591e-004 -2.23544652870273e-005 2.36016134074784e-006 3.11578398472810e-007 7.96840138323602e-009 
-5.67260090842584e+004 -1.78202829184753e+005 3.55341820279061e+003 1.88078942754095e+003 -1.68839214841706e+001 -9.00385243854689e+000 -3.87994971377904e-002 4.53837706908186e-002 1.45482690648298e-003 -2.65823953120651e-004 -1.82571689391867e-005 1.50672632239277e-006 1.83869043113594e-007 
2.98314836304813e+005 -2.38126535925227e+004 -1.93991386042042e+004 2.29502559367458e+002 1.18951645007996e+002 -2.94808329314306e-001 -5.48547540326854e-001 -1.01060808104259e-002 3.01900497912431e-003 1.56467541407300e-004 -1.75336098252703e-005 -1.68244129086353e-006 8.96655806848221e-008 
1.55442795211373e+005 -2.20670271516003e+004 -1.01210572752367e+004 2.21106218852610e+002 6.23522554264459e+001 -6.31907881831487e-001 -2.93700166623547e-001 -2.97376823557493e-003 1.68162371235924e-003 6.91190367713038e-005 -1.02836240554792e-005 -8.14617983808052e-007 5.73687772946483e-008 
-2.54869734592445e+005 7.61195916829099e+003 -1.20793977668075e+001 1.58684485708424e-001 2.97794989884004e-003 -1.04349474235741e-004 -2.22033690545552e-005 -3.00915117150233e-006 -2.90402733157809e-007 -2.06373888876187e-009 5.41954103697246e-010 
-7.34526877852448e+005 2.26491394595125e+003 1.38839712746472e+001 -4.65263328363031e-002 6.25225615809028e-003 3.07856181286681e-004 1.83820211780584e-005 3.69454440059836e-007 -1.27394637365956e-007 -4.12654078052910e-008 -3.06710494868712e-009 
-3.01468687856108e+005 8.10852942419886e+002 6.15488317225932e+000 -2.99630207187072e-002 2.79050429612668e-003 1.69443175708674e-004 1.22066544266726e-005 5.09620408614111e-007 -3.79218257580941e-008 -1.92571927047260e-008 -1.70129275339502e-009 
-2.39736201978651e+005 7.52319142917781e+003 -1.01697557814635e+001 1.17665697287269e-001 -1.41508784853092e-002 -1.67467317183555e-003 5.27322608117568e-005 4.15032621087245e-005 4.81515534825203e-006 -2.93854432808484e-007 -1.64562064302054e-007 
-7.29886189515111e+005 2.37599009190443e+003 1.41515693370033e+001 1.01076221842161e-001 8.25950365920022e-003 -1.21224269509976e-003 -2.54104087920552e-004 -9.86490545549041e-006 4.36352702314332e-006 8.54130948792206e-007 2.10180676580552e-008 
-2.99798124252762e+005 8.59749580325300e+002 6.20939452579326e+000 4.84740156829122e-002 5.54431684485047e-003 -4.77488020917204e-004 -1.41102197504664e-004 -9.57151966556026e-006 1.83201448159970e-006 4.89301944767289e-007 2.82782367043771e-008 
4.32229070467975e-005 1.91178770626035e-006 -9.45711516799836e-007 -1.60104717793585e-007 1.11215034067635e-007 6.13166201265356e-009 -7.31185775776887e-009 2.95140542372071e-011 3.70780895147700e-010 -1.30792869102952e-011 
3.70976587908552e-005 7.82937377751308e-007 1.89800576973993e-007 -1.55755453321214e-007 -1.41976450324349e-008 1.27451196994606e-008 2.61073459887849e-010 -6.84000617820434e-010 1.21440660980983e-011 2.78097050795861e-011 
4.40568987727928e-005 5.34775943211150e-007 6.19277273796280e-007 -3.82487641180592e-008 -3.75207751916891e-008 3.07406067729704e-009 2.33594942130051e-010 -1.76483380977845e-011 -5.73322457479102e-012 -1.03076675745264e-012 
3.75660490759068e-005 -3.75544378065695e-007 6.26844453511489e-008 8.65254116425234e-008 -7.00223930759178e-009 -1.91914774463392e-009 9.76993466111714e-011 -1.61711837244257e-011 2.05447285465055e-011 -1.98216249594527e-012 
4.54851457684111e-005 -3.30580680417365e-007 -6.60474255159566e-007 6.47459119698278e-008 4.94667107313746e-008 4.04634865975026e-010 -1.18143003431374e-009 -7.37639542398747e-011 4.09392227045797e-012 -9.08373828071248e-013 
3.82060283006572e-005 8.52247728534740e-007 -1.18725810536179e-007 -9.63823981178692e-008 3.16608884917560e-009 4.01809683995598e-009 2.36131990196956e-010 -8.88494526923186e-011 -1.35398179467190e-011 3.33482684330976e-012 
4.56700654671084e-005 1.81719993564755e-006 5.48439621818337e-007 -2.85232218067564e-007 -6.91283078120784e-008 1.42341270760685e-008 4.24814405043068e-009 -1.91964815780277e-010 -1.72522973537284e-010 -1.35596099057823e-011 
3.85385058718699e-005 -8.07970757914069e-008 3.47379559618271e-007 9.22986773957719e-008 -3.22849635817101e-008 -7.72475833308892e-009 1.06045423349491e-009 4.05952364742118e-010 -4.56287691049948e-012 -1.55201464273524e-011 
3.45969256908116e-002 2.19352821769505e-003 -4.11040580332218e-005 -6.99410000139528e-005 -6.74759145757633e-006 8.37035572465467e-007 3.82208874292481e-007 -2.27918711233512e-008 -1.25810019451039e-008 1.28742651719023e-009 
3.86263041246372e-001 -9.22971552491320e-005 -1.71413753873670e-004 -5.38057705833597e-006 3.00610411631367e-006 6.97610972805610e-007 -4.17384533761420e-008 -2.75774184864585e-008 2.05458817056709e-009 8.35486219948758e-010 
4.79293908128013e+003 9.17760394841222e-001 4.72124827962750e-005 6.75558076557313e-005 5.90813645443114e-006 -8.27165896768899e-007 -3.42381998044139e-007 2.20747553270899e-008 1.12314276453468e-008 -1.20774580586515e-009 
3.63050656677779e-002 -9.02303531998685e-004 -4.94838688436711e-004 5.22528909804508e-005 1.27223046317824e-005 -1.01003640265437e-006 -1.52405605273305e-007 1.13668808709458e-008 2.79290335111284e-010 5.01959442717826e-011 
3.85261841033182e-001 -6.63909267430948e-004 1.07408159188066e-004 3.33099410542331e-005 -2.87607420890921e-006 -5.73408507048508e-007 4.53999960142229e-008 3.91743942406795e-009 -2.59064860182225e-010 2.70532609406648e-011 
4.79477719214082e+003 9.20736849622340e-001 4.68597021134989e-004 -4.99798486330778e-005 -1.18602681337248e-005 9.43972423123664e-007 1.40128723646598e-007 -1.02128990839549e-008 -2.76003424212623e-010 -5.09473158852154e-011 
3.35420963857550e-002 -1.06460363490229e-003 4.07276592804135e-004 3.11190928801085e-005 -1.10994697361598e-005 2.07988197971643e-007 1.93675620860665e-007 -6.73278725171496e-009 -2.54598275032329e-009 2.77586019663850e-011 
3.85243534876886e-001 6.35805423207195e-004 1.01162720074909e-004 -2.74784267242476e-005 -5.45711747704330e-007 5.64536058287136e-007 -1.96155500356908e-008 -8.66315596503471e-009 1.64094285461836e-010 9.56716977789613e-011 
4.79661956900802e+003 9.20885093611450e-001 -3.87673791957822e-004 -3.01729935923511e-005 1.04107479823200e-005 -1.79893289802040e-007 -1.79497461213719e-007 6.23599282859039e-009 2.36497028876246e-009 -2.65490897147610e-011 
3.44793016264797e-002 1.82309101654024e-003 2.18809205385718e-004 -3.14520161196443e-005 -2.25013493487749e-006 -1.09544288463423e-006 -9.85806196045888e-008 4.36971854024771e-008 5.89653477968368e-009 -6.21483888754977e-010 
3.86480604612922e-001 4.19398439144542e-004 -1.19185449400050e-004 -1.13213417945441e-005 -4.69868848099515e-007 -5.73624831181643e-008 9.80920057493795e-008 1.04833010435217e-008 -2.21421106902481e-009 -4.44514287977197e-010 
4.79845840088332e+003 9.18115111496439e-001 -2.09478572888035e-004 3.14144390793410e-005 2.30270187726284e-006 9.86754912313209e-007 8.53411700894611e-008 -4.05929560022041e-008 -5.32345066138717e-009 5.95716972117082e-010 
