-5.48657779709755e+007 -5.25085840187384e+006 1.20953666185852e+006 -1.74120500254671e+004 -1.82101628461593e+003 1.67799434694495e+002 -8.15418633465929e+000 7.32777277819982e-002 2.59765273224509e-002 -2.70425966444166e-003 1.38371828369907e-004 -7.64715455054597e-007 -5.81210000127417e-007 6.03832442951067e-008 
2.50015470375378e+006 -1.42083186715616e+007 -7.41191834175391e+004 5.39822558696592e+004 -2.28597735252807e+003 2.99353295647166e+001 5.19439975826869e+000 -5.62116120515059e-001 2.94666590180729e-002 -3.26478288227888e-004 -1.00121888343035e-004 1.10394305149463e-005 -5.92430707789193e-007 4.63684375951013e-009 
7.08602738669949e+006 -7.04621821277095e+006 -1.64944193453562e+005 3.06422419526491e+004 -1.03246938220857e+003 -1.39797578106236e+000 3.61993972348728e+000 -3.07881000337414e-001 1.30492659253991e-002 1.05846783964387e-004 -6.78258829320456e-005 5.97658156078595e-006 -2.56246092915752e-007 -3.78073172378725e-009 
-5.65734203913084e+007 3.28766427919664e+006 9.06211051433571e+005 -2.87685171972525e+004 -3.20135190145171e+001 3.28043037120828e+001 -2.95942929920502e+000 1.50922027224975e-001 -5.29209076550203e-003 3.81518131549400e-005 1.18035167874054e-005 -1.17562983583391e-006 7.09283322117295e-008 -2.83880465352463e-009 
-2.48514158357722e+007 -1.27621206731835e+007 3.85310277024780e+005 2.52577991193264e+004 -1.25900043525374e+003 4.94726093345774e+001 -1.15304239141653e+000 -2.90466735630217e-002 5.27671051002655e-003 -3.83290246354706e-004 1.85380802438877e-005 -5.28691445106954e-007 -8.89386832551218e-009 2.46641543436572e-009 
-7.34880686911850e+006 -7.15852884781575e+006 1.11921567851141e+005 1.64743119839887e+004 -6.69250770567230e+002 2.30290464894837e+001 -3.09268414610156e-001 -3.11575913660960e-002 3.36730312251764e-003 -2.08710718119933e-004 8.67994888472506e-006 -1.60595276258992e-007 -1.21018576251921e-008 1.61178148710753e-009 
-4.38270918715807e+007 9.17839589176692e+006 5.70235668382787e+005 -2.67644859335921e+004 1.68874387968575e+002 -3.78967935271774e+000 -6.18362596449713e-001 3.55572233653883e-002 -1.88156128205667e-003 7.38306396927216e-005 -2.10852210114680e-006 2.42153216623953e-008 2.69502757724198e-009 -2.59051626849430e-010 
-4.65319519180540e+007 -8.74469906290658e+006 5.95120326592419e+005 1.14706998344799e+004 -5.52593201451905e+002 2.23863538050363e+001 -9.10352777679112e-001 1.93075130258934e-002 -2.43256852207553e-004 -3.05815832611755e-005 2.45645612673151e-006 -1.45378461336696e-007 6.35791073796936e-009 -2.15959370044657e-010 
-2.02520519414273e+007 -5.62287028125905e+006 2.58822189614975e+005 8.90144406132391e+003 -3.12700984760161e+002 1.23517091117781e+001 -4.22234937555929e-001 6.62931169853750e-003 6.50431024011978e-005 -2.39882864413666e-005 1.53077441781276e-006 -8.01719814488944e-008 3.11715574086215e-009 -8.85207771965784e-011 
-2.18993547638215e+007 1.24917974319157e+007 2.60849055282747e+005 -2.52327817555634e+004 -1.30780732780667e+000 -1.15388354551831e+001 -1.64514845114646e-001 4.71372863614907e-003 -3.48518736100653e-004 2.27940835401479e-005 -4.44922121579729e-007 3.33356804086228e-008 -2.04749563282612e-010 2.02482424614084e-011 
-5.89125249218202e+007 -3.55631544751605e+006 6.91094902868228e+005 5.18362067747731e+003 -2.86719335406136e+002 5.57528609384989e+000 -5.61053927527698e-001 4.37336828730492e-003 -5.37353470634703e-004 -1.42209645154489e-006 -9.55898677599393e-008 -1.35799639213949e-008 7.84759171590936e-010 -2.83882763419976e-011 
-2.91386892431853e+007 -3.19457602052835e+006 3.42155456721924e+005 5.38409649756828e+003 -1.53032481741404e+002 4.17416843159206e+000 -2.82670493054581e-001 1.84778588148391e-003 -2.50940559108795e-004 -3.12192630687612e-006 -4.95596986637649e-009 -1.07092275242698e-008 4.40444434625496e-010 -1.72636637584903e-011 
2.29150138666858e+007 -2.35742852186106e+007 -2.90664237780077e+005 4.97304182390851e+004 3.56110843447642e+002 -3.21474287830878e+001 -2.39601498787491e-001 1.06875182048641e-002 1.41096298429373e-004 -2.46398328974028e-006 
9.49014017371129e+007 4.05016464090954e+006 -1.21724590462266e+006 -9.30001662160704e+003 1.29337088244688e+003 7.98162374865276e+000 -5.75153315588530e-001 -5.09132334404798e-003 1.56546159146149e-004 2.98742277561393e-006 
4.12768299157892e+007 3.31392873493482e+006 -5.29347226248104e+005 -7.33105348499150e+003 5.59459989402386e+002 5.62539333791338e+000 -2.43647784836845e-001 -2.96714869376413e-003 6.15150687779815e-005 1.50040760335152e-006 
-2.46339038789718e+007 -2.34660327206013e+007 3.18355459831622e+005 5.00818433376140e+004 -3.17885559689379e+002 -3.38981796346912e+001 1.05677051399987e-001 1.32575796651955e-002 5.94316307325740e-006 -4.69906413174580e-006 
9.31634992252651e+007 -5.77534232637043e+006 -1.20194943734508e+006 1.18838539219066e+004 1.30672452477815e+003 -6.87924943155366e+000 -6.33902300292062e-001 1.26658293089310e-003 2.25898933342587e-004 5.11032466602763e-007 
4.35030078071238e+007 -1.11420198717456e+006 -5.60994344965600e+005 2.17900870195338e+003 6.08109835609094e+002 -9.50913862627631e-001 -2.91928092621979e-001 -2.68822938251873e-004 1.01273424747906e-004 5.27222448148677e-007 
-1.20908099554829e+008 -1.19882466375361e+007 5.96912525325702e+005 9.36795605226128e+003 -2.64892901700213e+002 -2.07659583771231e+000 6.00167575087583e-002 -1.36426820349751e-004 9.62684236869170e-005 4.41462485390978e-006 -6.68570969513613e-006 8.93499848766328e-007 2.93923258032713e-007 
7.61159306549498e+007 -1.55814782605851e+007 -3.77546804513523e+005 1.30808111368871e+004 1.45238786012278e+002 -3.85907706961032e+000 -1.95062212860202e-002 1.16781296917490e-003 -1.42567030080132e-005 -1.95747508467989e-005 3.66238025364271e-006 5.81295133060392e-007 -3.63232299133475e-007 
3.30024025343814e+007 -6.75421892233553e+006 -1.63660927661947e+005 5.67017676549066e+003 6.29600571620307e+001 -1.67315528972970e+000 -8.56360923657000e-003 5.46323137504460e-004 -8.75268747769988e-007 -1.14720358929668e-005 1.64906021635079e-006 4.20785380866966e-007 -1.91755044058698e-007 
-1.39805925962012e+008 -6.83797629916226e+006 6.82785222796894e+005 4.87715116340250e+003 -2.91690910524743e+002 -6.02504462381111e-001 5.85637119553143e-002 -5.33826927494490e-004 2.86359762160600e-005 1.39307625214642e-005 8.60728209231920e-007 -1.31559482463011e-007 -8.86895219656567e-008 
4.24536125985933e+007 -1.79404556280917e+007 -2.09239579180126e+005 1.47702593711420e+004 6.53166056654531e+001 -4.05666493429373e+000 1.78101742332692e-003 8.80924473552572e-004 2.20320674775671e-005 -2.97295615399037e-006 -9.31599780960175e-007 -1.78645574880453e-007 -2.09129049812626e-008 
1.84105225998113e+007 -7.77680812803372e+006 -9.07041202479355e+004 6.40254206825553e+003 2.83152412705376e+001 -1.75891471825365e+000 7.40208305064549e-004 4.16477239585254e-004 1.31154752439662e-005 -2.41458036339541e-006 -6.21035181480842e-007 -8.79538360307944e-008 -6.22004303468670e-009 
1.96912954710866e+008 1.07466108055426e+007 -1.41728520879962e+006 -1.14878179912880e+004 1.09908323503263e+003 5.31091421605285e+000 -7.57967190225330e-001 -1.78060283499513e-003 6.15179618970053e-004 -2.92016086861032e-007 -5.50845862296104e-007 
-5.13973545051685e+007 3.18115242736258e+007 3.67423951896471e+005 -3.83814626922967e+004 -2.25515722867226e+002 2.57269195932741e+001 8.61975506143571e-002 -1.93264756531714e-002 -1.24481492289373e-005 1.64970708577803e-005 -3.51349924048242e-008 
-2.88638003560507e+007 1.43012510590753e+007 2.06750024856373e+005 -1.72950856999413e+004 -1.33079637854382e+002 1.16572637807350e+001 5.99782658277612e-002 -8.81672724372357e-003 -2.23061305001165e-005 7.57799197900206e-006 -1.61228053885834e-009 
-8.01557334017603e+008 -3.10536481220638e+006 9.47797238826916e+004 4.11071936606484e+001 -8.25790822315799e-001 2.97612190862852e-004 -4.20383060289908e-007 -5.96346652852523e-008 
1.12215996283442e+008 -1.56416144694058e+007 -1.33146521268836e+004 3.11241153359673e+002 1.47329652188730e-002 -1.14739146239688e-003 1.37332274141496e-006 5.13271465777332e-008 
6.76192468711169e+007 -6.62878935381685e+006 -8.01426907892488e+003 1.32405378126851e+002 2.64221832684492e-002 -4.98673440389357e-004 5.25518058009181e-007 2.03007457967571e-008 
1.21957834516632e+009 -7.09564215412967e+006 -2.88594081547950e+004 2.11641596740607e+001 6.92727521110696e-002 4.38234887060476e-006 -5.20337239710207e-008 
6.31279654601150e+008 1.07105654589249e+007 -1.49460269287944e+004 -4.57543428712555e+001 1.58301503981573e-002 7.88850189797905e-005 1.00927716563193e-007 
2.08218963255933e+008 4.72958302885047e+006 -4.93033235848040e+003 -1.98092593226084e+001 3.55306828099656e-003 3.23764202692272e-005 4.73772966776071e-008 
1.06052355439653e+009 -8.82852160895114e+006 -2.77599760628553e+003 3.64667176900331e+000 9.86411454971838e-004 -2.75138421273388e-007 
2.47191754516864e+009 2.71267550414326e+006 -6.47383526069776e+003 -1.67796160290668e+000 1.18460942446055e-003 4.42823679980246e-007 
1.06763129100505e+009 1.31292252150103e+006 -2.79616677158484e+003 -7.86749765124183e-001 5.04516719614567e-004 1.95572335702096e-007 
4.44440959620582e+009 -7.99379698033736e+005 -3.16323587585309e+003 8.05843147221264e-002 1.96638703405414e-004 2.53623669684360e-009 
4.53543244599648e+008 6.95443494350342e+006 -3.22659676190863e+002 -8.25615907073369e-001 1.40260143407756e-005 3.09814990602354e-008 
7.49888934409877e+007 2.86638671022489e+006 -5.33200848907941e+001 -3.39903544371730e-001 8.61563869231321e-007 1.22603179080733e-008 
3.18876893549599e+009 6.26634494124177e+006 -1.29929706722511e+003 -2.23289591095135e-001 1.14903420902570e-004 -3.12572133878425e-008 
-3.77060074253505e+009 3.38270242362508e+006 1.53645858022554e+003 -4.69079709461082e-001 3.30917914790022e-005 1.81981647713793e-008 
-2.13745664723835e+009 -8.32387712917236e+005 8.70980546675150e+002 -7.91646817065768e-002 -2.47632266946879e-005 1.44830134433881e-008 
-1.49697152210122e+005 -1.59877154206549e+005 9.97233310289724e+003 1.82563779164227e+003 -3.94803767080439e+001 -1.07612051989777e+001 -1.10536088919938e-001 6.86640354874744e-002 3.37051912951031e-003 -4.49363218130416e-004 -4.57363969977060e-005 2.37246729023066e-006 5.14556116300914e-007 
2.76158997401409e+005 -7.33580186982092e+004 -1.84132153656526e+004 6.30803802753810e+002 1.28907815649385e+002 -4.86518785474912e-001 -7.55826735892277e-001 -2.43641487149342e-002 4.93158427469069e-003 3.81191161526511e-004 -2.91572463962198e-005 -4.53107494590803e-006 1.01884698671603e-007 
1.23031547575571e+005 -5.00912147218128e+004 -8.19439560641392e+003 4.70512703566247e+002 5.99931858432974e+001 -1.18302947625018e+000 -3.81753049124150e-001 -5.98370383192442e-003 2.72295397266360e-003 1.48363182828782e-004 -1.83570000115290e-005 -2.02337627043866e-006 9.51753317030142e-008 
-3.37234110392521e+005 -1.72052281794731e+004 2.23071511310555e+004 -3.94959731329738e+001 -1.41152975192541e+002 3.90743095628355e+000 6.28162757697308e-001 -5.40394070636002e-002 -2.24132545291726e-003 5.42697433080034e-004 -5.71395864187770e-006 -4.52920869108352e-006 2.65085550077399e-007 
2.65268871902923e+004 -1.62120521554219e+005 -1.73417962224114e+003 1.75922875025631e+003 -1.68618779244272e+001 -8.69870182879903e+000 4.19149038325416e-001 3.80348717018002e-002 -4.91727743812414e-003 -8.57879710499849e-005 4.58497057019775e-005 -1.37674772866214e-006 -3.51894403190315e-007 
-1.62604403841634e+004 -8.13179101844129e+004 1.09628234494280e+003 8.62371995502113e+002 -2.06901881922192e+001 -3.94038764309452e+000 2.61470956240329e-001 1.39988714257642e-002 -2.61742680553111e-003 5.24210130247954e-006 2.20757070690266e-005 -1.07411204223887e-006 -1.50076276492495e-007 
-2.16062946137676e+005 1.29705988192834e+005 1.21461782264787e+004 -1.34159623609399e+003 -2.25074493141939e+001 4.44019421177027e+000 -2.45943977893264e-001 4.42321460908605e-003 1.19971694500150e-003 -1.31530174039740e-004 4.31115980299567e-006 4.00383815439655e-007 -6.59611037014494e-008 
-2.54049090396620e+005 -1.05167259208654e+005 1.41009748516356e+004 7.33510899014816e+002 -7.84914197080716e+001 9.89223312671355e-001 1.33779408437527e-001 -1.94619461321857e-002 1.08156389930910e-003 2.60308842083364e-005 -8.59028347634016e-006 6.26009670347221e-007 -4.37023977060216e-009 
-1.43816946026416e+005 -4.04603955188367e+004 7.99701484834589e+003 2.43082307814244e+002 -4.06114186448563e+001 8.78778322035463e-001 4.44068551211789e-002 -9.19974954304951e-003 6.37450137954034e-004 1.30899523321018e-006 -3.85273246944523e-006 3.43285066706875e-007 -7.92128924545002e-009 
8.85798538555769e+004 1.61395986479948e+005 -4.01346560774393e+003 -1.23405918270133e+003 2.62606449446750e+001 1.37689277467058e+000 -2.41511516922454e-002 3.81201338373382e-003 -3.91141367936802e-004 6.85555795209819e-006 8.54077930946394e-007 -5.66037542165171e-008 4.06702440933821e-009 
-3.37462779959559e+005 2.34944877250350e+004 1.62432591294411e+004 -3.07864623852609e+002 -5.19517857330201e+001 1.13309890812774e+000 -1.94568770657084e-002 2.50953745627270e-003 1.24292844437778e-004 -2.32011612060452e-005 9.18833551165985e-007 -1.24355212808617e-008 -1.33580785222048e-010 
-1.58379208202088e+005 2.55657562629396e+004 7.63229696878902e+003 -2.59630757813165e+002 -2.32098180728576e+001 6.81325712455355e-001 -1.17797814702925e-002 1.56341958680561e-003 2.69893003104937e-005 -1.08156334855340e-005 5.27424323791537e-007 -1.11017917335915e-008 2.87980449962951e-010 
3.38719923429809e+005 7.91767010215932e+004 -1.54468015146015e+004 -6.09694156991679e+002 5.08867358834415e+001 1.04312591034792e+000 -2.77545379467576e-002 -1.37715088979509e-003 8.77766516713471e-005 1.01441322715744e-005 -6.83983558017211e-007 -3.42954705364896e-008 1.06946788770997e-009 
-1.81093852413047e+005 1.26213938617656e+005 8.29506820402357e+003 -9.58741777020478e+002 -2.83574217531159e+001 1.42266111866619e+000 2.76053247181081e-002 -3.88460522782827e-004 -1.14226261867000e-004 8.76174711249116e-006 6.06193176655822e-007 -2.70030246405294e-008 -1.63230080256467e-009 
-5.98495009188953e+004 6.88536056506227e+004 2.72596008710450e+003 -5.24013200217474e+002 -9.41135328234336e+000 7.91008368799441e-001 1.09635656129547e-002 -3.13473276670493e-004 -4.84606724694343e-005 5.18838966758976e-006 2.37692230460738e-007 -1.62659604307125e-008 -7.05764013497296e-010 
3.60976827127542e+005 -5.85051963327905e+004 -1.73239767348207e+004 3.29848889506868e+002 6.41842573221841e+001 3.31675659325553e-001 -2.02352066061358e-002 4.05834172515317e-004 -1.93273028509403e-004 -2.43123745997784e-005 -5.14635366167033e-007 3.55179235390273e-008 1.69874023760521e-009 
9.73709788427826e+004 1.41205845955439e+005 -4.89421754600266e+003 -1.15517767500590e+003 5.31037588227601e+000 1.92436844275966e+000 2.82031089100643e-002 2.47585827750344e-003 2.31291856154681e-004 -1.77720916439706e-006 -1.19554328717781e-006 -4.64885519931314e-008 -1.13905372920673e-009 
7.87854652766487e+004 6.42251259549616e+004 -3.90754402545125e+003 -5.37344140215803e+002 8.26196953020173e+000 9.70197706291169e-001 1.18202401640005e-002 1.24682582372746e-003 9.66824034432152e-005 -2.98025307520731e-006 -6.30038922252369e-007 -1.96104764605975e-008 -4.08861914824496e-010 
1.30415888944573e+005 -1.63543071302303e+005 -7.11404627430971e+003 1.36396967461403e+003 5.97260046333264e+001 -1.53290945760651e+000 -2.20829104883126e-001 -1.69270425148979e-002 -4.13957457570379e-004 6.88788046681482e-005 8.19159684498503e-006 3.35441378525694e-007 -1.66357124766476e-008 
2.99929500017896e+005 5.13750229394783e+004 -1.67666267075107e+004 -6.91828020934868e+002 5.86785496197707e+001 3.76410413902029e+000 9.85516665435187e-002 -4.97511284755950e-003 -1.21403917142980e-003 -7.88865198425003e-005 2.46133852124213e-007 4.60423273717257e-007 4.17998717425959e-008 
1.58222760887482e+005 1.10681685907005e+004 -8.83159595388853e+003 -2.19687619647325e+002 3.39364277771242e+001 1.70425775910115e+000 2.89633280780612e-002 -3.89379381783050e-003 -6.29597208291976e-004 -3.26196484243835e-005 8.30163337079948e-007 2.54235953175150e-007 1.90040594661598e-008 
-1.93450303627566e+005 -1.43675356456027e+005 1.26490076549910e+004 1.65078675228597e+003 -5.19457655549961e+001 -9.52785048728607e+000 -1.10405606788263e-001 5.30955732182095e-002 3.53557307268886e-003 -2.34874519520579e-004 -4.07973417096670e-005 -1.17938872449909e-007 3.47824844621403e-007 
2.57437667670836e+005 -9.40877144980491e+004 -1.69045261701606e+004 8.30178190629782e+002 1.17564278111961e+002 -9.71319307645095e-001 -6.38745718651800e-001 -2.56147963343486e-002 3.26351340011498e-003 3.66383781400600e-004 -8.05219894740305e-006 -3.50769343616252e-006 -1.12922817130445e-007 
1.09509847864077e+005 -5.84389268527808e+004 -7.17757010088332e+003 5.49858380988300e+002 5.29720830774979e+001 -1.30492422785660e+000 -3.21902963306453e-001 -7.92131471169319e-003 1.90259395876266e-003 1.58860809754651e-004 -7.47299379112367e-006 -1.72601796381805e-006 -2.51109998002836e-008 
1.38952006556412e+005 2.88427251065319e+003 -2.21553932843826e+001 -1.22072463164707e-001 1.79333550310537e-003 -3.81229450601057e-004 6.02197513340432e-005 -4.31801756193887e-006 -1.67512614620734e-008 7.47396054961845e-008 -1.13331447152956e-008 
-4.25025109165950e+005 5.71746723564695e+003 8.50515842532206e+000 -1.01835025430924e-001 1.17145082046701e-003 -2.90092142828500e-004 -4.63509310062479e-006 4.47070075839443e-006 -6.95614917888425e-007 6.33714719691851e-008 -1.40063113167337e-009 
-1.77129789225673e+005 2.38934487227498e+003 4.17011365329056e+000 -4.43378874006258e-002 8.01185212171253e-004 -1.11160469096840e-004 -8.83583770731167e-006 2.83374708050399e-006 -3.69905543795796e-007 2.68978589995982e-008 4.17803532163656e-010 
1.44538848905249e+005 2.70141813491494e+003 -2.35371999857025e+001 -1.08193156852493e-001 1.43327801726497e-003 1.30655500808066e-004 2.85352065627334e-006 -3.58473910906452e-007 3.90877136085690e-008 7.01557345918679e-009 4.34035502723686e-011 
-4.13526032252693e+005 5.78055781476985e+003 7.23610234827546e+000 -1.18547268588980e-001 -2.35881587847126e-003 -4.11130393518409e-005 8.91334628607910e-006 -2.73777022917586e-007 2.00021420104676e-008 9.78251446652557e-010 -1.24893185339064e-010 
-1.72319384547323e+005 2.42062209241116e+003 3.64129251646117e+000 -4.84080869177803e-002 -9.93854485717949e-004 -3.46100751305981e-005 4.30705658376016e-006 -1.10013595419073e-007 6.66160258333025e-009 5.31503117365665e-010 -8.25820216498121e-011 
7.73053413605219e-005 -3.52284201761723e-007 -8.65230393642888e-007 1.80473079409997e-007 1.02155306297823e-007 -1.70561855724155e-008 -6.67365296896306e-009 1.07422337187999e-009 3.39388222437251e-010 -5.33188167049332e-011 
2.40893916515068e-005 7.71981667838959e-007 -2.34312301801274e-007 -1.39234489245160e-007 2.94744907686468e-008 1.12482523514162e-008 -1.98602873380660e-009 -5.97173069095594e-010 9.85124219996416e-011 2.41851206396183e-011 
7.70060068785641e-005 9.48043730903679e-007 8.11625312481312e-008 -2.12487578461807e-007 4.39498447454695e-009 7.08093443251411e-009 -7.79724581746191e-010 5.22093664579653e-011 -1.22901925546359e-011 -2.52178967879262e-012 
2.42857962755797e-005 3.53045229545959e-008 3.04565176587891e-007 6.75901194879665e-009 -2.08530206581582e-008 1.53998524128848e-009 1.17380940783886e-010 -3.20020658602516e-011 2.87481581944160e-011 -5.72462959118813e-012 
7.59732390448882e-005 -2.08127142888851e-006 -4.08546711430386e-008 1.91800317712888e-007 6.62661341067320e-009 -5.20821568911456e-009 -1.88751516892040e-010 3.23971688203352e-011 -9.77919836440895e-012 2.32172777827893e-013 
2.50354376461743e-005 1.52784340898657e-007 -2.91776702439618e-007 -7.18164529947038e-009 1.61609256104992e-008 7.97245800842817e-010 -2.54711364208049e-010 -5.49144173352012e-011 2.70729675897657e-012 4.48423742183294e-012 
7.49111144488646e-005 9.27169105343891e-007 -2.32363892746538e-007 -3.08836916891527e-007 -3.93618837860341e-011 1.90143182341463e-008 2.54090738568604e-009 -4.49390443597452e-010 -1.99776685223067e-010 -1.05502255781871e-011 
2.48991031942589e-005 3.26990375424399e-007 3.32438951630606e-007 -3.59398673314655e-008 -3.77569240788905e-008 -1.84831289281700e-009 1.70307819557775e-009 3.50953792214640e-010 -3.63311493006358e-011 -2.05566332929443e-011 
5.95634366957763e-002 1.03682420799129e-003 7.54475189653217e-005 -6.16112832291726e-005 -2.58986209674290e-006 2.44244648889166e-006 7.40273712559050e-008 -8.88131295282829e-008 -1.88534278831334e-009 3.21470369949712e-009 
3.96080369360359e-001 2.11730701915050e-004 -1.03173886327326e-004 -6.34259798001258e-006 4.80112185091379e-006 1.91655099180941e-007 -1.79721551786749e-007 -5.43885654880574e-009 6.48946861459470e-009 1.36249186040015e-010 
4.92537960818494e+003 9.18876796603751e-001 -6.96086147505767e-005 6.05284553672951e-005 2.38175164561140e-006 -2.34600502875453e-006 -6.74192770583865e-008 8.48254162769044e-008 1.67210045406577e-009 -3.06859788570370e-009 
6.08321417451039e-002 5.53265906270950e-005 -1.41375902140962e-004 2.19239881861638e-005 -4.97601942469977e-007 -8.21841259368477e-007 1.03404496474382e-007 5.20281655737430e-009 -1.26726721351115e-009 1.70380769627940e-010 
3.95993395938645e-001 -1.80348831645699e-004 2.10869274470243e-005 5.38012248379044e-006 -1.91965341254980e-006 1.76092905476594e-007 3.61585086075253e-008 -5.64622142505930e-009 1.84033395172989e-010 -2.52643303143315e-012 
4.92721819183147e+003 9.19882666299183e-001 1.45940918137840e-004 -2.14407562799798e-005 2.76273959849644e-007 7.79045124746381e-007 -9.69671356225637e-008 -4.66701188611563e-009 1.19204868629490e-009 -1.66098365253585e-010 
6.02857834682442e-002 -5.23663076018798e-004 -3.62149254591212e-005 9.51239431440149e-006 3.57949211290340e-006 4.21733842822433e-007 -8.31188737616250e-008 -9.88762645786927e-009 8.06630513844623e-010 6.91417599057530e-011 
3.95866717724747e-001 6.98735890719539e-005 4.62627189046241e-005 5.87224143582872e-006 3.60352914422256e-007 -2.39340443304473e-007 -3.00513441446597e-008 3.35657416804533e-009 3.60979970352130e-010 -3.06540617113522e-011 
4.92905862213700e+003 9.20456923740926e-001 2.69104872817011e-005 -1.06170278353628e-005 -3.23733177474653e-006 -3.82877110392182e-007 7.61854511194313e-008 9.19203779413755e-009 -7.26459020480645e-010 -6.34016288145564e-011 
5.98482254362347e-002 3.50481593964314e-004 2.49882020108199e-004 -1.07280240328453e-006 -1.02757300644584e-005 -7.11756610160288e-007 2.31876128197485e-007 4.00021913872149e-008 -7.35725752159621e-010 -1.12676981924377e-009 
3.96399703577472e-001 4.17133827151775e-004 -1.35319500578606e-005 -2.11153996676092e-005 -7.72426638352215e-007 6.39239752523768e-007 7.31612817218929e-008 -8.84116226913638e-009 -2.79577640483978e-009 -1.81979666841554e-010 
4.93089887167611e+003 9.19539850475515e-001 -2.47079938551084e-004 1.92672704491581e-006 9.86125627751375e-006 6.81762388339387e-007 -2.17680166783482e-007 -3.82862906177072e-008 5.75038472735095e-010 1.06509712972010e-009 
