-4.52294652583003e+007 -1.10292913002977e+007 1.24367352879308e+006 1.07988445283534e+004 -4.37886486828786e+003 2.57644596371817e+002 -1.68797068393876e+000 -1.10104614549128e+000 1.02003157829906e-001 -2.87540640432021e-003 -3.26210288274324e-004 4.64067639444438e-005 -2.25598040296364e-006 -7.86765517539797e-008 
1.89170807360200e+007 -1.28393996364917e+007 -5.26522898866607e+005 7.46872336372471e+004 -1.88656557474003e+003 -1.26257777759578e+002 1.80313469699030e+001 -8.76409588100505e-001 -1.85574291201347e-002 6.39013633147896e-003 -4.61592730256796e-004 3.94234957588818e-006 2.44332376399774e-006 -2.50554715394028e-007 
1.47917812948548e+007 -5.71403747732033e+006 -4.10256310511909e+005 3.87735765917417e+004 -5.53445130815774e+002 -9.41674848474774e+001 9.80646152595651e+000 -3.53909649240488e-001 -2.04939514022779e-002 3.71154844690278e-003 -2.12717123406829e-004 -2.70835265074266e-006 1.53912002773999e-006 -1.25670855004112e-007 
-5.75387310930389e+007 -1.40577248995986e+006 1.09974571088972e+006 -2.56443187424776e+004 -7.38139777594891e+002 9.50342802194060e+001 -6.12851079306604e+000 2.21265914761644e-001 6.36758265237612e-004 -8.44798486212254e-004 7.60497798053409e-005 -3.94599854612197e-006 7.76471529541587e-008 8.33145883716750e-009 
-8.55285213733186e+006 -1.40590567886195e+007 1.59532223653361e+005 3.99336722934106e+004 -1.89798665075545e+003 5.63964243286538e+001 6.79734803081302e-001 -2.34660434072521e-001 1.84326407668503e-002 -8.52175826353288e-004 1.09572992029241e-005 2.22172996795694e-006 -2.55746760810772e-007 1.57668573839846e-008 
1.39560292803611e+006 -7.36383943963901e+006 -2.88724517297546e+004 2.39906745083180e+004 -9.37226949644323e+002 2.02652090411910e+001 9.98835949003535e-001 -1.48296367185523e-001 9.77964779435927e-003 -3.67547908304365e-004 -2.03645483725128e-006 1.59607560756172e-006 -1.44660826419916e-007 7.55750150646087e-009 
-5.25999756174962e+007 6.06287270958649e+006 7.63366530373734e+005 -2.83027978324165e+004 1.40124412074677e+002 1.06574862544581e+001 -1.57946993194823e+000 8.82790770537854e-002 -3.91647755821532e-003 1.13593457423609e-004 -1.19769541430054e-007 -2.74877863859839e-007 2.43014348620270e-008 -1.39949416052681e-009 
-3.41860219084135e+007 -1.12980893470538e+007 4.92710084436566e+005 1.81265562616939e+004 -8.96616160640653e+002 3.72927505592881e+001 -1.20500138568028e+000 1.20572667645884e-002 1.42749038965054e-003 -1.54192535000605e-004 9.28844897792454e-006 -4.15384370138973e-007 1.18492625943741e-008 5.35778949388869e-011 
-1.28087587885529e+007 -6.66386715001890e+006 1.83988295382341e+005 1.26182982916299e+004 -4.93459210447614e+002 1.88141512057601e+001 -4.79794502073806e-001 -2.71756065882046e-003 1.16877383459706e-003 -9.41451286203856e-005 4.97380298551467e-006 -1.93360289955541e-007 3.80824589663298e-009 1.73798846853755e-010 
-3.54116286111992e+007 1.08554992743936e+007 4.39329610151474e+005 -2.57843614283472e+004 1.16039113764257e+002 -8.32821585386344e+000 -3.24000953954196e-001 1.67236437716746e-002 -1.01066771773955e-003 4.39840975372682e-005 -1.41494598093730e-006 4.23047695019334e-008 -1.34494541457665e-010 -4.41624348709896e-011 
-5.22924500366354e+007 -6.68295779228776e+006 6.44110370390636e+005 8.33751329722276e+003 -4.00705952658093e+002 1.43098208103456e+001 -7.12287396587562e-001 1.40474986966367e-002 -4.85667774797278e-004 -6.40511636619296e-006 7.00592444986980e-007 -5.74903350004265e-008 2.78132369748189e-009 -1.14800359466113e-010 
-2.42635006452227e+007 -4.69589627211149e+006 2.98473108008163e+005 7.12827336156325e+003 -2.26072686443383e+002 8.50747043798704e+000 -3.46853771922798e-001 5.76850412071449e-003 -1.54573765546101e-004 -7.98414922341438e-006 5.20998335862966e-007 -3.50968839682735e-008 1.49958087400731e-009 -5.67385925060250e-011 
-3.83706608093354e+007 2.22773255703788e+007 4.83179911395195e+005 -4.64826664185783e+004 -4.48979083854011e+002 2.87885528603461e+001 9.65248056091664e-002 -8.05743731228222e-003 5.54635571184730e-005 8.27837527926715e-007 
-9.18720076336849e+007 -7.48978041422790e+006 1.15090397632486e+006 1.47657045930737e+004 -1.19471417025337e+003 -6.99935028820275e+000 4.83905934099070e-001 -5.01602498951488e-004 -8.98776438482296e-005 1.73543511801498e-006 
-3.88981439591893e+007 -4.77924612831599e+006 4.87154829643144e+005 9.58452726423623e+003 -5.09026527368983e+002 -4.97074376442044e+000 2.11581599459212e-001 2.84458220298545e-004 -4.39473543728806e-005 7.27841228700547e-007 
8.22602256664356e+006 2.38336856259032e+007 -9.85062758384339e+004 -4.90071544045002e+004 1.32795037047013e+002 2.86144938890049e+001 -1.02009745506868e-001 -6.11453745813284e-003 5.77994134093583e-005 -5.28455654506055e-007 
-9.73170833396819e+007 2.09465865510788e+006 1.21079876845272e+006 -4.84850859821629e+003 -1.22114415247556e+003 4.17619700990362e+000 4.38465836364811e-001 -2.46089256783363e-003 -3.65560278721997e-005 1.08385052703562e-006 
-4.42967684072684e+007 -5.66165504330186e+005 5.50916829440231e+005 9.20842945703864e+002 -5.57736285598759e+002 6.77170507916636e-002 2.03699762745136e-001 -7.21112133508850e-004 -2.02056541235874e-005 5.15696761290313e-007 
2.84251306959621e+007 1.98548354781272e+007 -1.27238056331398e+005 -1.49200803541599e+004 4.63720990380551e+001 2.85529847473302e+000 -4.18588320906856e-003 -1.07738009027577e-004 -4.23741049115402e-005 -3.36945910576788e-006 5.12253833254216e-007 2.64864155483766e-007 6.36277092274479e-008 
-1.36278796294018e+008 3.43883807636709e+006 6.16849968343684e+005 -2.60893936072850e+003 -2.20006092494554e+002 5.27364055394986e-001 2.04033414673739e-002 -3.11599630007401e-004 2.24737621112704e-005 1.15669582522764e-005 1.16281864956331e-006 -2.29954240183443e-008 -7.51846698894062e-008 
-5.90991624448100e+007 1.49097273673295e+006 2.67452817850887e+005 -1.13122108141358e+003 -9.53919289149659e+001 2.28822768751038e-001 8.95025214334089e-003 -1.50564646391039e-004 2.87065766901271e-006 5.03850337693312e-006 7.04577826094110e-007 2.81574002136178e-008 -2.82253045248450e-008 
6.65616701015305e+007 1.81376749355202e+007 -2.99965860341137e+005 -1.37285800119789e+004 1.02095110034001e+002 2.71424522469918e+000 -6.37987238157810e-003 -3.18266075328477e-004 -1.14223537199659e-005 8.75232583483684e-006 -1.40097594897031e-006 2.63665308212556e-008 9.29961755524492e-008 
-1.24607064330135e+008 8.18954118097839e+006 5.64856554936595e+005 -6.01776934453874e+003 -2.04446797795836e+002 1.03376551320028e+000 2.00922323265578e-002 4.11225019818386e-005 6.77644388368886e-005 -8.67781946189046e-006 -6.88845765531638e-007 5.75395964239023e-007 -1.35626871635447e-007 
-5.40386198324881e+007 3.55077252816807e+006 2.44908928303549e+005 -2.60925374832240e+003 -8.86472701565668e+001 4.48461458325241e-001 8.68120802999748e-003 -1.40801085911236e-005 3.33727598542304e-005 -2.77550362878376e-006 -5.82023259195229e-007 2.79785178103206e-007 -5.20337196923626e-008 
-2.43333210377467e+008 -4.53235666361763e+006 1.00990097477682e+006 4.66546645596312e+003 -2.44350832962070e+002 -1.25566868426939e+000 -4.43834021017157e-002 -2.18627428336998e-004 1.12329209518167e-005 3.21893499923052e-007 -3.50053830782089e-007 
3.68293007705136e+007 -2.73702832551221e+007 -1.51501320498090e+005 1.86643709756351e+004 8.06734263297998e+001 -4.75209277450807e-001 -7.03029932848092e-003 -8.35740846391335e-004 -5.12901508693397e-006 -1.18394893188691e-006 1.24062038482371e-007 
2.34650361771298e+007 -1.24313909146905e+007 -9.68116382729382e+004 8.43457973150456e+003 4.36133710177903e+001 -1.84030321854153e-001 -2.02727504561127e-003 -3.79249116704631e-004 -2.01390562482631e-006 -5.56940438766792e-007 2.86108631157022e-008 
-6.26398274596683e+008 -1.14397527723617e+007 7.78379563973419e+004 2.02588885402673e+002 -8.79686129032883e-001 -4.99317810919963e-005 2.70432786389901e-006 2.53244001212273e-008 
4.50275260746704e+008 -1.23535351074863e+007 -5.59029835206771e+004 2.80602543322005e+002 3.49433476839932e-001 -1.78882083418970e-003 2.89662030965924e-006 5.41605523411543e-008 
2.08267393187074e+008 -5.01646586658165e+006 -2.58591634344478e+004 1.15342726752316e+002 1.71219861978698e-001 -7.65558451548975e-004 1.12682786571154e-006 2.27331202323567e-008 
8.14925141973124e+008 1.04579293348071e+007 -1.56011027889686e+004 -3.52583758417594e+001 1.51292756094819e-002 2.63747103892206e-005 -3.74235661311037e-008 
-1.14085841490473e+009 6.88421932384412e+006 2.18487180406998e+004 -1.92870479310764e+001 -3.37702903021118e-002 -6.51188147289038e-007 -4.85576240006298e-008 
-5.06222648754121e+008 2.39336526914399e+006 9.69452593147340e+003 -6.44810816944837e+000 -1.45985208853272e-002 -1.40993098479455e-006 -1.58395179362934e-008 
6.06881625103683e+008 9.13724800016065e+006 -1.55470227231495e+003 -3.79386027384153e+000 7.09618201652255e-004 2.63365949529380e-007 
-2.60734607407369e+009 1.44302059670336e+006 6.69113652431577e+003 -1.10197612017030e+000 -1.26571257435058e-003 3.48278217888963e-007 
-1.15053031992145e+009 5.02730627443793e+005 2.95260555516230e+003 -4.29303935874325e-001 -5.63449449472460e-004 1.51228214144352e-007 
1.20802708652141e+009 7.19153023022695e+006 -8.31987840282880e+002 -8.29281543201485e-001 3.72243991767132e-005 1.04586143096993e-008 
-4.01791460465422e+009 1.96469724762999e+006 2.76781932984796e+003 -2.09364265824738e-001 -1.63317281689448e-004 6.82385834577568e-009 
-1.67463296075983e+009 6.25152002052526e+005 1.15354748435304e+003 -6.50443363684221e-002 -6.76683381722177e-005 2.57633319699351e-009 
-2.78181060089336e+009 6.07709597739953e+006 2.01877951966048e+003 -7.65242150155186e-001 -1.94181235934328e-004 1.20986342444043e-007 
-3.45104104468865e+009 -4.83209896095266e+006 2.50425566304276e+003 5.48869262107310e-001 -2.69854913101141e-004 -3.89109633801666e-008 
-2.38820905971371e+008 -3.33889694621647e+006 1.73255015894475e+002 4.01725136592726e-001 -2.75697321259098e-005 -5.18377917603404e-008 
2.46450349247819e+004 1.63256977940542e+005 -1.11682017325550e+003 -1.24659193813688e+003 4.62875265186019e+000 1.89640210909989e+000 -5.52159459774346e-003 -7.73572379739766e-004 8.80675807381172e-007 1.25695724498448e-005 -3.92782714830544e-008 -4.11385378643191e-008 1.61088354552013e-010 
-3.51710174153886e+005 3.01789613493809e+003 1.61079724860102e+004 -3.16872124625652e+001 -5.35283522942527e+001 1.03957266815908e-001 3.21716702491387e-002 -5.23290314758112e-005 -1.04440304376875e-004 -2.25259344264122e-007 7.78108210282796e-007 -1.31520323149849e-009 -1.46472185172174e-009 
-1.62844336282074e+005 1.71542842043334e+004 7.46783487080425e+003 -1.35215794385966e+002 -2.47589656239221e+001 2.33080092433798e-001 1.46672916704024e-002 -1.01631330441179e-004 -4.90101934043505e-005 1.10611767810344e-006 3.62270067776402e-007 -4.59238038468226e-009 -6.74299093869956e-010 
2.97600892811312e+005 9.85609394389448e+004 -1.44129935657461e+004 -8.79006849559923e+002 4.09705590085467e+001 1.83550447111864e+000 2.09968971017177e-002 3.16570347072058e-003 6.99350103431938e-005 -1.62707585535322e-005 -1.24882801246532e-006 -2.74200203663736e-008 -7.73159881943124e-010 
-2.28030956773883e+005 1.16207210154618e+005 1.07795512857983e+004 -8.34993013013881e+002 -4.51155287038612e+001 6.65648690668258e-001 1.97828452243524e-002 1.37685100816620e-003 2.91845681027524e-004 1.55672512257968e-005 -2.05189200202516e-007 -4.10465894241463e-008 -2.25202069836630e-009 
-7.83813511162362e+004 6.41372407088065e+004 3.67661007199304e+003 -4.77779143151634e+002 -1.72599755014894e+001 4.92310949949320e-001 1.13404662428047e-002 9.50875491710391e-004 1.43959412471671e-004 5.74421255015627e-006 -2.17454829126082e-007 -2.19568063577859e-008 -1.13251369622020e-009 
3.55915607593003e+005 -4.46910903168678e+004 -1.96572608383594e+004 1.21529806724897e+002 8.74896993288715e+001 2.72305332692918e+000 -2.50731876796312e-002 -1.46282978204419e-002 -1.39099640620166e-003 -3.42075571595383e-005 4.90843654900264e-006 6.29941891088008e-007 2.99077910415107e-008 
5.10968857926787e+004 1.51432562610612e+005 -2.95569321062395e+003 -1.38745356934769e+003 -1.69434400627016e+001 2.97014902539598e+000 2.24428035052546e-001 1.09157008714703e-002 -3.11031088755107e-004 -9.35083185261107e-005 -6.20642562323181e-006 -2.52891968560976e-008 3.48317091396425e-008 
5.84434133001067e+004 6.68545990530129e+004 -3.29045907332565e+003 -6.40655394789779e+002 5.16472990041255e-001 1.66079864653580e+000 1.03003339423745e-001 3.71252833415035e-003 -2.80838819257131e-004 -4.72628036648385e-005 -2.44175142403795e-006 4.91211423326869e-008 1.92674693248083e-008 
1.32658400601014e+005 -1.69428240006503e+005 -8.68982942100880e+003 1.70489303862073e+003 8.14931275988389e+001 -6.21303433483455e+000 -6.65449754035107e-001 5.81749777802812e-003 5.06801198374493e-003 2.07037050349030e-004 -3.09144619293960e-005 -3.30658285543598e-006 9.85496571484482e-008 
2.78676177838164e+005 6.32533025851581e+004 -1.81998030477024e+004 -8.58392839570669e+002 9.81805128324659e+001 6.90404322091302e+000 -2.30776849332657e-001 -5.39352501478023e-002 -1.06950044927640e-003 3.66445017271131e-004 2.69384878531401e-005 -1.72311846916761e-006 -3.21457805003348e-007 
1.43812469065680e+005 1.33372472736664e+004 -9.39574087292114e+003 -2.38439322153238e+002 5.40525693328058e+001 2.64288650063252e+000 -1.72974684513486e-001 -2.47860466560273e-002 -1.17739036990175e-005 1.92288641575850e-004 9.66781001341641e-006 -1.13012910499357e-006 -1.41550153757933e-007 
-2.04113691170762e+005 -1.48448647579584e+005 1.35933588597785e+004 1.50888337128563e+003 -1.06445520657269e+002 -6.12708345640054e+000 7.60459516912793e-001 1.77808373202702e-002 -6.24090576787825e-003 3.75378568969900e-005 5.22371254764692e-005 -1.89051862725207e-006 -4.19805590562026e-007 
2.50144645148072e+005 -9.05122549124723e+004 -1.66741757681716e+004 1.10978940454056e+003 9.57813206120644e+001 -7.77104713671692e+000 -3.43418553576628e-001 6.14193228305548e-002 7.58209990381866e-004 -5.21723874533841e-004 8.78256658406600e-006 4.36813282761596e-006 -2.11602289886948e-007 
9.78171248287351e+004 -5.69047269937839e+004 -6.52090280435611e+003 6.67749147823254e+002 3.47054958251130e+001 -4.24700106259102e+000 -8.77454442869840e-002 3.05942041948894e-002 -2.48069181903542e-004 -2.41598210652892e-004 9.18698052241834e-006 1.87010717987808e-006 -1.40114073442185e-007 
-3.57714865921666e+005 4.36331571332280e+002 2.03552204210458e+004 -3.15178894823841e+002 -8.66348637690410e+001 4.46115486874660e+000 -2.65343198483275e-002 -2.15909565710178e-002 2.08287598587038e-003 -3.14381159097200e-005 -1.05337570368507e-005 1.10890163240219e-006 -2.44033676757716e-008 
-1.17787054671134e+004 -1.56775602926126e+005 6.21952931146738e+002 1.42931516696986e+003 -3.70630251104329e+001 -2.92104371066782e+000 3.24853674716883e-001 -1.52371055261914e-002 -7.71089405333639e-004 1.58173050984452e-004 -8.10121585517096e-006 -3.46112740093340e-007 8.63185226215979e-008 
-4.01420175738680e+004 -7.36350297128272e+004 2.26244675018749e+003 6.41088580998318e+002 -2.58250668726574e+001 -9.40595278879085e-001 1.50190309446243e-001 -9.25317368058965e-003 -1.60807548930868e-004 7.13053148159550e-005 -4.82804743798029e-006 -5.53123692229010e-008 3.82105083179293e-008 
-2.18631346472391e+005 1.30578054752118e+005 1.07941301996183e+004 -1.11958560374584e+003 -2.30808423637870e+001 1.87453224092151e+000 -6.52814294492193e-002 6.50587325870305e-003 -5.79095242698272e-005 -2.28860447459536e-005 1.68604257294289e-006 -8.70841893680879e-008 2.30966073171252e-009 
-2.74812725796696e+005 -9.57197961319441e+004 1.32452228405926e+004 6.42734175695087e+002 -5.22030424551118e+001 6.89877980009265e-002 -6.05280379740791e-003 -3.21319864753012e-003 4.82916123933683e-004 -1.82976171748509e-005 -8.84901698981157e-008 5.77612380157376e-008 -7.11140195260266e-009 
-1.50301953015713e+005 -3.23557357460402e+004 7.26644879403125e+003 1.93379675135465e+002 -2.67649782917352e+001 2.15625782131572e-001 -9.13471498183327e-003 -8.82463879563234e-004 2.21311393274731e-004 -1.08177518569203e-005 1.21773711946532e-007 1.87273939227653e-008 -3.11917175642245e-009 
8.35967571573733e+004 1.59478296971973e+005 -3.74931410257971e+003 -1.22223948864360e+003 1.04243407281294e+001 1.85187695237497e+000 2.95075939729093e-002 -3.75533416512048e-004 -1.99493003333886e-004 8.65237774596204e-006 4.91626024552917e-007 -1.48505577024443e-008 -1.78347382513050e-009 
-3.45884891986274e+005 2.68969088099159e+004 1.59420126431603e+004 -1.96088648716643e+002 -5.30215392342826e+001 1.19527023178778e-002 2.80522737693709e-002 2.77634601847960e-003 -5.82938546711148e-005 -9.74934388150296e-006 4.59184621418681e-007 2.44628447258526e-008 4.22891869900859e-010 
-1.54504171438995e+005 2.80304848126690e+004 7.12384399980677e+003 -2.10434696683651e+002 -2.38701488778682e+001 1.86426964949333e-001 1.59869953813163e-002 1.26490376041255e-003 -4.67131672580630e-005 -3.74107815265237e-006 2.63299626964108e-007 1.00385012541706e-008 2.59929296323385e-011 
2.72926417118491e+005 3.53956089254705e+003 -1.89711433811409e+001 1.51537419605958e-001 6.99552150768732e-003 -1.04993438793915e-003 7.77040995249732e-005 1.95089032205103e-006 -1.62344794025506e-006 2.70793166219911e-007 -1.67716358097535e-008 
2.12862301625803e+005 4.80136519978041e+003 7.29836920473859e+000 -1.37509162454056e-001 9.40684201846458e-003 -9.59190398134081e-006 -7.81629067711774e-005 1.34188582115496e-005 -1.06855561035093e-006 -5.88677407700679e-008 2.80347457819504e-008 
8.06064030840814e+004 2.01523423077610e+003 3.65604581869674e+000 -7.60167787693079e-002 4.02178853670450e-003 9.87513659442741e-005 -4.97135570591276e-005 6.96535820127848e-006 -4.02337699269307e-007 -5.72636800484036e-008 1.67058702309966e-008 
2.79860176755926e+005 3.39593520998900e+003 -1.69012509885662e+001 1.74942059216954e-001 -1.00326235798190e-003 -7.00008551713306e-005 8.33496334570529e-006 -9.02101892225014e-007 9.22167360684752e-008 7.58492129788350e-009 2.24118851793817e-010 
2.22519812971372e+005 4.85542244062194e+003 6.42081594297626e+000 -2.03110311123158e-002 5.20569864781235e-003 -1.44182467569707e-004 9.03263360886434e-006 -3.87234071630458e-007 1.66928926873861e-009 -6.26650438623204e-009 -5.27423653473146e-010 
8.46639712379001e+004 2.04187429264644e+003 3.10091721608872e+000 -2.09507496792027e-002 2.53157759200072e-003 -7.22738998930227e-005 4.06880180917435e-006 -1.13495900119956e-007 -8.67911458806141e-009 -1.90844717404061e-009 -3.10948114331590e-010 
7.96125999407607e-005 1.15806042331118e-006 -5.45386134974631e-007 -8.35144661514172e-008 3.01778043070689e-008 3.05820283125109e-009 -3.40406842732195e-010 6.45455713795869e-012 -1.60356604044901e-012 -4.47413202559118e-012 
1.26175402694864e-005 4.63894951721521e-007 1.26916736776360e-007 -6.94363980973504e-008 -8.31728743755054e-009 1.71939261211528e-009 2.49976826996448e-010 9.99615817998782e-012 -1.38488924328913e-011 -2.00049855221701e-012 
8.03674170891569e-005 9.85555507047389e-007 9.19331790980217e-007 6.20297717680030e-008 -7.81592832313835e-008 -1.25811347498410e-008 1.83477211855687e-009 8.72951954655835e-010 7.81620638695681e-011 -3.03050324947923e-011 
1.26286912971008e-005 -6.27617870902993e-007 -1.21201672334416e-008 1.30524736539596e-007 1.39239785434290e-008 -6.60257745960564e-009 -1.64638535922253e-009 6.92936627444090e-011 9.40580657781321e-011 7.41062195461583e-012 
8.29793938664482e-005 -1.34456981095531e-007 -6.61391657595836e-007 2.65777799730276e-007 3.70644283805949e-008 -2.29329238742001e-008 9.77718533766211e-010 1.14165146681831e-009 -2.03271304840944e-010 -3.77838413608790e-011 
1.28054965916463e-005 5.02298232689902e-007 -2.82973151379425e-007 -7.09041956254989e-008 3.77468183639238e-008 1.11656358888873e-009 -2.33201391962219e-009 2.15929687790552e-010 9.49687641474919e-011 -1.70904447572013e-011 
8.36636342308366e-005 1.46896111761173e-006 1.10995226327384e-007 -1.70193700736567e-007 -5.51288752672741e-009 4.97335662909956e-009 -6.56010301333624e-011 -7.37803092892664e-012 1.25478352586346e-011 -2.72587880485046e-012 
1.27903323153172e-005 4.61552046009556e-008 2.73617112767540e-007 1.19789751714015e-008 -1.53591963648033e-008 -2.12748213927211e-011 2.69446006520943e-010 -1.01845329317646e-011 -1.29143141019649e-011 1.38962263700208e-012 
6.49676769761239e-002 -1.16480496331654e-003 3.80574572215398e-005 3.50146531353972e-005 -4.37283814251431e-006 -4.65630701004026e-008 1.11731412792537e-007 -3.64473075864853e-009 -1.09718354013344e-009 6.29597015106009e-011 
4.00223675005573e-001 8.47369177228608e-005 1.04812805431348e-004 -6.45275587880798e-006 -1.04052818684413e-006 3.10331942230750e-007 -7.99284261312084e-009 -4.82922859571456e-009 1.74515042189602e-010 2.93726741056647e-011 
1.84928474983000e+003 9.20996747757575e-001 -4.02733063407701e-005 -3.42467372332846e-005 4.06967541373055e-006 5.55206071069554e-008 -1.03075062584067e-007 3.32182365481270e-009 1.02618249749164e-009 -5.64418270336423e-011 
6.37509007499835e-002 1.21738620893654e-004 2.60462449390831e-004 1.82083652314420e-005 -5.99988666444670e-007 -1.02208328962622e-006 -2.03581021948489e-007 9.12936669729400e-009 6.94730704074728e-009 7.70380920871699e-010 
4.00956684334898e-001 5.75333542829807e-004 1.47038920301577e-005 -1.17987102557464e-005 -2.13150572002901e-006 -2.68855419634778e-007 5.41529365921759e-008 1.67599214576827e-008 6.51078485603918e-010 -3.70273195033700e-010 
1.85112562210139e+003 9.19705988901033e-001 -2.55905571415110e-004 -1.57086384022690e-005 9.40301679670857e-007 9.58706699125945e-007 1.83102039668915e-007 -9.67166064034208e-009 -6.47468945627775e-009 -6.81322146274138e-010 
6.56180824993197e-002 1.40188032481239e-003 -1.42866013918217e-004 -7.29470888769640e-005 5.35087323823990e-006 1.94218005937427e-006 -2.31516431850708e-007 -3.11482214351832e-008 9.53134223691281e-009 -2.73799244890912e-010 
4.01582548154112e-001 -1.00178471830378e-004 -1.44624059141871e-004 1.07814664526495e-005 4.97686987091255e-006 -4.22945963056332e-007 -1.09132721354593e-007 1.94573502695612e-008 8.77392536875167e-010 -6.88523569685377e-010 
1.85296350240003e+003 9.18518174357547e-001 1.46354050449596e-004 6.86600140926564e-005 -5.34341689235589e-006 -1.78026624809621e-006 2.21206001060034e-007 2.72525330552756e-008 -8.84876627553162e-009 3.08434094195990e-010 
6.62279957697452e-002 -8.06832249657394e-004 -1.77888727305610e-004 4.69158376842216e-005 1.55225628598763e-007 -9.59399777479477e-007 6.16097637705613e-008 1.00036336047665e-008 -3.93933568018886e-010 -7.55088555493826e-011 
4.01014108358828e-001 -2.55920926430955e-004 9.32713624147611e-005 7.38054639126932e-006 -2.85336261463125e-006 1.19324138441249e-007 4.16524365492484e-008 -2.76142184839441e-009 -3.11085563932569e-010 -9.69598109699937e-012 
1.85480267523658e+003 9.20660969817547e-001 1.70478882385858e-004 -4.51021901998625e-005 -2.01879805075084e-007 8.94352743822512e-007 -5.63513929917615e-008 -9.16875239163720e-009 3.40034360798057e-010 7.06322710613076e-011 
