5.08887322780746e+007 -3.33350815339402e+006 -1.38618953620911e+006 -2.89616110778284e+004 2.80189380368542e+003 2.85010814752076e+002 1.11140607290186e+001 -4.16762798559992e-001 -9.15804013344127e-002 -5.83444459708216e-003 -1.34129712549473e-005 3.24191888290594e-005 3.07132580622042e-006 9.09988710151438e-008 
1.85184109878251e+006 1.52343517418349e+007 -6.28313062229149e+004 -6.95024806877010e+004 -3.09929713499171e+003 1.81897787684807e+001 1.43826658199744e+001 1.11028929647870e+000 2.27419595759368e-002 -3.91045351143217e-003 -4.77501283688102e-004 -2.09951884971158e-005 8.95892533808923e-007 2.10780509578218e-007 
-4.32982977129035e+006 8.48390537000217e+006 1.10071350211632e+005 -3.41282809496392e+004 -1.94601864758569e+003 -1.98153454378748e+001 6.53180074412747e+000 6.36317455549209e-001 2.16385579067362e-002 -1.48446069125078e-003 -2.53698355223460e-004 -1.45751914566968e-005 1.60350741422910e-007 1.03172827655462e-007 
3.28842942547158e+007 -1.45740480990611e+007 -1.25879914517184e+006 6.43587080060992e+004 8.02425475265231e+003 -6.89093976881097e+000 -4.76101966003995e+001 -2.24710351752577e+000 2.27280981948948e-001 2.84899329230074e-002 -3.08072525002993e-004 -2.48309297476168e-004 -1.06489123953852e-005 1.55392722474358e-006 
2.87064091772424e+007 1.07504500347137e+007 -1.09565525951223e+006 -8.84288030280620e+004 2.60324895721974e+003 5.55566892658961e+002 1.01607799253157e+001 -3.16810969080297e+000 -2.29605125775275e-001 1.21425105007607e-002 2.43599467998189e-003 2.97654292683527e-005 -1.87861278488238e-005 -1.28122074113401e-006 
1.18820383030282e+007 7.25328192857291e+006 -4.54878503550207e+005 -5.39087566025121e+004 5.59227927367975e+002 2.97505960004678e+002 1.03613625324089e+001 -1.45960773711423e+000 -1.46209059640281e-001 3.53460820301271e-003 1.33326629098036e-003 4.16306691657657e-005 -8.93239892354660e-006 -8.45462779836069e-007 
-2.62115092947452e+006 -1.98042561944603e+007 7.24984052020297e+004 1.30296001323510e+005 -2.24136286823750e+003 -6.82969478887365e+002 2.86731517925722e+001 4.18295813408802e+000 -3.14924107497840e-001 -2.63553170900434e-002 3.28975964754684e-003 1.49839222984294e-004 -3.31741008231128e-005 -5.44850658037896e-007 
3.90849550822521e+007 -7.97013981910884e+005 -1.59395478225677e+006 2.04126420157715e+004 8.12301155355412e+003 -2.64384291517463e+002 -4.57219858560890e+001 2.88113137181042e+000 2.82367439828943e-001 -2.98869468262642e-002 -1.66265054517349e-003 3.01434627607858e-004 7.48159765428171e-006 -2.97315406972708e-006 
2.11056279100221e+007 1.62641440827937e+006 -8.59025305596355e+005 -2.59642780271802e+003 4.57167935667321e+003 -7.04692731366950e+001 -2.73964360475312e+001 1.10570812329966e+000 1.83476932917502e-001 -1.32351288510034e-002 -1.22909377258322e-003 1.45504551894800e-004 7.43424592098873e-006 -1.53184488631333e-006 
-3.75963896468618e+007 -1.42725955182554e+007 1.14373714094918e+006 3.92122774998065e+004 -6.03928692097044e+003 2.12595198320474e+002 1.43039610768866e+001 -2.23294765957358e+000 8.70936232663580e-002 7.06958727614962e-003 -1.13629848521731e-003 4.50881152125823e-005 4.16814973995463e-006 -6.70219234239374e-007 
2.66665138438472e+007 -1.09832793044652e+007 -8.45985116240672e+005 8.14607104967704e+004 -4.56535683386464e+002 -3.00616158313881e+002 2.36236321737754e+001 -1.13362257001890e-001 -1.30474485507975e-001 1.09832675628750e-002 -3.25694838328685e-005 -7.14463859652792e-005 6.12601614340136e-006 -7.58631897230090e-009 
1.80958079322292e+007 -4.38841653257473e+006 -5.70449838712013e+005 3.94543561671558e+004 3.81897653187457e+002 -1.82622450579099e+002 1.11379247326626e+001 1.70816211053830e-001 -7.87259286376067e-002 5.13487714935027e-003 1.00343104198303e-004 -4.28396862851274e-005 2.84070698761521e-006 6.53947779415584e-008 
8.89434116315332e+007 1.31217639828890e+007 -1.10833709010606e+006 -2.71397048828081e+004 1.10544071730597e+003 1.62060376251369e+001 -3.77938819247474e-001 -3.89791536099831e-003 1.66987473462146e-005 3.23863817814024e-008 
-5.19866831352909e+007 1.85080044285512e+007 6.43123601295868e+005 -3.78578621325408e+004 -6.56725747878411e+002 2.15942726920737e+001 2.49261665906916e-001 -4.06712587805196e-003 -3.39538487647051e-005 -6.86706223235433e-007 
-2.90396851939974e+007 7.49825257885649e+006 3.59514338000095e+005 -1.53188402185634e+004 -3.65452226739017e+002 8.69211378709022e+000 1.36071743851399e-001 -1.58371586661680e-003 -1.62887055568471e-005 -3.19802855352614e-007 
1.05515290954358e+008 3.27429305406207e+006 -1.31889025575881e+006 -7.38844785494281e+003 1.33036210076457e+003 5.89550711546839e+000 -4.77767063131231e-001 -3.11065099254512e-003 3.98137431155616e-005 1.23717363251476e-006 
-1.13675311977026e+007 2.16919192304348e+007 1.40976906065329e+005 -4.46265876309504e+004 -1.74978028551017e+002 2.60631911625026e+001 1.16260991503897e-001 -5.56634465109468e-003 -5.86026099770046e-005 -4.88687468385738e-007 
-1.18099609985179e+007 9.55394509922973e+006 1.46872340270737e+005 -1.96141825039415e+004 -1.62897565458079e+002 1.13552803903856e+001 8.25384676512642e-002 -2.30794434893962e-003 -2.88890710291084e-005 -2.99014101587054e-007 
1.02415588350358e+008 -1.50349104243436e+007 -5.03213152635320e+005 1.17165168324266e+004 2.27162838413152e+002 -2.58236634695413e+000 -5.45266437190792e-002 5.51822000026629e-004 2.70762372723330e-005 -1.85110904188473e-005 -1.51313272443703e-006 5.42840820081311e-007 6.56188980799774e-008 
9.68208956094156e+007 1.30897521928833e+007 -4.72884384753983e+005 -1.10975990615179e+004 1.81057946649522e+002 3.35592572075868e+000 -2.22146494601777e-002 -5.10661712070044e-004 -6.86532458146201e-005 -1.38656168835471e-005 1.89904388708206e-006 5.97841442306439e-007 -1.34771873184220e-008 
4.19890793472179e+007 5.67418987172367e+006 -2.04976045947930e+005 -4.81052689865057e+003 7.84817480009023e+001 1.45434767277691e+000 -9.75307148271495e-003 -1.93181310862481e-004 -2.06070692101121e-005 -7.12913104616610e-006 3.65839937630842e-007 2.75049910183382e-007 8.47850751368265e-009 
6.88060372693515e+007 -1.84408045921858e+007 -3.42732978454634e+005 1.48699157414395e+004 1.63098851639815e+002 -3.79586369160088e+000 -4.45916893027615e-002 7.38908923346977e-004 -1.20500995135187e-005 -2.06948100672120e-006 6.18908319947053e-007 -2.79011020743613e-007 1.45345117165415e-008 
1.18833599375369e+008 8.82811344057717e+006 -5.86574819347969e+005 -7.70075038833366e+003 2.40937585795367e+002 2.55249036353283e+000 -4.19965022186538e-002 -6.66460955101114e-004 -4.43475716980042e-005 2.44619267411440e-006 -1.17407733870972e-007 -1.49449066687605e-007 7.77640189744002e-008 
5.15313147903425e+007 3.82693537187050e+006 -2.54258291724972e+005 -3.33813260953444e+003 1.04436852639518e+002 1.10604352093766e+000 -1.81850676803558e-002 -2.57597448415994e-004 -2.08396906377327e-005 2.05864951641495e-007 3.94911528581016e-008 -8.39495489516549e-008 3.19233583275149e-008 
-2.40883610644187e+008 -6.92643693549101e+006 9.91409258566311e+005 5.79355469040403e+003 -2.37883490555575e+002 -9.33772046106491e-001 -4.26110723372380e-002 -2.69089813451961e-004 4.60257164336288e-006 1.32928699454529e-006 1.91036127056844e-007 
5.26766531062808e+007 -2.69507111492685e+007 -2.17290106882560e+005 1.82769016606767e+004 8.29252950089126e+001 -4.52280805896803e-001 -1.08190685041886e-004 -7.89585158239635e-004 -1.82430898346093e-006 1.25825684039180e-007 -1.06421026887098e-007 
3.06588041187393e+007 -1.21747937646490e+007 -1.26390076077195e+005 8.22707609676915e+003 4.44490163098214e+001 -1.82279462271110e-001 1.09145642548475e-003 -3.56914370282265e-004 -8.67816815508900e-007 1.44779708225313e-007 -3.92538511146255e-008 
4.58518103076911e+008 1.42017134674908e+007 -6.57136513658653e+004 -3.73497315738020e+002 5.42639895448586e-001 3.95578253921524e-003 3.43969290361122e-006 -2.08483085279380e-007 
-5.55110241806338e+008 1.09016105071998e+007 7.94453084052582e+004 -2.18481849107435e+002 -1.18456848177359e+000 4.88568626150978e-004 1.00948564829366e-005 1.23973404213236e-007 
-2.49088553558968e+008 4.32694800805819e+006 3.56516215379437e+004 -8.45553655817437e+001 -5.20937011091996e-001 1.12893538975452e-004 4.25137312819040e-006 3.58426395032230e-008 
-4.23175945868309e+007 -1.40671049381683e+007 1.08108195248379e+003 6.06087500764796e+001 -2.34002375111364e-003 -1.17138648050900e-004 8.99262270265618e-008 
1.24520533197685e+009 -6.32454119220870e+005 -3.22010072132668e+004 2.60285674660651e+000 8.07843901405646e-002 -3.54505032623120e-006 -2.14225047488116e-007 
5.16153677991331e+008 3.44694643040374e+005 -1.33472766568698e+004 -1.53681102299060e+000 3.34690658948365e-002 3.56551563753060e-006 -8.63345964296634e-008 
6.16597151053984e+007 -9.48114201028523e+006 -1.71179704792911e+002 4.33071859819849e+000 5.59574383272002e-004 -5.05448364738741e-007 
2.60681381514499e+009 -2.65816439980583e+005 -7.18051143183701e+003 -4.29822627769630e-001 1.68047873160842e-003 3.25729105128604e-007 
1.14083449577215e+009 1.75982057482957e+004 -3.14255663209530e+003 -2.49059519668190e-001 7.28992118773548e-004 1.44279200762271e-007 
4.28490315407528e+009 -2.14678115202138e+006 -3.05700430881982e+003 2.44279848315522e-001 1.77775734097566e-004 -9.27436538700392e-009 
1.19295598574676e+009 6.70032733758664e+006 -8.51148470866629e+002 -8.01115220604089e-001 4.67318150342054e-005 5.38535115334151e-008 
3.81605318872444e+008 2.79592414609713e+006 -2.72272816170470e+002 -3.33996236703623e-001 1.47625931952948e-005 2.31877262850808e-008 
3.83421742346012e+009 5.67813157279826e+006 -1.41438370322684e+003 -1.34591880225805e-001 9.39359986018838e-005 -3.30021109442881e-008 
-3.37174920459455e+009 3.98235192136698e+006 1.24369556055374e+003 -4.32710489694377e-001 4.39945712880256e-005 -6.53933424463320e-009 
-2.20745834003987e+009 -4.68029700700816e+005 8.14276896220593e+002 -9.42915885150828e-002 -1.48057508243507e-005 1.71371736653119e-009 
-3.41520457839282e+005 7.76567421894837e+004 1.68353545663091e+004 -5.03842185916354e+002 -7.09489445951891e+001 -4.12838772047474e-001 1.23039466473627e-001 8.24430438064650e-003 -2.00378357006532e-004 -3.31018693589776e-005 1.29226940763267e-007 1.42104965039047e-007 4.34035148578853e-009 
-1.47694053624947e+005 -1.41981526541636e+005 7.26116988682810e+003 1.21930626063756e+003 -1.32486638079960e+001 -3.01328063804596e+000 -9.44086124374806e-002 4.36593017971436e-003 5.15364570542060e-004 -7.19485732268586e-006 -2.00634322532674e-006 -2.71886062003099e-008 8.86994572981322e-009 
-6.71357636552634e+004 -4.47091773190248e+004 3.29702448956366e+003 3.91642277301829e+002 -7.95271228562380e+000 -1.04705099351623e+000 -2.62833310798658e-002 1.88674281413557e-003 1.66110395817128e-004 -4.05913585203886e-006 -6.78236415241340e-007 -2.38909061084098e-009 3.23747870761132e-009 
-8.38675764178392e+004 1.69567412493613e+005 4.38296458022235e+003 -1.49054505528358e+003 -3.83070279290573e+001 3.81044250510385e+000 1.57133947211854e-001 -5.85191346578000e-003 -2.10540591959178e-004 3.09167915686820e-005 -4.63442448400141e-007 -2.33870655843116e-007 5.29595270232755e-010 
-3.33109164126544e+005 -3.40325664423457e+004 1.84110324727038e+004 4.69258599798714e+002 -7.94062706370991e+001 -2.64556964615143e+000 1.36214916184645e-001 6.87713272910105e-003 -3.28600847991733e-004 -3.03824194879016e-007 2.68994290436366e-006 -2.31389874039790e-008 -1.61783277180847e-008 
-1.17937659722554e+005 -3.38927200186119e+003 6.49936589926854e+003 8.81107647007571e+001 -2.89360240568555e+001 -7.18601401753388e-001 5.39864835866367e-002 2.06092416238877e-003 -1.22198712229842e-004 1.40670527485875e-006 8.95911934385911e-007 -1.92309992925470e-008 -5.49643668323429e-009 
2.30809341098594e+005 1.29488993982064e+005 -1.41676839996213e+004 -1.34963248723598e+003 6.10194986694270e+001 5.37326605626390e+000 -4.20582900898408e-002 -1.09267606671872e-002 -6.23254067594455e-004 -3.24290328309412e-005 3.03935038217548e-006 4.44553599626737e-007 3.52239014016155e-009 
-2.53067919621798e+005 1.11569536198741e+005 1.53868349396537e+004 -9.97541558994221e+002 -8.83131775893799e+001 2.21251612531244e+000 2.60785770456153e-001 4.25598196518928e-003 -1.28634227026632e-004 -4.82027751651106e-005 -4.56507199566052e-006 9.27034863400466e-008 3.06462263659564e-008 
-7.53162852707683e+004 4.44019869738861e+004 4.57179596159828e+003 -4.05547705481800e+002 -2.71986229896603e+001 1.01248772750112e+000 8.69199365221620e-002 9.33065045496073e-004 -7.35759196152627e-005 -1.80345275527096e-005 -1.41357361511627e-006 5.30435610627356e-008 1.06346043222743e-008 
3.41619189545222e+005 -2.49121966939065e+004 -2.15198006404910e+004 2.87755657217922e+002 1.22932793365780e+002 -1.06904150960780e+000 -4.79798714918585e-001 -3.62594706705728e-003 2.22292749980545e-003 9.46651829105904e-005 -1.15501362357123e-005 -9.86763896820163e-007 5.42652601614117e-008 
4.19578630548153e+004 1.68404230949174e+005 -2.47010161601753e+003 -1.71231494281905e+003 1.64798737932250e+001 7.26494026302814e+000 -1.53760413701046e-002 -3.00498522051735e-002 -7.43246171167698e-004 1.50304818363513e-004 9.70938109782812e-006 -7.56753744631894e-007 -8.78010936828698e-008 
3.09033979101857e+004 5.63789078786218e+004 -1.87852922555473e+003 -5.70813215479014e+002 1.15231510776195e+001 2.42756339962172e+000 -2.82575104414852e-002 -1.04324750940484e-002 -1.47280308002601e-004 5.58780145119849e-005 2.76234353311901e-006 -3.05850810214734e-007 -2.73861244813549e-008 
1.50800961109720e+005 -1.55073625868857e+005 -8.73410529053834e+003 1.56953171366748e+003 1.87217624411750e+001 -6.51120619688295e+000 1.73255971452698e-001 2.39630923350491e-002 -1.82970892750970e-003 -8.05266437659155e-005 1.37835502422848e-005 4.91127287602566e-008 -9.39336154299628e-008 
3.03464572120757e+005 8.04842651336529e+004 -1.74451106057832e+004 -5.68409893276238e+002 9.96643134095320e+001 -4.95886687991363e-001 -3.73610191791035e-001 1.81547903803840e-002 1.39304150386728e-003 -1.51199224099067e-004 -3.60699496361641e-006 1.09351211777957e-006 -1.39801659537812e-008 
1.11163642650019e+005 2.00920740651807e+004 -6.37895844586607e+003 -1.19010216140143e+002 3.48984955845335e+001 -4.82519968711790e-001 -1.19177360714742e-001 7.35243672685244e-003 3.87873801458541e-004 -5.55059336443552e-005 -5.70197969010036e-007 3.75862226225581e-007 -9.28524648810271e-009 
-1.71191653288911e+005 -1.52316812160609e+005 8.65845979423831e+003 1.15941624528532e+003 -4.98147166358952e+001 -6.28580508192333e-001 1.37820804661412e-001 -1.33593322412059e-002 1.28061813092582e-004 4.60505926229482e-005 -3.79971479765707e-006 8.43453410490936e-008 1.51061059621377e-008 
3.20535083172140e+005 -6.21575996420863e+004 -1.60460657363377e+004 6.63210037236652e+002 4.79394322573404e+001 -2.68372465918854e+000 1.05814749249189e-001 4.12934835959338e-003 -8.84855750045571e-004 3.35211764782883e-005 1.10872946067583e-006 -2.69036373145974e-007 1.47118686517704e-008 
1.01604458246750e+005 -2.85265722698532e+004 -5.07254895450064e+003 2.81374163789120e+002 1.39588733923975e+001 -9.44458934332030e-001 4.28842541322275e-002 7.69408914652341e-004 -2.96067363585173e-004 1.36578437764240e-005 1.95712818553365e-007 -8.78610520340536e-008 5.75052910456072e-009 
-3.72298361672170e+005 -4.12894951735660e+004 1.76552917258211e+004 3.34217218848820e+002 -5.36233935166180e+001 -5.77791665615524e-001 -7.13329387855763e-002 -3.85024962259847e-004 4.70320123997542e-004 4.68585736911407e-006 4.88865113588084e-007 -2.38911698183998e-008 -6.30426725793344e-009 
1.00142426736068e+005 -1.48823838941084e+005 -4.80948560523275e+003 1.13481575448532e+003 1.71421778633252e+001 -8.86864968592976e-001 -8.64198800027178e-003 -7.98428283817023e-003 -5.87843130166674e-005 1.18649713090318e-005 3.41873642590518e-007 8.40238208500068e-008 -8.61895776336408e-010 
1.66125598319184e+004 -5.28991611186434e+004 -8.12605043925969e+002 4.03003315245899e+002 3.33455043810144e+000 -3.25366247296866e-001 -6.28549073216516e-003 -2.75165352474964e-003 1.90854447818264e-006 4.24824511606765e-006 1.40229864222287e-007 2.76535301601467e-008 -5.89721912823990e-010 
-3.12122363384513e+005 1.00041460787553e+005 1.59041657733477e+004 -6.80005225746552e+002 -7.36694865252074e+001 -5.71896432235767e-001 1.44632456554208e-001 1.43184439638144e-002 6.42795117796006e-005 -5.94021932887307e-005 -3.30084507551812e-006 9.91261934288481e-008 2.36751619569874e-008 
-1.90727145175714e+005 -1.29956373600156e+005 9.63032855168216e+003 1.18320959936982e+003 -1.94093801047459e+001 -3.36875538424581e+000 -1.47394936261659e-001 3.69595356173481e-003 9.52250381408515e-004 2.65818251853728e-005 -2.73413208839434e-006 -2.90113983005597e-007 -1.84129916298811e-009 
-8.01658799591022e+004 -3.98177563024587e+004 4.03636512330590e+003 3.72561649836023e+002 -1.00126965513510e+001 -1.17544279727900e+000 -4.38241098357941e-002 1.92217058433484e-003 3.28513897929047e-004 6.34821254476486e-006 -1.08701583586023e-006 -9.46445660567029e-008 4.64088713503321e-010 
-6.45111650512924e+005 -4.55125269643746e+003 2.04846254243512e+001 5.90882073103829e-002 -1.90121773279289e-002 -1.52122297932500e-003 1.15664559535653e-004 4.82101687127451e-005 3.94925015163715e-006 -6.50555010934398e-007 -1.92647478180974e-007 
3.88593847245248e+003 -5.29962295632457e+003 -1.64683702720115e+001 2.65431430259551e-001 4.49901312804167e-003 -1.57310697152515e-003 -2.60125568130731e-004 -1.62225557055679e-006 5.89802073638305e-006 8.19723094130292e-007 -2.48010762837790e-008 
2.29392336815281e+004 -2.19357335075669e+003 -7.71947985518791e+000 1.24230726314888e-001 4.10348767329409e-003 -6.78060248420980e-004 -1.50854121846862e-004 -5.86903694771957e-006 2.74396487985971e-006 5.10207275538512e-007 5.90657063926060e-009 
-6.54051605854276e+005 -4.38947044682806e+003 1.96414678687638e+001 -1.03753255318687e-001 1.17256015449218e-002 9.63068249232252e-004 -4.29733635376648e-004 1.93671018511913e-005 9.39847445153864e-006 -1.45568536976934e-006 -1.12622148776593e-007 
-6.83615441603329e+003 -5.42048196002098e+003 -1.41240068222597e+001 7.56543722926251e-002 -1.03601076090629e-002 2.33062013313581e-003 -6.88545227406237e-006 -5.80469719775605e-005 6.14613095902692e-006 9.60598018418023e-007 -2.75008101906491e-007 
1.84947416325255e+004 -2.24991045239496e+003 -6.53947753826867e+000 3.62731774171586e-002 -6.90402816726376e-003 1.15201853987328e-003 4.09227992538694e-005 -3.30183007877881e-005 2.30946752649969e-006 6.66485907537469e-007 -1.35249904776293e-007 
3.48725922120481e-005 -9.66197095981923e-009 6.06237441253392e-007 -4.12096193255061e-008 -4.32528511183588e-008 -5.85813008173808e-010 1.27500501377778e-009 8.00144064366336e-011 -1.57769284067147e-011 3.01911390520802e-013 
-3.86825274074166e-005 -8.88115541712004e-007 7.62162766390304e-008 7.39940304550830e-008 -2.17768796151329e-009 -3.46580342639654e-009 -1.44406104712336e-010 8.32302657079666e-011 5.73100207087300e-012 -1.93287315156456e-012 
3.49956917867704e-005 -8.65990397863502e-007 -3.25214252200122e-007 2.01317949355914e-007 4.10161640270136e-008 -1.17351062690237e-008 -2.23185408666450e-009 2.91100152279905e-010 8.09142977071423e-011 2.70139892840319e-013 
-3.95011828287962e-005 -2.39761293225939e-007 -2.40392162914169e-007 -5.71435257767533e-008 2.34450831224076e-008 4.18475451319964e-009 -9.29867270356014e-010 -1.92588952382798e-010 2.05071869934254e-011 6.89590300170215e-012 
3.51906628293952e-005 1.22008733116427e-006 -1.36526196567094e-007 -1.82205108042042e-007 2.52161087097549e-008 6.44376091370642e-009 -1.82935462536924e-009 5.02264206840259e-011 6.72705655933465e-011 -1.21273024377796e-011 
-4.06480975866451e-005 -3.80084568422218e-007 2.50571923740685e-007 -2.55575083014513e-008 -1.76387289194488e-008 2.91695765963380e-009 3.46876014860835e-010 -1.45338885785147e-010 5.72959003682092e-012 3.69794102560371e-012 
3.52786840107733e-005 -7.22329046254656e-007 2.73085463015661e-007 1.49665895176527e-007 -6.71829456304240e-009 -4.73524300952234e-009 -5.18200271364751e-010 2.09431887514935e-012 2.86149825622702e-011 3.15307364077805e-012 
-4.11995213318757e-005 -5.80868857865589e-007 -1.88011343328264e-007 2.33604644127139e-008 1.28215022263077e-008 3.41414605983045e-010 -2.01875797173006e-010 -7.45084359689625e-011 -4.25970023650283e-012 2.72503558817295e-012 
3.27032156649537e-002 -1.23737499664981e-003 -2.51865484485639e-004 4.49018108424306e-005 1.41276253572196e-007 -9.16815120342365e-007 1.08257069256240e-007 1.93824126451758e-008 -1.66696962466122e-009 -3.67653332273056e-010 
4.32206896600433e-001 -4.68567986960058e-004 1.09184470284765e-004 1.07494825535514e-005 -2.74927558530559e-006 2.09214002894875e-007 5.47836497553494e-008 -6.47001394219121e-009 -1.12723984490339e-009 6.51491237917423e-011 
5.32279379488811e+003 9.21045871039589e-001 2.17855265902093e-004 -4.16149449392637e-005 4.93910857164616e-008 8.44687424016282e-007 -9.95170613439632e-008 -1.77703142025636e-008 1.53588868870023e-009 3.37070790558999e-010 
2.97358566806989e-002 -1.33990187976321e-003 2.29042289390341e-004 4.89810624911942e-005 1.79321443386558e-006 -8.58195900357046e-007 -2.42654442998406e-007 7.77690033105524e-009 6.52620163943038e-009 2.31900869321843e-010 
4.32271129639792e-001 5.38686554381413e-004 1.17238947103242e-004 -8.50659005709639e-006 -2.87422085372448e-006 -4.33074617923230e-007 3.97909924622276e-008 1.79050550092829e-008 2.41615897293004e-011 -3.69839330100533e-010 
5.32463625360475e+003 9.21066133222974e-001 -2.10024609027718e-004 -4.24186722883322e-005 -1.55127133087637e-006 7.55657520981783e-007 2.18038214563331e-007 -7.10985618328922e-009 -5.87392189940856e-009 -2.00968034564742e-010 
2.98267127421092e-002 1.43257156968895e-003 2.08792200780945e-004 -7.90327595074427e-005 -5.61573650906020e-006 1.73227576604400e-006 3.51974491794908e-008 -2.94940954087339e-008 2.49922217049721e-009 2.59289698755901e-010 
4.33444523855492e-001 3.69158706681437e-004 -1.80809737034215e-004 -1.59625940824254e-005 5.13952375960025e-006 2.59505247887537e-007 -9.86911254447685e-008 2.32957202121706e-009 1.36796340753372e-009 -2.34482149143538e-010 
5.32647591853097e+003 9.18609665024863e-001 -1.77340036672761e-004 7.11888558926526e-005 4.87237692353629e-006 -1.55343574001614e-006 -3.06646982997375e-008 2.62523988713447e-008 -2.24473527652578e-009 -2.25848082317055e-010 
3.17164270538717e-002 -7.63122706665424e-005 -4.02873687816442e-004 1.36993220360976e-005 8.34885090976423e-006 -7.69812015334478e-007 -1.09288098048966e-007 8.41897370193236e-009 1.60636942322358e-009 1.22714188109937e-010 
4.32993487350159e-001 -6.51222011593804e-004 6.24154864906583e-006 2.73907048908336e-005 -1.78136181977553e-006 -3.97566486486576e-007 4.31123290300398e-008 5.51115665627655e-009 -4.98465610091972e-011 -7.04879270146606e-011 
5.32831407424410e+003 9.20015618906305e-001 3.60798035029704e-004 -1.40604753163688e-005 -7.51861631811053e-006 7.15147487344379e-007 1.00671830632712e-007 -7.64610143501799e-009 -1.50431937441624e-009 -1.14420297129693e-010 
