1.76584339562930e+007 1.27033609808715e+007 -2.42513768976182e+005 -3.03813858223222e+004 -4.28081717847854e+002 -1.43281075113173e+001 1.37869707852860e-001 2.41558929734994e-002 1.65946035089231e-003 8.47101574372599e-005 3.19417372999067e-006 9.32972452218525e-008 5.02761187177633e-010 -1.43975248303232e-010 
-5.63146971911505e+007 5.37911790296806e+006 7.21677796967531e+005 -2.60326236329337e+003 -4.64573371223693e+002 -1.98587014058402e+001 -1.03835642386591e+000 -2.89140391628121e-002 -7.90345769513827e-004 6.80914321393965e-006 1.70619705669924e-006 1.31245257294580e-007 6.87998526110908e-009 2.84012980455108e-010 
-3.19184200932701e+007 1.55646905609936e+006 4.10644824408974e+005 1.76038390564112e+003 -2.03760871979140e+002 -9.12174560492133e+000 -5.68946667348131e-001 -1.79501209213635e-002 -5.94293988120519e-004 -5.14800703579473e-006 5.80178252325005e-007 6.04278853339844e-008 3.62250608276840e-009 1.66657233199294e-010 
3.98757880074496e+007 9.16963167355448e+006 -6.56073182123694e+005 -3.89592816657956e+004 -5.80005877108296e+002 6.97256543937125e+000 2.23064217050962e+000 1.56655891875735e-001 7.55452487713966e-003 2.20214113606381e-004 -2.39335172423662e-006 -8.73990491207764e-007 -7.24724935848117e-008 -3.91636499150092e-009 
-3.99975386923438e+007 1.08606948492386e+007 6.27492453700398e+005 -1.48838604398510e+004 -1.18731120014607e+003 -5.62305689889825e+001 -1.96610658317348e+000 -1.73708359208688e-002 3.43917871258929e-003 3.53506971727515e-004 2.11803491827472e-005 8.51664209397381e-007 1.21979073524858e-008 -1.55231102534547e-009 
-2.55053367658830e+007 4.85101382132657e+006 4.03226027776547e+005 -3.90981919417281e+003 -5.74062940442901e+002 -3.07593523436285e+001 -1.28156723304691e+000 -2.55261818380590e-002 1.05358505618171e-003 1.65991002563207e-004 1.15619250131355e-005 5.45572804248619e-007 1.40320956995256e-008 -4.23022200968027e-010 
5.13993837781734e+007 1.93237507701606e+006 -1.15983760367073e+006 -4.21699542666046e+004 6.09330255983690e+002 1.43635825145967e+002 1.01776235091469e+001 3.36280595390271e-001 -1.08135261487011e-002 -2.43264123446969e-003 -1.79856613370695e-004 -5.89716115807417e-006 2.86830108002282e-007 5.65392966237281e-008 
-1.41161253122803e+007 1.47419589414856e+007 2.90044598090177e+005 -4.51615536155181e+004 -2.68230581863935e+003 -7.75949686290494e+001 2.51907045647971e+000 5.11886945868072e-001 3.55876654890792e-002 1.09053368665999e-003 -5.65510936555250e-005 -1.04252181096015e-005 -7.37639795021977e-007 -2.14599933415678e-008 
-1.28743090248300e+007 7.67483526091473e+006 2.75220956815958e+005 -1.97500305163577e+004 -1.49598167977553e+003 -5.63451887327794e+001 2.90039678794951e-001 2.38554029535735e-001 2.01310878951807e-002 8.34818185604680e-004 -1.15539798942920e-005 -4.95714527531313e-006 -4.23767308123229e-007 -1.73269735547828e-008 
4.47031775423971e+007 -8.89233575357184e+006 -1.46583077434657e+006 4.78833933791376e+003 5.95795534035583e+003 3.32363416740698e+002 -7.27669568787984e+000 -2.40355785313948e+000 -1.33099856421256e-001 5.41042991128046e-003 1.31476834617560e-003 6.55238064926362e-005 -4.22954740620038e-006 -8.22681714918549e-007 
1.54133272085566e+007 1.41024283276878e+007 -5.30845163158379e+005 -8.99608663129901e+004 -1.81067289729748e+003 2.71167290957581e+002 2.76689298740700e+001 4.50049423473374e-001 -1.35218410579472e-001 -1.31452780066320e-002 -1.05980811096337e-004 8.33173575300996e-005 7.37647715955254e-006 -1.47547029703644e-008 
3.59499145225898e+006 8.45588395539099e+006 -1.31531929769922e+005 -4.85503113623965e+004 -1.58511012637040e+003 1.10376911905664e+002 1.55343837631561e+001 4.89679544374491e-001 -5.84243792429623e-002 -7.58284218371602e-003 -1.92969489015527e-004 3.77093119061992e-005 4.37889412522720e-006 7.74413721980947e-008 
-6.71600861609199e+007 -1.88462804303087e+007 8.53278645921847e+005 4.02736785812414e+004 -9.25008443224299e+002 -2.73708734278591e+001 4.44766970864121e-001 1.08738107013714e-002 -1.56008004037928e-004 -4.02293022836579e-006 
7.33582917685028e+007 -1.42733713948635e+007 -9.51810181110883e+005 3.04102810196481e+004 1.03642225762735e+003 -2.05022588950657e+001 -5.06168628119274e-001 7.94375452630928e-003 1.84702401568372e-004 -2.80260990391027e-006 
3.72360727731787e+007 -5.22824036619923e+006 -4.82207600497965e+005 1.11323904397480e+004 5.24813288079018e+002 -7.49148003564023e+000 -2.55866440009623e-001 2.88563355132278e-003 9.29687950230836e-005 -1.00625004133843e-006 
-9.66983863936968e+007 -1.03758853387682e+007 1.23183093781878e+006 2.17660172709085e+004 -1.34443493379449e+003 -1.37216354641899e+001 6.61497212976503e-001 4.13560858254657e-003 -2.44654723926332e-004 -6.43998137977382e-007 
3.85286622940078e+007 -2.01812846279814e+007 -5.02827220150052e+005 4.31389040289344e+004 5.25905126767394e+002 -2.94238181695424e+001 -2.19507071176047e-001 1.17951100571577e-002 4.63888340377659e-005 -4.39498885756868e-006 
2.34369511891649e+007 -8.42219278115372e+006 -3.04173493240869e+005 1.80301171803827e+004 3.21682584407058e+002 -1.23689819740913e+001 -1.40616798688042e-001 5.04475455822628e-003 3.63508820795217e-005 -1.93694810724306e-006 
4.84093053913732e+007 1.90976435001941e+007 -2.22834655002197e+005 -1.43814494947141e+004 7.70325855830138e+001 2.78328987055202e+000 -6.43625421485803e-003 -2.46225613266219e-004 2.58832932391330e-005 2.13370543410135e-006 -7.41644949792543e-007 1.96682637591897e-007 -3.05281767999755e-008 
-1.31905619111990e+008 6.06053547117064e+006 5.93663571460126e+005 -4.49193487217157e+003 -2.12764750657810e+002 7.96928947039866e-001 2.01356142747830e-002 2.47377573563162e-004 2.95203915267900e-005 -9.80016193778843e-006 8.25759952564870e-007 1.01372616127396e-008 -6.06269090667338e-008 
-5.71579456889937e+007 2.62734494112587e+006 2.57382913515456e+005 -1.94747024025839e+003 -9.22448962312792e+001 3.45196520316883e-001 8.82271358687810e-003 1.25916523464635e-004 6.79585828057817e-006 -4.44885448976130e-006 5.23459982725555e-007 -2.33658121148093e-008 -2.21660379347890e-008 
8.42929618729020e+007 1.66497808824827e+007 -3.86209529176754e+005 -1.27127401256937e+004 1.31015913886544e+002 2.61244306743775e+000 -9.04485912911439e-003 -5.14072074424888e-004 4.00901486105073e-006 2.49575753018116e-005 2.51157621489596e-006 -1.23750063030764e-006 -3.53655384020019e-007 
-1.15245871753492e+008 1.05377511606481e+007 5.19951251332419e+005 -7.74065765591643e+003 -1.91656163165568e+002 1.31091124716017e+000 2.08040436629571e-002 3.28086491580940e-004 9.68179852536127e-005 -9.46529692540277e-006 -6.72211447306457e-006 -3.29898286886929e-007 4.02699557348742e-007 
-4.99355118579410e+007 4.56844264288826e+006 2.25424999651717e+005 -3.35595902531831e+003 -8.30939693150469e+001 5.68271034131038e-001 9.17230619158296e-003 1.54910950909634e-004 3.07318875143346e-005 -5.80816766934863e-006 -2.38429562774366e-006 3.00571567653475e-008 1.64087369656498e-007 
-7.61446965086270e+007 -3.04498503049155e+007 3.41144069822323e+005 2.13775511795403e+004 -2.62407029411816e+002 1.53243049043207e-001 5.18397971296656e-002 -2.02986416838406e-003 2.65962050760125e-005 -1.13095407104728e-007 -1.77913320441437e-008 
2.05794276991531e+008 -7.24745382924031e+006 -9.36952405160989e+005 9.96368720622149e+003 2.26237550802673e+002 -4.34908685284307e+000 7.60909789636056e-002 -3.35186968772830e-004 -2.19765458054742e-005 1.29720056772698e-006 -3.81827465066875e-008 
9.64696775957666e+007 -2.50055209525977e+006 -4.38975148086716e+005 3.99211322857938e+003 1.10860805487625e+002 -1.99880893492097e+000 3.34990332449118e-002 -1.00070896211408e-004 -1.04737626736165e-005 5.71435874795732e-007 -2.34973343330008e-008 
4.35031774271919e+008 -1.49047165954580e+007 -6.59496872295002e+004 4.00886553609655e+002 7.09426576100474e-001 -4.78336969484290e-003 4.64192762562857e-008 1.57256585920366e-007 
5.62057423503090e+008 1.03218179598425e+007 -8.51232350938558e+004 -2.29154571166835e+002 1.33047680475877e+000 1.27399509952252e-003 -1.31282260752047e-005 2.63439125310855e-008 
2.30323690849640e+008 4.78730301210169e+006 -3.48823656251530e+004 -1.07987983253342e+002 5.53123366025186e-001 6.63436236657901e-004 -5.65429629176833e-006 -6.71650488341763e-009 
8.22343837970139e+008 -1.13603400023247e+007 -2.04947879632274e+004 4.33950212638405e+001 6.07547184964390e-002 -3.84639540579531e-005 -1.56294410036081e-007 
1.02104532312704e+009 7.22740481787911e+006 -2.54290717968933e+004 -3.40283208505786e+001 5.31888993933951e-002 6.74591675257640e-005 -8.35009389064019e-008 
3.86333088597951e+008 3.47394082398854e+006 -9.61719487883206e+003 -1.59251231281641e+001 1.91435270248813e-002 2.98818452739551e-005 -1.62571964837019e-008 
2.23636371214499e+009 6.16072271210578e+006 -5.34580099464769e+003 -2.24654661819600e+000 1.07168985550619e-003 1.20946942237980e-007 
-1.79665024549008e+009 6.09573724382865e+006 4.29341014519659e+003 -2.60030125982146e+000 -5.77954890812580e-004 1.48186112329958e-007 
-8.18518164112119e+008 2.58263456940927e+006 1.95606273331023e+003 -1.10706242994610e+000 -2.68617257866663e-004 6.23301851873863e-008 
2.59056868909620e+009 6.09817001386874e+006 -1.79881872210910e+003 -7.19577240952426e-001 9.68430339898312e-005 2.89240784530464e-008 
-3.38783853612714e+009 4.09548892182997e+006 2.35271124805439e+003 -4.56873330539534e-001 -1.35632683535860e-004 -7.12988835304719e-009 
-1.45115627491706e+009 1.52448815257109e+006 1.00774741510934e+003 -1.69072444926802e-001 -5.79430382391248e-005 -3.88928646448843e-009 
-1.38753556944029e+009 7.31130742930281e+006 9.46833523645437e+002 -9.09141312346410e-001 1.99727211729326e-005 9.83270605111677e-008 
-4.21892980749998e+009 -2.57164886166877e+006 2.87909251626182e+003 5.42001393827243e-002 -2.94588050165990e-004 5.00820902741867e-008 
-8.98538425666214e+008 -3.00539439706543e+006 6.13129225459959e+002 2.90951859395954e-001 -9.69186155843676e-005 -1.70180220364584e-008 
-2.90999091506770e+005 -1.03232213065561e+005 1.85961592705166e+004 8.35759069734755e+002 -1.26253966914898e+002 2.13993198222579e-001 6.07326322714502e-001 -3.71586031813765e-002 -2.07039430232189e-003 4.03250986192153e-004 -7.26491192798339e-006 -2.85920482596508e-006 2.34034032280777e-007 
1.60000750765930e+005 -1.40386888213258e+005 -1.02199660937112e+004 1.58175894625920e+003 2.91327612748750e+001 -8.30985235102136e+000 2.57053463277490e-001 3.52131732037420e-002 -3.93000207034463e-003 -3.78936829243842e-005 3.32378619565418e-005 -1.67342215336489e-006 -1.78505179065724e-007 
8.84125235023144e+004 -4.52265622820504e+004 -5.64365063517256e+003 5.38674326548273e+002 2.26793051160951e+001 -3.24379979119239e+000 4.50957628843837e-002 1.70131301290907e-002 -1.33925920848432e-003 -5.10164276330601e-005 1.35580782205441e-005 -3.92255566195296e-007 -9.03749284326686e-008 
-3.38845241081280e+005 5.49431574847176e+004 1.82070175052836e+004 -7.19210466033918e+002 -5.90125719924670e+001 3.55784541401361e+000 -1.19748260170647e-001 -1.92536924378718e-003 1.03948736167492e-003 -7.92529276745082e-005 1.44387695844693e-006 2.80589995289992e-007 -3.59127896451026e-008 
-1.43317681611249e+005 -1.47999202663808e+005 7.54202504266789e+003 1.17319499744752e+003 -5.45417706135431e+001 -7.93642652402739e-001 1.48599461498191e-001 -1.45259522963339e-002 5.86590919691924e-004 3.15123477456142e-005 -5.68083101022864e-006 3.56854532622148e-007 -2.58287830424045e-009 
-2.50919708831330e+004 -6.24416531107373e+004 1.28622873028735e+003 5.20293741620916e+002 -1.58381345166207e+001 -6.28086407058485e-001 6.84015666374709e-002 -5.46653435498762e-003 1.34209607226029e-004 1.93679562432541e-005 -2.33537519536989e-006 1.13288345890639e-007 2.22976477429976e-009 
-1.18987267201769e+005 1.54503837677923e+005 5.80478454291789e+003 -1.22872984339403e+003 -1.04604935215330e+001 1.78638163865337e+000 -1.11688377766170e-002 3.22545314888553e-003 -2.36382293924136e-004 -2.67563857183801e-006 9.09218853428610e-007 -2.91506246281563e-008 1.67170121728940e-009 
-3.45190851451143e+005 -4.66501040043223e+004 1.62102869222097e+004 2.70343115816682e+002 -5.59501264556823e+001 1.11894866091884e-001 1.70253906862245e-003 1.18916094344664e-003 1.67827723514616e-004 -1.82620913191037e-005 3.70277571687193e-007 1.11639481150021e-008 -1.89255065191271e-010 
-1.23347536651333e+005 -3.20695022328428e+004 5.77116929174936e+003 2.15993748132288e+002 -2.07659820484464e+001 -1.18669398784324e-001 1.61047510171777e-003 1.72864599494241e-004 8.65134926350696e-005 -6.84901056239445e-006 6.17314857091055e-008 6.95035052764724e-009 -2.23488481697227e-010 
1.89546069150836e+005 1.41830966798800e+005 -8.76374892196458e+003 -1.10859327717786e+003 2.58568188519593e+001 1.85856643758550e+000 -3.05169113547811e-003 -9.24171610964984e-004 6.10567784942496e-005 1.05747712412413e-005 -4.34568271117739e-007 -4.13560577133919e-008 3.98519069287290e-010 
-3.09109991347218e+005 8.10518876600241e+004 1.42068860401385e+004 -5.89065925123500e+002 -4.95909655299756e+001 6.80546320121153e-001 3.80402173657962e-002 -6.53121716759560e-007 -8.81439248636431e-005 7.00368926167907e-006 7.11470349317457e-007 -1.65146135004335e-008 -1.65970314464310e-009 
-1.37193667550153e+005 1.86741951417249e+004 6.31027642115759e+003 -1.28508799160549e+002 -2.16010782982789e+001 9.50116434625653e-002 1.50556970748442e-002 8.56762800815600e-005 -3.97412121031779e-005 1.76473907616805e-006 3.15629512723955e-007 -2.66950781710438e-009 -6.80839339730141e-010 
3.67771012232667e+005 2.83234694905072e+004 -1.83790603224721e+004 -4.03614066810402e+002 6.21466007200662e+001 1.85116725296358e+000 1.43716186889760e-002 8.87578825986108e-004 -2.02614011295486e-004 -3.09721522082934e-005 -1.27455665030160e-006 1.62398634013687e-008 3.87990919953349e-009 
-6.43772853995111e+004 1.54291581645471e+005 2.98298602436428e+003 -1.22528784522968e+003 -2.69740506155622e+001 1.64657492263624e+000 6.15738560674605e-002 4.13145025700257e-003 3.30078016524646e-004 2.49350598467587e-006 -1.42782866745305e-006 -9.58253854307175e-008 -3.71380364491472e-009 
-5.82191779086203e+004 5.73829543706891e+004 2.81993868839998e+003 -4.39564675687905e+002 -1.61162658321657e+001 4.71881284023468e-001 2.26982981729110e-002 1.52772358335786e-003 1.46555415436387e-004 3.76616448450024e-006 -4.39854482259748e-007 -3.87289305861134e-008 -1.79467883863127e-009 
2.75874168261921e+005 -1.18308524467245e+005 -1.60164534458213e+004 8.85304159629088e+002 9.56451069094199e+001 5.37048277291774e-001 -2.46404403834574e-001 -2.42010448633654e-002 -7.73927276830255e-004 9.06382729768445e-005 1.22892183974974e-005 4.48952109399903e-007 -4.14065068770502e-008 
2.18471460300857e+005 1.15298112922121e+005 -1.28131417374523e+004 -1.25707263327768e+003 3.43971127304768e+001 5.14785783370947e+000 2.02442479331279e-001 -4.59568507331823e-003 -1.69774460210831e-003 -1.15332853672456e-004 1.31599447263436e-006 8.37300898675643e-007 6.35838415091052e-008 
5.99692997493197e+004 5.54798286001784e+004 -3.53248251164914e+003 -5.68682468017642e+002 4.71274584395597e+000 1.95348140902685e+000 1.01032689053271e-001 3.98485300552876e-004 -5.90224628940026e-004 -5.30267449352386e-005 -5.98436788139751e-007 2.84972597925736e-007 2.84597040211989e-008 
-3.83277428788657e+004 -1.80313625710343e+005 2.50262216050347e+003 1.97034625998483e+003 2.23949095617228e+000 -1.03194487701272e+001 -2.59370259254198e-001 5.69272331894571e-002 3.72725968088977e-003 -3.29004994208846e-004 -4.18197509164605e-005 1.46601733741673e-006 4.20401389728689e-007 
3.11172538848983e+005 -2.94255594858328e+004 -2.07939495204675e+004 1.99513339135575e+002 1.36295682229016e+002 1.15375719355285e+000 -7.10250597036117e-001 -2.88920275417861e-002 4.20225000275975e-003 3.66082724572621e-004 -2.31049732118144e-005 -3.93024852448464e-006 7.45106349696569e-008 
1.24341722216670e+005 4.82946175768036e+003 -8.30926154377359e+003 -1.00557643566687e+002 5.27913949112111e+001 1.38237071991655e+000 -2.52698498579296e-001 -1.63788972640529e-002 1.29694840830455e-003 1.72045834765235e-004 -5.20446817412769e-006 -1.66035727495978e-006 -9.00828490752773e-009 
-3.13527376912022e+005 -7.99979953036032e+004 2.00895343368883e+004 6.03638038074635e+002 -1.32999001720616e+002 8.86426263914366e-001 6.58246798219613e-001 -3.67097414715846e-002 -3.01991717163841e-003 4.19332507812408e-004 5.18809029386279e-006 -3.74093786221331e-006 1.31290562660415e-007 
1.17052713988176e+005 -1.53414931382319e+005 -7.51206472423404e+003 1.69067216777199e+003 1.53766534262337e+001 -8.74330101391251e+000 2.75220705177568e-001 4.18925615079244e-002 -3.92433565391786e-003 -1.44858370272703e-004 3.81313842879248e-005 -5.63651194425914e-007 -3.01468109300388e-007 
7.36997863976879e+004 -5.24313232547898e+004 -4.73443344580341e+003 6.02931376745210e+002 1.80203810267122e+001 -3.47904103296821e+000 4.74312077047554e-002 1.96015087962477e-002 -1.25262557309146e-003 -9.41970466856828e-005 1.43545817174434e-005 1.18822864234422e-007 -1.29053851111854e-007 
-8.89979251121624e+005 8.36785560855933e+003 1.64446582758820e+001 -5.90195142687132e-002 3.42210086282253e-003 1.02201498846899e-004 -9.87585695545878e-006 -1.53379467524734e-006 -1.70053503111593e-007 -2.10028151060001e-008 -5.57948405082475e-010 
-5.69213249270753e+005 -6.27272741265359e+003 2.20353556313471e+001 -2.14980829565144e-002 4.95733293056276e-005 2.38173701268463e-004 1.72959963878265e-005 7.33632682006276e-007 -5.53992311827528e-009 -1.79513236444129e-008 -1.52032484247560e-009 
-2.16934064941164e+005 -2.90952022275533e+003 9.05933541311592e+000 -6.91992424382093e-003 -1.06770651257024e-004 1.14480606876961e-004 1.01226802908496e-005 5.51525715931802e-007 1.47580276025678e-008 -7.07597514403240e-009 -7.38720849933176e-010 
-8.73113600971491e+005 8.49744567699425e+003 1.60125246731543e+001 -3.13026967961537e-002 -4.85144097593592e-003 -1.41746925249454e-003 -9.88602809317039e-005 1.09925854245901e-005 3.73768946973120e-006 3.86407083214920e-007 -1.31006368114953e-008 
-5.81582896108470e+005 -6.09695357935223e+003 2.20095298886991e+001 3.62886746833848e-002 6.78084715021260e-003 -1.18690899668951e-004 -1.52096006499294e-004 -2.11184430264335e-005 -4.81536751832234e-007 3.53825582912365e-007 7.18476370887862e-008 
-2.22680736007962e+005 -2.83713228081602e+003 9.09096558693978e+000 2.41033225891975e-002 4.27275671963543e-003 7.84860099582959e-005 -7.10929627285825e-005 -1.24186073758634e-005 -6.44761195339279e-007 1.49325900809619e-007 3.97484612745923e-008 
-7.25984022857633e-005 -5.05999753204915e-007 -3.25833388012875e-007 2.49404752758399e-007 -8.26915097935135e-010 -1.35120127475769e-008 2.12134106756229e-009 9.52501621273671e-011 -1.28429367025895e-010 2.48340309180553e-011 
-2.08777862322650e-005 5.85782152718561e-007 -2.82799490447389e-007 -2.17840676307810e-008 2.84926440549855e-008 -2.33138066056562e-009 -9.74780038829157e-010 3.04552347629574e-010 -1.06829031988929e-012 -1.54402054341222e-011 
-7.20132573419055e-005 1.29127487109848e-006 -3.69337453567820e-008 -1.50955033679913e-007 1.65182177839348e-009 4.20851477633611e-009 1.99916217038836e-011 -4.29943289115909e-012 -1.39659204098580e-011 -6.86369996888217e-013 
-2.04138733550695e-005 3.82583677123798e-007 2.38113591005101e-007 -3.01735845299961e-010 -1.30142311248354e-008 2.40614609795648e-010 1.49712203392191e-010 -3.15957777014457e-011 5.36192640260249e-012 3.22924708975993e-012 
-7.18661737675266e-005 -9.56714138622890e-007 2.09938525806738e-007 2.14674575171007e-007 2.79048542980654e-009 -8.30564175008183e-009 -9.22671392782663e-010 -1.90813212208880e-011 3.29149467738761e-013 7.06138041773008e-012 
-1.92524890103202e-005 3.06682986201409e-007 -2.56260929589540e-007 9.35301597708884e-009 2.03575540232558e-008 1.48713874162851e-009 -2.61723904079471e-010 -7.73257914932232e-011 -2.63314337221631e-011 -1.52465112455260e-012 
-7.08816802851867e-005 9.82473082134519e-007 -7.75514509780793e-007 -1.58226344472938e-007 9.21775636223822e-008 9.94940255475131e-009 -6.25630668416947e-009 -4.25707692593842e-010 3.35041952178745e-010 1.53950753367524e-011 
-1.84187186813174e-005 1.01873051494965e-006 1.69577934137964e-007 -1.23281456942390e-007 -1.80426560987409e-008 1.00553826384983e-008 9.66493052666216e-010 -5.47028209902784e-010 -3.92153220808248e-011 2.26127633329282e-011 
-5.91053223776737e-002 -9.24742271683777e-004 -8.69205851005937e-005 4.13275210897759e-005 -3.58251153103495e-006 -7.22347105986823e-007 2.21835624044780e-007 -9.37512493613956e-009 -4.03116976312791e-009 9.15488045883430e-010 
4.20830042351553e-001 -3.15249956713352e-004 9.09341678011066e-005 1.98558187935242e-007 -2.62346186246472e-006 4.54130417339338e-007 1.67742672406932e-008 -1.43425851721204e-008 1.63013928930606e-009 1.00043917770604e-010 
2.60738227995627e+003 9.20673942957156e-001 9.64013546914437e-005 -3.72864659580321e-005 2.92006108981075e-006 6.88213308918099e-007 -2.01285470172177e-007 7.48407705577901e-009 3.83346677163965e-009 -8.27815846289591e-010 
-6.07500262581412e-002 -5.54758977713870e-004 1.27171583439457e-004 1.32841911929461e-005 1.67518868472957e-006 -4.32599104826225e-008 -9.41861467594741e-008 -1.40883228641429e-009 1.04013090128544e-009 5.04187100519832e-011 
4.20771286158651e-001 2.11706824915311e-004 4.11555977420821e-005 -3.26613759865553e-006 -4.64503062580390e-007 -2.30072595419407e-007 -2.24624331491865e-009 4.58820051802610e-009 1.13281595393868e-010 -3.38024922683500e-011 
2.60922355016809e+003 9.20433389675620e-001 -1.12960989654715e-004 -1.41391981288894e-005 -1.55847061317443e-006 5.07836547135334e-008 8.63815464389224e-008 1.24218945561050e-009 -9.64096457301455e-010 -4.42215264986636e-011 
-6.04406270096785e-002 8.96184959880548e-004 1.42546902076972e-004 -3.91359756210478e-005 -7.54210320242549e-006 2.83809795094932e-007 1.73418895265898e-007 9.81636172226787e-009 -8.39480960005098e-010 -2.04928071204645e-010 
4.21184983252315e-001 7.92127358727201e-005 -1.02167338855001e-004 -1.52907915971111e-005 1.80888562722115e-006 5.27462214622116e-007 8.41306101580200e-009 -7.19859661643309e-009 -7.68485953574673e-010 -5.37188117138751e-011 
2.61106307636509e+003 9.19047161762912e-001 -1.46249286290374e-004 3.51077010320941e-005 7.09635356532608e-006 -2.40990949264284e-007 -1.56619070402395e-007 -8.91261037394015e-009 7.07526801208693e-010 1.75811602053328e-010 
-5.93627196585922e-002 -2.27418580602294e-004 -2.99285234896640e-004 2.44552822822317e-005 9.64309005278416e-006 -1.60170750316920e-006 -2.53184831801513e-007 6.66649983918815e-008 6.95718485713129e-009 -2.46435678325980e-009 
4.20587091018785e-001 -5.61940425478281e-004 2.61857857740620e-005 2.41192453849165e-005 -2.78992798569190e-006 -6.51459302351091e-007 1.37348598323515e-007 1.75064187393699e-008 -5.25112662198627e-009 -4.90815642108744e-010 
2.61290172606475e+003 9.19993316148223e-001 2.77341576721737e-004 -1.90270691979273e-005 -8.94195927390078e-006 1.38509987685164e-006 2.35886808981538e-007 -5.86348773259791e-008 -6.54758795349505e-009 2.17596284311370e-009 
