3.61510083117593e+007 1.04604806926152e+007 -5.32675963285215e+005 -3.64149774283186e+004 -5.85971519406605e+002 -4.27778236567272e+000 1.26056934426305e+000 1.00252761837450e-001 5.41623021103650e-003 2.06878465858911e-004 3.70858260584663e-006 -2.27649972169839e-007 -3.05525362825202e-008 -2.08252974156324e-009 
-4.37682492515827e+007 9.45349634917087e+006 6.68798350188220e+005 -1.03058798993508e+004 -9.14702159969729e+002 -4.40267181137562e+001 -1.75480261389573e+000 -3.53311265750021e-002 9.24976346078791e-004 1.73556009300425e-004 1.23048859212025e-005 6.15345472046666e-007 2.03907488129993e-008 9.28575983628866e-011 
-2.72108105922988e+007 3.96342736555620e+006 4.12498837327656e+005 -1.72622564910553e+003 -4.27770873275322e+002 -2.30722246507674e+001 -1.06809619866247e+000 -2.92739003947166e-002 -6.79374691267444e-005 7.12358291489032e-005 6.18763164431600e-006 3.52297355944730e-007 1.40615502385209e-008 2.65681840197096e-010 
5.13206500669092e+007 4.30243093623622e+006 -1.01975495567080e+006 -4.34349923834616e+004 -1.12465996396431e+001 8.58744961567572e+001 7.48178450356680e+000 3.52940536896901e-001 4.87824438184549e-003 -8.92599604274822e-004 -1.02785044361291e-004 -6.10746930749883e-006 -1.54017699763773e-007 1.12778291622185e-008 
-2.01322392125227e+007 1.39775820040002e+007 4.20323934698050e+005 -3.44303394871748e+004 -2.23736717563237e+003 -8.39342795553007e+001 -3.44310660747780e-001 2.52970210800526e-001 2.36862005717360e-002 1.21773243106640e-003 2.00358616970541e-005 -3.08461144238182e-006 -3.81821851905814e-007 -2.38599176895408e-008 
-1.61612630189472e+007 7.01886253385578e+006 3.30320709505348e+005 -1.38834761898196e+004 -1.19388362186166e+003 -5.37425112918560e+001 -9.60230557215514e-001 9.84978974532151e-002 1.21453950105751e-002 7.43048189666455e-004 2.13669604089774e-005 -1.01386967951721e-006 -1.87962326809098e-007 -1.39145653725681e-008 
5.02502622859417e+007 -5.73412652735290e+006 -1.44541714094673e+006 -1.72022825954294e+004 4.12354187651688e+003 3.31454516528568e+002 6.41788324282952e+000 -1.18915126718885e+000 -1.32304734860385e-001 -4.17072308290919e-003 4.47643103430192e-004 6.51303548391215e-005 2.82455626295013e-006 -1.78554011566355e-007 
9.37365090119240e+006 1.49683591477405e+007 -2.53142826233048e+005 -7.96912353974485e+004 -2.83579792423681e+003 1.09398945319556e+002 2.11899381043538e+001 1.11994549705651e+000 -2.49413616590462e-002 -8.59853463173338e-003 -5.83701363604892e-004 3.38142650190724e-006 4.07640917096163e-006 3.41375250362785e-007 
-2.91320239918296e+005 8.58948319667334e+006 1.47676299960367e+004 -4.07807438817750e+004 -1.94255770837578e+003 2.40412422091857e+001 1.06523044778615e+001 7.21587723499021e-001 4.06176626596571e-004 -4.15999557361054e-003 -3.58222112577931e-004 -4.95190898811592e-006 1.88426187142856e-006 2.00866700736002e-007 
2.76683600217373e+007 -1.65338077771843e+007 -1.06102935738689e+006 9.08155057257960e+004 7.43457969134967e+003 -2.73377631775694e+002 -5.48882854764602e+001 -3.00062486912947e-002 4.07117259258301e-001 1.52320974224166e-002 -2.77442585161292e-003 -2.35620653407134e-004 1.51693696093808e-005 2.71998000177568e-006 
3.39542132352283e+007 8.72288582107391e+006 -1.30478344568815e+006 -7.54989086019161e+004 4.98895970075908e+003 5.51709838503764e+002 -1.23994846724445e+001 -4.22564647343019e+000 -5.98132845809910e-002 3.10231282476764e-002 1.65806116734943e-003 -2.00581836865644e-004 -2.22128201621263e-005 9.25269155392635e-007 
1.51799241689785e+007 6.37417001068279e+006 -5.86832586437663e+005 -4.97495973997781e+004 1.89334089613934e+003 3.23052312143567e+002 -9.27664292351161e-001 -2.25394174411096e+000 -7.41914157731641e-002 1.49899530682877e-002 1.17350365819880e-003 -8.26888751562600e-005 -1.34385900108859e-005 2.11986497460253e-007 
-8.94305270359429e+007 1.26771834887006e+007 1.14096681157462e+006 -2.74739697748668e+004 -1.16882718680179e+003 1.95404729528624e+001 4.46447880115480e-001 -8.56030931202639e-003 -5.59214824302988e-005 3.29646199261652e-006 
-5.28766987316657e+007 -1.83504417750803e+007 6.84123140023494e+005 3.80077363931210e+004 -7.61784994280107e+002 -2.27828801172690e+001 3.96003463640648e-001 5.42693591947544e-003 -1.56100422266171e-004 2.35649354421724e-007 
-1.81347571570944e+007 -9.05747532696009e+006 2.35511616120783e+005 1.88360851682828e+004 -2.68681826731326e+002 -1.14852949914140e+001 1.49872903733083e-001 2.98311909547070e-003 -6.66758504051124e-005 -1.02610785169073e-007 
-5.61951421775373e+007 2.02013155254658e+007 7.13625744378668e+005 -4.25503713584489e+004 -6.90895918185491e+002 2.72776257019946e+001 1.97736951031510e-001 -8.71687787856119e-003 3.62433923151733e-005 1.66748596147779e-006 
-8.28271489892808e+007 -1.12913498420077e+007 1.05383784783856e+006 2.27320493219036e+004 -1.11292751877272e+003 -1.19984539457286e+001 4.81932686151296e-001 9.22088472235788e-004 -1.16993596311480e-004 1.64684654916486e-006 
-3.37120635963336e+007 -6.35839626311474e+006 4.28871144710276e+005 1.29190471072219e+004 -4.56888631810774e+002 -7.12389966526412e+000 2.04272264197051e-001 9.66636656165123e-004 -5.49262769663850e-005 6.35113654586979e-007 
-2.61569119051219e+007 1.98728161316428e+007 1.21875135844033e+005 -1.50625486787832e+004 -3.38164133894240e+001 2.97741743790410e+000 -2.21409423826399e-003 2.20350473830482e-004 -4.58079454499514e-006 -1.98865178244638e-005 -8.40014770457553e-007 1.20617879545091e-006 1.33699764317943e-007 
-1.35333901602756e+008 -3.41494732659208e+006 6.19399569087766e+005 2.30521637848520e+003 -2.24533046701809e+002 -2.04211377007110e-001 2.53014952492497e-002 -7.71115047862883e-005 -1.22800695812854e-004 -8.26735296645201e-006 7.25476853768401e-006 1.02893486818462e-006 -4.16219095642049e-007 
-5.87162068036506e+007 -1.48044017955004e+006 2.68572022820211e+005 9.99475036948432e+002 -9.73579547297771e+001 -8.81053877306777e-002 1.09922801649505e-002 -7.83973855037060e-005 -5.65746738804519e-005 -6.42573226804931e-007 3.53081616734320e-006 2.81091162236368e-007 -2.16666939800092e-007 
1.39878229268937e+007 2.01201227463083e+007 -6.01669639804106e+004 -1.51306311901090e+004 2.50212543112453e+001 2.89213585774091e+000 -4.13754652722509e-003 9.06887693819110e-005 -1.56940267429559e-005 -2.45458340982209e-006 4.47408062920283e-007 -5.15724928218164e-008 -1.52607492070071e-008 
-1.37164191159850e+008 1.58971472074809e+006 6.25470555786910e+005 -1.28994250216473e+003 -2.23160417808895e+002 3.36111726262001e-001 2.26412710182736e-002 -2.01692706764372e-004 -3.84804553913626e-005 5.73140190921632e-006 2.47228177461980e-007 -1.59366472766407e-007 2.18561461315249e-008 
-5.95092579768721e+007 6.89581021666315e+005 2.71203584229950e+005 -5.59392088405412e+002 -9.67621496856747e+001 1.45996700682491e-001 9.73151666921561e-003 -1.06790451517295e-004 -1.23223453428774e-005 2.96145731448402e-006 -1.48924118186137e-008 -6.29614412098117e-008 1.21623597043600e-008 
3.85320987431698e+007 -3.16995607235407e+007 -1.95540670674542e+005 2.83540861345895e+004 -1.95907251825742e+002 -4.87643310878140e+000 1.93471563025791e-001 -3.28097939097387e-003 -6.03423795294871e-006 3.26462913636358e-006 1.78994131774442e-007 
2.07955616904991e+008 7.28951535069358e+006 -1.06226316582398e+006 7.13537648508281e+002 4.37693592495126e+002 -7.19090359528010e+000 3.24580787283930e-002 2.73148908946374e-003 -8.57069061069598e-005 8.38352944044738e-007 -4.33028768349957e-007 
9.42908906108957e+007 4.20138519418512e+006 -4.81920521281221e+005 -4.40437854141121e+002 2.06057419179752e+002 -3.16611001294690e+000 9.65194295574612e-003 1.34037984428467e-003 -3.98173902895482e-005 1.68313092968395e-007 -1.97890748711143e-007 
-2.98596517729166e+008 1.65105756049968e+007 3.70491660416348e+004 -3.25177337798533e+002 -5.63043374968885e-001 9.87044387126544e-004 3.11128648859894e-006 1.97629940156952e-008 
-6.83190263039019e+008 -5.29637292694560e+006 8.47690130179747e+004 1.45980297378601e+002 -7.12978850630798e-001 -1.49108419496280e-003 -2.31933131125450e-007 1.40630152450089e-007 
-2.85583480504296e+008 -2.67263102398451e+006 3.54339009543352e+004 7.04940331257431e+001 -2.91891630177293e-001 -6.63174442957427e-004 -5.73565624885680e-008 6.56520459252023e-008 
-1.22277745328627e+009 6.59913138553579e+006 2.48060873728117e+004 -2.76421756616176e+001 -2.96216142831992e-002 3.77968209631122e-005 6.35282331049376e-008 
-7.58645160049937e+008 -1.02516061207590e+007 1.53669384130957e+004 3.14447134673816e+001 -3.37426567174813e-002 -9.86782747381468e-006 7.64058754016555e-008 
-2.60733771635920e+008 -4.51764072612329e+006 5.27884279629054e+003 1.41839295796721e+001 -1.27040634952706e-002 -5.61256429810276e-006 3.40555652760972e-008 
-1.07982301227880e+009 8.63305459130026e+006 3.01245528600810e+003 -4.23688216760708e+000 -2.83808830295565e-004 3.80510347076733e-007 
-2.40517625417614e+009 -3.64469666894942e+006 6.71331076803536e+003 1.18123657042137e+000 -1.83686587068143e-003 2.68321757795494e-007 
-1.03810844584744e+009 -1.71857315213042e+006 2.89776766427781e+003 5.77632362859884e-001 -8.01436832684174e-004 1.16160515911284e-007 
-1.50607973334785e+008 7.46140296647513e+006 1.02566408706987e+002 -8.50169430752386e-001 -6.18923803078828e-006 2.95897233014798e-009 
-4.18829229906623e+009 -1.24900042430962e+005 2.86688990883845e+003 2.98479881164887e-002 -1.66363965595500e-004 -5.93814959272758e-008 
-1.71055322704319e+009 -2.36826506161679e+005 1.17086337699503e+003 3.33401180156179e-002 -6.78374845782644e-005 -2.36494205715807e-008 
-3.74632998793149e+009 4.32732711148191e+006 2.66408635847325e+003 -3.78383404879649e-001 -3.07238547621627e-004 5.55251851877328e-008 
-2.40831956856552e+009 -6.40412706772540e+006 1.71233539007403e+003 8.44553120487255e-001 -1.07415355567409e-004 -7.64839049920578e-008 
3.77171691879392e+008 -3.30220829048915e+006 -2.68556876651501e+002 3.78116046961377e-001 5.92467787656075e-005 -5.48122961453619e-008 
3.75283430976637e+005 8.90470689999098e+002 -1.88747199464918e+004 -2.02278059469805e+002 6.36702083175617e+001 2.21148336460719e+000 7.78094359880180e-002 -5.00940440059792e-003 -8.97959136809795e-004 -3.86035298657764e-005 3.27351333912924e-007 2.35903351516818e-007 2.01624274204064e-008 
-6.51490928302033e+003 1.52287725871035e+005 3.10890317639975e+002 -1.23348859112284e+003 -2.11962723009651e+001 1.37419885610662e+000 1.30258374338520e-001 1.10771671763446e-002 7.59556608892718e-005 -3.91457470478634e-005 -3.48556277062502e-006 -1.40684783122439e-007 7.34499917989620e-009 
-4.06621017173142e+004 6.72889029482075e+004 2.03906995423440e+003 -5.24995487810211e+002 -1.58158156287148e+001 3.83621542963720e-001 4.98582764729342e-002 5.40755674309593e-003 1.24206475807282e-004 -1.34236716614987e-005 -1.57570463454366e-006 -8.60626205174317e-008 1.21555341533815e-009 
2.32927612253581e+005 -1.38990129683151e+005 -1.36954866148711e+004 1.15596826332858e+003 9.57437521465484e+001 -1.27564758188952e+000 -4.72290443025907e-001 -2.15207662742216e-002 1.75856578592072e-003 2.32853040832160e-004 6.02919314275819e-007 -1.60457575387728e-006 -9.41044905408209e-008 
2.51956825882102e+005 9.34489330456968e+004 -1.48253254606705e+004 -1.09915450985734e+003 5.49393488105111e+001 6.23756524964512e+000 8.71575723830814e-002 -2.90096569652565e-002 -2.16966792987285e-003 7.48932524080449e-005 1.86063673526316e-005 4.99322435745886e-007 -1.08049166222949e-007 
8.80469799516059e+004 5.53581657118927e+004 -5.17806131176190e+003 -6.02910157083832e+002 1.46292928118085e+001 2.88932406717694e+000 8.62978421932691e-002 -1.06661205207750e-002 -1.13766997712261e-003 9.63681013142468e-006 8.17272364628719e-006 3.82912457507349e-007 -3.83149307242962e-008 
-9.62918316561629e+004 -1.73250835480622e+005 6.40983326262638e+003 1.84881132525267e+003 -3.73815993639520e+001 -9.13423028886619e+000 2.12570368126591e-001 4.88556719328382e-002 -1.94108669430918e-003 -3.19566124441320e-004 1.90782937756136e-005 2.26185426691444e-006 -1.84374546657353e-007 
2.94716986733431e+005 -5.44423426623647e+004 -1.91890867602779e+004 5.50496970384324e+002 1.20633508975631e+002 -2.73449247442646e+000 -5.85480005357451e-001 1.99060505219802e-002 3.49932928175091e-003 -1.89118687126574e-004 -2.38637178781731e-005 1.81241557412625e-006 1.69207904682497e-007 
1.40155334001578e+005 -6.62407313350312e+003 -9.13782034893381e+003 5.69779974131849e+001 5.71542043785567e+001 -2.86967209685179e-001 -2.80545465289619e-001 3.87396889952364e-003 1.74439036508360e-003 -5.14248397535218e-005 -1.24852437996371e-005 5.73695510279467e-007 9.34829086938886e-008 
-3.35509815183077e+005 -5.39496153653967e+004 2.06824735482124e+004 3.36720158900291e+002 -1.14630292031858e+002 1.52712022746546e+000 3.00801451045558e-001 -2.36451780584976e-002 3.36515703439620e-004 1.23385727876305e-004 -1.12661315770149e-005 -4.23969937920664e-008 7.61345055179871e-008 
7.14398143678562e+004 -1.56346977795469e+005 -4.45142526710988e+003 1.58800807999021e+003 -6.58207605835033e-003 -5.81907524222570e+000 2.28769221013472e-001 7.25626193546477e-003 -1.72456471783320e-003 9.16226687264944e-005 4.90995982359046e-006 -9.42549151305308e-007 3.25301883555605e-008 
6.54632448794112e+004 -6.37546817235449e+004 -4.05645104381642e+003 6.68838253845982e+002 1.15798693678643e+001 -2.72920944088222e+000 7.07980855363897e-002 5.59751946446246e-003 -7.96935138838495e-004 2.80884484454935e-005 3.30954166734819e-006 -4.12789867187768e-007 6.71028858165162e-009 
-2.84597214407758e+005 1.00434061341511e+005 1.54953709553765e+004 -1.03783536225470e+003 -5.13862559444822e+001 3.59028581301805e+000 -1.87897687297977e-002 -2.17459070284988e-003 1.47402570793766e-004 -3.10369561764266e-005 1.97591606054774e-006 5.50849907469062e-008 -1.05478248680346e-008 
-2.21110699235416e+005 -1.22611959328090e+005 1.17381187384565e+004 9.52807991161189e+002 -6.39551334218794e+001 -1.08026993772675e+000 1.28187035166715e-001 -3.71009608532330e-003 2.42757246721617e-004 -9.95486353768029e-006 -1.66866294201261e-006 1.66482225005018e-007 -2.62276278164753e-009 
-6.91482699963903e+004 -6.43935576921413e+004 3.63340510026610e+003 5.26600045516115e+002 -2.31179760707605e+001 -8.41767202172400e-001 5.86018588408776e-002 -1.41916955434495e-003 9.25516850713152e-005 -1.27820275792607e-006 -9.37837080016474e-007 6.81195909393866e-008 -9.52510013547393e-011 
-5.62947176700551e+003 1.65808928919004e+005 3.47167456376961e+002 -1.32897547141167e+003 1.13475271544833e+001 2.44853210577654e+000 -7.71774532750667e-002 -1.49665643323746e-003 1.67250310768014e-004 1.20064766745466e-005 -5.62558652656441e-007 -5.35023411476624e-008 3.98703198662290e-009 
-3.48982224408694e+005 -1.05704711802259e+003 1.67883632043342e+004 -1.02030817578050e+002 -6.07868834867602e+001 1.12974478544258e+000 5.37772316834008e-002 -3.69455086646855e-003 -9.71221314595632e-005 7.52219515007580e-006 8.35327892655851e-007 -4.81920402671060e-008 -2.02764130286427e-009 
-1.53856984669444e+005 -1.71699500539744e+004 7.39853632978038e+003 8.89347694113791e+001 -2.80731319223296e+001 2.51880132422017e-001 3.16331259443377e-002 -1.48270626642879e-003 -5.99264358443349e-005 2.12098413551874e-006 4.26734501591536e-007 -1.59370951260824e-008 -1.30048096628811e-009 
2.82475016441814e+005 1.10934999049159e+005 -1.32267618548042e+004 -8.56557972749102e+002 4.24680982787428e+001 8.89127299251347e-001 -2.09132353448876e-002 4.95933314003336e-003 7.93067604442637e-005 -1.26829610012787e-005 -2.37127495582126e-007 1.91526526058182e-009 -2.67321578828279e-009 
-2.31031318521439e+005 1.13806524043059e+005 1.05998245560025e+004 -8.60635167007722e+002 -3.39328296051754e+001 1.19952391906844e+000 -3.15930278021315e-002 -2.19983993609279e-004 2.89641522101632e-004 6.08145276420320e-006 -2.85563373521548e-007 1.39174306311784e-008 4.37542739230942e-011 
-1.30646735127469e+005 3.92220141269112e+004 6.02630567628707e+003 -2.94977423802951e+002 -1.93359626965627e+001 4.41587611099910e-001 -1.17900877128305e-002 -5.95466394514939e-004 1.20308521197489e-004 3.97431844011165e-006 -1.02797616182217e-007 5.94553053023413e-009 2.88093686197394e-010 
3.75057839326228e+005 -2.30342541264719e+004 -1.88021203174783e+004 -1.59862806083933e+001 6.58304545752537e+001 1.81827442389659e+000 6.27667010089067e-002 -3.38318303521242e-003 -7.85449120571340e-004 -4.17290611010539e-005 -5.40322849177361e-007 1.42158082784667e-007 1.83145505590489e-008 
4.32377186497739e+004 1.49693651553194e+005 -2.28314408734589e+003 -1.23415431681366e+003 -1.20006379650796e+001 1.54654278840644e+000 1.09795370797118e-001 1.00634823069379e-002 1.84185763012370e-004 -2.88831560841397e-005 -3.05937869466851e-006 -1.77617815442112e-007 -1.06565751995299e-009 
-1.85295272261847e+004 6.85943836313952e+004 8.78602265987999e+002 -5.45427034925473e+002 -1.19510983125739e+001 5.04541735796070e-001 4.24419083374031e-002 4.79746383596861e-003 1.60332131948249e-004 -8.62304801471048e-006 -1.30200949017910e-006 -9.29496357668882e-008 -2.30681511476625e-009 
6.99096676154479e+005 -9.25223001857335e+003 -1.35182076586252e+001 2.05333882768895e-001 4.20060610016790e-003 -1.99678910034261e-004 -3.96595491086893e-005 -4.66556727302352e-006 -3.63328107013130e-007 -9.27389673630576e-009 3.80640715667660e-009 
1.18640450335291e+006 4.21225499340319e+003 -2.51765256120393e+001 -9.13988584698086e-002 6.56867536022133e-003 4.09422666328648e-004 1.78844184701524e-005 -7.91901072526832e-007 -3.44342157988010e-007 -6.49131329916463e-008 -4.89084047358996e-009 
4.78894062232988e+005 2.02480846186654e+003 -1.04352280043480e+001 -4.90638292127593e-002 2.97246447534553e-003 2.31757293934568e-004 1.37129940466269e-005 6.29598271444616e-008 -1.46271646237351e-007 -3.27732609956427e-008 -2.99438558160802e-009 
6.80492117911951e+005 -9.35026012940778e+003 -1.10789819524134e+001 1.46613395794515e-001 -1.65137716001982e-002 -1.07205892755578e-003 2.67722539246385e-004 5.47880960229286e-005 -1.58106134646022e-007 -1.46354125183476e-006 -1.74681365157299e-007 
1.19462576116310e+006 4.00879102006154e+003 -2.54311613277460e+001 4.63679971991829e-002 2.94864852516969e-003 -2.09787746831934e-003 -2.28468881293041e-004 2.30973972994907e-005 8.52044246536683e-006 3.86808800302873e-007 -1.81425978263518e-007 
4.82859153237410e+005 1.94015363381791e+003 -1.05860320256703e+001 2.78639213331278e-002 3.05013774162960e-003 -1.01530092900713e-003 -1.49722951931397e-004 6.65299301922435e-006 4.56740980713034e-006 3.59465382919462e-007 -7.87665232975016e-008 
-8.61489984288624e-005 -3.34549985196806e-007 4.95413956217470e-007 2.18831527386578e-007 -1.31381721033360e-008 -1.15561779282176e-008 -1.58685304265198e-009 1.12743711537833e-010 1.21599997952067e-010 1.75417194435147e-011 
1.57904434214845e-006 -3.62967360306128e-007 -2.46750413489291e-007 4.22758220524714e-008 2.45365401878615e-008 9.49340755663855e-010 -7.93202991427144e-010 -2.08924684889326e-010 -1.71988520549133e-012 9.92556275765068e-012 
-8.37051263432132e-005 1.34396654915800e-006 -8.84319622004418e-007 -4.54259515151481e-008 9.58797133635264e-008 -1.86663104345527e-009 -4.82852887451609e-009 4.49228565950337e-010 1.53519069853052e-010 -3.22087236158958e-011 
1.53479684345022e-006 7.04781973760437e-007 7.83552782329137e-008 -1.40080081241651e-007 -2.65980230062614e-009 9.77483439055077e-009 -3.68432313589453e-010 -4.19361056663298e-010 4.14239941779513e-011 1.35958601549850e-011 
-8.25683054165168e-005 1.24893428060769e-006 5.40879363447591e-007 -1.15861453155762e-007 -3.44885959245369e-008 6.68310110182152e-009 3.73131768622132e-010 -1.32242958988048e-010 1.34460634037124e-011 -1.48153943468355e-012 
1.78732052872887e-006 -3.45137159208548e-007 1.39155685640922e-007 7.67032659377185e-008 -1.34883389411205e-008 -2.32092171137563e-009 5.35054135073486e-010 3.15015925819349e-011 -1.25036342777266e-011 -2.53345682967594e-012 
-8.07267642949685e-005 -3.37874315121637e-007 -4.46676966375072e-007 1.18395389772526e-007 3.05807528702814e-008 -1.93564775086692e-009 -4.92367742560915e-010 -1.88133234224235e-011 1.43096382420676e-011 6.86952105453864e-013 
2.39114905783995e-006 6.61878319308757e-007 -1.54304533602855e-007 -6.22705807680606e-008 7.50218859002502e-009 1.89871947456730e-009 -6.88994309923485e-011 -2.23137019776774e-012 1.19844432455821e-011 9.92111293114797e-013 
-6.88799793667343e-002 1.47005741893648e-003 3.12408130940029e-004 -7.17801639973551e-005 -9.05471059473612e-006 1.35090832331577e-006 2.04819264502217e-007 -4.74031251722467e-009 -3.57285135447716e-009 -5.37984548839451e-010 
4.08488043980711e-001 3.76729112323491e-004 -1.55999279067134e-004 -2.30278028788960e-005 4.33553298266624e-006 5.56051578217420e-007 -5.18620808469017e-008 -1.19582218783705e-008 -6.62481905982449e-010 1.31988046326296e-010 
1.17237362446035e+003 9.18508752448538e-001 -3.00828821780624e-004 6.53406606698773e-005 8.53490520356281e-006 -1.21371750647147e-006 -1.86841045530344e-007 3.82217768699321e-009 3.16255251427776e-009 4.92888345229701e-010 
-6.62102123984713e-002 6.07606896438539e-004 -3.62206616768641e-004 3.26133516504664e-006 5.01456036331717e-006 -1.45947911540365e-006 6.72768752922415e-008 5.11854331599428e-008 -5.72922725359152e-009 -1.03013947887913e-009 
4.08015922951374e-001 -7.33014347376031e-004 -3.51687817377615e-005 2.13371581964290e-005 -2.05178124856099e-006 -6.64860213188559e-008 1.21145591528265e-007 -9.62683562514324e-009 -3.09346782718706e-009 4.97694358709136e-010 
1.17421081104444e+003 9.19237743598110e-001 3.37231051430370e-004 -4.09667940541636e-007 -4.77060714442764e-006 1.29965284973864e-006 -5.56300389318569e-008 -4.66983561321120e-008 5.05360183531307e-009 9.57302622249885e-010 
-6.74107331011611e-002 -1.63019934349548e-003 -1.37921610320954e-004 4.55461735666540e-005 6.26045699241908e-006 -8.88589860575163e-009 -1.58438289832143e-007 -4.39590085744280e-009 2.25681109719866e-009 1.52067237601172e-011 
4.06869680447452e-001 -2.68916951666453e-004 1.41920857889497e-004 1.25380747871991e-005 -1.31067064346957e-006 -4.18878290343281e-007 -1.28865717259256e-008 8.06176365900356e-009 1.12717678471451e-010 -8.19183326865584e-011 
1.17605159317242e+003 9.21387030993696e-001 1.38657212837163e-004 -4.30335008754119e-005 -5.90769969761483e-006 2.21839215894565e-008 1.45997531876299e-007 4.02904480545543e-009 -2.08991414951733e-009 -1.51079813352258e-011 
-6.95325398452370e-002 7.61086265607338e-005 5.00314082771396e-004 6.86877381793566e-006 -1.25918769023422e-005 -4.34308918042222e-007 1.50515811561656e-007 6.05680323414733e-009 -5.29640791404369e-010 7.10288534773387e-011 
4.07394335514018e-001 6.75906088795849e-004 9.62884311932084e-007 -3.55523736098374e-005 -8.89435684842630e-007 5.97945752588268e-007 2.63452724871682e-008 -4.53031200341670e-009 -9.81396992456550e-011 -6.36875255525645e-012 
1.17789335577896e+003 9.19836826562698e-001 -4.67888720573918e-004 -7.93730134736087e-006 1.16234192550431e-005 4.02963422924085e-007 -1.37709584257023e-007 -5.23736811169673e-009 5.06130281485165e-010 -6.83442332421783e-011 
