1.81191436469371e+007 -1.81881235192765e+007 -7.82358149890696e+005 1.14437900113929e+005 5.55787334879425e+003 -5.51156910774287e+002 -4.53432385699061e+001 3.04178422273576e+000 4.07444985437733e-001 -1.64316887088818e-002 -3.79086007253816e-003 6.46613544179382e-005 3.54916704962660e-005 1.71388103951821e-007 
3.66534888318669e+007 6.20609631722040e+006 -1.47940374897268e+006 -5.33703147768556e+004 7.19881049762817e+003 4.13346474632241e+002 -3.81498689675540e+001 -3.65809868528218e+000 2.19801828641415e-001 3.40937018495768e-002 -1.15686558966633e-003 -3.23191490112469e-004 3.57376150185621e-006 3.07633453510372e-006 
1.75528305000430e+007 5.20174401004608e+006 -7.09085763549215e+005 -4.03775781564214e+004 3.26882850083575e+003 2.77957515555604e+002 -1.56749995158158e+001 -2.26948963935502e+000 7.51483971767874e-002 1.99156566778866e-002 -2.24759635966284e-004 -1.79341427202996e-004 -1.77224283776204e-006 1.62546704832324e-006 
-1.97692650203642e+007 -1.84583166453159e+007 6.83172008738471e+005 9.80651780559696e+004 -6.36824779166875e+003 -2.25791907892826e+002 4.80292718650420e+001 -9.60583172120951e-001 -2.88081842977358e-001 2.25831886493429e-002 1.00869735402195e-003 -2.37998858785822e-004 4.98138137147249e-006 1.73855966893000e-006 
3.67421986152114e+007 -6.01227751451384e+006 -1.35953463875408e+006 6.54564989050525e+004 4.38662972150011e+003 -5.14366460549470e+002 -7.58748298272502e-001 3.38945974426315e+000 -1.71513098285868e-001 -1.60532185265210e-002 2.21052852953270e-003 6.65931165144622e-006 -1.86656958177195e-005 1.01368911431543e-006 
2.15305014853012e+007 -1.29674521524223e+006 -7.97061550019352e+005 2.47926918552652e+004 3.00365971598836e+003 -2.51332977317998e+002 -5.38687818518247e+000 1.91013271039157e+000 -6.17349973783358e-002 -1.09172518203243e-002 1.07614575447873e-003 2.82423145119465e-005 -1.04870664951795e-005 3.61145281960720e-007 
-4.87401343445297e+007 -1.00423971978660e+007 1.25317719609723e+006 4.20384272483453e+003 -3.87387611337245e+003 2.50595888958224e+002 -4.33790106097594e+000 -7.94973381724674e-001 8.99740591512427e-002 -3.81445940032173e-003 -1.47341526196848e-004 3.51314576642940e-005 -2.40738020986490e-006 1.79691834463308e-008 
1.67172997278942e+007 -1.32350877215218e+007 -4.39132329383362e+005 7.15399025307332e+004 -2.10009340103646e+003 -8.60925091368357e+001 1.55524525599088e+001 -9.04258446507796e-001 1.18963501517582e-003 4.62107436900456e-003 -4.24076522379174e-004 1.27844533101729e-005 1.28266859047531e-006 -1.96684241400704e-007 
1.38394509405792e+007 -6.02774531322989e+006 -3.64543741495442e+005 3.77774667233208e+004 -7.19980035422577e+002 -7.19786219020741e+001 8.75736649013195e+000 -4.00560813715830e-001 -8.69664339036037e-003 2.86401093914889e-003 -2.11240895340729e-004 3.18506704664585e-006 9.34838537947200e-007 -1.06923881401680e-007 
-5.91677400052392e+007 -5.44313686247729e+005 1.06859820528409e+006 -2.66981226915033e+004 -5.61996889969272e+002 8.11072628690898e+001 -5.51490297941489e+000 2.19286277057240e-001 -1.90723273055160e-003 -5.74416343247636e-004 5.97128326273899e-005 -3.49772200719400e-006 1.07148197738733e-007 3.15705731598249e-009 
-1.09774010923458e+007 -1.39229367723249e+007 2.05749940156971e+005 3.69954123108679e+004 -1.78509476451353e+003 5.73619299122357e+001 9.92030059922827e-002 -1.80579687327991e-001 1.54804237433433e-002 -7.93343943242568e-004 1.83620798455985e-005 1.17969933785994e-006 -1.81523974010583e-007 1.28740898880318e-008 
1.28237487337800e+005 -7.38029672022777e+006 -9.31298401424616e+002 2.25304605321762e+004 -8.95229177347257e+002 2.22277993087606e+001 6.24994745396660e-001 -1.19202110596443e-001 8.46678321690351e-003 -3.64191274056511e-004 3.61481506750952e-006 9.92926935349872e-007 -1.08075561811728e-007 6.54932637868339e-009 
3.29276102136043e+007 2.26516665844295e+007 -4.21635498982608e+005 -4.63952514052603e+004 4.44872406695510e+002 2.66144794819834e+001 -1.91518924959364e-001 -5.17045292241535e-003 4.47970675613765e-005 -8.01174324599912e-007 
-9.16235168174134e+007 7.38806635366997e+006 1.14173778261638e+006 -1.55259760201941e+004 -1.14182125336022e+003 9.83315874626884e+000 3.94996859398619e-001 -2.99289629680676e-003 -2.11099017653597e-005 4.63138780996225e-007 
-4.33542388958445e+007 1.89004577646190e+006 5.40326024448129e+005 -4.04830199156395e+003 -5.41833383170904e+002 2.73918349425444e+000 1.89820022248423e-001 -1.01915396048565e-003 -1.23207322388943e-005 2.59070332591324e-007 
7.32057584690035e+007 1.72112135521703e+007 -9.19042407928045e+005 -3.53153661544425e+004 9.20195476867749e+002 2.04163912012302e+001 -3.20452374989663e-001 -4.17374785535335e-003 1.97681532665010e-005 -4.29853056001820e-007 
-6.85108273689377e+007 1.54842926362110e+007 8.53888713349753e+005 -3.17364734975526e+004 -8.57501994972865e+002 1.82393545774117e+001 3.02813613603490e-001 -3.60097133003904e-003 -2.26357391963308e-005 -4.80589088073406e-007 
-3.55056802257246e+007 5.87667737173294e+006 4.42311793488310e+005 -1.20422669160303e+004 -4.44009921543779e+002 6.91321842044052e+000 1.56511724670010e-001 -1.35578883566345e-003 -1.14386556308960e-005 -1.88909755252732e-007 
1.48279384476278e+008 3.44346465844027e+005 -7.01138016763867e+005 -1.04722083444500e+003 2.68720580160662e+002 9.48502826570135e-001 -3.52039450548909e-002 4.57010620811120e-005 -8.21133045853489e-005 -1.66475660193398e-005 7.00004921302957e-006 -2.15629351308978e-007 -4.41009471241211e-007 
-3.99628167498284e+006 1.87575744651343e+007 2.13761057402594e+004 -1.46254790235442e+004 -3.24840688355743e+001 3.23861835620268e+000 2.04816177738700e-002 -3.86238593894078e-004 -5.45958905016764e-005 1.42391218319109e-005 5.19843927722586e-007 -9.83765520380423e-007 1.51042401663640e-007 
-1.70228137592597e+006 8.13273680769898e+006 9.26606119896060e+003 -6.34103879459454e+003 -1.40824607925175e+001 1.40393949452880e+000 8.74423694353407e-003 -1.41890786904567e-004 -1.53805969349670e-005 3.82726943298639e-006 5.03652336775631e-008 -2.58575923257396e-007 4.62303486591505e-008 
1.43371525749085e+008 -5.24080551658802e+006 -6.87439805619180e+005 3.35439760821889e+003 2.78276518460060e+002 -4.54479723055487e-002 -4.60229755780450e-002 4.14474477580117e-005 -5.47988724793765e-006 -1.46286281011309e-005 -1.45086240374989e-006 7.09450734760887e-008 6.72719368028548e-008 
3.31312130255561e+007 1.82228007327342e+007 -1.55035074155148e+005 -1.46042602520640e+004 3.63081593668490e+001 3.60733375644835e+000 1.13400007842184e-002 -4.36454672843092e-004 -5.32021335959310e-005 -4.29079529536983e-006 6.54051680775481e-007 2.41868768697556e-007 5.30945609140925e-008 
1.43951062068761e+007 7.90086550111495e+006 -6.72189374561713e+004 -6.33183180972179e+003 1.57427558449732e+001 1.56360764865743e+000 4.83752573499763e-003 -1.60642404474957e-004 -1.69410768631662e-005 -2.62923088738471e-006 1.33501727043242e-008 8.53718832296583e-008 2.49631930598835e-008 
1.48016591908788e+007 3.45503561281594e+007 -1.01378201903610e+005 -3.67229524938387e+004 -2.88069742405103e+002 1.42681487774740e+001 4.26531438033471e-001 7.07205543158039e-005 -2.82036960911668e-004 -6.32917601052970e-006 -4.48256855266880e-008 
-1.94186918396203e+008 5.20418843822947e+006 1.22336072890299e+006 2.32205339257987e+003 -7.25217694549277e+002 -1.14777866388925e+001 1.72656317673751e-001 1.08910846432548e-002 1.22212252246987e-004 -6.13195381810578e-006 -2.34849619957755e-007 
-8.94821714265354e+007 1.45323521536697e+006 5.63858943415862e+005 2.05810068477569e+003 -3.24841286626141e+002 -5.65048450707204e+000 6.76248793952296e-002 4.99927839069773e-003 6.34700293738066e-005 -2.74110508318223e-006 -8.80491124976334e-008 
5.89354589625900e+008 1.10111100391402e+007 -8.69690333426438e+004 -3.11480881252341e+002 9.48969918607506e-001 4.02849759686269e-003 -4.02885464359541e-006 -2.57547744072898e-008 
-4.26409352685071e+008 1.38565875696530e+007 6.29015982205005e+004 -3.10905702384397e+002 -1.06476823560250e+000 1.82286865763754e-003 1.23553754016368e-005 1.93851362826511e-007 
-1.97132701615504e+008 5.67129053089481e+006 2.90811291277085e+004 -1.25680956072712e+002 -4.79534009323197e-001 6.84349594437604e-004 5.27613689336182e-006 8.35843218618917e-008 
1.34454673412289e+009 -4.51891760684924e+006 -3.07817851033733e+004 9.72294900037645e+000 6.53418258280568e-002 2.33471247981027e-005 6.03937827948378e-008 
3.91528339559840e+008 1.17351809934805e+007 -8.96701284216336e+003 -4.70613857662750e+001 4.69206919962368e-004 6.47726225429371e-005 2.37853486914514e-009 
1.03874982766250e+008 5.04099954302125e+006 -2.37949683391964e+003 -1.98525849253928e+001 -2.59265890522625e-003 2.59149248437562e-005 -6.44593696078007e-009 
1.80078155097216e+009 7.41007429595220e+006 -4.38134865306472e+003 -2.77092911573961e+000 1.02290624357573e-003 -2.89308045759129e-007 
-2.14896062619244e+009 4.87402168128021e+006 5.22896166937351e+003 -2.24915814129758e+000 -8.43257949454969e-004 4.42068686813055e-007 
-9.66659557790989e+008 2.02987375840608e+006 2.35215737379073e+003 -9.45963666300360e-001 -3.83211230737648e-004 2.04532602504496e-007 
2.18631671722819e+009 6.52255174804145e+006 -1.51397683310332e+003 -7.61914096769070e-001 7.54589409674365e-005 -2.78766567327669e-008 
-3.63021550567720e+009 3.47188292979399e+006 2.51461706643350e+003 -3.84579058300480e-001 -1.55859650756412e-004 5.25694899400920e-008 
-1.54029851205156e+009 1.25868226641603e+006 1.06690999150577e+003 -1.38374546693512e-001 -6.56737120121343e-005 2.12673009219577e-008 
-1.84674810035571e+009 7.02418072754735e+006 1.29606056824319e+003 -9.04504652812226e-001 -4.22973768900017e-005 1.34817386000974e-007 
-4.03085560490980e+009 -3.30352925662784e+006 2.82888830499205e+003 2.07653527748377e-001 -3.00133342385582e-004 4.80997371099870e-009 
-7.01488268676834e+008 -3.14726688337897e+006 4.92286120754996e+002 3.37190697067089e-001 -8.22406560357274e-005 -3.19942899598929e-008 
2.82035674863146e+005 9.45475652248712e+004 -1.88727305334825e+004 -1.17753466388326e+003 1.08792807256355e+002 8.54940638003786e+000 -3.71476536599164e-001 -6.93190007890111e-002 3.83557415878561e-004 5.82289350980870e-004 1.70117639881618e-005 -4.60059551169236e-006 -3.21097905194654e-007 
-1.73474257993841e+005 1.49317126876859e+005 1.16321254959932e+004 -1.53492494235090e+003 -9.49305571745890e+001 6.34197373715774e+000 7.18695488008231e-001 -1.73661388961050e-002 -6.05034581581581e-003 -6.79744131110696e-005 4.97544446124733e-005 2.37337609381201e-006 -3.72076424852631e-007 
-6.19749461960909e+004 4.75242495531815e+004 4.15623375245380e+003 -4.84790009221390e+002 -3.31326319125658e+001 1.93812889388770e+000 2.42995551676406e-001 -4.51043726832734e-003 -1.99817482704389e-003 -3.24836270481962e-005 1.60823145272962e-005 8.61080214239205e-007 -1.16905489474906e-007 
3.01389542645800e+005 -7.59216977955355e+004 -1.97531614219302e+004 1.02277350044010e+003 1.06722588299149e+002 -8.17483692851133e+000 -2.60004825138390e-001 6.50570493273554e-002 -1.09438536391159e-003 -4.70994484853472e-004 3.08049111940973e-005 2.64514713453934e-006 -4.00456933767470e-007 
1.50576302399866e+005 1.56490364295545e+005 -9.87744678810772e+003 -1.56155270060790e+003 8.83752988676469e+001 5.55646999726652e+000 -6.96100775091767e-001 -3.83959354277647e-003 5.35551684598993e-003 -2.14311938229558e-004 -3.49782795604666e-005 3.49865255071121e-006 1.46785374853431e-007 
4.43842575586709e+004 5.28424913838646e+004 -2.90886383107830e+003 -5.31855379023976e+002 2.72220183062677e+001 1.97033596166928e+000 -2.24558278580498e-001 -2.39076831355859e-003 1.78172401261179e-003 -6.23748171652790e-005 -1.20478233978940e-005 1.10576036968340e-006 5.52627318418984e-008 
4.27604310859774e+004 -1.68076126173556e+005 -2.45552080973378e+003 1.52414881807043e+003 -2.43763280737744e+001 -3.00703663021913e+000 2.75604219153958e-001 -1.47544876971744e-002 -3.71964755218131e-004 1.18899559236708e-004 -8.10511298946734e-006 3.24658279780175e-008 4.88750170995814e-008 
3.44488386490248e+005 2.98862737261403e+004 -1.89495258008918e+004 1.55534512668352e+001 8.07493144616524e+001 -3.12315771769446e+000 1.45695651789021e-002 1.48159523262350e-002 -1.55475786044241e-003 4.37766922309110e-005 5.09192819371623e-006 -7.28206324500001e-007 3.66650116211260e-008 
1.12719429758350e+005 1.27560556217130e+004 -6.19801573402593e+003 -2.16758191860009e+001 2.69935447179224e+001 -9.74647880405507e-001 7.89558104410295e-005 5.13157513909161e-003 -5.05379782243398e-004 1.23477096943750e-005 1.81650970171735e-006 -2.40261244484317e-007 1.12220519411883e-008 
-2.61755711385841e+005 -1.24105614548526e+005 1.23038100756305e+004 8.79646813138994e+002 -4.88014487065557e+001 -5.44760564323665e-001 -2.10459499527397e-003 -2.08273422744747e-003 4.13849803451461e-004 -1.58869923322653e-005 -1.80136976678855e-007 2.98891484073024e-008 -3.72093782184112e-009 
2.65938736365219e+005 -1.03251138595593e+005 -1.28167415758044e+004 8.90642995464870e+002 3.42606886480269e+001 -1.55499312247521e+000 3.10599404713776e-002 -4.73200330240081e-003 5.78597663536887e-005 1.75473473629162e-005 -1.08068549655174e-006 4.23539654624425e-008 -2.32523349201763e-009 
9.21134277906458e+004 -3.18728613694479e+004 -4.43946459073533e+003 2.77669824165422e+002 1.21506114380652e+001 -5.00296662976447e-001 1.02591129839763e-002 -1.52499110648374e-003 1.17974215922757e-005 6.05388328013977e-006 -3.52347197010133e-007 1.34233800354406e-008 -7.01896534231085e-010 
-3.88045901221778e+005 2.41480241179358e+003 1.78016636430600e+004 9.06032627960387e+000 -5.94941627275857e+001 -3.40113365404667e-001 3.74673889061849e-002 2.04298837115372e-003 -1.10704907365961e-004 -7.32336205486283e-006 7.75881225249649e-007 2.93183825956223e-008 -1.09768146345938e-009 
-4.18382669420919e+003 -1.56005747000544e+005 1.62205718479374e+002 1.19425876595756e+003 2.54346907697388e+000 -1.84904860433563e+000 -2.78158379345197e-002 8.02852036333103e-004 1.18483164572983e-004 -1.12343679445206e-005 -4.19111630175427e-007 3.30135839627559e-008 1.90567229844107e-009 
5.25151415087917e+003 -5.14914853940959e+004 -2.61653463685111e+002 3.93436169733341e+002 1.92893677312440e+000 -6.01968240358371e-001 -9.91443507398022e-003 2.25492544769051e-004 4.09837383772765e-005 -3.57201943653633e-006 -1.51962799552450e-007 1.03492249041841e-008 6.48412136834302e-010 
-2.51983070547041e+005 1.28944884241162e+005 1.21665908091098e+004 -9.36863070348437e+002 -5.48729664262844e+001 8.49905859850119e-001 5.50056316794646e-002 1.16601989463722e-003 2.38138271791658e-004 2.01724508817959e-005 -2.04906033216506e-007 -7.63853238247974e-008 -2.57522443429302e-009 
-2.70997520247816e+005 -9.96869891713297e+004 1.34276544270694e+004 9.12974452248787e+002 -3.87933829729568e+001 -2.21588215954286e+000 -1.42350133242343e-002 -1.25558414099648e-003 -1.02938312955029e-004 1.26105871673552e-005 1.51973865310995e-006 2.64505640849296e-008 -1.32947646050152e-009 
-8.51503496874404e+004 -3.51585346188023e+004 4.21414144628406e+003 3.18163694999603e+002 -1.17754821706735e+001 -7.47026044587166e-001 -5.84368320532098e-003 -4.38315020997064e-004 -3.81474991585355e-005 3.80713820190038e-006 5.05637519810846e-007 1.01464805901163e-008 -3.90926877967943e-010 
5.83330847915557e+004 1.68282327479484e+005 -3.46810643670811e+003 -1.57413363743284e+003 -1.56200842202408e+001 3.81925427156225e+000 2.39138862429806e-001 9.14357433979829e-003 -4.65163664779432e-004 -1.03513453063468e-004 -5.90572589249763e-006 8.40986268115014e-008 4.09184311261085e-008 
-3.38035649528178e+005 3.74619120271980e+004 1.91082601797843e+004 -8.97732071480793e+001 -8.79187807237505e+001 -2.49661037065221e+000 5.77209081802467e-002 1.39535289301405e-002 1.21521358769713e-003 2.34373147606961e-005 -5.24701225175789e-006 -5.68486900179202e-007 -2.07288217629119e-008 
-1.12717407344727e+005 9.41788375262797e+003 6.37306766971821e+003 -9.51242626505925e-001 -2.87433637650448e+001 -8.96969044239238e-001 1.46433521615401e-002 4.45193842195986e-003 4.10389504719851e-004 9.62399756110534e-006 -1.62793166708710e-006 -1.89519234520082e-007 -7.59677583355260e-009 
3.09522986094866e+005 6.86874268193064e+004 -2.02766717281380e+004 -8.97099312621381e+002 1.12853486680937e+002 6.96059312006749e+000 -3.14908256751992e-001 -5.51042559822256e-002 -5.04985206545733e-004 3.94447599591686e-004 2.29147115292715e-005 -2.14224287025000e-006 -2.98219829534534e-007 
-1.32158305170914e+005 1.59743699715448e+005 8.71482426733479e+003 -1.62257304912560e+003 -7.54036562328288e+001 6.17476919588768e+000 5.87702919161343e-001 -9.63693963938038e-003 -4.52870687203997e-003 -1.45575911291731e-004 2.91424662371823e-005 2.60689940912237e-006 -1.19023259679900e-007 
-4.90845664105675e+004 5.16094975168067e+004 3.24594676161690e+003 -5.19794032551279e+002 -2.69932455838447e+001 1.91244122594675e+000 2.00078632407498e-001 -2.18179969520599e-003 -1.48832880826086e-003 -5.52888478746824e-005 9.22121620245716e-006 9.00808114754035e-007 -3.39579911891996e-008 
-1.13394980128007e+006 -5.08839840572675e+003 2.59920987809962e+001 -6.72102954537936e-003 9.21031108471607e-004 3.27780117520055e-003 -1.72315750016970e-004 -8.34257968987915e-005 7.79766640905364e-006 2.22001087489556e-006 -3.14052422013790e-007 
5.84862116175677e+005 -8.50597987140348e+003 -1.66489037807035e+001 1.07286150682866e-001 -1.71637429169508e-002 7.92494933149897e-004 4.53297122005215e-004 -3.67922717367020e-005 -1.18246411520466e-005 1.45182776040258e-006 3.12855444638535e-007 
2.83731976607787e+005 -3.50752245720029e+003 -7.76684073600360e+000 5.42757895996084e-002 -9.64961768947911e-003 8.34033767464818e-005 2.60122297888031e-004 -1.10007953534656e-005 -7.12500895762184e-006 5.47579071770573e-007 1.99674845454872e-007 
-1.14391718246783e+006 -4.87828565101693e+003 2.68181292884198e+001 1.34582132889697e-001 1.90635542050916e-003 -9.28850301495900e-004 8.03190235046155e-005 -3.36215906112812e-007 -1.19506264573014e-006 2.38976409957713e-007 -1.93087878058062e-008 
5.67719464352398e+005 -8.63608385261324e+003 -1.58873731822442e+001 9.00540190956086e-002 7.85321536760784e-003 -1.63814672659814e-004 -6.01945609033786e-005 1.17246665184541e-005 -1.11018491989949e-006 -9.75449196411701e-009 1.95132152764805e-008 
2.76655763404020e+005 -3.56851668284609e+003 -7.52700431918755e+000 2.44019363987789e-002 3.64032692358019e-003 1.16709499182787e-005 -4.03716585693746e-005 6.29656049833554e-006 -4.69106614438342e-007 -2.77246317839883e-008 1.24146629930623e-008 
-1.51603713670842e-005 -1.96203521328003e-006 -1.18251908910540e-007 2.66346916848317e-007 1.03439740241821e-008 -2.36691864967428e-008 -4.20629274520919e-010 1.46710930861158e-009 1.07367717424787e-011 -7.37304078700353e-011 
-4.14278992815605e-005 1.89613447153943e-007 -3.06396076238635e-007 -1.66709985902184e-008 3.64940444774790e-008 1.02499887679546e-009 -2.35220884423614e-009 -3.90989546551935e-011 1.11643715649455e-010 1.19118886930082e-012 
-1.72007621512931e-005 -4.24682650902242e-007 -3.47117885213508e-007 -1.11303367831285e-007 2.75987503888099e-008 1.74351828444722e-009 -5.72578404091188e-010 1.45110498294185e-011 -1.75100427957857e-011 9.91333562913168e-012 
-4.15021298578933e-005 2.23314869379368e-007 1.64239692401979e-007 -4.52988695518001e-008 -7.95420354432181e-009 2.06359597706065e-009 -1.70171504133044e-010 3.55819617031196e-011 1.06339492050957e-011 -6.74558132924688e-012 
-2.03294403193900e-005 -2.02406900769496e-006 3.74018497594385e-007 1.10498503464656e-007 -1.71955952122654e-008 -3.85302994868879e-009 1.46276415392458e-010 3.56856745022297e-011 -3.81054212316751e-012 2.34799820864209e-012 
-4.13880976820891e-005 -4.04441601873970e-007 -1.53551657315007e-007 3.90310484634512e-008 9.78798468326642e-009 -7.81625549578575e-010 -2.51386924864794e-010 -1.89863000365288e-011 8.03342796845007e-012 1.93144797305705e-012 
-2.20972814810192e-005 -6.02802777709848e-007 -5.37020119229406e-007 -1.02875088168891e-007 5.02740831745773e-008 1.11197129525092e-008 -9.11409598807033e-010 -6.13053234613387e-010 -7.61560759706438e-011 1.65750528938294e-011 
-4.17893916722941e-005 2.56092988141817e-007 7.71439495523109e-008 -8.85945731799772e-008 -1.57683801056541e-008 4.01090493914089e-009 1.25721419684866e-009 -6.63412012428847e-012 -5.88870042421631e-011 -6.51940582575896e-012 
-1.25610996515867e-002 -1.10185146510688e-003 1.78587725775245e-004 5.76008387461872e-005 -4.04952550127752e-006 -2.27515966064639e-006 8.36501239713001e-008 8.19121111038189e-008 -3.32677562545718e-009 -2.90260733840841e-009 
4.35224388682383e-001 2.86012247466735e-004 1.04234664278797e-004 -1.23255814380872e-005 -4.81877706824018e-006 2.17034387513478e-007 1.78979791228095e-007 -6.26865476689136e-009 -6.32921406197019e-009 2.86675361077916e-010 
2.37184920052470e+003 9.20801109858686e-001 -1.59426193105943e-004 -4.86627270965146e-005 3.59852791473294e-006 1.97684011292803e-006 -7.30620888691335e-008 -7.16807487935703e-008 2.89110090970249e-009 2.54199101314292e-009 
-1.28234422678188e-002 7.22885932912975e-004 6.27303495260863e-005 -4.92068908226872e-005 2.45779117004222e-006 8.83635009781824e-007 -1.14050637382118e-007 -1.96627838087315e-009 8.33123493527234e-010 -1.50976345995732e-010 
4.35848035607465e-001 1.44999391180478e-004 -1.08097023575474e-004 3.78617369921700e-007 3.07364093650960e-006 -2.78854070364073e-007 -3.22099944876320e-008 5.60764297296502e-009 -2.85528006328569e-010 2.85737283855500e-011 
2.37368914107272e+003 9.19255812247474e-001 -4.14427304127462e-005 4.33287107575772e-005 -2.38925406506039e-006 -7.83065212145976e-007 1.01670270876249e-007 1.96182139971832e-009 -7.32913544345282e-010 1.28704308389759e-010 
-1.19610605155309e-002 -2.91550663894916e-005 -1.49312462601139e-004 2.34978549253787e-006 -7.17786169491429e-007 -4.15314422635922e-007 7.31558216605930e-008 9.01648257034967e-009 -8.33463030510557e-010 -7.83145986624833e-011 
4.35560932867976e-001 -3.42776053331109e-004 -9.50098204745354e-006 5.24864013530686e-006 -7.35434928243856e-007 1.71657729567500e-007 2.90326460082923e-008 -3.70409961472651e-009 -3.90018090567691e-010 3.31929470366276e-011 
2.37552823903451e+003 9.19976263444353e-001 1.28707043469169e-004 -3.93515593000600e-006 7.32585011862935e-007 3.86246331263320e-007 -6.68185785449396e-008 -8.17756780623640e-009 7.73142511465848e-010 7.22567426550146e-011 
-1.31969572123975e-002 -1.17580165504203e-003 -9.09579541406914e-005 3.34332330431871e-005 7.53923468815159e-006 2.19691874983001e-009 -2.50310777220484e-007 -2.79402253894919e-008 3.12576910153050e-009 1.14754184218990e-009 
4.35045044871782e-001 -8.92490808351576e-005 9.20394490008523e-005 1.22402420822909e-005 -1.30568285531215e-006 -6.25835181218676e-007 -3.63649525556391e-008 1.38386818310836e-008 2.55090807891879e-009 -8.11988937678439e-012 
2.37736916250124e+003 9.20912709326349e-001 6.85703135260833e-005 -2.90558412332235e-005 -6.48856407184318e-006 1.18013215274479e-008 2.22874706879341e-007 2.41768704420619e-008 -2.89554730312438e-009 -1.01424650133038e-009 
