-5.66741974849171e+007 -4.37016760176118e+006 1.18924863238299e+006 -1.98992496187133e+004 -1.52819754818438e+003 1.50136697810145e+002 -7.88638876074017e+000 1.37914355484505e-001 1.78439321084464e-002 -2.20828475963800e-003 1.31137572602166e-004 -2.76042833241265e-006 -3.29535608335338e-007 4.49201335874381e-008 
2.62778656004795e+004 -1.42517694984113e+007 -1.61700644538644e+004 5.06713568771949e+004 -2.22283507444263e+003 3.99827872482622e+001 3.85449198456903e+000 -4.77786212902538e-001 2.79002134391504e-002 -6.21627643656443e-004 -6.05819402338136e-005 8.51527876755252e-006 -5.47456320106145e-007 1.40329612995075e-008 
5.86103989541526e+006 -7.16036761028719e+006 -1.31863725425873e+005 2.91314151880698e+004 -1.02912925077714e+003 5.80284740209291e+000 2.87629875256506e+000 -2.69531865474082e-001 1.30558417118767e-002 -1.03269210790665e-004 -4.59519726415133e-005 4.83503488590550e-006 -2.58315287838658e-007 2.84227828997721e-009 
-5.68363725568597e+007 3.94326707127341e+006 8.74459093251580e+005 -2.87853045223627e+004 2.31303762900847e+001 2.66662554286782e+001 -2.59042219175841e+000 1.35641713777143e-001 -5.10761374564559e-003 7.38696177567903e-005 7.62685673615724e-006 -8.91490340485178e-007 5.79557432577653e-008 -2.58693782737584e-009 
-2.70573134144425e+007 -1.24764423826364e+007 4.12384410067225e+005 2.34646125183307e+004 -1.17048685345997e+003 4.68764895718538e+001 -1.21079608664036e+000 -1.52034501335272e-002 4.11391925139022e-003 -3.19121695793190e-004 1.63613940361553e-005 -5.45927237849073e-007 7.46342772087958e-010 1.57146039308025e-009 
-8.58996996697019e+006 -7.07336231322470e+006 1.29695108095475e+005 1.55178640945515e+004 -6.27689577958120e+002 2.22791831291377e+001 -3.78419606080298e-001 -2.21770168035718e-002 2.72694432787385e-003 -1.78134475333719e-004 7.95033562106982e-006 -1.99264497066743e-007 -5.60626776842407e-009 1.10754168075550e-009 
-4.30274802182350e+007 9.58732778220209e+006 5.40732438711213e+005 -2.65257944956670e+004 1.60906383347429e+002 -5.06613916146327e+000 -5.33245541964097e-001 3.03614114940250e-002 -1.64975346758631e-003 6.62872709813978e-005 -1.99168026151493e-006 3.37508926724277e-008 1.63493714996065e-009 -1.86605102170139e-010 
-4.80036942401691e+007 -8.30843564403257e+006 6.07442416226691e+005 1.06809234260443e+004 -5.13192361761899e+002 2.04307443526460e+001 -8.61829087762444e-001 1.84682253755517e-002 -3.31499848122665e-004 -2.25330181285430e-005 1.92180998127261e-006 -1.19443108835035e-007 5.37704259369861e-009 -1.94562588327312e-010 
-2.12099986076099e+007 -5.43155212102612e+006 2.68478542363331e+005 8.45449265133225e+003 -2.90828479639846e+002 1.14392189340873e+001 -4.05163319540380e-001 6.72019657801284e-003 -6.07647050474190e-006 -1.89020984253881e-005 1.23282259792964e-006 -6.73435918689376e-008 2.70208985198446e-009 -8.44171165445468e-011 
-2.05113086705230e+007 1.26725799963964e+007 2.32857208219329e+005 -2.52520141742260e+004 -2.27431736882028e+001 -1.18891470116943e+001 -1.53400752712820e-001 3.79238953937619e-003 -2.75326710191657e-004 2.14239917788067e-005 -3.11445075300553e-007 3.25075171091005e-008 -1.02772677508012e-010 2.43954901296336e-011 
-5.94373439217283e+007 -3.05128350979893e+006 6.96605996320877e+005 4.76323441821731e+003 -2.77598966371634e+002 4.34569389671703e+000 -5.51864893573964e-001 2.78678589146505e-003 -5.42498265663382e-004 -1.85524445494510e-006 -1.45941250762876e-007 -1.04067245603208e-008 6.84346441493254e-010 -1.95130290432292e-011 
-2.96503619250857e+007 -2.94276268167904e+006 3.48012685157047e+005 5.16114354220971e+003 -1.45946007926369e+002 3.55329205893364e+000 -2.78902188261086e-001 1.09677389818659e-003 -2.61400855506244e-004 -3.21828260351441e-006 -4.48925349429334e-008 -8.87017731721940e-009 3.70449291081726e-010 -1.34275534088521e-011 
-7.91621469729254e+007 1.61673160171400e+007 9.88748081762483e+005 -3.45538315106224e+004 -9.92757741620162e+002 2.34395496559710e+001 3.45286842915090e-001 -9.01154028692713e-003 -1.05407970989137e-005 2.74487386646005e-006 
-6.82819531007136e+007 -1.58420701243312e+007 8.57085615349824e+005 3.24608779995817e+004 -9.31413337011366e+002 -1.86318997123963e+001 4.47073530561148e-001 3.41844057414403e-003 -1.47509021552341e-004 1.03646698825913e-006 
-2.57388496426252e+007 -8.15151726697811e+006 3.23141139506128e+005 1.67931612625759e+004 -3.56334175589733e+002 -9.86716771746321e+000 1.79336231784215e-001 2.10893996133164e-003 -6.55689785482034e-005 3.08091105364209e-007 
-4.03961156465051e+007 2.21868150235425e+007 4.95492202721340e+005 -4.63228010228297e+004 -4.61390483816660e+002 2.87395199503861e+001 1.00695686611600e-001 -8.09612026526282e-003 5.82724253143024e-005 8.76342474171084e-007 
-9.20709335982537e+007 -7.70501589714494e+006 1.14685886236052e+006 1.51836437410872e+004 -1.19157034455483e+003 -7.24148672291543e+000 4.84415151594529e-001 -4.38163764669904e-004 -9.16453494102089e-005 1.18480007486302e-006 
-3.88959102363946e+007 -4.87063509134605e+006 4.84741162713641e+005 9.76291755767230e+003 -5.07016449830359e+002 -5.07626982078121e+000 2.11627008021967e-001 3.06097106132354e-004 -4.57725663773832e-005 6.42477693369446e-007 
6.22955683796243e+007 -1.88846501015282e+007 -3.11629423205795e+005 1.52964533489747e+004 1.49679471113863e+002 -3.97260045210623e+000 -4.27462367104965e-002 8.51754166532666e-004 5.06285873888458e-005 -7.49996964285222e-006 -1.81811175999602e-006 -4.63352511996002e-008 2.31395188542022e-008 
1.21422654878608e+008 8.01064488522033e+006 -6.01676252215546e+005 -7.02541740537760e+003 2.49293171952584e+002 2.36069446280278e+000 -4.53166858441061e-002 -3.21914973928812e-004 -3.37071951806618e-005 -1.57138151787571e-005 -2.41040485906634e-007 3.88663346408960e-007 7.31759620677187e-008 
5.26556945326164e+007 3.47248154979143e+006 -2.60801362580442e+005 -3.04536932513317e+003 1.08057803625439e+002 1.02283244383720e+000 -1.96650119762042e-002 -1.00279929063589e-004 -1.13687104680858e-005 -8.47875518728620e-006 -3.58802930609095e-007 1.91510712309588e-007 4.04749886528906e-008 
2.26390517829115e+007 -2.06091043000121e+007 -1.16483998798317e+005 1.70075480478139e+004 6.17100033668933e+001 -4.74946280527305e+000 -2.11790818071669e-002 1.10544242475008e-003 -7.35788973489664e-006 -3.57737648295764e-006 1.15651777507733e-006 -2.70891558664703e-007 -1.45509431126686e-008 
1.32413538555664e+008 2.93099702826577e+006 -6.60699178227228e+005 -2.72433328524187e+003 2.84143253587857e+002 1.06447529817519e+000 -5.91238952655550e-002 -3.29475750383855e-004 -4.96054843811717e-005 5.10802657684469e-006 2.55114755735995e-007 -3.66309402096585e-007 1.09165508253619e-007 
5.74201823774374e+007 1.27066056025625e+006 -2.86387115000028e+005 -1.18103215761500e+003 1.23163622773186e+002 4.61185891939107e-001 -2.55188672104874e-002 -1.25786687152383e-004 -2.79361781132042e-005 2.11560740282653e-006 2.67008271255623e-007 -2.00275530709550e-007 5.28185679218172e-008 
2.00907493592919e+008 -7.59074432453644e+006 -1.37292295212652e+006 1.50125121216628e+004 8.53364097770735e+002 -1.75919240815431e+001 -2.97236788349670e-001 1.65118229788124e-002 -2.30982975386551e-005 -1.27522168228418e-005 2.14409294332904e-007 
5.22968067573593e+007 3.17658679646848e+007 -3.57186214545673e+005 -3.42557062896681e+004 4.90246917072099e+002 1.52580674154792e+001 -5.04301760586211e-001 -3.20602413831099e-003 4.27956264494510e-004 -3.94906980850557e-006 -2.95119703430929e-007 
1.85838442429011e+007 1.47754133947331e+007 -1.26828504298058e+005 -1.61171946315293e+004 2.01867049239648e+002 7.47279288319495e+000 -2.23304234922010e-001 -1.91562352094246e-003 1.96915679464836e-004 -1.46522920289801e-006 -1.41803875286186e-007 
7.04939032073429e+008 5.65865704909342e+006 -1.07563526486531e+005 -1.78124498224592e+002 1.45202537933626e+000 2.92269530436241e-003 -1.04168962897205e-005 1.16656069163884e-008 
-2.17072383733197e+008 1.65238732406535e+007 3.30398113886959e+004 -4.09547992948901e+002 -6.68383150666897e-001 3.84441688001937e-003 1.06823845071245e-005 -4.45419571771396e-008 
-1.10197086830277e+008 6.94472249961740e+006 1.67797556211637e+004 -1.71206519095750e+002 -3.21830534354291e-001 1.57613224181359e-003 4.86180095377784e-006 -1.63476049771321e-008 
-3.75348057973186e+008 -1.35485122457618e+007 9.64847795134090e+003 5.75122156366125e+001 -2.95003897467504e-002 -1.06630319840159e-004 1.94147091254230e-007 
1.19328876345956e+009 -3.67033305358681e+006 -3.07252906907454e+004 1.77033497236891e+001 7.48911283795894e-002 -4.16564210215139e-005 -8.37886910909342e-008 
5.09054411513289e+008 -9.32455061023994e+005 -1.31069148017528e+004 4.83437411838577e+000 3.22086543556692e-002 -1.26497803754570e-005 -4.30921521889904e-008 
-1.65843683317756e+008 -9.46740721140297e+006 4.59610273596612e+002 4.42607297502337e+000 4.27950397076584e-004 -5.71213567998604e-007 
2.59214298651235e+009 -9.57365130092084e+005 -7.21886750867494e+003 -1.01084499409833e-001 1.73926655518464e-003 3.06369305845003e-007 
1.13762479590944e+009 -2.85482719092789e+005 -3.16820711106672e+003 -1.06389349123426e-001 7.55227131703491e-004 1.35432225895250e-007 
4.22987273570854e+009 -2.43848648139541e+006 -3.01936921496140e+003 2.78562035564686e-001 1.81876343495598e-004 2.70994477345384e-008 
1.35273909468746e+009 6.61310204501134e+006 -9.65795900262257e+002 -7.90717304801192e-001 6.16619291925301e-005 5.13168918308722e-008 
4.48375389885633e+008 2.76748457213649e+006 -3.20136186103810e+002 -3.30571438477515e-001 2.08513868256386e-005 1.98302505039965e-008 
3.96885600468414e+009 5.54146103506587e+006 -1.43250814143979e+003 -1.17461517580156e-001 8.39775353491624e-005 -3.66265669062393e-008 
-3.27476386289995e+009 4.09877517095847e+006 1.18199049028110e+003 -4.24279929420468e-001 4.48740696471254e-005 1.68737040333444e-008 
-2.21775826557857e+009 -3.90517302176823e+005 8.00499954290649e+002 -9.69779577495529e-002 -1.23689397942846e-005 1.81791315283907e-008 
-2.63948618670092e+005 1.23009146412128e+005 1.23934669980820e+004 -9.06158237187648e+002 -4.95230060392690e+001 9.39751168328603e-001 8.42906284822929e-002 2.69679548253922e-003 -2.43799673228682e-004 -6.03397447900230e-006 9.63061444188872e-007 3.98278615886056e-008 -2.29972695649265e-009 
-2.64673980454653e+005 -1.05524935098756e+005 1.23813010199621e+004 8.78038447426013e+002 -3.71888673336393e+001 -2.04027707969725e+000 -1.61389740111750e-002 3.73303104429865e-003 1.37923354508317e-004 -1.52628548201165e-005 -3.81259426741215e-007 4.72825311929299e-008 3.47755309696920e-009 
-9.27753903731188e+004 -3.28820961097144e+004 4.31498116455306e+003 2.75276547450710e+002 -1.30798270562741e+001 -6.58158610797812e-001 -4.11947835598676e-003 1.27818180341437e-003 4.14908079409512e-005 -5.14954986773622e-006 -1.09930540276719e-007 1.63081574118743e-008 1.11424496923343e-009 
3.87056895489460e+004 1.67396603350163e+005 -2.22613050884324e+003 -1.42810279094400e+003 -8.71595533407117e+000 3.07848270672638e+000 7.47536608672718e-002 -1.06965112410490e-003 1.31009425748196e-004 9.10059907680003e-006 -1.52690805694764e-006 -1.11776811456916e-007 1.75860191242904e-009 
-3.52462859543327e+005 2.25079806929138e+004 1.80372757786625e+004 -2.64496069589496e+001 -7.29319805751294e+001 -1.15291483118982e+000 7.83514633095017e-002 1.90931554799395e-003 -2.12084542151473e-005 1.99177649998078e-005 1.23469263811581e-006 -6.62671620420746e-008 -6.39862307795049e-009 
-1.16713083981566e+005 1.03218158491806e+004 5.94587035247955e+003 -3.19502922388304e+001 -2.42508323331741e+001 -3.34162123242924e-001 2.69184326876194e-002 6.12843863616250e-004 -4.52774061398320e-006 6.77348858705300e-006 3.84800858271464e-007 -2.37510382530658e-008 -2.09102193047583e-009 
3.03219869547605e+005 8.39609804548235e+004 -1.78626745441677e+004 -9.80968715775035e+002 6.99642249873630e+001 4.68976430290745e+000 3.01315455916692e-002 -9.17923184083904e-003 -1.14786616399942e-003 -5.89127732679545e-005 2.80409622832047e-006 5.50960747879050e-007 2.60877422504612e-008 
-1.78821766406315e+005 1.44730080238685e+005 1.03567513069327e+004 -1.24880937539258e+003 -6.99436936228629e+001 2.05533645780799e+000 2.38757676740849e-001 1.12367837248942e-002 9.45171140496101e-005 -7.03479355169818e-005 -6.57067894942622e-006 -7.26346464909772e-008 2.95392494787462e-008 
-5.45402514911112e+004 4.95184068219070e+004 3.15003466560495e+003 -4.29474287250411e+002 -2.20818040868930e+001 7.50411200906484e-001 7.96076328971547e-002 3.60102129649620e-003 1.39406858807051e-005 -2.42916531538671e-005 -2.13930601326384e-006 -1.56373593815183e-008 1.02118178477032e-008 
3.08790774049853e+005 -8.03848955573494e+004 -2.01333619566762e+004 7.58976697762521e+002 1.27423234379719e+002 -1.72843288678984e+000 -6.17715652527798e-001 -1.24979608446533e-002 3.31881504521229e-003 2.27303538580154e-004 -1.55713548990307e-005 -2.38681300236865e-006 2.67004331400769e-008 
1.36192991643550e+005 1.54169011768942e+005 -8.76677209461471e+003 -1.65891184879013e+003 4.07642670379051e+001 8.32106261390539e+000 1.38734949277005e-002 -4.27491428035650e-002 -1.83690394860541e-003 2.23687242655100e-004 2.29136144305727e-005 -8.07255832107275e-007 -2.13481221927771e-007 
5.03903378579203e+004 5.00360653440545e+004 -3.22811060012210e+003 -5.38558083609533e+002 1.54710335779827e+001 2.73249563426079e+000 -4.77732584479711e-003 -1.43839201996300e-002 -5.59274377133484e-004 7.78004873410529e-005 7.37198685751328e-006 -3.04955586456960e-007 -7.05079807575835e-008 
3.54719319636103e+004 -1.77806105173139e+005 -2.27368586415986e+003 1.84112481656685e+003 -1.52443121781877e+001 -8.27390154704401e+000 3.44432612738577e-001 3.58345015084153e-002 -3.47141933858036e-003 -1.47392587970456e-004 3.05983761038102e-005 1.65801996930940e-007 -2.51678696592762e-007 
3.26331935061987e+005 2.61932265679746e+004 -2.03336195121907e+004 -5.71296156639735e+001 1.21035348660195e+002 -2.66173557736460e+000 -5.10211295466370e-001 3.37108474794259e-002 2.27068742089403e-003 -3.11460127638044e-004 -7.26919199070126e-006 2.66308376137348e-006 -2.83846210932398e-008 
1.09439078141425e+005 6.00150054030350e+003 -6.79127208064354e+003 9.10890723117521e+000 3.98852650746606e+001 -1.01139692629066e+000 -1.63917594446479e-001 1.17492236024422e-002 7.00418063887678e-004 -1.05726867695287e-004 -1.94189877742969e-006 8.87201970739139e-007 -1.33173680657724e-008 
-2.77262919900643e+005 -1.20653092224122e+005 1.47417130417056e+004 8.42884696347653e+002 -7.81443421719405e+001 9.04541175851904e-001 1.50717533668236e-001 -2.10233003478258e-002 7.48003103238119e-004 5.75488716764182e-005 -8.46067580697702e-006 3.71385348081739e-007 2.23540465435164e-008 
2.32807361789950e+005 -1.12896052873467e+005 -1.23430650664301e+004 1.13832221358308e+003 2.62536977384896e+001 -3.81963539249255e+000 2.12322215783098e-001 7.75712887905970e-005 -1.30045783790380e-003 9.17275097549088e-005 -2.29259119953847e-007 -5.24878042808137e-007 4.54032924807637e-008 
7.35939282610537e+004 -3.93693989089789e+004 -3.88518653165145e+003 3.89816500305730e+002 7.49115996156708e+000 -1.24966191257323e+000 7.29908632864956e-002 -3.02639329200366e-004 -4.20356243976716e-004 3.13554603541095e-005 -2.07865130169869e-007 -1.68617968623187e-007 1.54298274723389e-008 
-3.82367135252551e+005 1.83732494575547e+004 1.81784385767189e+004 -2.09309602688005e+002 -5.52425862031002e+001 5.76658374286560e-001 -6.57265120123898e-002 2.61113513581259e-003 4.00617816512820e-004 -1.56002981197949e-005 6.80966654913899e-007 -3.94650670902419e-008 -4.19891492407969e-009 
-4.62588521299853e+004 -1.54087575582330e+005 2.08578354350764e+003 1.17376773640101e+003 -1.24980702074750e+001 -9.62244725205218e-001 2.71692295943988e-004 -7.36208423691971e-003 2.56252749384149e-004 7.27866618784269e-006 -3.07284077929673e-007 7.69156551774031e-008 -5.10789908534999e-009 
-2.08889682231466e+004 -5.10683732898615e+004 9.46605314671998e+002 3.85942040119958e+002 -4.90048086862535e+000 -3.03682010855982e-001 -9.28137490036242e-004 -2.41490015988415e-003 9.07422390241540e-005 2.15634112240686e-006 -9.07202849192907e-008 2.50405731422988e-008 -1.75821713241435e-009 
-2.18399806374650e+005 1.39256935506933e+005 1.05845723711407e+004 -1.04142096279454e+003 -4.79643232409200e+001 8.78007484283881e-001 1.12616006469066e-001 7.01666174509716e-003 -2.27878138868308e-004 -2.87905173780303e-005 -3.15581005887903e-007 9.11866362510616e-008 6.70955473145677e-009 
-2.96672665383356e+005 -8.61900396741861e+004 1.41924588217930e+004 7.69808271574309e+002 -4.25743302469331e+001 -2.26197514384084e+000 -5.15555892629171e-002 4.97805757018627e-003 4.69310216419419e-004 -5.42136616766508e-006 -1.53332317359365e-006 -6.32745358954218e-008 4.48559710898693e-009 
-1.02090693992208e+005 -2.68597180652590e+004 4.85649038744685e+003 2.41562454408022e+002 -1.46724363618661e+001 -7.36366372310472e-001 -1.59234537359085e-002 1.73840945615102e-003 1.52796607086992e-004 -2.15506637616287e-006 -5.12225110087829e-007 -1.98970484396686e-008 1.57350017980985e-009 
-7.76031122701287e+005 -5.76643468629889e+002 2.28554118157615e+001 9.23145654474743e-002 3.29853561593015e-003 -4.48302950264798e-004 5.36713686635644e-005 -4.24660670612311e-006 7.28519416297164e-008 5.73213624812554e-008 -9.19696079595634e-009 
-3.09417931251860e+005 -7.47703224697649e+003 -6.28175813639547e+000 -5.61306114724005e-002 6.07036866545465e-003 -2.48677501085392e-004 -1.83190913734808e-006 3.50359711790251e-006 -5.93048379453973e-007 5.57980870147761e-008 -2.41917449663566e-009 
-1.09919041717397e+005 -3.22560577786594e+003 -3.14904594223860e+000 -4.00016552685557e-002 2.82462183866584e-003 -9.05480509868438e-005 -6.48214063354382e-006 2.31247405071132e-006 -3.24439342783197e-007 2.52436931703582e-008 -3.55244182576177e-010 
-7.76997684995360e+005 -3.88856781804830e+002 2.41255375580627e+001 1.13502688767685e-001 6.25458108266449e-004 -6.47135059044434e-006 2.71639452087783e-006 -2.57332430957663e-007 3.36007103939518e-008 8.53685790548704e-009 1.94849876781265e-012 
-3.24423431073166e+005 -7.52865030299583e+003 -6.50679938259271e+000 1.11045311080575e-002 3.05519917728259e-003 -4.78252142077157e-005 6.03872305065146e-006 -2.34302080183118e-007 2.17446146509597e-008 -3.12607463498753e-009 -8.33628388641214e-011 
-1.16396514487923e+005 -3.25208722952263e+003 -3.41609187789281e+000 -8.08281261660893e-003 1.42371942589930e-003 -2.73596085211261e-005 3.02257417650679e-006 -9.86189988829472e-008 8.10966991786089e-009 -1.25042343706984e-009 -6.03785574885485e-011 
7.79106832955763e-006 9.16435401928359e-007 3.46031026158138e-007 -1.16510719895780e-007 -2.41215859454567e-008 3.25468974039669e-009 6.84109269043207e-010 -3.44533051736259e-011 -2.71135132761847e-013 2.93520772643835e-012 
-4.60297944998760e-005 -5.86594799002062e-007 1.81851322233077e-007 4.04486931219936e-008 -9.79647158345118e-009 -2.00579011153804e-009 1.21562750265646e-010 5.59996893325938e-011 2.12993069522760e-013 -2.14925060622100e-012 
8.58202145584740e-006 -5.14556787719539e-007 2.84103295255346e-008 2.36075645785760e-007 1.62792230076189e-008 -1.37914827422245e-008 -1.98373508400321e-009 2.93464433080527e-010 1.09882249162209e-010 6.85420888352924e-012 
-4.64788492617822e-005 -3.02041868553708e-007 -2.65335800514961e-007 -1.29670344397523e-008 2.69543389470604e-008 2.66755667328800e-009 -1.04900035281359e-009 -2.13735951105115e-010 1.87212751747511e-011 9.99887944658511e-012 
1.01172059693242e-005 1.45850999166756e-006 -5.03777474528565e-007 -1.26849647878387e-007 5.54257472376222e-008 1.15574380919827e-009 -2.86760345267352e-009 4.20308747749715e-010 8.22605468766514e-011 -3.23467303297195e-011 
-4.71730513425235e-005 1.07061133437329e-007 1.90769110184324e-007 -7.42583836877524e-008 -1.02406027805305e-008 5.59052992287896e-009 -1.51461629049175e-010 -2.36278439856246e-010 3.15314058815365e-011 6.31924404495753e-012 
1.06656845115350e-005 3.37618701968686e-008 4.56089959182589e-007 6.73157152943794e-008 -2.36941010968427e-008 -2.29485877748619e-009 -2.37687196563225e-011 3.00060069773341e-011 3.03968227556968e-011 1.31625981748406e-012 
-4.73129863211644e-005 -4.73802794335377e-007 -6.94734648336055e-008 5.23811990691757e-008 5.61532763567218e-009 -1.08370556675134e-009 -1.69166134957720e-010 -2.55561871123282e-011 4.27997834014361e-012 9.57367350387402e-013 
1.07184015656771e-002 -3.43538545153456e-004 -1.48488375260990e-004 -8.09433746601288e-006 -5.92283492324460e-007 4.93994983339097e-007 9.56381561304328e-008 -6.29312915505360e-009 -1.66958288118109e-009 1.59354981486669e-011 
4.35510132859663e-001 -2.98635761971196e-004 1.32828245078502e-006 5.65894691273355e-006 1.08455331240966e-006 1.90571314990562e-007 -2.79805965107213e-008 -5.91494073567942e-009 1.79075435854093e-010 7.29227942593066e-011 
5.41112268156999e+003 9.20266612207767e-001 1.25773342447891e-004 5.94315409384901e-006 6.54437563945559e-007 -4.41806662053124e-007 -8.74002978548567e-008 5.75979600013586e-009 1.53383318128921e-009 -1.42405474882117e-011 
9.05446815372580e-003 -1.13600494944754e-003 8.16699190460637e-005 5.59368340695381e-005 4.83284895205960e-007 -1.74179666144827e-006 -1.33074103697297e-007 3.45920893426456e-008 5.93507586506357e-009 -1.72077929174255e-010 
4.35296619279114e-001 1.85108337758907e-004 1.08427462617541e-004 -3.86314195758500e-006 -4.35467197993157e-006 -1.81350215443534e-007 1.11314076699007e-007 1.26598408474391e-008 -1.50955292822135e-009 -4.39294659277589e-010 
5.41296400497611e+003 9.20888220270342e-001 -8.42298745231062e-005 -4.90967902849995e-005 -1.53148969700838e-007 1.58067918341372e-006 1.15527278574342e-007 -3.22904373753024e-008 -5.35515512862315e-009 1.86352551322613e-010 
8.38154235704336e-003 4.78953216758786e-004 1.06698917098783e-004 -4.51979292090260e-005 1.60831707887764e-006 1.20645065194615e-006 -1.86056578258907e-007 -1.03023269858439e-008 6.08119520931354e-009 -5.46647940994882e-010 
4.35906211597839e-001 2.41232763916182e-004 -8.96129087759688e-005 -2.86535770758668e-006 3.39736239988110e-006 -3.25299067605244e-007 -6.05313093115509e-008 1.54720860529821e-008 -3.73981758292404e-010 -3.73462891324560e-010 
5.41480433685733e+003 9.19451643401746e-001 -8.18019594241651e-005 4.14401120421064e-005 -1.83445097657723e-006 -1.07819172278461e-006 1.74068502103173e-007 8.30534138827413e-009 -5.52435821991419e-009 5.26494131762082e-010 
9.16613931211804e-003 1.37081663484907e-004 -1.05924627971522e-004 -2.19312331922064e-006 -1.13301809546055e-006 -3.74620915004664e-007 6.05020276165004e-008 7.82405270659212e-009 1.73359928529609e-011 -6.29534718402136e-011 
4.35852085901161e-001 -2.33661005250756e-004 -2.40636054949769e-005 2.97813362243974e-006 -5.71356550080515e-007 1.69778689535814e-007 2.64735905122583e-008 -2.13842119696803e-009 -3.27713430993750e-010 -3.55830449170500e-011 
5.41664348614229e+003 9.19837409039988e-001 9.61380814252520e-005 1.33537939008614e-007 1.06676693139619e-006 3.52954371166448e-007 -5.49783284661369e-008 -7.08456361727871e-009 -3.45846065623433e-011 5.73444346474287e-011 
