-2.96848621228719e+007 1.17634008390081e+007 3.50786776107103e+005 -2.53764580479117e+004 6.28071976366349e+001 -1.01866875409985e+001 -2.21057305791651e-001 9.27407112553848e-003 -6.28662401524434e-004 3.07057569911672e-005 -9.04636682032263e-007 3.78968848915668e-008 -3.97356138975786e-010 2.32808522300642e-012 
-5.54265288615997e+007 -5.17306043233613e+006 6.70068806730620e+005 6.64801605443121e+003 -3.31800451192701e+002 9.73593716119504e+000 -6.17924254773731e-001 9.38118746615457e-003 -5.23118791127800e-004 -1.69805746039438e-006 1.71238850679429e-007 -2.89806684185739e-008 1.47277212571114e-009 -6.33965481799877e-011 
-2.66314293868868e+007 -3.98295046013540e+006 3.21564142400501e+005 6.18238341089077e+003 -1.83751995181043e+002 6.25690424564157e+000 -3.07160019774977e-001 4.04961199739395e-003 -2.14254469799209e-004 -4.09080071039585e-006 1.85269067638410e-007 -1.94101287963331e-008 8.27918855254712e-010 -3.41061938783041e-011 
-4.31520770917082e+006 1.33516639021080e+007 4.48093421611133e+004 -2.62310464831458e+004 -1.81025089528650e+002 -1.38017843611051e+001 -1.09030202393292e-001 2.87631543021405e-003 1.93957925381642e-004 2.49317443996060e-005 6.43398942856537e-007 4.27623980029141e-008 8.44222168593544e-010 3.38319309133475e-011 
-6.02165353427665e+007 4.26211678055154e+005 7.21968512338246e+005 2.14583497600333e+003 -2.74097074506312e+002 -3.88705408575693e+000 -5.99228513326863e-001 -8.60638676327672e-003 -6.37281136947437e-004 -6.87978136094878e-006 -1.85619688257030e-007 8.35647445840972e-009 9.01282681813706e-010 3.81192567280349e-011 
-3.18204566268357e+007 -1.15662568344342e+006 3.81013162577720e+005 3.86603326441517e+003 -1.27646647318432e+002 -6.45343906510256e-001 -3.08789037695255e-001 -4.89556934803688e-003 -3.60531184510837e-004 -6.26008502830133e-006 -1.65865122434532e-007 2.99892515902140e-011 3.93911373982594e-010 1.68546619994570e-011 
2.17007863495222e+007 1.23801389001938e+007 -2.96777894486398e+005 -3.14247138059485e+004 -4.68572461157668e+002 -1.36360197146875e+001 2.54579472558288e-001 3.30335436130396e-002 2.15588491998440e-003 1.05030037337783e-004 3.78952300145740e-006 9.16549752993730e-008 -1.09977714038960e-009 -2.85990903560547e-010 
-5.35668956958478e+007 6.21883428707810e+006 7.15978025252711e+005 -3.76959740755661e+003 -5.28124716847893e+002 -2.37065833029243e+001 -1.16330404073666e+000 -3.24373490130792e-002 -7.22004720327183e-004 1.96128752025784e-005 2.72137220073532e-006 1.87493662246335e-007 9.29335627406479e-009 3.54210847170687e-010 
-3.09656997712496e+007 2.03839519212085e+006 4.13230800815865e+005 1.24465181670222e+003 -2.33528109903940e+002 -1.12496630821871e+001 -6.47806215954753e-001 -2.07523791174008e-002 -6.09211922592159e-004 -4.13305652063771e-007 1.06078189433146e-006 9.06520617565911e-008 5.07836098503932e-009 2.18865286035870e-010 
4.27918325692483e+007 8.35382909385028e+006 -7.25464351925767e+005 -4.02607836493851e+004 -5.45913387476706e+002 1.60310363898404e+001 2.94605797772874e+000 1.94367659359698e-001 8.62650666375676e-003 1.85540763937602e-004 -9.89444245794347e-006 -1.49379289678134e-006 -1.05895007999173e-007 -4.89025930955673e-009 
-3.56770204505587e+007 1.15745179647597e+007 5.98567172071917e+005 -1.78652641506037e+004 -1.36118120281911e+003 -6.31444097174650e+001 -1.99424754419027e+000 3.71253088225731e-003 5.65062106485494e-003 4.93022558611943e-004 2.67621508740850e-005 8.77434271294130e-007 -6.73074320737424e-009 -3.55739055559288e-009 
-2.35960180949202e+007 5.31674990444515e+006 3.94961131729218e+005 -5.36876108170577e+003 -6.70508675497330e+002 -3.53924723859068e+001 -1.37074313278909e+000 -1.81698038179451e-002 2.12400220706649e-003 2.44124192128413e-004 1.53216262425209e-005 6.23583255999664e-007 7.38373021454074e-009 -1.39324608822821e-009 
5.28622375412828e+007 -2.09090138905991e+007 -6.77343836517189e+005 4.35235928402423e+004 7.63756261508746e+002 -2.66847345756324e+001 -4.13379044405995e-001 7.09184944265439e-003 1.77598090026892e-004 -3.44309867977176e-007 
8.58914410104831e+007 1.03942461942846e+007 -1.08459844830530e+006 -2.26757862023060e+004 1.12316864782858e+003 1.65240586874061e+001 -4.49491590149455e-001 -7.71875897173441e-003 7.62697603628931e-005 3.30353196991478e-006 
3.52589536395347e+007 5.99953926268756e+006 -4.45117690429528e+005 -1.29563764174697e+004 4.57004502906526e+002 9.12306243229900e+000 -1.76076616944949e-001 -3.92158836701481e-003 2.30781969969567e-005 1.50819143993358e-006 
7.39728451339333e+006 -2.40745723762316e+007 -1.00886597984379e+005 5.10138091110530e+004 1.50130025540127e+002 -3.36130263934802e+001 -1.41284582206310e-001 1.19862670323955e-002 1.09777948397140e-004 -3.40414167352478e-006 
9.73710653923696e+007 9.55491477931094e+005 -1.24006220948340e+006 -2.71447979371338e+003 1.33015989046943e+003 3.52878757888926e+000 -6.13606090287407e-001 -3.40417882635924e-003 1.88635471450503e-004 2.49977936548625e-006 
4.33005869316010e+007 1.95319526524466e+006 -5.51541258330367e+005 -4.44939108970062e+003 5.88963277269606e+002 3.71466026774097e+000 -2.67132357546007e-001 -2.29005660404810e-003 7.79247733518916e-005 1.34014203278103e-006 
1.27203329960304e+008 1.05603412656652e+007 -5.85738132105872e+005 -8.53150491078895e+003 2.05452348028582e+002 2.15437793220157e+000 -1.84381085431689e-002 4.32498983355195e-005 9.70967459881488e-005 -2.57402620592380e-005 -5.20837259022783e-006 2.09819420262325e-006 2.40716234294030e-007 
-7.28461451474257e+007 1.59008098369633e+007 3.36343086669157e+005 -1.18686209152686e+004 -1.38115806043735e+002 2.17006135299145e+000 2.51274811946341e-002 1.70812012526282e-004 -9.19111229732808e-005 -5.09836192436895e-006 6.27343529962640e-006 -6.56996161584345e-008 -4.44102320996169e-007 
-3.15821242683022e+007 6.89350450368669e+006 1.45814827347346e+005 -5.14533581273857e+003 -5.98778941933396e+001 9.40425497515832e-001 1.09981451340455e-002 1.08130399126021e-004 -4.96940536707768e-005 -4.25082512585029e-006 3.50545936793783e-006 6.41517717948086e-008 -2.53981609975544e-007 
1.43355417482550e+008 5.52392532350751e+006 -6.67049309192759e+005 -4.92413943865392e+003 2.43859776013755e+002 1.64496052805808e+000 -2.69644384078238e-002 -1.48171084373975e-004 6.30227351626566e-005 -3.02137893066711e-006 -2.18864920158506e-006 -1.33151421840346e-007 4.12308942765835e-008 
-3.88290007284714e+007 1.79878002616247e+007 1.82196404757287e+005 -1.36994516953639e+004 -8.89114758150484e+001 2.74412479439942e+000 2.40629099351460e-002 4.13477955079935e-005 -2.91000251474749e-005 -5.36031251706051e-006 1.71007261833838e-007 1.42621676554154e-007 6.21734788566009e-009 
-1.68346162399282e+007 7.79828070247145e+006 7.89884114989989e+004 -5.93905749187900e+003 -3.85470171416821e+001 1.18958233577946e+000 1.05580920320298e-002 2.80030719163418e-005 -1.90860616359461e-005 -3.11240413237947e-006 2.25523986839515e-007 9.71177077795312e-008 1.80528502882178e-009 
1.28188692482872e+008 -2.58381922402313e+007 -7.52507802708850e+005 3.02577386912346e+004 9.12230168545991e+001 -1.41420752956857e+001 2.71104924744768e-001 1.42181264018522e-003 -2.14094325424079e-004 3.84876142940881e-006 3.53442059390647e-007 
1.64461827015293e+008 2.00666434058761e+007 -9.56858382101386e+005 -1.28992422517354e+004 6.46643725273466e+002 -4.84939923036001e+000 -1.95089285836868e-001 7.65392473099790e-003 -7.89984190960906e-005 -1.48134358442908e-006 1.22405960705408e-007 
7.19452622000116e+007 9.90216204572457e+006 -4.18558139410201e+005 -6.73381496463472e+003 2.94133485591507e+002 -1.84265393642018e+000 -9.67353369963608e-002 3.47062081637194e-003 -3.16773632723938e-005 -5.89261553752713e-007 5.17552260278536e-008 
6.02570281810400e+008 1.05959022216928e+007 -8.94140442764732e+004 -3.03014600859214e+002 1.00825560202527e+000 4.03209535546491e-003 -3.43700794479963e-006 -9.30794413564208e-008 
-4.08950864503919e+008 1.41763829811731e+007 6.07036844165577e+004 -3.22732130142787e+002 -1.04776114208413e+000 2.05618471917054e-003 1.24746651160766e-005 3.68228161685378e-008 
-1.89969732932562e+008 5.81838239147357e+006 2.81964232509216e+004 -1.30955199357184e+002 -4.73656996235508e-001 7.83780895254224e-004 5.46540406721046e-006 9.37995074435749e-009 
-1.40404765632242e+009 -2.07021174630706e+006 3.16355218836226e+004 -2.55133760626105e-001 -6.17186149681832e-002 3.77486959757053e-005 -3.75575543905597e-008 
1.10374695018221e+008 -1.23396936520163e+007 -2.47922144694353e+003 4.69534593810002e+001 -1.30635833368799e-002 -5.45301393022678e-005 4.82916751506139e-008 
1.06030429293393e+008 -5.00767477034695e+006 -2.38609511700519e+003 1.94036086143314e+001 -2.73700401258954e-003 -2.41510107166409e-005 1.89484421543248e-008 
2.99094958023986e+009 8.66856476165916e+005 -6.98973533911372e+003 -3.76656165110597e-001 1.17627653189441e-003 4.12938566922894e-007 
-2.58183828519470e+008 8.18312088578234e+006 6.02340628021076e+002 -3.18138433754419e+000 -8.34731740358572e-005 2.69128787711183e-007 
-1.55380862576712e+008 3.57174379233127e+006 3.62651176653143e+002 -1.38818785617555e+000 -5.36369685834241e-005 1.15468195106500e-007 
3.67906740569644e+009 4.25991891446094e+006 -2.57794277982356e+003 -5.14961868890467e-001 1.56833050428634e-004 3.60783528906415e-009 
-2.35085946765267e+009 5.77747145172502e+006 1.64762067352943e+003 -6.61999129957997e-001 -1.10601037099930e-004 -2.10066074239225e-008 
-1.05381445311646e+009 2.25869407656525e+006 7.38559033229606e+002 -2.58112186600437e-001 -4.90659589235273e-005 -9.14615626401153e-009 
1.83238256850523e+008 7.64521752225359e+006 -1.08930002492152e+002 -7.45177851621795e-001 1.50616967996254e-004 4.64057259086090e-008 
-4.50681367950451e+009 -2.24128788751292e+005 2.68400846013682e+003 -3.30171928852397e-001 -1.54094605628400e-004 9.85623699041651e-008 
-1.46164662771720e+009 -2.37342279812991e+006 8.70458157088810e+002 1.21425833855643e-001 -9.54116889198958e-005 2.09795075317996e-008 
1.32569798439997e+005 -1.66664041315238e+005 -8.04622515897889e+003 1.53555349273988e+003 7.16091541610939e+001 -3.40436248711507e+000 -4.19907350772065e-001 -1.54124889646446e-002 1.26630134462991e-003 2.01915639357454e-004 6.35972057363669e-006 -9.09515626579264e-007 -1.13334253706822e-007 
2.86684109212412e+005 5.75056820223013e+004 -1.75311271614251e+004 -7.79254043600189e+002 7.68555750943835e+001 5.27628575949551e+000 4.17103387208921e-003 -2.34192314032391e-002 -1.94958621873425e-003 5.49768327056236e-006 1.36918586219437e-005 9.78180632099427e-007 -2.12710570819608e-008 
1.51994751087940e+005 1.33449353952037e+004 -9.28588007121117e+003 -2.44028134352907e+002 4.39354676358331e+001 2.27310209586894e+000 -3.53301014831612e-002 -1.28074363852865e-002 -8.39963694277362e-004 2.06200006938430e-005 7.25467810757099e-006 3.97152582273606e-007 -2.04592044464029e-008 
-1.98758559950123e+005 -1.46691676891160e+005 1.32074806550129e+004 1.60297953100674e+003 -8.39456059588527e+001 -8.85207879582082e+000 3.92795185148342e-001 5.94299798902519e-002 -1.99680846455000e-003 -4.92552826782548e-004 9.46491534435363e-006 4.36568699621015e-006 -2.08867367045807e-008 
2.51003812469618e+005 -9.26619741220458e+004 -1.68218247446715e+004 9.97937971497886e+002 1.11288482411233e+002 -4.86847055880641e+000 -6.42081545791359e-001 2.29840624017982e-002 4.88212514605312e-003 -1.09798256196675e-004 -4.19074107393892e-005 3.42470252092552e-007 3.74549945937812e-007 
1.05204441665320e+005 -5.82791688950794e+004 -7.04721010483803e+003 6.30224130396064e+002 4.68871512540040e+001 -3.16739039397929e+000 -2.78738703962323e-001 1.65154340960638e-002 2.20798114846209e-003 -9.74148663317497e-005 -1.96361110523403e-005 5.55157909108341e-007 1.81161199961579e-007 
-3.47355718684727e+005 4.73263513598885e+003 2.11298907604247e+004 -3.40521334898017e+002 -1.09098103068101e+002 5.35215055574278e+000 2.21069133123632e-001 -4.53781553473855e-002 1.21632875568144e-003 2.52210783565131e-004 -2.35366464222209e-005 -5.25031047346941e-007 2.17703580694656e-007 
-1.67224949488621e+004 -1.59945593213107e+005 1.00823494579239e+003 1.57378917987779e+003 -3.95512651392449e+001 -5.30762905184933e+000 4.62692646409360e-001 2.43929420626146e-003 -3.27377790960418e-003 1.70068472482751e-004 1.41672125937647e-005 -2.14127508177568e-006 1.71233020546308e-008 
-3.87632871372126e+004 -7.77128323176813e+004 2.36713348203973e+003 7.38234684249887e+002 -2.90613158153229e+001 -2.11664081229535e+000 2.45871520863093e-001 -2.84161560110822e-003 -1.49177143376091e-003 1.05517777087781e-004 4.83184925141320e-006 -1.09299938051678e-006 2.77056675978661e-008 
-1.97197899563856e+005 1.36129748120191e+005 1.01632220231391e+004 -1.24444458865252e+003 -1.44369501215962e+001 2.68257317447055e+000 -1.74591165691540e-001 8.22352325909677e-003 3.99414575649352e-004 -6.68444673979249e-005 3.91688003594060e-006 -3.36444668350639e-008 -1.99965451704630e-008 
-2.79462874107024e+005 -9.17048241620211e+004 1.42795318991809e+004 5.87651866528291e+002 -6.33439450951989e+001 9.83967603096072e-001 2.50399151100807e-002 -1.10367244559628e-002 8.48789789950865e-004 -1.23776456876874e-005 -2.63332733299696e-006 3.24426954508916e-007 -1.63678324765404e-008 
-1.53811588307094e+005 -3.27498730637858e+004 7.86873357520707e+003 1.75762870971014e+002 -3.22219919485516e+001 7.22978887434365e-001 -3.21452234472583e-003 -4.66553975816305e-003 4.50186879129563e-004 -1.19947628436406e-005 -9.39114412711016e-007 1.55567688675854e-007 -9.77385547011986e-009 
1.08321062937619e+005 1.56797043599944e+005 -4.89038652733768e+003 -1.18913733682150e+003 1.72418979179015e+001 1.33855294839691e+000 3.58871456117752e-002 3.45929982924030e-003 -3.39752474865078e-004 -2.24841609149827e-006 1.96565536962119e-007 4.57002594822458e-009 3.28508848105744e-009 
-3.37549601839709e+005 3.48903356818321e+004 1.58328802371947e+004 -2.94177017288614e+002 -4.97003549101059e+001 2.58354382190738e-001 -1.66159230924672e-002 4.22032962144854e-003 1.55530533120932e-004 -1.34099582962396e-005 8.11828147315019e-008 -2.87386938739911e-008 1.51823866574959e-009 
-1.55237515989948e+005 3.08217703476846e+004 7.28437550892734e+003 -2.49354243599149e+002 -2.26585197063442e+001 2.48940952024474e-001 -5.02669721950299e-003 2.36036567020061e-003 4.55840056062074e-005 -6.74418477079773e-006 5.82300475186634e-008 -1.36251900499038e-008 1.03072855547575e-009 
3.42493722052120e+005 6.76966150209403e+004 -1.64334754689153e+004 -6.41603910516123e+002 5.41247856787196e+001 2.15214556606472e+000 -1.14355410301390e-002 -5.55592561131467e-003 -8.64515237406812e-005 1.81427539850328e-005 1.68293072397814e-007 -7.04210707206866e-008 -3.13215333903506e-009 
-1.61522466385871e+005 1.34386924175643e+005 7.75344980703792e+003 -1.02516782892661e+003 -3.79504656955939e+001 1.39024684891846e+000 9.83048279313767e-002 1.59028121247136e-003 -2.72230361534318e-004 -2.87419664135603e-006 1.01658629066134e-006 2.69300971687642e-008 -3.62608469839510e-009 
-4.88528019569491e+004 7.14142525408090e+004 2.32235704673280e+003 -5.55993942852100e+002 -1.36106826482874e+001 8.68632524300646e-001 4.66579456529907e-002 2.77790526492414e-004 -1.40229795710930e-004 2.16238800182884e-007 5.09881956670443e-007 6.85525257896403e-009 -2.04135977381707e-009 
3.34366310418334e+005 -7.69327006862441e+004 -1.77074069098539e+004 5.02171929591154e+002 8.24022708858308e+001 1.83762257245138e-001 -1.36054979891135e-001 -2.84468049585134e-003 -1.87501947459980e-005 -2.10035209570788e-005 -3.88242813786567e-007 1.41298959286677e-007 6.90510333308212e-009 
1.24959140162227e+005 1.39837437365021e+005 -6.85737951217462e+003 -1.28280994994270e+003 1.25571586809056e+001 3.46905828069035e+000 5.52115856474427e-002 -2.57901816242231e-003 4.44731229144631e-005 -1.44987941487116e-006 -1.89895654200241e-006 -7.22849580120355e-008 5.81929780266246e-009 
8.99212950280744e+004 6.12992392236641e+004 -4.89777974413181e+003 -5.79074484796116e+002 1.34523356525100e+001 1.70052789183028e+000 1.45516532626025e-002 -1.50734504126980e-003 2.04141207414365e-005 -2.53735435510645e-006 -9.57233917270643e-007 -2.26323801815246e-008 3.43899986997156e-009 
7.31031760631647e+004 -1.73113362899443e+005 -4.31724330441402e+003 1.63720343128519e+003 4.44589496456053e+001 -4.53781128046092e+000 -2.71141250006944e-001 -3.31154842745693e-003 7.84114658691080e-004 1.00244279123822e-004 2.92628416763393e-006 -4.33160428326386e-007 -4.61148107730833e-008 
3.07131388473619e+005 3.24304311304405e+004 -1.85954889613016e+004 -4.82649904307911e+002 8.79381184107392e+001 3.49473864844060e+000 -1.08914574939553e-001 -1.50923383348746e-002 -8.87415046871669e-004 6.92615502091614e-006 6.79323739463125e-006 4.34981490296511e-007 -1.00948454258542e-008 
1.55650178517909e+005 6.11063893292392e+002 -9.41495316647522e+003 -8.94002532326003e+001 4.66450175538477e+001 1.29111511818012e+000 -7.69006335326878e-002 -7.60435963524842e-003 -3.61163972417899e-004 1.21806299297889e-005 3.55380705662965e-006 1.72861503583063e-007 -8.96428000166459e-009 
-4.89734952803719e+005 -4.94904971956628e+003 2.23487401270178e+001 -1.12886784506962e-002 -2.41485313693775e-003 1.23680834145528e-004 2.64059072972906e-006 -9.68187602885072e-008 7.55814576111119e-009 1.56925863686705e-008 1.61575055262079e-011 
4.96633178840337e+005 -5.35039396127388e+003 -1.33190673937755e+001 1.22831822642792e-001 -1.53729337711531e-003 -6.23450417778759e-005 6.96873304535051e-006 5.30028253356198e-009 2.37814380103726e-008 -9.94593784768218e-009 3.82472823163335e-011 
2.14347607905273e+005 -2.20818214070838e+003 -6.21880032665758e+000 5.58171734544009e-002 -5.32258195883520e-004 -4.00918468566809e-005 3.41002728039011e-006 9.92424930292746e-009 1.18833175747595e-008 -4.51953581734189e-009 8.26047420151420e-012 
-4.99455020119585e+005 -4.77125346747942e+003 2.20711104431988e+001 -2.79853864843358e-002 3.07872149424885e-004 1.01871708125090e-004 -1.19415262177105e-005 -1.98702087237709e-006 -2.10177481777144e-007 1.82833052243093e-009 -4.18716652305555e-010 
4.85830189650396e+005 -5.45149752711606e+003 -1.20002602567343e+001 9.90704868361892e-002 -6.11396729525892e-004 2.02813201476495e-004 1.90096894517639e-005 7.14585162629857e-007 -3.38004740480329e-008 -2.33008189859445e-008 -1.77219105624015e-009 
2.09883492567081e+005 -2.25542599839878e+003 -5.60968151535749e+000 4.63664974214654e-002 -2.13553893224240e-004 1.02147835161995e-004 1.12954243917623e-005 5.85306504804050e-007 3.74958462931372e-009 -1.02787683962633e-008 -9.15168740349792e-010 
7.75938429168923e-005 1.55700984669032e-006 -3.03075163486478e-007 -3.50385121268502e-007 1.63986042902094e-008 2.55910393386181e-008 1.06640174372536e-009 -1.14942323776768e-009 -1.61087690856958e-010 3.50390183962428e-011 
2.24984023836456e-005 4.65982581441934e-007 3.63931554324308e-007 -4.92693012457713e-008 -4.35794228561842e-008 9.60039495326522e-010 2.53023203042754e-009 1.46445432456243e-010 -1.03206290152353e-010 -1.24512365061953e-011 
7.71226825055088e-005 -8.94424366866226e-007 6.36261569900031e-007 4.62053103205908e-008 -6.38189909259949e-008 6.35232934569096e-009 1.45479225718457e-009 -6.74799428384238e-010 7.80027563389616e-011 2.63538347339953e-011 
2.30316125339759e-005 -4.16404012572631e-007 -9.64967616032367e-008 1.15201223709527e-007 -3.90565031652719e-009 -5.52582061917416e-009 1.15973594842065e-009 3.14676253357390e-011 -7.02573681987334e-011 7.88775180587082e-012 
7.67008494883817e-005 -7.58838070425473e-007 -6.48367994371953e-007 -8.33117530300885e-009 3.66815352181753e-008 1.82863655333256e-009 -4.55381763995712e-010 -1.12567216318158e-010 -1.18734241799724e-011 6.24372843196133e-012 
2.32582963837279e-005 7.04145931470053e-007 -6.57697120351808e-009 -8.19410648290470e-008 -1.80153548427549e-009 2.20225939223386e-009 1.05021626721504e-010 1.14299460008778e-011 3.56559623074163e-012 -2.43824737944308e-012 
7.44861536515196e-005 -3.48593743171402e-008 8.06436852348980e-007 -6.07257370955082e-008 -6.83843563949840e-008 -1.58012791845851e-009 2.11565496284132e-009 2.22389183086115e-010 -2.09487342578258e-011 -5.13752655914729e-012 
2.33202768025439e-005 -5.58395381272796e-007 1.09470435343265e-007 1.15340829356086e-007 -3.87111010741135e-009 -5.88504665370430e-009 -2.92474029913282e-010 9.16988002804981e-011 1.41758549809155e-011 3.14738002855079e-012 
6.03918776286829e-002 1.03092504225845e-003 2.27684423035391e-004 -2.55194273550908e-005 -1.06306720934993e-005 -4.23688772563740e-007 3.26643358779169e-007 4.15962076578824e-008 -6.59834662916151e-009 -1.82629709368968e-009 
3.97103542950159e-001 3.87349510146179e-004 -7.57357593785985e-005 -2.06286215669439e-005 3.19455120404910e-007 7.55926837130620e-007 6.64476407899079e-008 -1.89909183215189e-008 -3.58292106834004e-009 2.63493621006493e-010 
3.37261540443140e+003 9.18848304543300e-001 -2.18106708131030e-004 2.60331493343973e-005 1.00907959355743e-005 3.60700823990809e-007 -3.10230151266970e-007 -3.85442298349812e-008 6.34453902288086e-009 1.71436263969115e-009 
6.23167691232600e-002 3.81614453862617e-004 -3.28913980006123e-004 2.96185899542600e-006 1.03429206223200e-005 -8.28482198640274e-007 -1.45108957237340e-007 3.07441168796395e-008 -1.68555786609547e-009 -4.26093547454702e-010 
3.97070454082166e-001 -3.67235895890049e-004 -1.67872657294156e-005 2.48419973965426e-005 -1.02186900561600e-006 -5.44746944870979e-007 6.86644984044667e-008 2.72265906199723e-009 -1.69168970823507e-009 2.44406571120168e-010 
3.37445326084060e+003 9.19502214246848e-001 3.19704941792850e-004 -2.91329441923666e-006 -9.84542033110149e-006 7.90618713270498e-007 1.34308127940244e-007 -2.90335361666314e-008 1.67035361391291e-009 3.93666599858149e-010 
6.15245405697380e-002 -8.38138484367653e-004 4.31916218599130e-005 2.00822631221594e-005 -3.78913015504666e-006 2.73770870234565e-007 9.97587877607681e-008 -5.45629455879943e-009 -1.35313813184977e-009 -4.42815130294525e-011 
3.96730501853463e-001 9.97487610669963e-005 7.35445081616027e-005 -5.88642941615422e-006 -1.28776065942846e-007 2.63183430080283e-007 -2.06028933855089e-008 -4.75877198140702e-009 6.86222738677269e-011 5.31121669360700e-011 
3.37629378727304e+003 9.20699471347184e-001 -4.10037142804221e-005 -2.04194509454062e-005 3.53855603446323e-006 -2.38920274832786e-007 -9.21196358840770e-008 4.95289435030741e-009 1.24001654130658e-009 4.27865211839719e-011 
6.07090169979985e-002 1.62075583760627e-004 2.19943534757320e-004 1.99355443495839e-005 -1.74776212156686e-006 -1.16467283458229e-006 -9.46481447807738e-008 2.11156780912735e-008 2.92619788826708e-009 -3.84074355622678e-011 
3.97345437492414e-001 4.71195940757223e-004 1.48877549097968e-005 -1.09994196500764e-005 -2.26267208259490e-006 -9.11681111349913e-008 6.87635197996365e-008 7.60655676221214e-009 -6.48249243556280e-010 -1.29749921196083e-010 
3.37813433042793e+003 9.19705119836359e-001 -2.15668614589621e-004 -1.80592660212140e-005 1.81148281530030e-006 1.07962610512304e-006 8.76005355475731e-008 -1.95453400905716e-008 -2.74202926354888e-009 3.15542491560290e-011 
