1.29833944803844e+007 -1.90733082819928e+007 -5.39250150154090e+005 1.26564109045031e+005 3.44735091672844e+003 -6.97828983832235e+002 -2.65774501875303e+001 4.82383647817074e+000 2.39085505969893e-001 -3.78548200590054e-002 -2.32043873586535e-003 3.18633460767307e-004 2.34656032224012e-005 -2.81189157638383e-006 
3.84616665532463e+007 4.16790323655885e+006 -1.56580392138324e+006 -3.24990385399770e+004 8.28702651612342e+003 2.30464419474829e+002 -5.16917061937694e+001 -1.99682485523936e+000 3.86144817312674e-001 1.90962350414239e-002 -3.16644064472695e-003 -1.92511334192764e-004 2.73687659166658e-005 2.01469963554800e-006 
1.91116202325149e+007 4.20380737247329e+006 -7.80494802451520e+005 -3.04835981814861e+004 4.06925086045381e+003 1.95466033123920e+002 -2.48564972762556e+001 -1.56683566786572e+000 1.81477344835483e-001 1.41258771026864e-002 -1.45082061150169e-003 -1.35873609835893e-004 1.21865040540034e-005 1.36776487785582e-006 
-2.47048786342310e+007 -1.74282556621943e+007 8.63780795248226e+005 8.02914884950237e+004 -6.82641080189931e+003 -4.56608272035011e+001 4.05806472922958e+001 -2.12664006890825e+000 -1.42765854768825e-001 2.40975026333825e-002 -4.82321361939474e-004 -1.54104144573940e-004 1.39453773357216e-005 3.13814932770940e-007 
3.45861229920130e+007 -7.74358579175853e+006 -1.21813804397284e+006 7.50299940165091e+004 2.69052480771118e+003 -4.89550745061783e+002 1.27279189935676e+001 2.29327680440973e+000 -2.25818426353695e-001 -2.13252016513000e-003 1.81412396978330e-003 -1.01629570429154e-004 -7.66689054009679e-006 1.33909332836046e-006 
2.09487383194174e+007 -2.32956189256371e+006 -7.40261815157795e+005 3.17535591324411e+004 2.14503951517149e+003 -2.56770301216149e+002 2.59109144538957e+000 1.44551904523545e+000 -1.05822705758498e-001 -3.63781382230862e-003 1.01906846437462e-003 -3.83086777427245e-005 -5.54144857955460e-006 6.82768172374177e-007 
-5.08073384661062e+007 -8.35679918927271e+006 1.25275777833891e+006 -5.18675647028261e+003 -3.06709684189135e+003 2.27278482276771e+002 -7.07666279327746e+000 -3.74808804759895e-001 6.54786710470837e-002 -4.10317384137294e-003 4.54396112169475e-005 1.73624737631916e-005 -1.89595676420117e-006 8.62338950963235e-008 
1.23333852360077e+007 -1.37363090004804e+007 -3.00176175709578e+005 6.56182644697360e+004 -2.29865671972973e+003 -3.15087545370243e+001 1.14129327166494e+001 -8.39050406117634e-001 2.14499958536008e-002 2.14083423252810e-003 -3.06701723800879e-004 1.74833613842844e-005 3.23093419643625e-009 -9.68926689590311e-008 
1.17679247094776e+007 -6.47133152853224e+006 -2.90244318185177e+005 3.55893397151238e+004 -9.09852185433659e+002 -4.03977217657845e+001 6.83026446075365e+000 -4.09334174471205e-001 4.66850574425019e-003 1.56903578816708e-003 -1.68543488240526e-004 7.53882183733601e-006 1.98318315400807e-007 -6.06990900190709e-008 
-5.80984676506437e+007 8.61885238632622e+005 1.01341942689354e+006 -2.79074645057888e+004 -3.22319941379637e+002 6.08001473183082e+001 -4.51799825044592e+000 2.01870273006136e-001 -4.36111766119643e-003 -2.50526370756117e-004 3.71207874034116e-005 -2.58576186079481e-006 1.12495642332811e-007 -1.41557022168063e-009 
-1.54791655983784e+007 -1.35971145800275e+007 2.76330507383971e+005 3.24305846730578e+004 -1.59332696806439e+003 5.63613159629853e+001 -5.80940464303026e-001 -1.09103302930263e-001 1.10842947060997e-002 -6.51325597436654e-004 2.27738214452282e-005 1.05017312170608e-007 -8.98675523847954e-008 8.12918624559976e-009 
-2.33333511061181e+006 -7.35286077047507e+006 4.25272615780762e+004 2.02172927349168e+004 -8.17690883981851e+002 2.38023123274338e+001 1.58149858346630e-001 -7.92120829840767e-002 6.37313776158176e-003 -3.21943520217803e-004 8.31609898498766e-006 3.24216182849623e-007 -5.96695405167703e-008 4.48917439353203e-009 
1.05015077006609e+008 -4.70041589588521e+006 -1.31235894886994e+006 8.87051821679664e+003 1.35140279140061e+003 -3.23283654057870e+000 -5.29826560710824e-001 -1.67771404841899e-003 8.36263532879318e-005 1.92208567081089e-006 
2.17773725175522e+007 2.13274226716304e+007 -2.63575531249428e+005 -4.43275600266249e+004 2.26836598337983e+002 2.70090823926735e+001 -1.61870229699080e-002 -7.05639776761876e-003 -6.18464072779157e-005 4.12515998798488e-007 
3.12621176814725e+006 9.89255967309152e+006 -3.55388399753260e+004 -2.05047967717077e+004 1.65395593696112e+001 1.23562885740611e+001 2.62409680294161e-002 -3.06824019141257e-003 -3.31325466725467e-005 6.31841271423665e-008 
8.57058226966208e+007 -1.44153779445302e+007 -1.08057843766484e+006 2.92751221437415e+004 1.15762349248029e+003 -1.61444249172546e+001 -5.28676776230230e-001 2.12682190301674e-003 1.52336152593681e-004 1.60237365105110e-006 
6.07094831813595e+007 1.71933628436618e+007 -7.56164957008990e+005 -3.64687471338362e+004 7.46071813692672e+002 2.40508138425149e+001 -2.36999203848020e-001 -8.47779527912967e-003 -1.64158745884214e-005 2.16056537328553e-006 
2.18634412558752e+007 8.64736780505091e+006 -2.71827458082452e+005 -1.82602305502974e+004 2.62411780473165e+002 1.18423502588108e+001 -7.31738946639292e-002 -3.94882959327598e-003 -1.70277865793029e-005 8.70930362903688e-007 
-1.18281409790056e+008 1.22943371850998e+007 5.50021546823975e+005 -1.00907091188613e+004 -1.92867361697493e+002 2.69778441446446e+000 1.40009244609449e-002 -6.16503305498506e-004 3.79664543948688e-005 1.03397542270656e-005 1.04361267011891e-006 -9.41779614412933e-008 -1.17164571981386e-007 
-8.39473030320949e+007 -1.49301306809496e+007 3.93702170780351e+005 1.11489424957880e+004 -1.66544996378207e+002 -2.02824437968635e+000 3.07816946152890e-002 1.70270494028844e-005 5.14804477313916e-005 4.82574677978834e-006 -7.51289788395942e-007 -4.46305082701634e-007 -9.66178262258693e-008 
-3.64028786092228e+007 -6.47255371763438e+006 1.70680944415058e+005 4.83343358514362e+003 -7.22029459841536e+001 -8.79486720848837e-001 1.34552852592946e-002 2.54642725960016e-005 1.73111193384132e-005 9.32033664028818e-007 -3.49035493655300e-007 -1.62241540477043e-007 -2.89912357352514e-008 
-8.97102716768863e+007 1.61619002112285e+007 4.12249689430071e+005 -1.27293768167284e+004 -1.36167579640937e+002 2.93879088644212e+000 4.58178004557244e-003 -1.94595697676491e-004 5.86409610556589e-005 -9.10329968496260e-006 -2.18903485493537e-007 3.76219240124411e-007 -1.07557893010760e-007 
-1.10268128238751e+008 -1.12934805784316e+007 5.10295538616588e+005 8.20074567844554e+003 -1.99595931691103e+002 -1.29254082042567e+000 2.87868107783599e-002 1.87836068475171e-004 4.83856617064203e-006 -1.13716593698888e-005 1.51707134800438e-006 -1.36324393642872e-008 -7.63938441501474e-008 
-4.78135391273813e+007 -4.89596130977812e+006 2.21228060154959e+005 3.55530136307909e+003 -8.65316100192505e+001 -5.60111182548801e-001 1.25726842149281e-002 5.61478456949520e-005 -1.74696793828759e-006 -3.50678945341356e-006 6.03678045680454e-007 -3.75435779581552e-008 -2.17633416182412e-008 
-2.21213354391056e+008 -1.39097649713469e+007 9.08925271838090e+005 9.20079662923340e+003 -2.28722790340584e+002 -8.59485769002671e-002 -3.43746194359044e-002 -3.72013735541949e-004 -8.92176207017853e-006 -6.78652619792583e-007 1.09068748565734e-006 
1.00707847772808e+008 -2.46342818036934e+007 -4.11254448680075e+005 1.69943683738362e+004 9.27314700375812e+001 -6.60120836011075e-001 1.89272231424727e-002 -7.46573606263636e-004 -3.61226495253631e-007 2.68689233885126e-006 -1.15819632397443e-007 
5.21384551949152e+007 -1.09233363907638e+007 -2.13182275388148e+005 7.54627837307189e+003 4.87120547074337e+001 -3.00474400251254e-001 9.62605773440680e-003 -3.29829941747025e-004 -1.33532576547348e-006 1.09107733203631e-006 3.00177255517887e-008 
1.61462322235076e+008 1.74439616731589e+007 -2.17465162595709e+004 -4.03923605450099e+002 -9.79375491006391e-002 2.77599827109211e-003 6.97542812006434e-006 2.02570422572183e-008 
-6.97421495361814e+008 4.39073924758209e+006 9.39502982897878e+004 -4.51946110038271e+001 -1.10085663266621e+000 -1.18044840893737e-003 3.80935213258884e-006 -1.26511215136280e-007 
-3.02875300597955e+008 1.45722658702937e+006 4.07994407875110e+004 -9.53765918041540e+000 -4.69476883517266e-001 -5.73594210671752e-004 1.43357395613031e-006 -4.22591044119155e-008 
-1.28538416054755e+009 -5.81368164116593e+006 3.02769367560701e+004 1.56831296041600e+001 -6.99465605807746e-002 1.56101800535030e-005 1.73044451362256e-007 
4.70965497656009e+008 -1.15276092581351e+007 -1.10836182108266e+004 4.78638919602471e+001 6.60455459920465e-003 -7.67037908763269e-005 2.35858774885564e-008 
2.49860512459261e+008 -4.51108628985393e+006 -5.88138160294966e+003 1.90936486252097e+001 5.73677631671026e-003 -3.23477866395050e-005 1.36268671550612e-008 
2.95241058693603e+009 1.70056048611416e+006 -6.89715756717990e+003 -6.49751618560072e-001 1.11962522788940e-003 -7.13308805391470e-008 
-5.02250021598409e+008 8.07657234969304e+006 1.17253600223118e+003 -3.15025394808286e+000 -1.78620936461021e-004 3.02397265856629e-007 
-2.61730751591309e+008 3.51328773646920e+006 6.11088816422745e+002 -1.37057432011479e+000 -9.43729657862877e-005 1.30318911937238e-007 
3.54668621553649e+009 4.56357623118036e+006 -2.48191692494471e+003 -5.51404112659067e-001 1.42708636898087e-004 6.51433194135334e-008 
-2.52114704744116e+009 5.57270138999991e+006 1.76444420979632e+003 -6.36306298417142e-001 -1.04692992059881e-004 1.49003368994653e-008 
-1.12021828420784e+009 2.16732106920547e+006 7.83983376468260e+002 -2.46725933987180e-001 -4.62963842968939e-005 4.93983217875641e-009 
-4.62328367171905e+007 7.65011401577767e+006 2.83593716726297e+001 -7.79832004130601e-001 1.40222121914212e-004 1.92604279409341e-008 
-4.49522395505520e+009 -5.49635433964090e+005 2.73987266049210e+003 -2.89147011136672e-001 -1.88147154767416e-004 9.44915046535493e-008 
-1.38889087208126e+009 -2.47648251479385e+006 8.46493766314188e+002 1.45101608819097e-001 -1.01644359185607e-004 1.30066936933134e-008 
-2.51137399825787e+005 1.23486202674007e+005 1.15511797381138e+004 -9.76161917825230e+002 -3.48123259484290e+001 1.83521713006793e+000 -2.07229964635528e-002 -2.37444696540199e-003 1.65623592207333e-004 1.23546440921325e-005 -3.42641016596465e-007 -2.57675873171606e-008 2.55963806026927e-009 
-2.55192557747717e+005 -9.90130123767123e+004 1.18378169363652e+004 7.34822476895452e+002 -4.26285841571830e+001 -7.51246138478099e-001 5.08315741513980e-002 -2.58939895752463e-003 -1.56109416433692e-004 5.73859009998418e-006 6.08141493541498e-007 -2.48355105717675e-008 -5.47208802795824e-010 
-1.47406197258761e+005 -4.47026431063878e+004 6.86335400369273e+003 3.27871519887511e+002 -2.44370211114979e+001 -2.85805709617523e-001 2.56712537376139e-002 -1.49409015849532e-003 -7.20446998730228e-005 3.72864687635303e-006 2.98544886680304e-007 -1.45369784106456e-008 -1.40215346589080e-010 
4.61609307736612e+004 1.62131234648378e+005 -2.40766811391421e+003 -1.27425411366238e+003 -4.05299175565356e+000 1.43232362112607e+000 3.02283721321546e-002 6.69593905804201e-003 2.91244306100055e-004 -7.44033067338170e-006 -9.83746770592902e-007 -7.60755148502686e-008 -5.44609481727269e-009 
-3.39350891775570e+005 1.85036153592077e+004 1.61983554800565e+004 -3.22472562237837e+001 -5.29751227271908e+001 -6.52787685300744e-001 -3.71911891592287e-002 -1.17074679582100e-003 3.25648280805212e-004 2.13392339820315e-005 6.10872074890679e-007 1.25271589228058e-008 -2.78610512071136e-009 
-1.74336907890146e+005 1.89959592401770e+004 8.32620348528994e+003 -9.21013657009104e+001 -2.79854267118995e+001 -2.51173102724134e-001 -1.74260674198392e-002 -2.23081072039007e-004 1.87102342060483e-004 1.06886081454120e-005 2.59172983835424e-007 2.04122981523698e-009 -1.77114493824827e-009 
3.03783552629758e+005 8.34058977477158e+004 -1.68106224585195e+004 -9.95427516327737e+002 4.97090418530006e+001 4.71232054115552e+000 1.99538554640564e-001 -5.18762315632705e-003 -1.76676487889274e-003 -1.12613987667860e-004 9.07858645700249e-007 7.85169915783606e-007 6.56219155770137e-008 
-1.84967665693863e+005 1.30892523628571e+005 1.01809047037020e+004 -1.01240288365539e+003 -6.80909851862032e+001 4.38019568341069e-002 2.02751819457037e-001 2.10093786743695e-002 5.95665275713738e-004 -7.63343826041280e-005 -9.92904954476414e-006 -4.09328968351686e-007 2.85684042859989e-008 
-7.89200397259212e+004 7.30993898026384e+004 4.32931684282867e+003 -5.87786230148146e+002 -3.25736866634012e+001 3.07505855069517e-001 1.17457003461380e-001 1.06376730127291e-002 2.05963423566237e-004 -4.64502481586932e-005 -5.12101229525842e-006 -1.66921828969319e-007 1.87659457289928e-008 
3.13122947962962e+005 -7.73066918296023e+004 -2.05077813086739e+004 6.22444205904222e+002 1.39511043130059e+002 1.84350299791369e-001 -7.61556971727378e-001 -3.07989896556131e-002 4.45592839883110e-003 4.13218785527290e-004 -2.16539611829339e-005 -4.42051277731401e-006 2.15217258173739e-008 
1.08429561203506e+005 1.47960138314057e+005 -7.10608566744709e+003 -1.65130872630328e+003 1.97035272922282e+001 9.05694087322548e+000 1.96805589665019e-001 -5.11626872816058e-002 -3.42130057400606e-003 2.79636328578641e-004 3.91467459177445e-005 -9.20149599908214e-007 -3.85539010271921e-007 
7.45332230868720e+004 7.25700806621252e+004 -4.91296198030252e+003 -8.24615374897692e+002 1.85976477230098e+001 4.73486697187919e+000 5.73315106512487e-002 -2.84962614333417e-002 -1.51982685011705e-003 1.70195622895903e-004 1.91259722537063e-005 -7.40795219166221e-007 -1.99689218103240e-007 
4.09906850686739e+004 -1.79708519291485e+005 -2.67547730980097e+003 1.95558889450477e+003 -8.49222258303216e+000 -9.87027245588765e+000 3.62432023815259e-001 4.73328865915707e-002 -4.62032593264897e-003 -1.80687073138192e-004 4.59229839668253e-005 -3.95050590359377e-007 -3.88987979090415e-007 
2.97005122751078e+005 2.99330432439338e+004 -1.97012692233025e+004 -1.61804997026771e+002 1.27280202468186e+002 -1.96043835042863e+000 -6.14161007203166e-001 3.69311151127669e-002 2.89861702525803e-003 -4.13571033944437e-004 -6.74610353536144e-006 3.84428347486833e-006 -1.05175062926621e-007 
1.56791700289126e+005 5.01431690368536e+003 -1.04234971268600e+004 3.20055239295369e+001 6.59159675441941e+001 -1.60928605399296e+000 -2.98981231077246e-001 2.20565995848842e-002 1.23846038346950e-003 -2.26279507940998e-004 -8.05161485336376e-007 1.98066914617305e-006 -7.77906886857479e-008 
-2.74449711556847e+005 -1.20437444282315e+005 1.55270724764970e+004 8.80123073975627e+002 -8.99388972185748e+001 6.39356888780463e-001 1.93588511610212e-001 -2.15190584086979e-002 9.56713019396232e-004 5.16140141863191e-005 -1.01067154170749e-005 5.65628436623146e-007 1.20098791270673e-008 
2.13511948001451e+005 -1.07035460988625e+005 -1.22326779019154e+004 1.15021396572652e+003 3.07614989522805e+001 -4.37248091010487e+000 1.87787188673067e-001 7.22444612848251e-004 -1.26806192610260e-003 1.07212533435234e-004 -1.39766695426865e-006 -5.22412885034917e-007 5.61132427148798e-008 
9.47627485721441e+004 -6.27973782729736e+004 -5.44199013294540e+003 6.52610416142874e+002 1.06725756256690e+001 -2.24787435598986e+000 1.09393697773779e-001 -8.84994287697630e-004 -6.04689613179724e-004 5.89388138741957e-005 -1.32506565118754e-006 -2.38993342861258e-007 2.99602879676811e-008 
-3.73717091676023e+005 2.34267580556278e+004 1.82939670527584e+004 -3.43243957225253e+002 -6.09043362347431e+001 1.53235800359602e+000 -1.01069751612700e-002 1.40464653367003e-003 1.39378691228745e-004 -2.62347200377439e-005 1.15101735863829e-006 3.86532054832802e-009 -1.96331961552336e-009 
-5.22852210894930e+004 -1.46541519809418e+005 2.33390815299006e+003 1.14951794109438e+003 -2.16484603073672e+001 -1.51245134673598e+000 4.29955629854545e-002 -3.22390447151797e-003 2.95778204741924e-004 -4.58661223275467e-006 -1.02088733719233e-006 6.89116084219055e-008 -2.97146358936396e-009 
-4.92672271751852e+004 -7.47257000501754e+004 2.31868586759104e+003 5.78334619621906e+002 -1.50247094940611e+001 -6.99995432159496e-001 2.20768270276689e-002 -1.59372758711980e-003 1.62157447192273e-004 -3.94858560533231e-006 -4.63960098819960e-007 3.62159369793659e-008 -1.66419731816417e-009 
-2.03722102756420e+005 1.39054190763565e+005 9.33707290403875e+003 -1.07138156632395e+003 -2.94608552509391e+001 1.70276165457813e+000 1.08009122994493e-002 -8.37764032649930e-004 -5.29055060239413e-005 1.08183638804964e-005 4.13086120317662e-007 -3.75776435931058e-008 -5.19650246464830e-010 
-2.88511607548050e+005 -8.06032940497429e+004 1.31876825893675e+004 6.01990490588297e+002 -4.46577783055087e+001 -8.13152963875751e-001 3.05652610406520e-002 1.12391009591037e-004 -8.91495620557322e-005 -5.92596130269022e-006 6.55141670540494e-007 1.63442656139499e-008 -1.36917278609689e-009 
-1.61686041697185e+005 -3.34206368517810e+004 7.42625193488576e+003 2.47655932093243e+002 -2.51375805448419e+001 -3.18852761444181e-001 1.68212277697203e-002 6.31106127313068e-006 -4.94960264512349e-005 -2.42013226600585e-006 3.66266668866592e-007 6.20761090642221e-009 -7.47153058588542e-010 
-9.04813754573262e+004 -7.68089621519418e+003 4.18500967091229e+000 -9.91359898888124e-002 5.27785815067245e-003 2.84804196896494e-003 -3.34314017165043e-004 -5.62819765095874e-005 1.26768766970309e-005 9.56541891506421e-007 -4.36573803970247e-007 
6.84036082303640e+005 -6.83847875723599e+002 -2.12255460791157e+001 3.86323573785058e-002 -1.81413762785143e-002 1.55763000411952e-003 3.41617370556343e-004 -6.09327224777458e-005 -6.23225636491596e-006 2.08214882092844e-006 6.86476777807957e-008 
2.87170021510950e+005 -1.49169362165052e+002 -9.21357031225863e+000 3.09855409702644e-002 -1.03207242478618e-002 5.41134522455351e-004 2.17201716575098e-004 -2.67145304545107e-005 -4.64357423984112e-006 1.01576209182967e-006 8.19417984801076e-008 
-1.05811454240378e+005 -7.64934205828898e+003 3.97296910889524e+000 4.09052471785005e-002 1.29617611711091e-003 -6.92456903496503e-004 7.72387877689255e-005 -2.82273202559792e-006 -6.20835123686354e-007 1.65985039025047e-007 -1.85366801788860e-008 
6.82498445446101e+005 -8.53911549572439e+002 -2.13263270975600e+001 4.06184083981387e-003 4.38413217280001e-003 -2.60705316770794e-004 -3.46120796166819e-005 8.85840886013332e-006 -1.03295459168987e-006 2.56929027750512e-008 8.42449078996481e-009 
2.86798075760874e+005 -2.22828821919581e+002 -9.24942829707943e+000 -2.56389653106936e-003 2.22272148719879e-003 -6.22405297082767e-005 -2.64872313506482e-005 5.02219050396923e-006 -4.87423852564442e-007 -7.57156685173561e-010 6.42675676102722e-009 
4.22002158708061e-005 8.03649341265346e-007 3.60543818252773e-007 -1.53380024506511e-007 -1.84334906725271e-008 4.12389502093150e-009 7.57041975334380e-011 1.22582547020717e-011 1.75703558576806e-011 -4.46915290273763e-012 
3.69670942941744e-005 -7.05213371089465e-007 2.51215996237880e-007 4.08393730606841e-008 -1.42047038102867e-008 -1.26556039673580e-009 2.30467932525226e-010 3.14654541029636e-011 -6.18865840859273e-012 -3.83925727849266e-012 
4.22512940926988e-005 -1.18801530451221e-006 1.85066137737541e-008 3.10651802902635e-007 3.79514479973556e-008 -1.60754772946892e-008 -4.47384225534505e-009 1.30662422592549e-010 2.60043206362834e-010 2.61980812132552e-011 
3.64033506349947e-005 -4.71184211334626e-007 -3.98694243218075e-007 -3.32050979122257e-008 3.69199511829311e-008 6.52541006419893e-009 -1.21876700669552e-009 -5.16674016475703e-010 3.72617969217106e-012 2.39416843250353e-011 
4.35834437949438e-005 1.71309023443554e-006 -7.36701901679463e-007 -1.97378268044614e-007 8.77423452307017e-008 3.29609696591124e-009 -4.82656686108332e-009 5.85925570806882e-010 1.43198227014080e-010 -4.93560870490417e-011 
3.51832464086439e-005 6.64969398479885e-009 2.68752086476601e-007 -1.22672407540021e-007 -1.63603689969062e-008 9.79632703680022e-009 -3.58965626088634e-010 -4.38445220647509e-010 7.32211799442863e-011 1.25427987339690e-011 
4.37411443479667e-005 -1.56966781680853e-007 6.39645358330311e-007 4.97882186990798e-008 -3.93718839025304e-008 -1.00813302011486e-010 6.30079298086192e-010 -1.19505745509464e-011 4.70755951175041e-012 -1.56659115233362e-012 
3.44800231523994e-005 -9.95543437618634e-007 -6.76538631755724e-008 8.36659173637480e-008 1.72179831388929e-009 -2.64050775185501e-009 1.43928428047563e-010 4.16627877342752e-011 -1.37667133522539e-011 -2.47826566796011e-012 
4.22460309857381e-002 -2.00606873992403e-003 -1.48059410243692e-004 1.01963830182862e-004 2.79802498228153e-006 -1.80342829345376e-006 -2.46743245352512e-008 1.75981291002274e-008 -1.13389999776564e-010 -6.53754356763937e-011 
3.86735087933699e-001 -1.83018977372121e-004 2.14001509515365e-004 8.89563157609090e-006 -5.46813063947415e-006 -1.02835893116942e-007 7.15916840759120e-008 3.99150803051021e-010 -4.45836079239906e-010 2.24451370205831e-011 
3.26224665674748e+003 9.21796873552700e-001 1.32603849198478e-004 -9.62802996906405e-005 -2.59819717896308e-006 1.67786306835172e-006 2.36127686121853e-008 -1.62720493115176e-008 1.09553258330389e-010 6.33015640508627e-011 
3.99864987346996e-002 2.72850712048537e-004 4.61987967380591e-004 -2.70478190483579e-005 -6.28078931049880e-006 1.66131032952276e-006 7.02757459757262e-008 -4.84753676950009e-008 -5.82787628136468e-009 6.25196205643981e-010 
3.87597426829120e-001 8.32876647797464e-004 -2.18340723516542e-005 -2.42523496118273e-005 2.78435729129956e-006 1.80707777967043e-007 -1.15199210538274e-007 -7.85123554387127e-009 2.45095799888069e-009 5.12748962207998e-010 
3.26408853367094e+003 9.19581414312412e-001 -4.44872544397407e-004 2.60393285726721e-005 6.28112088244218e-006 -1.51551521505755e-006 -7.23308112397195e-008 4.32005340524877e-008 5.37478839115795e-009 -5.28881040706573e-010 
4.28767303623890e-002 2.22460537874217e-003 -2.28999398224803e-005 -6.70870544475608e-005 -6.24882834716267e-006 6.91008673505237e-007 2.95756615217493e-007 -2.58097960251920e-008 -5.75254385024057e-009 1.36132104768977e-009 
3.88507063018929e-001 -4.70677841789473e-005 -1.75029367210756e-004 -5.82764574126309e-006 2.75245268041317e-006 5.97448837035251e-007 -4.18696320458465e-008 -1.75502302404558e-008 2.44599408011504e-009 1.78789734426149e-010 
3.26592548599821e+003 9.17763573414938e-001 3.63705567000704e-005 6.34751503708322e-005 5.33132710907947e-006 -6.23131679650541e-007 -2.65501514693090e-007 2.23119650819795e-008 5.29704281904557e-009 -1.21155605069423e-009 
4.47532979143538e-002 -8.11260381765173e-004 -5.31603403975848e-004 4.11567470525306e-005 1.38176301163366e-005 -6.34431306047769e-007 -1.88498009410499e-007 6.70186185348475e-009 1.46528801324968e-009 -1.08541592048926e-011 
3.87512007811152e-001 -7.15898268087426e-004 9.20246347890681e-005 3.61012299644482e-005 -2.06513899271483e-006 -6.46387787141168e-007 2.73461063384175e-008 6.57129476234782e-009 -2.17806211404221e-010 -3.83726001320925e-011 
3.26776350977082e+003 9.20681089937866e-001 4.98631768021582e-004 -3.98227480782331e-005 -1.28381404806993e-005 5.89842937947050e-007 1.74384844147144e-007 -6.00532129583469e-009 -1.37492209178902e-009 8.75546961724144e-012 
