1.69877988091839e+007 1.27308257036496e+007 -2.36931882501117e+005 -3.02774170463778e+004 -4.23683575039439e+002 -1.43762471919327e+001 1.27654879779319e-001 2.33549980818472e-002 1.61333035212084e-003 8.27520758694770e-005 3.13101640190194e-006 9.29900774938811e-008 6.10286327415622e-010 -1.33401095666293e-010 
-5.61266465482044e+007 5.28926246613174e+006 7.22149911237812e+005 -2.48982128695311e+003 -4.58558925544714e+002 -1.94793403099497e+001 -1.02599906887014e+000 -2.85230125024803e-002 -7.93952399368307e-004 5.78691886625294e-006 1.62088523123857e-006 1.26237883625858e-007 6.64668103687869e-009 2.77201620075772e-010 
-3.18075142287030e+007 1.50559393618182e+006 4.10318978788339e+005 1.81021921658661e+003 -2.01005590297773e+002 -8.91386905458695e+000 -5.61288215921806e-001 -1.76592169154869e-002 -5.91356946434146e-004 -5.48772661068995e-006 5.40382647562772e-007 5.77924120015907e-008 3.49198765894168e-009 1.61660770908017e-010 
3.93093976116424e+007 9.24772514347957e+006 -6.48926563456162e+005 -3.88175795159528e+004 -5.82032678985591e+002 6.16376299073890e+000 2.16416031684389e+000 1.52977865635108e-001 7.43248732954261e-003 2.21510467332863e-004 -1.82109520711373e-006 -8.21805311316049e-007 -6.93894774534708e-008 -3.80307743168323e-009 
-3.99795011797995e+007 1.07823937477413e+007 6.30213802660253e+005 -1.45946679236158e+004 -1.17020120188954e+003 -5.55088255487065e+001 -1.95830239457990e+000 -1.90129190074970e-002 3.24754481824437e-003 3.40684703327731e-004 2.06078626266701e-005 8.42213597960065e-007 1.33839473896751e-008 -1.39888582570366e-009 
-2.54961077263492e+007 4.80106784817595e+006 4.03939639811465e+005 -3.77000604903633e+003 -5.64711026946605e+002 -3.02898436731473e+001 -1.27050858010234e+000 -2.60217683066355e-002 9.63853236911567e-004 1.59006133160730e-004 1.11969665372120e-005 5.35100436710426e-007 1.43452518079860e-008 -3.52688512017332e-010 
5.10500642497849e+007 2.07190327438831e+006 -1.15210787858720e+006 -4.23163808931876e+004 5.65828681007018e+002 1.39922511568085e+002 1.00328006214804e+001 3.41303660155275e-001 -9.49979598840513e-003 -2.32365861927503e-003 -1.75826689077997e-004 -6.09239261944714e-006 2.43031888950747e-007 5.30174537562062e-008 
-1.42179710820438e+007 1.47049751851486e+007 2.98300527548946e+005 -4.45079454201693e+004 -2.65851806717846e+003 -7.84891130378414e+001 2.30290286036917e+000 4.94595606220680e-001 3.49793216847388e-002 1.12328678386150e-003 -4.96940070643120e-005 -9.88887769050288e-006 -7.20272332682075e-007 -2.26971914061249e-008 
-1.29516614127684e+007 7.64059953254057e+006 2.78831113610738e+005 -1.93856345167091e+004 -1.47876088536984e+003 -5.64377848912230e+001 1.89575834769278e-001 2.28795890332045e-001 1.96698618318814e-002 8.41012325777857e-004 -8.30891255692466e-006 -4.65038552525548e-006 -4.09947453943336e-007 -1.76226317850468e-008 
4.46767922162347e+007 -8.71594843117507e+006 -1.46665528012950e+006 3.34350872456552e+003 5.85646882848408e+003 3.34885750143692e+002 -6.26244667747928e+000 -2.33810319477199e+000 -1.35883975652461e-001 4.62081648101501e-003 1.26997489040201e-003 6.84013430220015e-005 -3.59075721643164e-006 -7.91364392712569e-007 
1.53303978071028e+007 1.41652975816812e+007 -5.14425670342298e+005 -8.95144398534959e+004 -1.89223965492433e+003 2.61080041764135e+002 2.74660800093002e+001 5.14531786899327e-001 -1.28025714571634e-001 -1.30663160267544e-002 -1.60252225093043e-004 7.79106092975199e-005 7.37433818463729e-006 3.21109408003539e-008 
3.49424977876992e+006 8.47118183568396e+006 -1.22672898748093e+005 -4.81619239413955e+004 -1.61815918737206e+003 1.04726426800979e+002 1.53208195990462e+001 5.17337343749505e-001 -5.42932866107100e-002 -7.45876341179961e-003 -2.17314873478848e-004 3.45226401660848e-005 4.31149785149534e-006 9.92280959728205e-008 
2.69024400663220e+007 2.30648989215514e+007 -3.47692916649818e+005 -4.72552121055068e+004 3.73728499044210e+002 2.71883893391793e+001 -1.71504874378380e-001 -5.37873894640077e-003 4.85558763845110e-005 -6.09299232757403e-007 
-9.42063464342463e+007 6.17564523190625e+006 1.16431537358581e+006 -1.30918858224559e+004 -1.16602894413669e+003 8.55204566593857e+000 4.05751826983304e-001 -2.87512626436477e-003 -2.06970496379100e-005 4.20781248792004e-007 
-4.41195527563050e+007 1.31893687815710e+006 5.45810686087178e+005 -2.89893166845545e+003 -5.48220392590232e+002 2.12641283191791e+000 1.93390392627072e-001 -9.55173543387308e-004 -1.33560251647604e-005 3.04102362511219e-007 
6.85529320296343e+007 1.81563904604985e+007 -8.61790607297972e+005 -3.71974135089492e+004 8.64939923725836e+002 2.14159926983676e+001 -3.04384052522221e-001 -4.25454886662453e-003 2.17630854317548e-005 -7.71726565461293e-007 
-7.32512538273051e+007 1.45608934971676e+007 9.02554419828034e+005 -2.98795347944972e+004 -9.04483267808252e+002 1.72557647162263e+001 3.16788757752008e-001 -3.49918878138525e-003 -2.44796486995886e-005 -5.19705503569988e-007 
-3.73274780354363e+007 5.40197995139278e+006 4.60587956821474e+005 -1.10879086978010e+004 -4.61661066646279e+002 6.40592760400556e+000 1.61734934286379e-001 -1.29334129193168e-003 -1.12059644811428e-005 -2.39436847032336e-007 
7.82146759249648e+007 1.71563658351810e+007 -3.59716707313959e+005 -1.30590029813736e+004 1.22026647787537e+002 2.64356162763048e+000 -8.78222850280512e-003 -2.42235282875518e-004 2.44345700193655e-005 4.94374176041452e-006 2.53412408911389e-007 -1.14650422163697e-007 -4.30354912768018e-008 
-1.18365968889583e+008 9.81160419782437e+006 5.35303055934315e+005 -7.20929990797640e+003 -1.95967416151628e+002 1.22092935383876e+000 2.15183173257190e-002 2.95965651918789e-004 1.25981300399099e-005 -5.64511861457788e-006 -7.37658932885729e-007 -8.43230081848120e-008 3.78231168970369e-008 
-5.12827511450463e+007 4.25380451198160e+006 2.32082326771229e+005 -3.12572727410823e+003 -8.49691248377154e+001 5.29275906104326e-001 9.46156079901652e-003 1.31029526463525e-004 4.78056055075323e-008 -2.66768858368351e-006 -2.30781237625105e-007 -1.50691705583505e-008 1.87396929901744e-008 
1.09179460869117e+008 1.36889318265004e+007 -5.03004162870947e+005 -1.06955811050264e+004 1.72670459561978e+002 2.40680026545142e+000 -1.38317585030286e-002 -2.90868655892875e-004 1.03414106132562e-004 1.26902968281646e-006 -6.03931630210591e-006 1.34607687879280e-007 3.46906971266196e-007 
-9.47705717876977e+007 1.36967255507186e+007 4.30879497545742e+005 -1.01200761350049e+004 -1.66162748364931e+002 1.75577087669768e+000 2.33039999224967e-002 4.33866648905891e-004 -3.68334299440944e-005 -2.09926251853950e-005 3.00567890267207e-006 1.07747578206937e-006 -2.01186831027205e-007 
-4.10529925069582e+007 5.93820427637076e+006 1.86807349118751e+005 -4.38776105802152e+003 -7.20380222768633e+001 7.62733388632055e-001 1.02401143389410e-002 1.43728633847376e-004 -2.29585876597082e-005 -6.46975192672548e-006 1.58731592164766e-006 3.06853333564086e-007 -9.86656057027313e-008 
-1.75109151412299e+007 3.45724154043958e+007 9.75923007640198e+004 -3.41231386921886e+004 -3.98617911449890e+002 9.59518917710201e+000 3.99181130227235e-001 3.54737261800955e-003 -1.70456432464117e-004 -7.32898502854563e-006 -3.53382899140396e-008 
-1.97776474681497e+008 6.69568890267284e+005 1.19593985676809e+006 7.31796110802410e+003 -6.11098088620247e+002 -1.26442134590976e+001 4.47493326382898e-002 8.65003924640577e-003 1.71499700404788e-004 -2.38165322500362e-006 -2.66426543107107e-008 
-9.02308070827971e+007 -6.27109951965090e+005 5.45900441538890e+005 4.27911952289943e+003 -2.69511960989336e+002 -6.05908795092626e+000 9.72315950443018e-003 3.87555395631245e-003 8.28324725199816e-005 -8.78871028155310e-007 -5.41678749334622e-009 
6.83714790168981e+008 -7.10055670484686e+006 -1.06799945514170e+005 1.92337116431009e+002 1.57174471831098e+000 -2.40612959894400e-003 -1.41246233118548e-005 6.91316280249205e-008 
2.64699823419815e+008 1.60659667130822e+007 -4.12911709583437e+004 -4.15089272079710e+002 6.58754482313547e-001 4.56436454568322e-003 -7.02416880902379e-006 -1.73267273955216e-007 
9.68075032244379e+007 7.05949603043946e+006 -1.50984304864556e+004 -1.82618173882884e+002 2.44086302690457e-001 2.01605081302134e-003 -2.68753222880654e-006 -9.48747377552465e-008 
1.05069792316662e+009 -9.32598626496607e+006 -2.54951750347651e+004 3.22389232155021e+001 6.54835828956356e-002 -2.03330076399079e-005 8.38911860991996e-008 
8.38972391053752e+008 9.25086413301606e+006 -2.03884112253211e+004 -4.17527157986660e+001 3.33694142681319e-002 9.71667508296542e-005 2.00476265356756e-007 
3.01309606627755e+008 4.22185522603378e+006 -7.32160844659605e+003 -1.86134615946064e+001 1.09708632265072e-002 4.01217410649764e-005 6.90845019743997e-008 
2.09575091118897e+009 6.61774342465089e+006 -5.03696574652081e+003 -2.43161810593564e+000 1.03273442270490e-003 1.64232786912070e-007 
-1.92649062440109e+009 5.70301552201691e+006 4.62975266502509e+003 -2.49416918392347e+000 -6.33304149984067e-004 2.31774880143419e-007 
-8.73395943375774e+008 2.40416445359868e+006 2.09899687513837e+003 -1.05791792988677e+000 -2.92038898979511e-004 9.82052998905660e-008 
2.45469856620332e+009 6.25225465575331e+006 -1.70275126867629e+003 -7.35667902941487e-001 8.60698036584074e-005 3.60492633719653e-008 
-3.47564263311628e+009 3.88584291393755e+006 2.41144760673860e+003 -4.33053971371672e-001 -1.36270924532353e-004 8.42046556836971e-009 
-1.48371241116328e+009 1.43484409174019e+006 1.02939439987189e+003 -1.58910070084297e-001 -5.80326783366700e-005 2.71409464218268e-009 
-1.54742898522974e+009 7.22270054674013e+006 1.06700062558735e+003 -9.11019228576644e-001 9.48287410370863e-007 1.02404509858179e-007 
-4.15956944046126e+009 -2.82459312738831e+006 2.86848847411363e+003 1.06616598226118e-001 -2.99894453607918e-004 3.04959418265355e-008 
-8.31838832269932e+008 -3.05762719586008e+006 5.73612432340909e+002 3.07666341941010e-001 -9.27915440415505e-005 -2.10496652554874e-008 
-3.67887420089903e+005 2.07102498117828e+004 1.88219792157899e+004 -3.89396347340821e+002 -6.24975790796883e+001 2.77952836992713e+000 -9.75258746618816e-002 -5.28726012867759e-003 1.05090751394916e-003 -4.98858667588272e-005 -5.13665260105624e-007 3.17282568349337e-007 -2.61629500659036e-008 
-7.30444606758344e+004 -1.55847930663119e+005 3.72078799430995e+003 1.24509468804124e+003 -3.65323484688011e+001 -1.11139486708903e+000 1.49481207195640e-001 -1.35161549053735e-002 2.03433213122260e-004 4.58703334417150e-005 -4.65501553505988e-006 1.92728818391952e-007 9.81253769310077e-009 
-8.16488065660194e+001 -5.77080215393999e+004 9.70818820702465e-001 4.76374666561347e+002 -8.72078048442106e+000 -5.95966538866301e-001 6.07874316755864e-002 -4.50125980033697e-003 -1.12465521647182e-006 2.00739392444669e-005 -1.64240458643408e-006 4.70222481769637e-008 5.39396638536523e-009 
-2.00450534688780e+005 1.38953090777870e+005 9.55595821894768e+003 -1.07328592982882e+003 -2.90060726533986e+001 1.01519822870351e+000 2.19945922421344e-003 6.87288116911301e-003 -2.39579202098297e-005 -1.33394069812250e-005 2.96951264703918e-008 -4.65345608531945e-008 3.15628535985492e-009 
-3.15325264676120e+005 -7.72230856693357e+004 1.47567023471149e+004 5.72599987318193e+002 -4.65551502453348e+001 -6.63194506911861e-001 -4.82206760231111e-002 -2.44951185347415e-004 3.84643027164312e-004 -3.65419487978168e-006 9.64437073271929e-008 -2.53999695443622e-008 -3.11630359450158e-009 
-9.94536590185538e+004 -3.77913708227464e+004 4.63804071213622e+003 2.82947197440962e+002 -1.46844588050349e+001 -3.10762350118865e-001 -1.76463006047603e-002 -5.79029642897182e-004 1.40358279361227e-004 -3.65903717260157e-007 3.33247709522267e-008 -5.85123346818069e-009 -1.34894223869626e-009 
1.08760441665466e+005 1.57852918913460e+005 -5.26674664813592e+003 -1.31421437330396e+003 4.96322707334571e+000 2.81471428990545e+000 1.05902047961943e-001 -2.13170678541640e-003 -4.86992133771602e-004 -6.15546922612358e-007 1.53139651903397e-006 4.89412905006329e-008 -5.31757401370534e-009 
-3.39769693002347e+005 5.43194941152104e+004 1.65670442658518e+004 -3.20498068306944e+002 -6.54326759769806e+001 -6.86474654845943e-001 8.40788561376326e-002 7.50773135914421e-003 -5.19298908455152e-005 -2.55442769077141e-005 -2.81567403025187e-007 8.67880425576966e-008 4.65793797085884e-009 
-1.30400120272812e+005 8.28731469722398e+003 6.35045493847583e+003 -2.13792411066565e+001 -2.39243943651235e+001 -4.50124819695372e-001 2.26576703234290e-002 2.86102848562607e-003 1.62433027766511e-005 -9.16083763932779e-006 -2.11429730187979e-007 2.77664603941845e-008 2.06088081901942e-009 
3.36599611492776e+005 5.89450487164824e+004 -1.83794722921018e+004 -6.94350171244284e+002 7.42017015184773e+001 3.27321228657088e+000 -9.67067430254627e-002 -8.16120256027955e-003 1.94684891002070e-004 8.52763215033880e-006 -2.18299620250845e-006 -4.23927460694571e-008 1.26596737483702e-008 
-1.23388152346685e+005 1.53648768752644e+005 6.50667165271144e+003 -1.30948164784023e+003 -4.61316258841190e+001 2.94928708020178e+000 1.65660920159535e-001 -3.01315729529754e-003 -2.73347326815452e-004 2.07562609983324e-005 3.00283141027001e-007 -1.71061366132930e-007 -4.25516345095394e-009 
-6.86808671629953e+004 5.11909306542460e+004 3.66421131202670e+003 -4.22224459882145e+002 -2.19568164444227e+001 8.27060552761446e-001 6.66723065477368e-002 -4.97218019406255e-004 -1.12451275678187e-004 6.86835728658862e-006 2.64698119950783e-007 -5.86287431619650e-008 -2.44297071579258e-009 
2.97872332401753e+005 -9.74189399260816e+004 -1.80211425734295e+004 8.23848849862039e+002 1.00911066722446e+002 -1.28800796823541e+000 -2.78710199855827e-001 -6.70791128388576e-003 5.11157019018789e-005 4.01515681711717e-005 4.92038971626902e-006 2.99165711825142e-008 -2.77948348336563e-008 
1.81069419030613e+005 1.35996287302758e+005 -1.10950938175242e+004 -1.39931078564629e+003 4.27733115368858e+001 5.35576284506784e+000 1.10499548570248e-002 -9.72926977993662e-003 -5.93151289213843e-004 -3.53985387627248e-005 1.56797849104781e-006 3.96952469290058e-007 1.15639149137713e-008 
4.39124370781639e+004 5.60437626713645e+004 -2.70758743129779e+003 -5.63733789142199e+002 8.16237893108548e+000 2.02339838911341e+000 2.40897036521556e-002 -3.02434465910394e-003 -2.17757557602079e-004 -1.56591217653694e-005 2.12020840938341e-007 1.41015622991392e-007 6.16905273741740e-009 
6.63746943579296e+003 -1.79125215940983e+005 -5.82432465111632e+002 1.83580232801498e+003 3.27738981103500e+000 -7.81861319542807e+000 -8.09445091563120e-002 3.05549674032038e-002 1.28478164251369e-003 -1.30292460741259e-004 -1.29439640401170e-005 4.76820771314545e-007 1.04470062054405e-007 
3.24379296645807e+005 -6.99930850365614e+002 -2.05567259480501e+004 2.09832760688844e+001 1.18616932462470e+002 2.59044992909807e-001 -4.56092231694388e-001 -9.65293975492194e-003 1.90876746956608e-003 1.23366345348555e-004 -8.06930118316220e-006 -1.10835147801337e-006 2.29086678294611e-008 
1.16510786258563e+005 1.26090367486433e+004 -7.37281808456038e+003 -1.24425423321418e+002 4.25371447907381e+001 6.56451082761750e-001 -1.58625753186266e-001 -5.68154838484715e-003 5.95940963998693e-004 5.38704028287207e-005 -1.97936627512794e-006 -4.34050399365255e-007 7.49232755221915e-010 
-2.93216218828819e+005 -1.05817998282015e+005 1.70938357094348e+004 8.31744995852699e+002 -1.03920024612276e+002 -6.29225603651140e-001 4.41319433882731e-001 -1.42859365205063e-002 -1.95158399615151e-003 1.43581470164139e-004 7.77794217976946e-006 -1.17677972468737e-006 -1.48772304571809e-008 
1.79993092571061e+005 -1.35224567450996e+005 -1.05784204436800e+004 1.41655284590736e+003 3.28425054155829e+001 -6.43835784662022e+000 9.64282756187261e-002 2.73059343637506e-002 -1.46810748344718e-003 -1.16631223072309e-004 1.25886427525866e-005 3.65027288279643e-007 -9.68533686262223e-008 
8.59546338814962e+004 -4.11855150934239e+004 -5.04499800686171e+003 4.51139602671516e+002 1.93303406642878e+001 -2.27592846873400e+000 3.00703773598374e-003 1.08733088469049e-002 -3.89073745843094e-004 -5.23897291481234e-005 3.98072846024472e-006 2.16282940381420e-007 -3.38615148304051e-008 
-3.55308607070070e+005 4.44098307411593e+004 1.80127257098084e+004 -5.54272659156791e+002 -5.82875993397374e+001 2.95278729739766e+000 -8.88522684962195e-002 -7.21850318465895e-003 1.01293375845546e-003 -2.86433914424361e-005 -2.24843250617842e-006 3.30731108199016e-007 -1.28085805845300e-008 
-1.20371961529353e+005 -1.51062682893983e+005 6.16896404701971e+003 1.18467842451022e+003 -4.30156775504614e+001 -1.02047643559306e+000 1.59766380555830e-001 -1.23724632381651e-002 -3.44094061555084e-005 5.45849328469364e-005 -3.68804080195987e-006 1.73491730423347e-008 1.95592079071863e-008 
-1.79589072541959e+004 -5.76980522465553e+004 9.31297833896228e+002 4.67458563999690e+002 -1.13046492075896e+001 -5.80850312254536e-001 6.39399746932389e-002 -3.94391621837449e-003 -8.52392791730581e-005 2.17456004841147e-005 -1.16826313605262e-006 -1.75160092804093e-008 7.97518221888623e-009 
-1.17587203261518e+006 4.18983974679739e+003 2.97539658562002e+001 1.78957455978039e-001 5.24667181541495e-005 -2.94675325724678e-005 -8.03835611776273e-006 -1.45418606938251e-006 -1.66747506006597e-007 -1.41672543242514e-008 -6.94139656174162e-010 
-2.19525924213938e+005 -9.30887061835691e+003 5.89783380779780e+000 1.15115377962782e-001 5.41819131831673e-003 1.62781560506681e-004 1.49000247074938e-005 7.58841113727761e-007 -2.63175304935084e-009 -8.04862584474637e-009 -1.40831933798776e-009 
-5.96420197052712e+004 -4.09631939103342e+003 1.59840141829532e+000 3.96749772799567e-002 2.50914536542973e-003 8.86267187874657e-005 8.90222367010102e-006 5.56307585350209e-007 1.58923658484067e-008 -2.97634337151729e-009 -6.81210139953122e-010 
-1.16724766293057e+006 4.43623059879493e+003 3.17774142793125e+001 1.34977396057339e-001 -1.02192871068399e-002 -1.48575518624131e-003 -9.88403332519574e-005 1.01113641743076e-005 3.62758780556529e-006 3.96669227235271e-007 -9.50759647743676e-009 
-2.38090821988141e+005 -9.25431097397541e+003 7.96874594472905e+000 2.44388329183320e-001 1.02923140278170e-002 -2.06615878907850e-004 -1.48992092557829e-004 -2.09729105947273e-005 -5.78023567139924e-007 3.42208079324150e-007 7.04302713328778e-008 
-6.78197354410654e+004 -4.08071929713906e+003 2.41879439822207e+000 1.07137033066835e-001 6.17660761313848e-003 4.49482415218329e-005 -6.92280536808969e-005 -1.22515392448781e-005 -6.85022422863141e-007 1.41496959279824e-007 3.86095396251519e-008 
-5.62900588488687e-005 -5.63380109883442e-007 4.20229918230927e-007 7.41711282652741e-008 -2.98510954939334e-008 -2.24165765859929e-010 3.89647128359382e-010 -5.86650853891645e-011 -4.24666940982391e-012 -1.92131090875639e-013 
-3.22795440265819e-005 2.59367344138595e-008 -1.10943336628716e-007 5.98074104039333e-008 3.94843031353904e-009 -1.52117492581859e-009 9.11889797640360e-011 -5.06601461111135e-011 2.33845846029507e-012 3.56625238207008e-012 
-5.57756428047014e-005 1.62845809457507e-007 -5.48129627365464e-007 -6.66409303570982e-008 3.69951617566777e-008 5.26433423460056e-009 -6.96456987047853e-010 -1.58573412438227e-010 -2.58657438467851e-012 -3.23520912851285e-013 
-3.15207137603875e-005 9.22189218200689e-007 7.98146989953338e-008 -7.20207829920791e-008 -9.23143788113806e-009 2.42814100575386e-009 4.56434172816717e-010 -1.22143896235779e-011 -1.20293700073561e-011 -9.26834545551989e-013 
-5.64117164287926e-005 4.63351947906715e-007 6.65557027371886e-007 -9.47317417865041e-008 -7.12007600652117e-008 3.28086703867552e-009 3.23254709706318e-009 6.41693010523580e-011 -8.31419922239332e-011 -1.00013710452704e-011 
-3.05586912638683e-005 3.89812341966076e-008 1.06609623559961e-007 1.04554177103013e-007 -8.12604396295270e-009 -6.74029335202672e-009 1.24838191064041e-010 2.38779903462471e-010 8.51498820195400e-012 -5.56946279936366e-012 
-5.63702558393872e-005 -1.44976016378343e-006 -3.37600208840893e-007 2.01239353296902e-007 5.48011059371824e-009 -1.06452743028272e-008 1.26904438319907e-009 2.20412228171772e-010 -9.08823188200916e-011 3.41228341033817e-012 
-2.93985962017711e-005 7.28876024186738e-007 -2.44807689287349e-007 -2.72171823039908e-008 2.21753533137998e-008 -8.23014961045609e-010 -8.60602459461326e-010 1.47373689056529e-010 1.94577768449258e-011 -6.88033429357071e-012 
-4.73924567902337e-002 -2.14775494722872e-004 1.76577563161698e-004 -7.32869222019514e-006 -6.60520519424857e-006 4.69052045326559e-007 9.96615077344548e-008 -8.36504437373692e-009 1.39692074045769e-010 -2.85029175681373e-011 
4.28042414227244e-001 1.75237935731025e-004 -1.65602068671255e-006 -1.59374019888257e-005 8.99978646122139e-007 3.89085756325419e-007 -3.01741341990985e-008 -2.76079320966890e-009 2.31457732326816e-010 -4.56187635573155e-011 
2.52642175451404e+003 9.20091874128204e-001 -1.52308015658787e-004 5.10311275015938e-006 5.95376846885444e-006 -4.17425900621433e-007 -9.20876664448878e-008 7.88247536530151e-009 -1.26356476428016e-010 2.14196247375920e-011 
-4.72160212346028e-002 1.75698533487326e-004 -5.51533832034599e-005 2.08185994080721e-006 4.57842298730304e-006 -5.04279926231308e-007 -1.52163874454143e-007 6.51192089084835e-009 2.87495240704607e-009 5.03476808068168e-011 
4.28123411143205e-001 -1.06665641002805e-004 -2.07944279204842e-005 7.45846505663561e-006 -9.06557418128316e-007 -3.77513205376435e-007 2.93590650947385e-008 9.20096043704448e-009 -9.22290369057415e-011 -1.42719919108392e-010 
2.52826139128205e+003 9.19724969025693e-001 3.97113236170459e-005 -2.95553153956827e-006 -4.01280604652366e-006 4.73239838862646e-007 1.37955414244282e-007 -6.07156154866293e-009 -2.61065775296186e-009 -4.39378965261307e-011 
-4.71530292352191e-002 -1.30598482499398e-004 -9.24925047394913e-005 -2.65820732706232e-005 3.31696115158579e-007 1.56623106593621e-006 7.50785235899588e-008 -4.20627267428581e-008 -3.61661313316844e-009 6.13468291435208e-010 
4.27777817021287e-001 -2.53603404448945e-004 -2.74824506023602e-005 4.66814549641988e-006 3.09192677817289e-006 9.23536511892254e-008 -1.15132002204908e-007 -7.50560790858919e-009 2.30047427520432e-009 2.83052321598830e-010 
2.53010101779383e+003 9.19923533985930e-001 8.05088007340345e-005 2.63335220883603e-005 -1.85473462667160e-007 -1.45269193282528e-006 -7.14080915179144e-008 3.83029288491300e-008 3.35957771264639e-009 -5.48121512605251e-010 
-4.81749620046695e-002 -7.26651433472093e-004 8.94031336962824e-005 3.82702584048642e-005 -4.82290026927396e-006 -1.06076789795998e-006 1.79115344152779e-007 8.74725103804458e-009 -4.52030888725955e-009 3.75402491396675e-010 
4.27466423590241e-001 3.96904249706841e-005 7.21326626782862e-005 -8.88444959861869e-006 -2.95313468354848e-006 3.98628155697913e-007 5.25744828982498e-008 -1.24677994753793e-008 2.28707502498989e-010 2.47619805561505e-010 
2.53194159895047e+003 9.20522004892048e-001 -6.87343838710244e-005 -3.52646576551577e-005 4.16110175000800e-006 9.86163795794721e-007 -1.62150459548573e-007 -8.53854377258659e-009 4.16105448652234e-009 -3.32279672599494e-010 
