-1.79503725750055e+007 1.27807526410673e+007 2.15330927258610e+005 -2.52788542821097e+004 -3.64664569729526e+001 -1.21005364114588e+001 -1.47563568875745e-001 3.32616953457962e-003 -2.31617522875890e-004 2.07817677608428e-005 -2.29335896579104e-007 3.24865922895551e-008 -2.94468618101456e-011 2.48485565200973e-011 
-6.04603892519047e+007 -2.72431786033073e+006 6.99817897606280e+005 4.50678530002063e+003 -2.72985803464530e+002 3.58579701610083e+000 -5.48175807528791e-001 1.78658950000846e-003 -5.47138017091238e-004 -2.21248679786439e-006 -1.68205648846392e-007 -8.59816924189351e-009 6.17702677912813e-010 -1.47663561155859e-011 
-3.03091857016263e+007 -2.77934284362534e+006 3.51548198046393e+005 5.02670924241986e+003 -1.42057359685006e+002 3.16932139227739e+000 -2.77559836726619e-001 6.09803477203352e-004 -2.68296877916020e-004 -3.33517208821383e-006 -6.60953440184787e-008 -7.95927941228515e-009 3.33050759405183e-010 -1.04553813116473e-011 
8.35334714332740e+006 1.32605796284208e+007 -1.00056390307963e+005 -2.79654350402810e+004 -3.07744480739095e+002 -1.46622220538379e+001 -4.13737362861796e-002 9.09726276277594e-003 7.30739104701724e-004 4.51188252387132e-005 1.70850151333989e-006 6.84546821308342e-008 1.48889222970097e-009 1.21798511356477e-011 
-6.01910067026689e+007 3.01704009338693e+006 7.27701458777039e+005 -2.21506240689118e+001 -3.39518829249724e+002 -1.10777639738121e+001 -7.66329172070741e-001 -1.85268350293979e-002 -7.59387100078586e-004 -7.17820292509608e-006 2.57091581766466e-007 4.28755006276471e-008 2.65898068507928e-009 1.25122664794580e-010 
-3.28900792319453e+007 2.38103213839803e+005 3.99120725388780e+005 2.88559243745518e+003 -1.49494549679543e+002 -4.39889885159116e+000 -4.05105298152835e-001 -1.08400444044421e-002 -4.81391273618505e-004 -8.50917031936805e-006 -3.96512780598964e-008 1.58132362306104e-008 1.26620289929524e-009 6.55764565788930e-011 
3.29377956645502e+007 1.10121516734117e+007 -4.74632089705871e+005 -3.51299566537501e+004 -5.68010802991392e+002 -7.81675186973693e+000 9.18471400324951e-001 7.85746751916528e-002 4.44533730455976e-003 1.83564798164694e-004 4.56500971377255e-006 -6.94156003421167e-008 -1.81516153358328e-008 -1.40371976747004e-009 
-4.84171897413065e+007 8.72082702513669e+006 6.83689469152793e+005 -8.45322577499890e+003 -8.01494903623473e+002 -3.84572589908254e+001 -1.61199050103468e+000 -3.76950203610552e-002 2.17792286510382e-004 1.15300804664158e-004 8.97383995714017e-006 4.85005545567677e-007 1.86757042139973e-008 3.52703741558651e-010 
-2.91469216561652e+007 3.51814529332975e+006 4.14417265643101e+005 -8.76195138025697e+002 -3.69327946076024e+002 -1.97349238956644e+001 -9.56322632844247e-001 -2.82782297165186e-002 -3.44204435262409e-004 4.25775713042736e-005 4.32097571182062e-006 2.66288511816427e-007 1.18578989557085e-008 3.33907185831175e-010 
4.97212515492180e+007 5.37544508387716e+006 -9.49072043173805e+005 -4.31476150750902e+004 -2.14020275235380e+002 6.34117427398677e+001 6.17577597036001e+000 3.23698107607505e-001 8.06762694018924e-003 -4.21854642748695e-004 -6.92880154710400e-005 -4.91668159111711e-006 -1.95232403068022e-007 1.03476785214564e-009 
-2.60291589246317e+007 1.34930185759671e+007 4.72345352875499e+005 -2.97934173200217e+004 -2.00944957164767e+003 -8.13842519399161e+001 -1.13405795864046e+000 1.61479604229626e-001 1.79990661988404e-002 1.06920639657009e-003 3.22210126395535e-005 -1.07883410750090e-006 -2.31509129337584e-007 -1.79989510292853e-008 
-1.89251790733667e+007 6.65155726467812e+006 3.50667613840666e+005 -1.14459484177775e+004 -1.05132128246470e+003 -5.00471975666615e+001 -1.24568731802578e+000 5.27287132497975e-002 8.77962649284258e-003 6.14902247609025e-004 2.43921212546190e-005 -6.69400866973788e-008 -1.03451809426071e-007 -9.72265003700135e-009 
-8.59395431319282e+007 1.39939518561723e+007 1.09086966088705e+006 -3.01312652393515e+004 -1.11043634733285e+003 2.10493616028461e+001 4.12078881094468e-001 -8.79847709659034e-003 -3.97197073690004e-005 3.15134575832079e-006 
-6.02615341457493e+007 -1.75192498224698e+007 7.48909135297311e+005 3.61681927954034e+004 -8.26212583512849e+002 -2.13877996166950e+001 4.17067126099507e-001 4.72991865438560e-003 -1.54541188470075e-004 5.32062735712695e-007 
-2.16501137620525e+007 -8.76877386988500e+006 2.68006894260353e+005 1.81820847113632e+004 -3.01557020649100e+002 -1.09562744333024e+001 1.61616571648984e-001 2.68502796364975e-003 -6.70275939185797e-005 3.99272346539829e-008 
-5.05598408852834e+007 2.10076339126481e+007 6.38093437176110e+005 -4.40780985668929e+004 -6.10839233706149e+002 2.79339169186387e+001 1.62888895552214e-001 -8.55743748863934e-003 4.41538430573967e-005 1.39898080524643e-006 
-8.81120946304129e+007 -1.00454254858657e+007 1.09135635831871e+006 2.01059222909505e+004 -1.14591332646095e+003 -1.03180071358804e+001 4.85486082794707e-001 4.03249967653324e-004 -1.08815097702900e-004 1.71620479958786e-006 
-3.64206349043017e+007 -5.84917703887942e+006 4.50753470464162e+005 1.18361952856884e+004 -4.77029455407409e+002 -6.41027942211375e+000 2.08168837320511e-001 7.22814299866434e-004 -5.17599406495924e-005 6.83784380229105e-007 
9.65610069149429e+007 1.55162428293967e+007 -4.37300310732616e+005 -1.19420216505349e+004 1.48847909201919e+002 2.53264075897645e+000 -8.89264981688953e-003 -5.91888746611866e-005 -3.80961728288771e-005 -4.02841028920234e-006 -2.72052030393698e-007 -3.75202045892402e-008 4.34584649804505e-008 
-1.07940729569681e+008 1.19345164090261e+007 4.85821152442982e+005 -8.77506108366911e+003 -1.82012473519280e+002 1.50577267432807e+000 2.23044304403819e-002 -1.95826403472797e-004 2.29491743256983e-006 4.77274843910314e-006 2.56838963067682e-007 1.72006115509194e-007 1.07159874467876e-008 
-4.67937753791971e+007 5.17265362455716e+006 2.10583002093852e+005 -3.80348923448253e+003 -7.88940152500272e+001 6.52350213053086e-001 9.59124969391544e-003 -6.36360828343766e-005 5.20305315219402e-006 1.62896292177519e-006 4.00166528353991e-008 6.22048047237395e-008 9.17852014151992e-011 
1.23672354528533e+008 1.14888713308976e+007 -5.64688424979891e+005 -9.16952997743777e+003 1.96729018660431e+002 2.23442571931961e+000 -1.40463497618771e-002 -4.29483269468625e-004 -8.33577936590822e-005 1.63100940140278e-005 1.50143227913142e-006 -1.01163265985102e-006 1.39255106906024e-007 
-8.05518994960503e+007 1.53528515410205e+007 3.64134788457148e+005 -1.14171926525738e+004 -1.46459499334352e+002 2.06153279403330e+000 2.28764986028004e-002 -1.71513136493836e-004 7.17336729171181e-005 2.61627727220925e-006 -3.85229332354780e-006 5.65394974463205e-007 9.30169481401247e-008 
-3.49227794156250e+007 6.65436406307523e+006 1.57838629412150e+005 -4.94874297189891e+003 -6.34844607608179e+001 8.93161535545794e-001 9.96471181783751e-003 -3.86290781220189e-005 2.51291755443543e-005 -3.56484265201022e-007 -1.19659820386155e-006 2.40433528221300e-007 1.67405326628897e-008 
2.06282158983068e+008 3.13966535849623e+006 -1.46151642285061e+006 1.92864206916691e+002 1.08983393989155e+003 -6.33035050820404e+000 -6.74807723349553e-001 1.00067522957247e-002 4.53636415535985e-004 -1.20488542264398e-005 -3.82075833286273e-007 
-9.29237314481469e+006 3.29278679549632e+007 5.94265389823329e+004 -3.89521764769338e+004 1.10460433296196e+002 2.43089937025076e+001 -2.48731961269356e-001 -1.56930474145856e-002 3.24801875641099e-004 9.96730453125951e-006 -4.66976955982687e-007 
-9.79212688751796e+006 1.50186320428563e+007 6.66368335808457e+004 -1.78718655032831e+004 2.12998057524706e+001 1.13206726292756e+001 -9.58989098857734e-002 -7.46662871987072e-003 1.36740129261286e-004 4.82928132310551e-006 -2.24301801476453e-007 
-1.49136787515699e+008 -1.79316964502934e+007 2.03980708028330e+004 3.97132499916890e+002 -5.70432433856585e-001 -2.23929604945065e-003 8.81218125671684e-006 -2.45734831659658e-008 
6.95899536610070e+008 -2.59021834255019e+006 -9.51790939122849e+004 1.12219620670328e+002 1.01372205535687e+000 -2.18808567322720e-003 -2.47893110132087e-006 -1.52164416174775e-008 
3.01906622278161e+008 -6.73838848664414e+005 -4.12923840504139e+004 3.84352116029986e+001 4.48400645705754e-001 -8.83547602620460e-004 -1.26646862323171e-006 -2.90856655395135e-009 
-1.25863182334118e+009 -6.33705790534422e+006 2.98657147122163e+004 1.80944991958268e+001 -7.04562415251329e-002 1.15461334398865e-005 1.73259936750555e-008 
5.19090073702057e+008 -1.13292111735668e+007 -1.23104235545448e+004 4.77807039316028e+001 9.84991848752828e-003 -7.97216769585571e-005 1.03594291648158e-007 
2.68619331909033e+008 -4.40661981324410e+006 -6.37107558104792e+003 1.89569590067357e+001 7.08971390693727e-003 -3.35269896236426e-005 4.04995857103948e-008 
-9.44000849692638e+008 -8.93292595141301e+006 2.72751839271115e+003 4.48885858297082e+000 -2.96363111790103e-004 -7.09573324623295e-007 
2.41031490557351e+009 -3.35786503634701e+006 -6.96747560607770e+003 1.12327637583492e+000 1.98179064680636e-003 5.36122052720223e-007 
1.06898798018889e+009 -1.34438556269954e+006 -3.09007749654497e+003 4.28634120830922e-001 8.72867541203884e-004 2.41001961736509e-007 
3.98316611901787e+009 -3.42582910718788e+006 -2.84713920440733e+003 4.02372808249511e-001 1.68018952241858e-004 -2.43207220476308e-008 
1.89276196182031e+009 6.22290561046111e+006 -1.35300564176925e+003 -7.45154383229326e-001 7.65060672226937e-005 4.72687344419444e-008 
6.75551494951046e+008 2.63235647330788e+006 -4.82911043048304e+002 -3.15036368098340e-001 2.71825809469955e-005 2.01209786655851e-008 
4.41387603804857e+009 5.05166941316037e+006 -1.47873947893514e+003 -6.74542758467408e-002 6.87285257397760e-005 -1.44823386938452e-008 
-2.91477348325586e+009 4.46091523253473e+006 9.76461035728968e+002 -3.90626333753545e-001 5.09195330123674e-005 -4.13163881077520e-009 
-2.23949874169166e+009 -1.29927478486337e+005 7.50273069972507e+002 -1.01495994705484e-001 -4.54917491878116e-006 1.44153500508521e-009 
1.99548613487162e+005 1.45075606186563e+005 -9.72075208149009e+003 -1.10888954529187e+003 4.93627965223264e+001 1.51645106084925e+000 -1.25900423635505e-001 1.45461091700155e-003 3.00747569463080e-004 7.90874851857448e-007 -1.27363642227732e-006 5.16393317144798e-009 5.95537810569119e-009 
-2.94533125974904e+005 8.19906838135521e+004 1.44783889094232e+004 -7.77392177896703e+002 -4.68231404406879e+001 2.51398261440152e+000 4.56871343266961e-003 -5.49472481392078e-003 6.51097376309610e-005 1.71167781825384e-005 8.58211188541576e-008 -8.44558543197806e-008 1.85592913034789e-009 
-1.29926570616534e+005 1.87151031698273e+004 6.38230930189176e+003 -2.00447877209796e+002 -2.22116475904168e+001 8.27510503877123e-001 1.27491232663012e-002 -2.22489224610588e-003 -1.39402669890273e-006 6.47506872491791e-006 1.44018944144344e-007 -3.27330200904489e-008 1.89851803047551e-010 
3.80205919537222e+005 2.88881535157311e+004 -1.77398573983733e+004 -2.09795355176374e+002 5.74517195825319e+001 -1.80697449638853e-001 1.93299399491191e-003 5.03925724833102e-003 -1.54091670650599e-004 -1.37799880889826e-005 2.24684199851929e-007 -1.59548873226194e-008 -2.61365118485225e-009 
-5.08468729104430e+004 1.51407468037835e+005 2.21472577391565e+003 -1.16001303745316e+003 -4.62266198005912e+000 1.47728401875213e+000 -5.09132875353505e-002 2.73338480206730e-003 2.93260391872851e-004 -5.16120446278738e-006 -2.49042827959548e-007 2.34763838084022e-008 -2.02049143878308e-009 
-5.24811439217205e+004 5.53802790963258e+004 2.39244792099523e+003 -4.25396035326977e+002 -6.80008369790576e+000 5.80449372514144e-001 -1.95536796808726e-002 6.07441256482006e-004 1.25584518305257e-004 -7.68993903146280e-007 -1.15012006681222e-007 1.03466471413991e-008 -5.45150242911262e-010 
2.99060605817885e+005 -1.07554555102734e+005 -1.47585767694432e+004 7.15297316954420e+002 6.09549714075982e+001 5.50155424054996e-001 -1.05939690652997e-003 -8.24098440507717e-003 -7.22989635935541e-004 -1.64535643343929e-005 1.04540119271342e-006 1.94075447312291e-007 1.43558463852312e-008 
2.26045807226371e+005 1.14198751071328e+005 -1.12781566140164e+004 -1.02166932625639e+003 2.34364110013759e+001 1.99857983099350e+000 1.14755933723030e-001 6.67288958094406e-003 -2.24699744723160e-004 -3.94570635090937e-005 -2.47612593680645e-006 -7.63902055209799e-008 6.81357714078259e-009 
6.04617720889832e+004 5.30278944964658e+004 -3.03032743248284e+003 -4.53432439196204e+002 3.64382382831633e+000 7.18637854526255e-001 4.40998198130093e-002 3.27010136655030e-003 -2.31939708316661e-005 -1.36827946204026e-005 -1.03928478757912e-006 -4.61077854433981e-008 1.36173964290438e-009 
4.95993747584350e+003 -1.74465515873033e+005 -2.93236889737838e+002 1.65216314323549e+003 4.01291258964480e+001 -4.51885931352313e+000 -4.45332873553784e-001 -8.27886359579915e-003 2.31315352460910e-003 2.09490385103936e-004 -1.31655414892995e-006 -1.57641057512958e-006 -1.03489855076214e-007 
3.32620421799210e+005 -1.45046809880430e+004 -1.93960893693399e+004 -1.51632844779038e+002 9.40027469565674e+001 4.27682756284322e+000 -1.15084363023917e-001 -3.31053929069828e-002 -1.59889539816473e-003 1.11695420127577e-004 1.84717867628664e-005 5.17984782915063e-007 -9.89909310160382e-008 
1.26772711748542e+005 9.59608901106556e+003 -7.39876007504261e+003 -2.01970222833679e+002 3.25104273569148e+001 2.03257697155827e+000 -5.35816055420730e-003 -1.19610933836447e-002 -8.13431940374928e-004 2.45648968191398e-005 7.18826036278563e-006 3.35368124586825e-007 -2.89129393388168e-008 
-2.82482855268196e+005 -9.68001362802800e+004 1.87979850362197e+004 1.11736031268238e+003 -1.16671319908608e+002 -6.73113647218392e+000 5.90991862889630e-001 4.59040936782168e-002 -4.00960129256354e-003 -3.72318286717972e-004 3.17067507188812e-005 3.30986935388153e-006 -2.66365099267804e-007 
1.63372055904179e+005 -1.47539337916960e+005 -1.07719403836616e+004 1.55872715974173e+003 7.81844309992047e+001 -7.76751521902589e+000 -4.88193058398116e-001 4.55223414028102e-002 3.69797220656498e-003 -3.41175553344891e-004 -3.16849437559529e-005 2.80374323094124e-006 2.90087433279352e-007 
8.69343546576697e+004 -4.80836326578922e+004 -5.75785525099505e+003 4.99790043685174e+002 4.01147153742297e+001 -2.38865023885403e+000 -2.38430078860178e-001 1.34384678501724e-002 1.76475358106814e-003 -9.82729789699081e-005 -1.48890718297463e-005 7.85900515933731e-007 1.34231567466109e-007 
-3.08672156666458e+005 7.11450343164039e+004 1.94951123211029e+004 -9.31784340006844e+002 -9.37113539789616e+001 6.53408359590109e+000 8.41356829955698e-002 -3.76112455932641e-002 2.05299625552898e-003 1.24425213566534e-004 -2.29063336151494e-005 5.68962866986048e-007 1.34920065832878e-007 
-1.52488474802322e+005 -1.51050344089070e+005 9.63307538938017e+003 1.43116297886888e+003 -7.85276469269237e+001 -3.73617776240577e+000 4.83347603499211e-001 -1.12217914517891e-002 -2.23678123404927e-003 2.27423638304731e-004 1.41076348243958e-006 -1.76679433421303e-006 1.05611884669975e-007 
-3.17268737938945e+004 -6.40075145863151e+004 1.99879444971296e+003 6.29546089544017e+002 -2.19082330571614e+001 -2.00100628749642e+000 1.77677198056723e-001 -1.02327712522359e-003 -1.03481730171409e-003 7.62602749139474e-005 2.53131162787288e-006 -7.25958411197712e-007 2.87113803949077e-008 
-5.75632313036701e+004 1.66338463900334e+005 3.34941392089968e+003 -1.49333596092691e+003 1.14110746740492e+001 3.23287963414572e+000 -1.49510561734286e-001 6.35050182482279e-003 -2.12375786840856e-005 -4.56245878862444e-005 4.04441047238998e-006 -9.42907837259223e-008 -9.35673933867708e-009 
-3.39884146569443e+005 -2.90595540712675e+004 1.83854306748168e+004 3.72672912612779e+001 -7.80969307447680e+001 1.89185375217801e+000 3.68043108389163e-002 -6.13373516642907e-003 6.94996432623488e-004 -3.57533916279673e-005 -1.04315788820289e-006 2.48198026596063e-007 -1.57434603066040e-008 
-1.25220039130865e+005 -2.55062654370765e+004 6.75974888546629e+003 1.44407130008922e+002 -3.09392005004600e+001 4.40561628678358e-001 2.71448807309891e-002 -2.89571613012845e-003 2.67893353676101e-004 -9.73043004369375e-006 -7.51117905161530e-007 1.03239757421234e-007 -5.21316494861651e-009 
2.49951133270080e+005 1.28459865433790e+005 -1.18352135971857e+004 -9.39869934714040e+002 5.09976413021980e+001 1.04477928824079e+000 -6.54379726896948e-002 2.83600278607449e-004 -1.04993193778997e-005 1.54111356821800e-005 -4.41063177480184e-007 -5.30658377711634e-008 2.55652935571607e-009 
-2.62504961831624e+005 1.01598066607786e+005 1.26552815453456e+004 -8.89973385179122e+002 -3.73174889469542e+001 2.08549111702171e+000 -7.50900761643309e-004 -9.21755635473572e-004 -1.03635947687156e-004 1.95802716816192e-006 1.03118898882995e-006 -4.18515934930986e-008 -1.49459626533942e-009 
-1.22072418694064e+005 2.79043079363516e+004 5.88382131785241e+003 -2.59783760109983e+002 -1.87995478119742e+001 7.07456865360318e-001 5.53267446221058e-003 -3.77689252902383e-004 -3.89225259295485e-005 -5.81119570366104e-007 4.33932809980651e-007 -1.14235063666791e-008 -7.97113825373409e-010 
3.28324989747977e+005 9.69067515466885e+003 -7.97041088734736e+000 9.67890402161602e-002 2.72274450271243e-003 1.30550808398947e-005 1.80405296813689e-007 -4.86000186806692e-008 -6.62852477098321e-009 4.47872419470374e-009 3.51356937635635e-011 
-1.01786073593608e+006 2.67544925713075e+003 1.99814724521546e+001 -7.79721052402207e-002 3.26106095261673e-003 6.49536629384037e-005 5.30421410201451e-006 1.56771595566779e-007 2.70876918199465e-008 -2.00470637968403e-008 -4.37513688445932e-011 
-4.47228275947416e+005 8.75474383632097e+002 8.82666642167657e+000 -4.25353829084600e-002 1.30419445900763e-003 2.65390875818417e-005 2.87034434714734e-006 8.98746674266019e-008 1.51333751554388e-008 -8.51837274680935e-009 -1.90908160947724e-011 
3.47646786388071e+005 9.63231092398969e+003 -6.54353516480772e+000 1.40315048902740e-001 2.26910068613866e-003 -1.60837404343763e-004 -3.06406847601852e-005 -3.89421170971594e-006 -3.38871509958469e-007 -5.55087523525549e-009 2.03662916482297e-009 
-1.01235222012154e+006 2.83260392281115e+003 1.94326570399093e+001 -5.15072403731030e-003 6.71087817577695e-003 3.39973719194912e-004 1.85962709506251e-005 -1.38465481154122e-007 -2.31979947651754e-007 -6.02992506822131e-008 -4.08706087551542e-009 
-4.45408032508761e+005 9.44474355294086e+002 8.47623444040658e+000 -1.16359353737842e-002 3.07516915174818e-003 1.93347704492088e-004 1.32044079864493e-005 3.29734469259018e-007 -8.87761978112696e-008 -2.89538709445977e-008 -2.39059247295341e-009 
-6.81117860935279e-005 -3.90944209931521e-007 -5.88621769384511e-007 5.17805928885298e-008 3.14035581302512e-008 -2.96626587145929e-009 -3.60163586587261e-010 1.27911490967657e-010 -4.50041833156327e-012 -6.72058608351143e-012 
-2.16984419631504e-005 9.53661287447561e-007 -4.68306890367079e-008 -6.61581140582429e-008 5.16430030568169e-009 1.72978250120310e-009 -2.32773291439735e-010 2.21539206873210e-011 5.62115339927184e-012 -2.91225193865691e-012 
-6.92050233446926e-005 4.33961788594407e-007 6.15497194640649e-007 -5.71830073098017e-008 -4.87737550954479e-008 -3.19534580671983e-009 7.37831550185806e-010 3.13885446593996e-010 7.90183276859045e-011 -2.71539738587620e-012 
-2.08186573427533e-005 7.09663745656158e-008 1.20878520438275e-007 8.47129280326729e-008 -7.48832273234564e-010 -3.72855782668763e-009 -6.43608133481363e-010 -1.09653063499576e-011 3.50836760523759e-011 7.34794928315985e-012 
-6.90372166390730e-005 -1.29069844803599e-006 -2.69900866917608e-007 2.86074810989539e-007 1.67057285444181e-008 -2.31329204956051e-008 3.21787593292818e-010 1.20363401857510e-009 -1.00005664562837e-010 -4.86222515564525e-011 
-1.95823968850154e-005 7.10191397241935e-007 -3.24283172323264e-007 -3.51074584385657e-008 3.80029748537732e-008 1.21287395040908e-009 -2.28179243951883e-009 3.93150775227003e-011 1.00867982238601e-010 -5.08314233501833e-012 
-6.97904293925995e-005 3.91132636170822e-007 -3.13318079621768e-007 -1.57248583059375e-007 2.61471211475603e-008 4.36012835592210e-009 -9.48986962386100e-010 1.67536670723796e-011 1.64427651822188e-011 -2.28911284910783e-012 
-1.88177381422780e-005 6.22269101090608e-007 2.24295171885999e-007 -3.72013440749505e-008 -1.40675138246663e-008 2.18773857253797e-009 2.21687367643851e-010 -2.41142906174999e-011 -8.84787109146758e-012 -2.06376447074683e-012 
-5.97655966747287e-002 -9.03280157455443e-004 3.82375570340466e-004 4.82172348262866e-005 -6.91388519359175e-006 -1.21260951128504e-006 7.22313747385710e-008 1.58797941814860e-008 -1.27132892430283e-009 -9.32746880502238e-011 
4.21874378404184e-001 5.83603296845612e-004 9.52226662661037e-005 -2.42166189870192e-005 -3.42865934140983e-006 2.79724289928898e-007 6.21557939157665e-008 -3.49667995986583e-009 -5.60971701700733e-010 7.06759307410914e-011 
5.72026780957126e+003 9.20739525061081e-001 -3.44944010787389e-004 -4.57504773450474e-005 6.28029176065554e-006 1.11806052405444e-006 -6.70401362524597e-008 -1.45538339005160e-008 1.18536942384268e-009 8.67259418062297e-011 
-5.85801598308587e-002 1.77437919604202e-003 1.92004794161785e-005 -9.05980774989684e-005 1.88322474817488e-007 1.84003608167582e-006 5.07925480224135e-008 -2.04552103214404e-008 -3.06563984543107e-009 -2.26317024157164e-010 
4.22696950612707e-001 -2.77758761330087e-005 -2.04829094294625e-004 -4.62303965521891e-007 5.65885193597240e-006 3.78457730288646e-008 -9.01788712819689e-008 -6.29371677653867e-009 3.46104091310807e-010 1.83547515074278e-010 
5.72210652584133e+003 9.18247722067238e-001 -3.22250702724905e-005 8.17963517611100e-005 3.55173176487711e-008 -1.64626577187032e-006 -4.39719989568939e-008 1.82656516858895e-008 2.67828862375488e-009 1.97747578291916e-010 
-5.69951256501586e-002 -4.87570781857395e-004 -3.42664641201531e-004 2.61244539598849e-005 3.74549572243324e-009 -9.55313943519331e-007 2.93893112199303e-007 1.98432010977578e-008 -1.19440042124628e-008 3.08456373651386e-011 
4.21675860538881e-001 -7.66770860222497e-004 4.51902428040341e-005 1.58274853716393e-005 -2.19223641327963e-006 4.04252515381065e-007 6.26315230754164e-008 -2.54534988701479e-008 -7.72134505666147e-010 8.87408472935121e-010 
5.72394472345977e+003 9.20238856778918e-001 3.17431167275140e-004 -2.06891452691858e-005 -1.80813676572198e-007 8.08534710636185e-007 -2.60477876448634e-007 -1.69941566292630e-008 1.05832571573745e-008 -4.08966095474369e-011 
-5.96146884384774e-002 -1.78452731610847e-003 9.05504865058264e-005 6.40205758309601e-005 2.93322733499388e-006 -9.46781821225064e-007 -1.22997311343229e-007 1.34040896060059e-008 1.13640102608010e-009 -1.02987045693576e-010 
4.20955532216758e-001 1.49197633973926e-004 1.64828962446821e-004 -1.71839402417002e-007 -3.33000127722675e-006 -3.12873353804059e-007 4.47179382429591e-008 5.71803528424131e-009 -5.61078916695014e-010 -2.06997999539599e-011 
5.72578680165555e+003 9.21529428861979e-001 -6.89879973363776e-005 -5.97591512896945e-005 -2.81890378009162e-006 8.82373451284839e-007 1.11686688619540e-007 -1.22533900265966e-008 -1.04560323608376e-009 9.28389598075872e-011 
