5.16064653022482e+007 -2.99447365820778e+006 -1.37547901516237e+006 -3.03179983757359e+004 2.62923365554759e+003 2.76833043299161e+002 1.14479457898393e+001 -3.29609256283022e-001 -8.52101926312142e-002 -5.80059508586709e-003 -5.45981107125214e-005 2.80206582436311e-005 2.91968883719012e-006 1.06994103967346e-007 
1.08219988290527e+006 1.52521174603260e+007 -3.73603990201774e+004 -6.79880943883804e+004 -3.10910260913244e+003 7.85667283842771e+000 1.34429990099208e+001 1.08694127217224e+000 2.68126128572705e-002 -3.34238444604587e-003 -4.48887340979592e-004 -2.21201641190813e-005 5.77791750193102e-007 1.86410261963185e-007 
-4.78918524090779e+006 8.45784583306967e+006 1.22579423665837e+005 -3.31782559306570e+004 -1.93337956746849e+003 -2.44903846605276e+001 5.99508426169707e+000 6.14813248190951e-001 2.31537305337127e-002 -1.18443917532068e-003 -2.34142949143552e-004 -1.47205595199083e-005 6.10282208364490e-009 8.84949678801078e-008 
3.42779080868297e+007 -1.42656864532911e+007 -1.28198853877733e+006 6.04456357265517e+004 8.02172407754368e+003 2.73567342253764e+001 -4.56324914807251e+001 -2.45647993128986e+000 1.96028380045950e-001 2.87053165933010e-002 1.44389555192403e-005 -2.31324149973349e-004 -1.28918826196231e-005 1.24526389876909e-006 
2.82168661504780e+007 1.10192280537623e+007 -1.06314061314893e+006 -8.96500030244787e+004 2.26667979631092e+003 5.47487195084266e+002 1.27857398119309e+001 -2.94041000399979e+000 -2.41616790428772e-001 9.20931114848795e-003 2.38171312542244e-003 5.59005571096174e-005 -1.66885401039232e-005 -1.42074618812870e-006 
1.15015416322085e+007 7.36459720839308e+006 -4.35092509245397e+005 -5.41559051755708e+004 3.79615758493837e+002 2.89639133779733e+002 1.15590735686540e+001 -1.31624231244374e+000 -1.49388456429578e-001 1.94505711484631e-003 1.27084254733941e-003 5.38343263223844e-005 -7.57925213698545e-006 -8.88022843656893e-007 
-9.09891358814678e+005 -1.98163309982861e+007 2.46265872345816e+004 1.31289320028948e+005 -1.81987414830431e+003 -7.02647261974780e+002 2.49934303765559e+001 4.47537598217089e+000 -2.84067878094727e-001 -3.02255239091409e-002 3.05893910219059e-003 1.97536402521083e-004 -3.18907259539782e-005 -1.10391840930252e-006 
3.92906357736345e+007 -4.04146332492982e+005 -1.60069099205292e+006 1.64177818496066e+004 8.27415391944006e+003 -2.30197319200566e+002 -4.80604326631393e+001 2.59187132090379e+000 3.13932691064004e-001 -2.76371636238722e-002 -2.05718202474283e-003 2.87281494569309e-004 1.21236508510954e-005 -2.93886269333380e-006 
2.10630643177602e+007 1.83729966529250e+006 -8.57659403646258e+005 -4.83460775566662e+003 4.60873871062748e+003 -5.01605412089229e+001 -2.82644537993964e+001 9.20836182156743e-001 1.97143814552880e-001 -1.16319057944291e-002 -1.41596194141583e-003 1.32999053446955e-004 9.78136887420147e-006 -1.45558128631924e-006 
-3.62030018431794e+007 -1.45501421660596e+007 1.12860653547488e+006 4.21988979588726e+004 -6.16506105881010e+003 2.01343804141248e+002 1.62485014218579e+001 -2.31365022286616e+000 7.85206111118042e-002 8.49217577167009e-003 -1.19220071322444e-003 3.81816718694606e-005 5.26117434270102e-006 -7.10817837381187e-007 
2.74998913379535e+007 -1.07677589191221e+007 -8.75883199397254e+005 8.16263725048146e+004 -2.67097783160711e+002 -3.17929573897197e+002 2.36600788116043e+001 2.01957865292188e-002 -1.42531706875765e-001 1.09596194558804e-002 6.95200043816743e-005 -8.04054331899950e-005 6.06864067462049e-006 7.36785679531803e-008 
1.84210162461968e+007 -4.24478168178647e+006 -5.84861245304822e+005 3.92327976117226e+004 4.96182826131771e+002 -1.90706436421557e+002 1.09557004752000e+001 2.50546390594711e-001 -8.42789959206911e-002 4.97473599880259e-003 1.60682940783579e-004 -4.69101923386366e-005 2.69673908434758e-006 1.13019903968002e-007 
1.70939998961725e+007 2.35795810676746e+007 -2.13447838346714e+005 -4.84158452639782e+004 2.44204199800301e+002 2.80577127048930e+001 -1.34854925159259e-001 -5.76215958978413e-003 5.44513950776734e-005 -6.61277251534019e-007 
-9.61806605596077e+007 3.98135574699819e+006 1.19479581906653e+006 -8.65734104231557e+003 -1.20069496182247e+003 6.21280955068198e+000 4.24389023154231e-001 -2.68366360721501e-003 -2.99959116863024e-005 8.84157223607111e-007 
-4.43619807278979e+007 2.99544091840798e+005 5.51144842510874e+005 -8.32708101145895e+002 -5.55745267738127e+002 1.02064560255208e+000 1.99501161757128e-001 -8.43105689216852e-004 -1.69485125625091e-005 4.39318973111654e-007 
6.07799005573592e+007 1.96557075374330e+007 -7.53187946916609e+005 -4.02468186322843e+004 7.60838666138861e+002 2.30573440613251e+001 -2.75864311708954e-001 -4.45829359074148e-003 2.68827271322362e-005 -6.90758017257168e-007 
-7.92106865417569e+007 1.28104861045612e+007 9.81460247509894e+005 -2.63482070169821e+004 -9.81136066796213e+002 1.54095719576742e+001 3.39034490249982e-001 -3.35215628811223e-003 -1.82205572899373e-005 -1.84596616002611e-007 
-3.94900192122697e+007 4.52076791099194e+006 4.89292877168523e+005 -9.31015361691368e+003 -4.89630985239060e+002 5.47539534226286e+000 1.70012287251009e-001 -1.22632485654813e-003 -9.89503331962317e-006 -4.04360084930184e-008 
4.41160590268598e+007 -1.99236084309716e+007 -2.19481145692010e+005 1.63068189854121e+004 1.08928456249998e+002 -4.41366965422658e+000 -3.20443350607745e-002 6.83423537150427e-004 -2.71780308203902e-005 6.10830330355968e-006 -1.77337819488822e-007 -1.16127209765247e-007 5.50406171321057e-008 
1.28505024261962e+008 5.61245780189043e+006 -6.36850925306769e+005 -5.00768416648893e+003 2.69599820931918e+002 1.78276981652971e+000 -5.41636139066934e-002 -8.59845583683874e-004 2.05086595084656e-005 9.42433114829077e-006 -1.40472787545987e-006 1.38118122352297e-007 7.52994469342285e-009 
5.57129355663705e+007 2.43307328585588e+006 -2.76054253218958e+005 -2.17078058263937e+003 1.16861795138006e+002 7.72682461724577e-001 -2.33416335350910e-002 -3.67632064251961e-004 1.12835787452366e-006 4.41093364911886e-006 -4.47709787512767e-007 3.15978194544893e-008 9.02036901408877e-009 
3.14899224545101e+006 -2.08740501887049e+007 -1.63729047521342e+004 1.73082821286580e+004 1.45895682445471e+001 -4.92402886796608e+000 -7.14910938816640e-003 1.08084478942028e-003 -7.23079466729294e-005 -1.43825112945568e-005 2.97493930246186e-006 1.38414091381657e-006 -6.76918841111022e-009 
1.34498082984319e+008 3.52834477281963e+005 -6.70129250712524e+005 -4.84818079465455e+002 2.91111320514649e+002 3.40460656511408e-001 -6.38978049655497e-002 -6.74013468316006e-004 -4.42292116376107e-005 2.78012738368347e-005 6.90058714444609e-006 -8.69337332066464e-007 -6.20103182609568e-007 
5.83112373614239e+007 1.53191554327508e+005 -2.90480650293158e+005 -2.10260867322962e+002 1.26186546161909e+002 1.47756691634050e-001 -2.75213455827321e-002 -3.00262900362398e-004 -3.28971411981192e-005 1.14079524123879e-005 3.77163716218166e-006 -2.21727960371919e-007 -2.99746339695039e-007 
-2.30830048419009e+008 -1.10543113212643e+007 9.48013837531974e+005 7.78144768384525e+003 -2.30607940021615e+002 -4.14994096473195e-001 -3.85483329565672e-002 -3.49615068810106e-004 6.27831729933359e-006 1.64908521093282e-006 1.78269903278186e-007 
8.08491849658032e+007 -2.57680747798114e+007 -3.31585527381731e+005 1.75480600297324e+004 8.79272255641980e+001 -5.19591642036749e-001 1.12520780152832e-002 -7.21219865100644e-004 1.07492234177215e-006 -1.35248864772205e-007 -2.00735003827911e-007 
4.33103819301997e+007 -1.15213762413706e+007 -1.77651959910432e+005 7.83915380162546e+003 4.65491087858969e+001 -2.27142334402376e-001 6.19143511095209e-003 -3.23545751198881e-004 4.82660772219418e-007 5.05206285432212e-008 -7.82697886585818e-008 
-2.86585596229102e+008 1.66458227952305e+007 3.56398192229986e+004 -3.29543720071932e+002 -5.62636952992471e-001 1.04671512892409e-003 4.96055751796797e-006 9.21206567818877e-008 
-6.87584212780795e+008 -5.03585466761172e+006 8.55704777310673e+004 1.42552553675879e+002 -7.27378082798832e-001 -1.51486976939001e-003 -5.69467017740548e-007 -6.07814809177260e-008 
-2.87731155394383e+008 -2.56371086117951e+006 3.58099637513688e+004 6.91231255937215e+001 -2.98071371433022e-001 -6.74756684853391e-004 -4.43816850787337e-007 -4.46720913849824e-008 
5.60396439857194e+008 -1.28773789106301e+007 -1.42533470287667e+004 5.27961961833503e+001 4.43859664418943e-002 -8.50735205599600e-005 -2.99111892523848e-007 
1.14986578843321e+009 4.87848080621488e+006 -2.92350226782654e+004 -2.42322826088032e+001 6.67038539643412e-002 6.08653495204174e-005 -2.88447147880914e-007 
4.50812319803515e+008 2.56972747426141e+006 -1.14613818448529e+004 -1.22838722517272e+001 2.56355914790855e-002 2.88345556028330e-005 -9.35956908887413e-008 
4.76709010189220e+008 -9.35207076072937e+006 -1.28529241126823e+003 4.09791183400415e+000 7.59269889674349e-004 -3.53701280045996e-007 
2.59090283021291e+009 9.83493567095301e+005 -6.99146768288399e+003 -9.91426993706057e-001 1.49821493672955e-003 4.28116019729475e-007 
1.12799856308624e+009 5.62962302545039e+005 -3.04405453147486e+003 -4.92253256571659e-001 6.46756433855511e-004 1.92508163103376e-007 
4.36744692246488e+009 -1.60356391113011e+006 -3.11308863001801e+003 1.79917792630878e-001 1.88477519223156e-004 -3.36734904887348e-008 
8.95120285434701e+008 6.83140465857888e+006 -6.37790121672312e+002 -8.14297015461216e-001 3.02318385742367e-005 3.91025885049964e-008 
2.57644652761675e+008 2.83605060137445e+006 -1.83544874536644e+002 -3.37774678420295e-001 7.58209111497077e-006 1.75781091402612e-008 
3.57895189947358e+009 5.92367367698943e+006 -1.37435309294009e+003 -1.68960848807955e-001 9.97550692390843e-005 -5.72011318563084e-009 
-3.54200825793065e+009 3.75328615455129e+006 1.36003198770330e+003 -4.48729531998594e-001 4.53929027541839e-005 3.14051289231975e-009 
-2.18368045193703e+009 -6.13493195314019e+005 8.38493905974039e+002 -8.91794379412359e-002 -1.50371338676453e-005 4.18253282320010e-009 
1.62413975409323e+005 1.62277134005964e+005 -1.03927498761638e+004 -1.54759898850782e+003 9.06459226007045e+001 4.08565690148300e+000 -6.26483047481708e-001 1.50365993389567e-002 3.42743546106427e-003 -3.29201437594818e-004 -6.37384251860994e-006 3.07104541922617e-006 -1.44894176104992e-007 
-2.87068630104220e+005 6.58132209991527e+004 1.83319691357206e+004 -9.03179547061872e+002 -8.94301361754552e+001 6.98631684492577e+000 7.64578903387585e-002 -4.59740872397675e-002 2.43622882786883e-003 1.95756926081286e-004 -3.13748873417441e-005 4.07060490179086e-007 2.35396656232431e-007 
-9.73239235304750e+004 4.05844376963984e+004 6.21336031802039e+003 -4.94872461687281e+002 -2.66361509323706e+001 3.10618718689599e+000 -2.76042876069709e-002 -1.65950961551140e-002 1.26665616401781e-003 4.63470927436284e-005 -1.28492273184001e-005 4.40632956046779e-007 7.87379932243478e-008 
3.63884632102926e+005 3.15812850278715e+004 -1.95596349862250e+004 -1.84401005491606e+001 8.03219691724846e+001 -2.40862291117916e+000 9.97927073161078e-003 7.85354030252637e-003 -1.07930527235898e-003 5.11218428451234e-005 1.29801005774528e-006 -3.63934368510353e-007 2.87632794594825e-008 
-5.37617495472938e+004 1.54611727005054e+005 3.07550668739914e+003 -1.37755485592629e+003 1.41928292022280e+001 2.62876780157004e+000 -1.69143792263563e-001 1.01874352845934e-002 -3.64935878404126e-005 -5.93520188490531e-005 5.15467839181420e-006 -1.63857056707283e-007 -1.13473440034242e-008 
1.23141398671591e+004 6.33219036676357e+004 -5.88758184481059e+002 -5.39906449137676e+002 1.29205289915681e+001 8.05770700492580e-001 -6.52663629316428e-002 4.70392501766574e-003 -1.13128474345800e-004 -1.85163365788480e-005 2.13405172205410e-006 -9.74205473902988e-008 -1.79969125337550e-009 
2.83031790819173e+005 -1.07348385957800e+005 -1.35350550958310e+004 9.20377947814363e+002 3.92130723233173e+001 -1.81420476726216e+000 -9.31924476540033e-004 -1.96304685709009e-003 1.63696474445352e-004 8.15504695538159e-006 -1.18944018941342e-006 1.71444579790138e-008 1.21752470269082e-010 
2.32431491809316e+005 1.19934671686473e+005 -1.08456319993742e+004 -8.70194205991002e+002 4.41631302661870e+001 9.28076092807428e-001 -2.54491009831374e-002 -1.10291812187129e-004 -1.88645271909768e-004 1.72690907412010e-005 6.22758771796895e-008 -4.08010024539987e-008 5.42160603300813e-010 
1.16780792439128e+005 3.70609798404717e+004 -5.47499123501016e+003 -2.55590606683381e+002 2.08371591588159e+001 1.94750963818760e-001 -1.00234045303711e-002 -2.20008632508473e-004 -5.87441866737481e-005 7.49432176713682e-006 -8.46826130579264e-008 -1.43624087605046e-008 2.23713476097626e-010 
7.06113060358049e+002 -1.63596608270511e+005 4.89305276631427e+001 1.24886284066720e+003 1.41376891389529e+000 -1.91454082274764e+000 7.51849133925746e-003 8.85500057192973e-004 -1.17225232373245e-004 -1.29144042270243e-005 3.78246041861664e-007 3.91649440186801e-008 -1.20725091558332e-009 
3.61723222536240e+005 4.57696190669809e+003 -1.65605142304243e+004 -5.47210565105822e+001 5.50805321299114e+001 1.09558533024029e-001 -3.45964385142789e-002 1.19030141417458e-003 1.17797396821059e-004 -6.58121870551389e-006 -8.13012000167742e-007 1.62123920156886e-008 1.27650810999365e-009 
1.41522917266648e+005 -1.31446336166312e+004 -6.46435241859521e+003 9.27203781896925e+001 2.16139761849302e+001 -1.33254715356128e-001 -1.27543851380090e-002 5.48520398147907e-004 3.53215703927787e-005 -3.74886370326707e-006 -2.82859584528660e-007 9.90843050763033e-009 3.87106728786943e-010 
-2.80247080464828e+005 -1.05725190040821e+005 1.39349337293693e+004 9.71826164423331e+002 -3.64819735739810e+001 -2.11994104405602e+000 -5.42840233359013e-002 -4.87015539109482e-003 -8.51860599620070e-006 2.72389064101403e-005 1.81274245916163e-006 6.05948674595334e-008 8.41520845900145e-010 
2.46858047317878e+005 -1.15606596451144e+005 -1.19637625746730e+004 8.13318932643009e+002 5.22655571148449e+001 -2.93662365407051e-001 -1.83464040194545e-002 -3.27103297637253e-003 -4.74326637502359e-004 -1.91191864390356e-005 4.09220935112602e-007 7.36293180128517e-008 6.50797758646924e-009 
7.10075653798262e+004 -5.48126092406049e+004 -3.40347190040341e+003 4.05932530755396e+002 1.70536438778293e+001 -3.06744836804226e-001 -1.19592770960557e-002 -1.71859448305217e-003 -1.86075470018589e-004 -4.99509191661015e-006 3.23820758986584e-007 3.42132669892273e-008 2.61827358729719e-009 
-3.52815210449521e+005 3.86217534156993e+004 2.03747686324946e+004 -5.15511830968103e+001 -9.71837015898899e+001 -3.61569521922153e+000 6.32052200157596e-002 2.47079880122953e-002 1.90923928298364e-003 -7.70854660892636e-007 -1.23634923032423e-005 -1.07325342089023e-006 -1.09986639662308e-008 
-3.96964131459862e+004 -1.58962043045945e+005 2.37132099468196e+003 1.51178051472693e+003 2.43281667468513e+001 -3.77441862453571e+000 -3.29192383465232e-001 -1.23692210853174e-002 1.02709976735040e-003 1.67998797906239e-004 7.46990857660833e-006 -4.58832724025735e-007 -9.31703146863488e-008 
-4.75970232735368e+004 -5.86172614845739e+004 2.77686608922817e+003 5.85306252459074e+002 6.72553140084192e-001 -1.79883407922692e+000 -1.22740824048656e-001 -2.59551547594526e-003 5.73804219868983e-004 6.55246471910768e-005 1.79737954577468e-006 -2.76320128432011e-007 -3.73767602633042e-008 
-1.35547064228034e+005 1.69281085773017e+005 9.15493046954690e+003 -1.78993460829705e+003 -8.00416467136012e+001 8.32873242092746e+000 6.77737884462918e-001 -3.47740456737050e-002 -6.35332389746267e-003 8.63081356806165e-005 5.86933984228930e-005 1.14115955809151e-006 -5.12861388906593e-007 
-2.82111483694857e+005 -6.93860341918699e+004 1.89688033231081e+004 8.90349333803266e+002 -1.15551499537868e+002 -6.98471362185230e+000 4.84423991172019e-001 6.22673501428618e-002 -1.71951527311293e-003 -5.76953731016564e-004 -3.52165178929868e-006 5.15186066947523e-006 2.03892529261867e-007 
-1.22635366689699e+005 -1.17804384336459e+004 8.23695835325033e+003 1.85254098006894e+002 -5.23381745125622e+001 -1.97051906078150e+000 2.50448308758745e-001 2.11575061979498e-002 -1.24674291291003e-003 -2.17453277414457e-004 3.94059801516208e-006 2.11499914928762e-006 3.31678379663758e-008 
2.03139426309344e+005 1.50445408791066e+005 -1.32051895451045e+004 -1.43566741107451e+003 1.08205863417295e+002 3.99772171540550e+000 -7.55872425443967e-001 1.18052734501601e-002 5.08514068335937e-003 -3.44725941507028e-004 -2.57387349450828e-005 4.30523422283713e-006 1.18193120103771e-008 
-2.60763722795639e+005 8.89871518402499e+004 1.69422359935822e+004 -1.14042918745638e+003 -8.40244844065552e+001 8.28535623238317e+000 1.01089257412356e-001 -5.93511642123438e-002 2.21358901934502e-003 3.69682956489917e-004 -3.68749935680560e-005 -1.36660838485880e-006 4.01090260921742e-007 
-8.36577717926356e+004 4.83593014125254e+004 5.42110674796945e+003 -5.74898481283408e+002 -2.29612266855360e+001 3.59615899983604e+000 -2.91556356301382e-002 -2.21036215721678e-002 1.32520066459102e-003 1.13116940260875e-004 -1.67307459003859e-005 -1.43625747014717e-007 1.57691728123855e-007 
-1.26647098826891e+005 -5.82279481995426e+003 -5.61517023725871e+000 9.54003486240415e-002 -1.60381080390175e-002 -1.58559896835808e-003 9.49853808233677e-005 4.63158830570184e-005 4.28803559692912e-006 -5.51214752282416e-007 -1.86360411908378e-007 
1.66880098294609e+005 1.55505575960841e+003 -1.87581434912415e+001 1.32778674569298e-001 5.98680189028084e-003 -1.43790437331774e-003 -2.59747178701869e-004 -4.45085941032421e-006 5.44303216864982e-006 8.54583515840079e-007 -1.30419741998505e-008 
8.24943611407624e+004 7.92987593211160e+002 -8.04691728832295e+000 6.21054594257191e-002 4.63553224233671e-003 -6.03396376264176e-004 -1.48509259718229e-004 -7.17799310314686e-006 2.46340617252277e-006 5.14560116996265e-007 1.23575690819626e-008 
-1.38337119324753e+005 -5.86746133934362e+003 -5.82358580502539e+000 -3.88831755692022e-002 1.33126501007393e-002 1.07997120153088e-003 -4.37002856426587e-004 1.46581006568839e-005 1.01892658392082e-005 -1.39234023344312e-006 -1.50013264056152e-007 
1.69844349749979e+005 1.41000056055337e+003 -1.78354308107832e+001 -3.07773872358633e-002 -9.27886346101116e-003 2.35926830175705e-003 1.75606874352893e-005 -6.07812370559930e-005 5.56731455728460e-006 1.12180264315837e-006 -2.72892388986776e-007 
8.40181546217986e+004 7.31253413656795e+002 -7.54057325723309e+000 -1.47586187902493e-002 -6.53071930960839e-003 1.15097996937603e-003 5.47460096880425e-005 -3.39900357555710e-005 1.91828988860596e-006 7.44553894272200e-007 -1.30222654392339e-007 
7.33269947447770e-005 1.11057430350384e-007 -6.64661991525444e-007 1.71850899460255e-007 4.04049370815235e-008 -1.45064962212914e-008 6.24525832088532e-010 5.12266006630813e-010 -1.51475940712298e-010 7.07589819379754e-013 
-1.90876286042501e-005 3.31457078659981e-008 -1.59752177090722e-007 -7.84703537188695e-008 2.36875173573492e-008 1.60788041080067e-009 -1.36923938077459e-009 1.84128013810854e-010 4.04017126271304e-011 -1.48501220096401e-011 
7.39448486138949e-005 1.40679928202938e-006 3.28340093895261e-007 -1.26702458615309e-007 -1.70042310445429e-008 4.24060045407657e-009 2.42495204449306e-010 -4.50467477358657e-011 -9.66140787044853e-012 -6.13988478441695e-013 
-2.00188617857105e-005 -5.91339614160392e-007 2.05601325589707e-007 3.60759465565655e-008 -1.16042365533526e-008 -8.04160971092071e-010 2.07950990726942e-010 -2.50998667435569e-011 -2.36199937890979e-012 3.40996080540960e-012 
7.54824669588878e-005 -3.92764018431058e-007 -1.87584706262331e-007 1.82201869799240e-007 3.25157698543049e-008 -3.88270004238982e-009 -1.24580868804032e-009 -1.26048385431963e-010 -1.42500622562923e-011 -2.12885036560159e-013 
-2.02636529443773e-005 -7.38240837995488e-008 -2.46478107212373e-007 -4.41030773851034e-008 1.43497180030288e-008 3.06428722553915e-009 1.72102589980719e-010 -2.32578161033896e-011 -3.21128305941105e-011 -6.58588847376000e-012 
7.75454109292444e-005 2.41784417071300e-006 -3.59419000577838e-007 -3.22937497439029e-007 4.77767443907116e-008 2.52685478675718e-008 -3.60174704705245e-009 -1.43787067156099e-009 2.05170264778332e-010 6.78920202634444e-011 
-2.08776278160032e-005 8.80463799264008e-008 3.34350757670253e-007 -6.20047819684200e-008 -3.79927502908296e-008 5.78084067150412e-009 2.32789135565297e-009 -3.51772440986613e-010 -1.05780802807243e-010 1.56972315988919e-011 
5.93282639322217e-002 -2.36044386200571e-004 2.38721378290617e-004 -1.27781688796644e-005 -3.89489696159404e-008 7.53249731282377e-007 -1.86269124624916e-007 -7.67786303869117e-010 4.70534011241391e-009 -7.51564185947566e-010 
4.20239007593645e-001 5.53996355452550e-004 -5.59011425825953e-006 -1.04869587224658e-005 1.67637272195384e-006 -2.88705102612244e-007 -3.45236024284608e-008 1.40156054868778e-008 -1.02227970173908e-009 -1.77245244212169e-010 
5.16086963449630e+003 9.20099548909220e-001 -2.00678829433668e-004 1.22254043869224e-005 -3.10872454877648e-007 -6.63642627772504e-007 1.71424365166780e-007 -2.40318394414388e-010 -4.15718858437193e-009 6.91737219127099e-010 
6.03168244112226e-002 1.08534345360535e-003 5.68059510785935e-005 -3.50252398138375e-005 -4.63252234488423e-006 9.28296656888385e-008 1.11111203041908e-007 2.80304393664624e-009 -1.17492133231389e-009 -4.33218468026105e-011 
4.20987483479934e-001 1.11068355066917e-004 -1.06927674687108e-004 -7.94329824794981e-006 1.18428142920497e-006 3.32440587064694e-007 5.26401039189597e-009 -5.16931697620146e-009 -1.43493244734727e-010 4.28896809576516e-011 
5.16270861378985e+003 9.18995184770580e-001 -4.80678870715318e-005 2.99265325496738e-005 4.19971672387573e-006 -7.22730049874487e-008 -1.01311501913437e-007 -2.62674687374547e-009 1.06249711673218e-009 4.14249624182333e-011 
6.13137197630830e-002 -4.78637641160138e-004 -3.75445197529107e-004 8.23528919148471e-006 1.13297731938536e-005 3.31721143798352e-007 -1.69279167392029e-007 -1.61471855191550e-008 -1.19235754968799e-010 1.38937652563346e-010 
4.20505330768438e-001 -4.74588554102272e-004 3.40731210451211e-005 2.94251200276463e-005 4.16130025861931e-008 -6.29156537470637e-007 -3.60222257000205e-008 5.22554580553287e-009 8.33889447947998e-010 1.01043662791759e-010 
5.16454763395793e+003 9.20364131181758e-001 3.26437995337820e-004 -8.32389911483377e-006 -1.01574545072851e-005 -2.84291652157758e-007 1.57123469876710e-007 1.49213539885291e-008 5.09303873823171e-011 -1.41269146404334e-010 
5.91222633224889e-002 -1.15383898463760e-003 2.37302749909373e-004 2.34789033149910e-005 -1.01977776109572e-005 7.68630230968876e-007 3.49603061930262e-007 -5.24890281878450e-008 -1.13065342892879e-008 2.23016290383935e-009 
4.20421019463219e-001 4.35545362666885e-004 8.71166136443685e-005 -2.17025833275911e-005 1.86675240596394e-007 7.91023634715453e-007 -9.57531681005454e-008 -2.61653288685904e-008 4.53221479499211e-009 8.43378551273184e-010 
5.16638938395472e+003 9.20891885733341e-001 -2.13615662884737e-004 -1.78329499258887e-005 9.20870660477306e-006 -7.92017148668097e-007 -3.15103322958257e-007 5.07276177973771e-008 1.01199059822582e-008 -2.13437542873799e-009 
