-5.76568412002251e+007 -1.50715001274719e+006 1.10328649847571e+006 -2.55020606544492e+004 -7.60602094179273e+002 9.67548071155060e+001 -6.19957496619718e+000 2.20872404849368e-001 1.00170839859766e-003 -8.80637063495930e-004 7.80675502805379e-005 -3.98635988755489e-006 7.21705587060133e-008 9.09241400089887e-009 
-8.35726533453358e+006 -1.40742841952379e+007 1.53912369507194e+005 4.02880078497046e+004 -1.91093149331892e+003 5.61804075616128e+001 7.57995167767903e-001 -2.41587923189449e-001 1.87872859720495e-002 -8.56631197883835e-004 9.76134397485926e-006 2.36723626772031e-006 -2.65304956376336e-007 1.60769143477341e-008 
1.51249665607970e+006 -7.36125150349708e+006 -3.22439352929755e+004 2.41651791403350e+004 -9.41806296848933e+002 1.99711209292432e+001 1.04801105228451e+000 -1.51956516120774e-001 9.93125680051023e-003 -3.66199276838374e-004 -2.88503888604827e-006 1.67789537494775e-006 -1.49198423201094e-007 7.64511991288407e-009 
-5.28900534039469e+007 5.99259226573767e+006 7.67316291761552e+005 -2.83280501661667e+004 1.37535975540804e+002 1.11067390965296e+001 -1.60860375782608e+000 8.97449351517913e-002 -3.96318373314582e-003 1.13526661348069e-004 2.73946069840549e-008 -2.88381797833067e-007 2.51310706864318e-008 -1.43970937497969e-009 
-3.40548189737631e+007 -1.13446992850319e+007 4.90155436980212e+005 1.82949169335812e+004 -9.05354406140787e+002 3.76276415204411e+001 -1.20857826778319e+000 1.15017002003426e-002 1.49315287764731e-003 -1.58562530959344e-004 9.50429004673945e-006 -4.22055803900115e-007 1.17830439875452e-008 8.13728010261123e-011 
-1.27080243162036e+007 -6.68128602812967e+006 1.82211917606381e+005 1.27108844645447e+004 -4.97857752528632e+002 1.89462459219517e+001 -4.78673427438167e-001 -3.16593085515232e-003 1.20862585242629e-003 -9.64743454454157e-005 5.07458750876630e-006 -1.95544144161941e-007 3.68025067038763e-009 1.93410372008306e-010 
-3.58117957911456e+007 1.08153944016196e+007 4.42932544567306e+005 -2.58060144919471e+004 1.17969410694125e+002 -8.23543288406072e+000 -3.29564717727160e-001 1.71053477944603e-002 -1.02932883705105e-003 4.46508340916577e-005 -1.43668143910016e-006 4.23391738552147e-008 -1.01997364289030e-010 -4.74783211459979e-011 
-5.22698763242003e+007 -6.74383555609930e+006 6.42935842062229e+005 8.41257798981506e+003 -4.04081367043075e+002 1.45104264562427e+001 -7.16856489486234e-001 1.42249889753841e-002 -4.82665777206173e-004 -6.74553590197580e-006 7.30208676153901e-007 -5.90198966796555e-008 2.84950732749320e-009 -1.17424589665649e-010 
-2.42090111076965e+007 -4.72408154582248e+006 2.97470307105008e+005 7.17064318511552e+003 -2.28076846421198e+002 8.60501157386935e+000 -3.48713615782416e-001 5.82340764127707e-003 -1.51016843468215e-004 -8.23481346226625e-006 5.38956321769085e-007 -3.59076187407578e-008 1.53247733107467e-009 -5.78489823849114e-011 
-1.16051716325824e+007 1.31375363820822e+007 1.38076670229538e+005 -2.55542309720481e+004 -1.01138934483403e+002 -1.29449848740621e+001 -1.29246200686697e-001 2.19408428076983e-003 -4.51415932101487e-005 2.03210358259008e-005 1.43554538878108e-007 3.43436088067522e-008 3.49412994178942e-010 1.71839023500967e-011 
-6.03609216120291e+007 -1.28993384145711e+006 7.11934537519975e+005 3.43652800735070e+003 -2.63198148747119e+002 2.25652094442932e-001 -5.51694640562022e-001 -2.81906822170225e-003 -5.76717602399327e-004 -4.31566003298524e-006 -2.25157118046798e-007 -1.62688793251977e-009 5.70670072524305e-010 -1.77055648855191e-013 
-3.10418178198491e+007 -2.05181352777846e+006 3.65951192935597e+005 4.48658134619407e+003 -1.30094337427744e+002 1.46345097164971e+000 -2.81277294443681e-001 -1.73340362286642e-003 -3.03365047262719e-004 -4.41349286838539e-006 -1.35168441439382e-007 -4.42018498121129e-009 2.74554322522817e-010 -1.05433528294301e-011 
-1.00643122556424e+008 7.58482624422572e+006 1.28142629424557e+006 -1.68716606522579e+004 -1.34179706568320e+003 1.31472644823978e+001 5.62828901996342e-001 -7.05788841448198e-003 -1.28425723100924e-004 3.06656288862330e-006 
-3.34780966166199e+007 -2.06937865448873e+007 4.26658753791646e+005 4.33326935920672e+004 -4.97955124282976e+002 -2.71869839127738e+001 2.96860570521069e-001 7.99178096154060e-003 -1.50920040752128e-004 -2.53579775583116e-007 
-8.69237639084618e+006 -9.78902862226340e+006 1.10824924210212e+005 2.05612020689743e+004 -1.39078263531635e+002 -1.30620521233428e+001 9.79453803197634e-002 4.03382573261237e-003 -6.05476281881202e-005 -2.05814803314283e-008 
-7.61048511902799e+007 1.66858185338160e+007 9.61008405317315e+005 -3.55767781583456e+004 -9.61618596301834e+002 2.39514268501025e+001 3.28899531195231e-001 -8.99045785968855e-003 -4.77885270136152e-006 2.56699330459401e-006 
-6.99268155578905e+007 -1.53744625504333e+007 8.82342053038814e+005 3.14688120943283e+004 -9.55161276166907e+002 -1.79271600330826e+001 4.52374173807650e-001 3.13039846096461e-003 -1.44162312314502e-004 1.18572207840875e-006 
-2.66416704973990e+007 -7.97217083051896e+006 3.36095949243400e+005 1.64081533062218e+004 -3.68815593216820e+002 -9.58066441990405e+000 1.82687301407656e-001 1.97790181310286e-003 -6.47267387799726e-005 3.92716791817367e-007 
1.32843432693813e+008 -9.48647587823926e+006 -6.38254029199684e+005 6.87867908692734e+003 2.70046118094921e+002 -1.00236586933024e+000 -5.43611281947570e-002 -1.16567776267694e-004 6.14171934513585e-005 -5.73238573957629e-006 -7.18805138094075e-007 2.64833857104685e-007 -9.57673204055915e-009 
6.07219051370014e+007 1.68007868303591e+007 -2.91686768806503e+005 -1.37634115472260e+004 9.50438094027715e+001 3.69560391724179e+000 -1.27445028874096e-003 -3.75095275690083e-004 -8.52321059597455e-007 -5.62572473295888e-006 3.95257435883919e-007 7.86224407787597e-008 -2.95363116702226e-008 
2.63192781773542e+007 7.28433278758099e+006 -1.26470588518956e+005 -5.96750146469588e+003 4.12087356294749e+001 1.60247115688771e+000 -4.37205454156336e-004 -1.75013400937067e-004 -5.87590520584478e-006 -1.76921980753032e-006 2.72133946170782e-007 6.17232439589735e-009 -1.19686182516879e-008 
1.09076393783312e+008 -1.41908617003440e+007 -5.30675875274414e+005 1.09683876110733e+004 2.36974634747013e+002 -2.31622238259065e+000 -5.66346709427355e-002 3.38059698766201e-004 1.22558702205049e-004 -2.12145439755606e-005 -6.46530771518691e-006 1.78453782881093e-006 3.56846757841131e-007 
9.14889054469307e+007 1.38380839280974e+007 -4.45303025056052e+005 -1.16581531939109e+004 1.67351776753208e+002 3.45478919594415e+000 -1.94670234383445e-002 -2.49228138230396e-004 -6.42406753022878e-006 -3.08085491543046e-005 1.36883424423131e-006 2.00960304186344e-006 -2.09867924233746e-007 
3.96589227136092e+007 5.99975778063669e+006 -1.93074996029395e+005 -5.05469464863986e+003 7.25605104593492e+001 1.49833980531740e+000 -8.38069583582374e-003 -1.54360191169053e-004 -7.29654778441859e-006 -9.86511976067515e-006 7.86204978990640e-007 6.24544869282093e-007 -9.14530152431914e-008 
1.44581016413263e+008 -2.37503243725660e+007 -8.66652691234229e+005 2.95334296790922e+004 1.87023037397550e+002 -1.61037013364329e+001 2.49738999843245e-001 3.63327929396166e-003 -2.46616961556246e-004 2.81999030516054e-006 -1.03134783920978e-008 
1.50573670680048e+008 2.24459147275744e+007 -9.00796554106819e+005 -1.62485435931097e+004 6.71516484434028e+002 -3.08816043969541e+000 -2.65393725179474e-001 8.13346576098116e-003 -3.18262428698037e-005 -5.21256118613858e-006 2.37850587165653e-007 
6.51430891732994e+007 1.09376148213710e+007 -3.89715782129311e+005 -8.25174631881481e+003 3.02932295419491e+002 -9.80773946420486e-001 -1.28423171285907e-001 3.63856614575341e-003 -7.94992515805419e-006 -2.54992345934437e-006 9.30561324141846e-008 
-4.07300301259417e+008 -1.56845536460823e+007 5.30553561722289e+004 3.12304392254081e+002 -8.11519926881158e-001 -9.19546780711380e-004 6.06913914012957e-006 2.90822311038284e-008 
6.14915240912828e+008 -7.96953914143332e+006 -8.00650259142438e+004 2.15834934587598e+002 6.74307035727037e-001 -2.23702265387084e-003 2.53891413472929e-006 -6.04655600956571e-008 
2.73499752436897e+008 -3.03385684392415e+006 -3.56122604849455e+004 8.49070538305111e+001 3.08818248729328e-001 -9.36716860345341e-004 8.89242108807113e-007 -2.10001371019622e-008 
6.40197430400622e+008 1.13462353510730e+007 -1.21316249296105e+004 -3.69400629669588e+001 1.12317611676001e-002 2.40422462887355e-005 5.49140000094529e-008 
-1.23952030543709e+009 5.43108432022044e+006 2.34926499323343e+004 -1.49603299410315e+001 -3.37989560499698e-002 1.21515839229445e-007 -1.06507089330942e-007 
-5.39454637680570e+008 1.75501741167211e+006 1.02241514383308e+004 -4.58883238733826e+000 -1.44417403673993e-002 -9.73102142013249e-007 -4.25194626228542e-008 
4.59952359624694e+008 9.22500283758245e+006 -1.18624027668831e+003 -3.88130603806413e+000 6.56914466607557e-004 4.20417771491644e-007 
-2.62699110908619e+009 1.01157061751060e+006 6.78902429271443e+003 -9.35953950309967e-001 -1.32829746967367e-003 3.21725407320050e-007 
-1.15705552197736e+009 3.12519813997644e+005 2.99030334048895e+003 -3.55465844407039e-001 -5.90320887878005e-004 1.36306000816423e-007 
1.09255027116232e+009 7.24222511499657e+006 -7.52154212872915e+002 -8.33864191378751e-001 3.45591905480048e-005 3.14156488243953e-008 
-4.04792928332891e+009 1.78693513417712e+006 2.78691056671969e+003 -1.88316151767542e-001 -1.65300720701696e-004 3.61382702271822e-010 
-1.68404374349335e+009 5.51134047525133e+005 1.15937443071055e+003 -5.63303732925197e-002 -6.83944684285247e-005 -4.20118564528599e-010 
-2.87799805141820e+009 5.94556931291697e+006 2.09101410676531e+003 -7.39273473116391e-001 -2.11549251518536e-004 8.69512111009593e-008 
-3.37245444319998e+009 -4.99065005106184e+006 2.44992273232195e+003 5.82887320255249e-001 -2.61868783493089e-004 -5.18277272777438e-008 
-1.85316463129538e+008 -3.34874781321128e+006 1.34536452835703e+002 4.04737310124799e-001 -1.94540712267791e-005 -4.49685837572318e-008 
-3.02184636810292e+005 -1.01683008261693e+005 1.65020295542544e+004 7.39865715172603e+002 -8.36556615979771e+001 -3.05940981038642e-001 1.48787099587518e-001 -4.77999728333525e-003 3.06899902373984e-004 -1.65631028225411e-005 -1.89492354185792e-006 2.21014305654605e-007 -3.70368689691996e-009 
1.90683394356069e+005 -1.20988559428830e+005 -1.07002760390020e+004 1.18681207710523e+003 3.04998896894185e+001 -3.70739434872954e+000 4.65352630099812e-002 1.66336662290142e-003 -1.06099206936493e-004 3.02976357810126e-005 -2.27057879296371e-006 -4.72252100737317e-008 1.16161548906007e-008 
6.97661814791128e+004 -6.80174729338609e+004 -3.93230329565574e+003 6.48340284743707e+002 8.14595304591706e+000 -1.86487854716425e+000 3.55169600714898e-002 4.39042123257079e-004 -2.80992729329720e-005 1.36408672729405e-005 -1.27868081319605e-006 -5.22521361288097e-009 5.45201812749388e-009 
-3.61101803377178e+005 4.37117732020891e+004 1.76800706064784e+004 -4.88112211946144e+002 -6.21443636083553e+001 2.07899255447458e+000 4.50534604300290e-002 -5.05613694558477e-003 -8.99440123229443e-005 1.30511869306346e-005 9.48445895538501e-007 -8.10335474977829e-008 -2.21165159760923e-009 
-8.93608972371714e+004 -1.46492027333816e+005 4.26173975223224e+003 1.15813740696802e+003 -2.86149453752804e+001 -1.99926918183342e+000 9.58661658769261e-002 8.57990086626444e-004 -2.04530848717202e-004 -1.10374907707247e-005 8.63000282433607e-007 5.07898589771332e-008 -5.29551112312423e-009 
-7.31909417423328e+004 -6.86498462058761e+004 3.56230029191650e+003 5.31637821894345e+002 -1.93725029948525e+001 -8.16852881000557e-001 5.13720279955271e-002 2.65012358952124e-006 -1.08564972095115e-004 -4.35601506375614e-006 5.04642457514365e-007 1.83902299794133e-008 -2.80139078321805e-009 
-1.60540314220247e+005 1.48122077752415e+005 7.28840465364295e+003 -1.13826339111504e+003 -2.06576144930896e+001 1.66295094767396e+000 -5.25381633847471e-002 5.38874105791289e-004 3.41699378888626e-004 1.11568876334064e-006 -4.86797128602673e-007 2.92377562362713e-008 -8.03723341576620e-012 
-3.11239854881919e+005 -6.68391136173913e+004 1.44831981905176e+004 4.98257821446665e+002 -4.80377888089975e+001 -2.47264605604626e-001 2.14005328051050e-002 -4.91486422321554e-003 1.28412727295159e-006 1.38296892539501e-005 -5.06838270365733e-008 -8.77002437623862e-009 2.98192093304321e-009 
-1.66072108941472e+005 -2.07391633872105e+004 7.74196170342371e+003 1.50496097508800e+002 -2.54965367265969e+001 2.03168876465192e-002 6.47028768132340e-003 -2.38149466315499e-003 2.91641341135559e-005 6.91915058930583e-006 -6.65863599543608e-008 -1.96891782279717e-009 1.46977101324189e-009 
1.48245204885631e+005 1.48370774520230e+005 -7.41166306633923e+003 -1.24435390955055e+003 7.40360095974844e+000 1.75953133306283e+000 1.02366574513721e-001 9.25593027185843e-003 5.83762752419561e-005 -2.93304827467222e-005 -2.51777998420918e-006 -1.47697810057214e-007 -9.14291108840325e-010 
-3.19605061466708e+005 5.94704279253019e+004 1.56630176848399e+004 -3.22829016103149e+002 -5.70107513468271e+001 -9.13512634550603e-001 -3.78406473871921e-002 3.87396860367317e-003 6.30303819505092e-004 2.62476602065057e-005 2.17655569327156e-007 -9.92168947574046e-008 -1.26776591807791e-008 
-1.44794589096174e+005 4.14760498801631e+004 7.08983722410286e+003 -2.63677890933238e+002 -2.74445032675713e+001 -2.94055440524480e-001 -9.94789182892611e-003 2.66973419096257e-003 3.14430946844069e-004 1.04060345977792e-005 -1.04833308550567e-007 -6.10113843421864e-008 -6.29767341021410e-009 
3.42374178393945e+005 3.52871270872573e+004 -1.98342196266675e+004 -6.40120002738562e+002 8.18810885285346e+001 5.67707192276110e+000 5.57344657723432e-002 -2.83006597559472e-002 -2.53502288549222e-003 4.45099309169557e-006 1.74702978275757e-005 1.31209347385507e-006 -2.68917520967735e-008 
-9.94613814589814e+004 1.52444339740839e+005 5.77231826890591e+003 -1.34412381046765e+003 -6.12564175166818e+001 2.24040627592853e+000 3.94128033322262e-001 1.97331615890697e-002 -1.09820445425920e-003 -2.09754967988470e-004 -8.12090248355721e-006 8.62212072188731e-007 1.27254208512476e-007 
-2.06284494865974e+004 7.77611394360576e+004 1.17946007411003e+003 -7.14549178286913e+002 -2.31548304455740e+001 1.58087511593962e+000 1.97935833662106e-001 7.30307961959109e-003 -7.51531346722379e-004 -1.02546406952667e-004 -2.51913603995397e-006 5.33064688953813e-007 6.01844689155945e-008 
2.50550195252883e+005 -1.24560761861905e+005 -1.66838587954969e+004 1.27683501303152e+003 1.19319279889898e+002 -5.74266354417459e+000 -7.54513194731420e-001 2.78575660813818e-002 5.94783669083511e-003 -1.60311634067314e-004 -5.25009807694742e-005 8.31292994865462e-007 4.88009272119896e-007 
1.93331433107877e+005 1.24522164583689e+005 -1.29441461954345e+004 -1.42091384442285e+003 7.53008322924469e+001 8.52650846313846e+000 -3.22398379862963e-001 -5.99822933630099e-002 1.70266213928351e-003 5.04006251722918e-004 -9.01719979360781e-006 -4.57033237396361e-006 3.00934242745319e-008 
1.15383897965405e+005 5.06912695529221e+004 -7.74980826645987e+003 -5.90252820705947e+002 4.70542807806592e+001 3.70239841235843e+000 -2.21770195072344e-001 -2.70998165293573e-002 1.33463470923754e-003 2.33891963536627e-004 -8.82674398723794e-006 -2.17303905123591e-006 5.56726623772388e-008 
-6.89695872315410e+004 -1.77061612401374e+005 4.42812954218915e+003 1.77469196532857e+003 -5.68816605179212e+001 -6.15658614149159e+000 5.33017353952632e-001 1.52984466854992e-003 -3.65195728843899e-003 2.19082844827494e-004 1.41441856013945e-005 -2.59109509123532e-006 5.16581761349141e-008 
3.04951458848426e+005 -1.83941679300623e+004 -1.94797406327245e+004 4.04067838429398e+002 1.05555621743389e+002 -4.89570799266148e+000 -2.42508452365942e-001 4.15084525931528e-002 -1.07350321528383e-003 -2.36072588014630e-004 2.27881599752564e-005 4.12312109901839e-007 -2.08250751569160e-007 
1.43450678019274e+005 -2.38124819540735e+004 -9.17922200381237e+003 3.48207839977126e+002 4.70565624416537e+001 -2.92477994920468e+000 -7.44415668825093e-002 2.05094138334177e-002 -8.32830556575892e-004 -9.75020603581246e-005 1.23688034793884e-005 -1.47868678788237e-008 -9.78677405518307e-008 
-3.34801770878341e+005 -7.73096054148713e+004 1.81376489783260e+004 4.50514626708481e+002 -8.46220365077668e+001 1.31097764994802e+000 6.79398359479193e-002 -9.99464336017549e-003 9.22904371693705e-004 -2.58326134562410e-005 -2.95250190312648e-006 3.62589774349411e-007 -1.85325738287982e-008 
1.42669303757433e+005 -1.34121091222254e+005 -7.94883362605450e+003 1.27291525073210e+003 1.00144290926090e+001 -3.26853556809961e+000 1.41589769739547e-001 -5.41157697300329e-003 -2.51322585878530e-004 6.25512453913871e-005 -3.80487235704168e-006 1.07002707680272e-008 1.70742486028820e-008 
4.17564705993663e+004 -7.21178859360811e+004 -2.35944860000140e+003 6.62947373440963e+002 -2.27975072068184e+000 -1.49924853034487e+000 7.53658888244009e-002 -3.48475418713917e-003 -4.61617276433433e-005 2.85240100802092e-005 -2.11517126075837e-006 3.56340186801250e-008 6.83001425435022e-009 
1.23855517946637e+005 5.53797336725506e+003 -1.32998675649674e+001 2.00991470429862e-002 2.94275072759655e-003 -2.60118416863155e-004 3.59607784852669e-005 -3.50301956507840e-006 2.01707278351993e-007 1.83711954763441e-008 -3.59940115993246e-009 
8.73738203834089e+004 2.89074843757591e+003 1.71594609619127e+001 -1.25574227592717e-001 4.51854496925742e-003 -2.14296905663867e-004 8.62715054959310e-006 1.25583929107212e-006 -3.09936714844255e-007 2.31268588601406e-008 -3.12238431003123e-009 
2.90986481760695e+004 1.14783338114708e+003 7.86899209696560e+000 -6.53609239276985e-002 2.09093183823151e-003 -9.29429680822259e-005 8.99372695740701e-007 1.03585579288283e-006 -1.86499544025432e-007 1.31408839608000e-008 -1.29874428168359e-009 
1.34826253965790e+005 5.43313212453960e+003 -1.28584918759321e+001 5.07190488087084e-002 1.63625888050759e-003 7.47518894311929e-006 1.53835312973026e-006 -2.20510072333176e-007 -1.49719884280758e-007 1.76451761712507e-009 6.41227880016664e-008 
9.32885296544858e+004 3.02298822237253e+003 1.59887761166634e+001 -7.42063003234008e-002 2.59765200567826e-003 -4.26674453769406e-006 4.93728095933265e-006 9.14619346774082e-009 2.77783852658943e-007 -6.64028547067362e-010 -9.53436924222085e-008 
3.14551089596202e+004 1.20810343841443e+003 7.23835288315111e+000 -4.22031781637352e-002 1.10119065935906e-003 -6.86641984662276e-006 2.74322001569043e-006 -7.61476428991442e-008 -2.86496690671410e-008 -9.59382074258154e-009 1.44891204911240e-008 
6.40381779993435e-005 -1.92109534522206e-006 -1.47068082871467e-007 2.36125533283104e-007 -4.01055594830307e-009 -9.37198305957621e-009 7.24792692595982e-010 1.19133153353629e-010 -2.03772240342409e-011 1.09631081125327e-012 
2.67443991540905e-005 -2.72660673038624e-007 -3.23063574693769e-007 -2.64989322156009e-009 2.34420472443212e-008 -1.33372043286876e-009 -5.96855161564221e-010 5.79891330779801e-011 1.13498017458389e-011 2.49004998154321e-013 
6.28197771836093e-005 7.96808136474365e-007 2.56217170947760e-009 -1.73530756122222e-007 -1.52310693251155e-009 4.06373429368573e-009 1.92212292715556e-010 7.84223696384797e-011 -1.20096801740037e-011 -5.29647458506683e-012 
2.55341687784143e-005 -3.71695544694471e-007 2.71941361458168e-007 -5.17565356702992e-009 -1.56746455369762e-008 -9.71449364254668e-011 1.90053414148881e-010 -2.23051203986839e-011 -8.35157168472020e-012 1.77177001575354e-012 
6.22140731999333e-005 -9.54821626669137e-007 5.84278784815802e-007 2.96646480764271e-007 -3.10069989287464e-008 -2.48016577568700e-008 -8.83497677662386e-010 1.24666858487328e-009 1.74595665020160e-010 -4.44726551342726e-011 
2.48492088820532e-005 -9.30050642324182e-007 -3.36730437837762e-007 6.94866166086897e-008 4.14266231150882e-008 -1.49563599132105e-009 -2.58715660546354e-009 -1.52056632266514e-010 1.11607996214823e-010 1.29174307091612e-011 
6.35288965647443e-005 6.16908190756798e-007 -8.95204451533809e-007 1.63246644448969e-008 7.76880154152152e-008 -9.35594421647107e-009 -1.89248636404893e-009 7.08246158472482e-010 -6.38431580971329e-011 -2.28341158128701e-011 
2.36355732213984e-005 1.02717384760318e-007 2.44676125870219e-008 -1.29814031999861e-007 9.66521254230372e-009 6.36577715309161e-009 -1.33184130437357e-009 -4.40867280639902e-011 7.30201566220643e-011 -8.53561843959725e-012 
6.01342475251251e-002 1.19333107467473e-003 -4.52374051291746e-004 -5.71251036109698e-005 1.11499639605533e-005 1.25466719446544e-006 -1.82240007824975e-007 -1.40372813164094e-008 2.35697585572649e-009 5.74678542514117e-011 
3.95254075535245e-001 -6.08148193771922e-004 -1.14012991566096e-004 3.02590225665687e-005 3.52821231465956e-006 -5.66276733978542e-007 -5.58259391643038e-008 8.64019549963438e-009 3.85763279484204e-010 -8.86087759295590e-011 
1.79041603044912e+003 9.18814966297343e-001 4.30108845749591e-004 5.18300732312021e-005 -1.04030175432333e-005 -1.15027283251516e-006 1.66705492979133e-007 1.30772954180191e-008 -2.15102216286154e-009 -5.64017115169270e-011 
5.90948041398046e-002 -1.86194440053415e-003 -3.95822491769650e-005 8.57754499660755e-005 -2.55495734814723e-006 -1.39299760394221e-006 7.40425788058470e-008 1.22936626764520e-008 -3.87969932735527e-010 2.91910401076689e-011 
3.94329125812445e-001 -4.76928506333754e-005 1.91570563340228e-004 -1.33011864799155e-006 -4.47980762596007e-006 2.07869713140519e-007 5.43569548662389e-008 -2.61835152283769e-009 -2.22554250298217e-010 1.01440279190089e-012 
1.79225687212307e+003 9.21668791778068e-001 3.05302490942421e-005 -8.11023933279566e-005 2.37013154932440e-006 1.29979848843166e-006 -6.73308989251684e-008 -1.12788099311067e-008 3.75472122836646e-010 -2.63016781527489e-011 
5.70923061917866e-002 1.89706594461343e-004 3.65685075567586e-004 -7.63161871096414e-006 1.37969510377847e-007 6.61107952192906e-007 -2.48918362173000e-007 -4.27748472697446e-008 5.88437045255253e-009 1.93144748544004e-009 
3.95228674186761e-001 7.71067713096395e-004 -6.22516990668685e-006 -1.49812262038682e-005 7.88670387257322e-007 -3.81069805189594e-007 -6.63413518652505e-008 1.68027871973082e-008 3.62738657646045e-009 -2.32253178514000e-010 
1.79409852327798e+003 9.19670790039826e-001 -3.50552252563820e-004 9.13796735840667e-006 3.31559085912416e-007 -6.30161333314382e-007 2.17100847244850e-007 3.87835947230390e-008 -5.11248322935267e-009 -1.72981409235575e-009 
5.96703550748830e-002 2.05540938408416e-003 -5.61948417786321e-005 -8.67407384401647e-005 -3.14209868715726e-006 1.90133717981711e-006 9.14144048826185e-008 -4.04653664066297e-008 1.91307022779443e-009 5.01259282040531e-010 
3.96101183993811e-001 -6.15434662179646e-005 -1.90236751815900e-004 -1.66498032705898e-006 5.12152289798225e-006 2.73139684496386e-007 -1.10478309468133e-007 -1.07699210137902e-009 2.03551858170926e-009 -2.54942534418576e-010 
1.79593583962753e+003 9.17979416514297e-001 6.86959831420967e-005 8.04662353050112e-005 2.56213553535157e-006 -1.72160270830408e-006 -8.29595126711916e-008 3.61934824214555e-008 -1.63420564346969e-009 -4.53269686918055e-010 
