4.66050110261018e+007 6.73330267965180e+006 -8.52805703317294e+005 -4.22267843930437e+004 -4.06550916596425e+002 3.91348741964597e+001 4.61266536328746e+000 2.70044886182620e-001 9.50565448937011e-003 -3.41206382612177e-005 -3.57973097446564e-005 -3.21952434920018e-006 -1.73472627201890e-007 -4.54583337327866e-009 
-3.06949668776523e+007 1.27388429858764e+007 5.33534443977721e+005 -2.41877806516154e+004 -1.71595091782149e+003 -7.48387781072085e+001 -1.74146988469316e+000 7.30282958952906e-002 1.16319360957737e-002 8.12673420314699e-004 3.45742728670976e-005 3.40639149708271e-007 -9.45709994198248e-008 -1.02931424592473e-008 
-2.11819359039587e+007 6.10766432209290e+006 3.73400489194041e+005 -8.54476193419018e+003 -8.74530734079585e+002 -4.40350583062965e+001 -1.40835861984959e+000 1.10242483488825e-002 5.22863941762957e-003 4.37668749327277e-004 2.21797391767533e-005 5.15644726898030e-007 -3.25412365466012e-008 -5.02749226801901e-009 
5.16392837131892e+007 -2.11331860797750e+006 -1.34509400632913e+006 -3.34503691513257e+004 2.20232184306637e+003 2.54354282950276e+002 1.19748525199160e+001 -1.31274466692182e-001 -6.88769234900351e-002 -5.49508636882152e-003 -1.35342003671595e-004 1.76901036329078e-005 2.42770677375636e-006 1.28617053430490e-007 
-2.27710121860368e+006 1.52588432379277e+007 2.64438832759404e+004 -6.40094266799564e+004 -3.10451085686470e+003 -1.58674161595028e+001 1.10880132722903e+001 1.00838380241920e+000 3.45973212667897e-002 -2.02753105002708e-003 -3.68862871503460e-004 -2.30511589015004e-005 -7.50460721385291e-008 1.25893492016761e-007 
-6.52202592090672e+006 8.37072181915500e+006 1.53532427703607e+005 -3.07271956849364e+004 -1.88668911872080e+003 -3.48379054644788e+001 4.68216483934774e+000 5.52286925493514e-001 2.56204524640228e-002 -5.13597376396837e-004 -1.83020652560429e-004 -1.41474156020775e-005 -2.91699750499511e-007 5.39226730683563e-008 
3.61032730958784e+007 -1.34246761040635e+007 -1.33557780854664e+006 5.02519227503438e+004 7.91589432930303e+003 1.09443037393356e+002 -3.96897309298254e+001 -2.85652840113306e+000 1.14827770705255e-001 2.75033510741660e-002 7.32115057038697e-004 -1.74265116198987e-004 -1.64256247290724e-005 4.46421938859690e-007 
2.54974970935682e+007 1.16732621111444e+007 -9.76129041265453e+005 -9.20447811709666e+004 1.41429171180932e+003 5.17505766140814e+002 1.86756277022429e+001 -2.30026864927493e+000 -2.57900089943402e-001 2.02182855926473e-003 2.08991772270693e-003 1.08381650093538e-004 -1.04882115422281e-005 -1.54988195475510e-006 
9.92615993927856e+006 7.62760751096317e+006 -3.83031177740301e+005 -5.43787375683958e+004 -6.48910986847196e+001 2.65110308916292e+002 1.40900506536374e+001 -9.32757288046775e-001 -1.49671830603267e-001 -1.77040225334946e-003 1.04056344901916e-003 7.59587808706152e-005 -3.90047371913953e-006 -8.74219614740015e-007 
1.85364075821388e+006 -1.97823548947871e+007 -1.01971684231459e+005 1.32852360895993e+005 -6.66736784677119e+002 -7.40099418865945e+002 1.42879354843115e+001 5.07432091165566e+000 -1.84570658850312e-001 -3.86113650598165e-002 2.16480138040755e-003 3.06884652878328e-004 -2.44157936131331e-005 -2.47057942274553e-006 
3.83323351134420e+007 6.19742516098722e+005 -1.61104517907735e+006 5.65572948513123e+003 8.56242977737198e+003 -1.33332878567067e+002 -5.28494231727775e+001 1.69902149526498e+000 3.81997150983250e-001 -1.95775987990890e-002 -2.95275038102565e-003 2.18563804941694e-004 2.32887574406247e-005 -2.41557325772190e-006 
2.03329681257499e+007 2.38169565921728e+006 -8.50057157189353e+005 -1.07476207760446e+004 4.64317575045773e+003 5.47770110373945e+000 -2.97131259957338e+001 3.81715556873248e-001 2.23193007903661e-001 -6.45669855023996e-003 -1.80172907196667e-003 8.49516565787243e-005 1.49713858516532e-005 -1.03435316220916e-006 
-1.06200373100344e+008 2.35195631364798e+006 1.34931581088229e+006 -5.79183030286100e+003 -1.43751760158081e+003 5.91966137151510e+000 6.45777797106433e-001 -4.66095140486257e-003 -1.81700103481257e-004 3.07660647319401e-006 
-1.32423113313373e+007 -2.18629187233114e+007 1.59133905844097e+005 4.61752273741453e+004 -2.12862687554706e+002 -3.00076030019909e+001 1.69900182045794e-001 1.01687054681481e-002 -1.16542052569900e-004 -2.48144077615104e-006 
7.62607118696374e+005 -9.98611233616068e+006 -1.37609594519079e+004 2.11439796517998e+004 -4.83602577340563e+000 -1.38770966489125e+001 3.55949119984168e-002 4.87052576654463e-003 -4.09448579309627e-005 -1.31131334665672e-006 
-9.11888095984646e+007 1.24916755838165e+007 1.14830023271172e+006 -2.70576717634784e+004 -1.17764040460886e+003 1.93053259620063e+001 4.51952101878124e-001 -8.52801740777407e-003 -5.86356400926178e-005 3.32814335394174e-006 
-5.40101766957636e+007 -1.84750606654812e+007 6.73958778317744e+005 3.82781096905194e+004 -7.51635513015033e+002 -2.29983236226609e+001 3.92771576299448e-001 5.54144431885018e-003 -1.56567307360771e-004 1.87980272495589e-007 
-1.85307445293884e+007 -9.10317833683662e+006 2.30613224102857e+005 1.89359064695340e+004 -2.63710056918913e+002 -1.15699687318043e+001 1.48142491872032e-001 3.03292899345709e-003 -6.67391708077181e-005 -1.24539594994266e-007 
1.08373304283965e+008 -1.41945578932719e+007 -5.30415978588023e+005 1.09745397840173e+004 2.36843350727654e+002 -2.31210711044758e+000 -5.63268705100244e-002 -2.82865591811425e-004 1.05235404661710e-004 2.78914295806506e-005 -5.63338436980113e-006 -2.20759313578178e-006 3.37975544860173e-007 
9.06827574447693e+007 1.38288034189713e+007 -4.45540005760513e+005 -1.16525791629327e+004 1.67483456031726e+002 3.45625451100703e+000 -2.10593244241164e-002 -5.96544471760661e-004 1.21079406630107e-004 -3.46756270257947e-006 -8.66484456487465e-006 -8.58231177260737e-008 6.45042867168019e-007 
3.93314014460593e+007 5.99444287545684e+006 -1.93130630465162e+005 -5.05124566694457e+003 7.25991644419229e+001 1.49790432229644e+000 -9.01699752883501e-003 -2.19468204964996e-004 4.37035359363080e-005 -4.69573811481590e-006 -3.22868864026207e-006 2.12633500549160e-007 2.49691061261986e-007 
7.62007559721678e+007 -1.78506676712011e+007 -3.77742364911940e+005 1.43230850005660e+004 1.77715846241080e+002 -3.56630529917382e+000 -4.86698443846321e-002 3.36087933735249e-004 4.99683606182634e-005 2.78458968221619e-006 -6.80095752541165e-007 -3.16506680622933e-008 2.14236622570818e-008 
1.14368740751991e+008 9.75576851527506e+006 -5.67112602392627e+005 -8.45201758499582e+003 2.30330234546265e+002 2.74507188459192e+000 -4.06732286242120e-002 -5.30797122469352e-004 5.06507645296442e-005 -3.27536501617350e-006 -8.96569259427159e-007 6.08186831274228e-008 1.53167814311510e-008 
4.95986808001922e+007 4.22887575840472e+006 -2.45831020028364e+005 -3.66387688540782e+003 9.98417671997548e+001 1.18990350238660e+000 -1.74992159272775e-002 -2.26639824569457e-004 1.56298423237643e-005 -1.64455569733374e-006 -2.38203228917290e-007 3.60007171129487e-008 3.44938831193264e-009 
-5.46886695810076e+007 3.36674903793851e+007 3.11994811585031e+005 -3.01953082695651e+004 -4.78007863509289e+002 4.70775998015815e+000 3.26341345734608e-001 5.63073583909848e-003 -5.67871973815090e-005 -4.82551022163126e-006 -9.48243457621683e-008 
-1.96212923758712e+008 -4.47844906285585e+006 1.13065750702115e+006 1.21307830308370e+004 -4.70152202206132e+002 -1.24892616197597e+001 -6.50763970513533e-002 5.45596976574430e-003 1.78329054380098e-004 9.93439541699131e-007 -1.83890388483653e-007 
-8.84950770120853e+007 -2.96212366230852e+006 5.10188911900749e+005 6.37855300384475e+003 -2.02755187621686e+002 -5.85552534358278e+000 -3.86517521718916e-002 2.34996798179278e-003 8.31526134227899e-005 5.59003133898273e-007 -7.94279383810752e-008 
-2.00307880535738e+008 -1.76620535366179e+007 2.70098269498060e+004 3.83088966824744e+002 -6.30718135888590e-001 -1.96098840290930e-003 7.87244089197419e-006 1.60243009530554e-007 
6.87525354038380e+008 -3.65277456582906e+006 -9.30355667497517e+004 1.34523949400395e+002 9.47610034026356e-001 -2.24343585558367e-003 1.08831288540221e-006 1.79606096371185e-007 
2.99574240106804e+008 -1.13569051749173e+006 -4.05351192383837e+004 4.83355820484150e+001 4.21526388638833e-001 -9.13793643829881e-004 1.56088565344308e-007 5.16412142955557e-008 
1.42454481574314e+009 -7.08956472869389e+005 -3.11628390546200e+004 -5.41047209885063e+000 5.54492481241818e-002 3.85784183241885e-005 -1.46769882805575e-007 
1.97211933250819e+007 1.23059048573578e+007 -4.40422472504580e+002 -4.49877122253547e+001 -1.64209184284152e-002 4.29819341011826e-005 1.48307395046809e-007 
-5.32116965625799e+007 5.11346950615900e+006 1.16008730727779e+003 -1.83485983279187e+001 -9.16626232857169e-003 1.60477640968213e-005 6.94272364767232e-008 
1.50260179139279e+009 -8.13737384092719e+006 -3.84687566452670e+003 3.20803468656040e+000 1.13459087417829e-003 -3.05595201438557e-007 
2.29685825835848e+009 3.99974512453394e+006 -5.87899341831756e+003 -2.11759571976603e+000 9.38530003336863e-004 4.16777683627671e-007 
9.84708453224030e+008 1.86685594671860e+006 -2.52045000028612e+003 -9.72808211174013e-001 3.94230786744988e-004 1.84550425564309e-007 
4.46883671579091e+009 -1.39694192347506e+005 -3.17568194285861e+003 -3.24065270861309e-004 1.89972168758526e-004 5.67040331751365e-009 
9.06328319786247e+007 6.99471024682493e+006 -6.44409849532754e+001 -8.28709652856655e-001 2.48051907174367e-007 2.49547657941058e-008 
-7.41603549869071e+007 2.86645000506278e+006 5.26750012597499e+001 -3.39194968501100e-001 -4.49720332163189e-006 9.49256659502440e-009 
2.85602493492590e+009 6.52881823184439e+006 -1.22182537200397e+003 -2.74424484322594e-001 1.30548492985208e-004 -2.16114172066263e-008 
-3.93792639136803e+009 3.04776156755520e+006 1.68472658804708e+003 -4.80636394631288e-001 2.29017549616395e-005 2.24020968268492e-008 
-2.08941922903878e+009 -1.01600006588287e+006 8.93903447662236e+002 -6.72680679890851e-002 -3.19921304095847e-005 1.35504653752836e-008 
2.37878590908155e+005 1.21518396493196e+005 -1.27817561880995e+004 -1.22518929054060e+003 2.43307414577217e+001 3.63476576407896e+000 2.15318616912157e-001 6.28133561696976e-003 -8.19001044349465e-004 -1.02920859677949e-004 -4.72309997968064e-006 1.33121972320687e-007 4.26437196020156e-008 
-2.50701164690115e+005 1.02705412582241e+005 1.33231424224165e+004 -6.91397578039241e+002 -6.86255141384275e+001 -9.98794221001975e-001 7.53493428604291e-002 1.52830078420330e-002 1.01889751136471e-003 1.17719777429550e-006 -5.23511115101346e-006 -5.07638163727299e-007 -1.77289960580957e-008 
-1.30141911817430e+005 5.84537001328690e+004 6.91101314099574e+003 -4.04926137871338e+002 -3.65807190047964e+001 -4.46212024519444e-001 4.60908607664891e-002 8.41655371055490e-003 5.31137145334714e-004 -1.89255061196711e-006 -2.94778147686748e-006 -2.71324047032844e-007 -8.54727789955351e-009 
3.41519476169758e+005 -2.56674155458325e+004 -2.19111444241723e+004 -1.53841401305040e+001 1.31951479783356e+002 4.42851286205900e+000 -4.81650626708693e-001 -5.53021355027196e-002 4.91234145092127e-004 4.61283640689790e-004 2.10814659394693e-005 -2.74350422876453e-006 -3.38840909676831e-007 
2.18099747433699e+004 1.57483732709500e+005 -1.38897300931154e+003 -1.66113804636663e+003 -2.51742999008390e+001 7.26332659928061e+000 4.74914646548276e-001 -2.02098700381227e-002 -4.61449278107516e-003 -9.02457983945874e-005 3.28474097640260e-005 2.59196611100093e-006 -1.41640088369406e-007 
1.97450603795838e+004 8.45662467221485e+004 -1.28368370840495e+003 -8.99897168375991e+002 -1.03363441262313e+001 4.04221500471784e+000 2.44996673711577e-001 -1.22960728138987e-002 -2.48444224824141e-003 -3.75185267137612e-005 1.82869798087013e-005 1.33510159398496e-006 -8.49170778155503e-008 
1.40392152232700e+005 -1.64962159044209e+005 -9.48274637794270e+003 1.86918861589057e+003 4.80524988692027e+001 -1.10835519695245e+001 -5.89874973132117e-002 7.64128835178526e-002 -1.49003883709016e-003 -6.03133554853124e-004 2.85731038067172e-005 4.78345091888439e-006 -3.94130560655464e-007 
2.66319581501355e+005 7.28658234998098e+004 -1.80619844903710e+004 -7.10442702535362e+002 1.26877243814841e+002 2.17417271689392e+000 -7.85390727800396e-001 4.52512088899968e-003 5.95078047329705e-003 -1.89770698113706e-004 -4.76781674487900e-005 2.97655228218587e-006 3.70801409310839e-007 
1.47107401503883e+005 3.53899186755472e+004 -1.00025534881194e+004 -3.38159349685511e+002 6.99046840132805e+001 9.03394136950198e-001 -4.26639856359437e-001 4.32027867917805e-003 3.18356865568285e-003 -1.17429212839750e-004 -2.50974172250359e-005 1.72735572721596e-006 1.90978569502791e-007 
-1.94915859712323e+005 -1.52711459145133e+005 1.14158509503797e+004 1.27347078643117e+003 -8.58929879660205e+001 -9.51042825862215e-001 3.55038089986154e-001 -2.71430304866050e-002 9.50055537067785e-005 1.74402462986887e-004 -1.48670621760958e-005 6.09466202178443e-008 1.00597484529005e-007 
2.63681126588385e+005 -7.32838226532346e+004 -1.55562587753817e+004 9.27144471220782e+002 5.43417273037823e+001 -5.22785446874482e+000 1.54020861541013e-001 1.32245943353083e-002 -2.21208505819137e-003 9.35372482883014e-005 7.13109950831609e-006 -1.23993279224634e-006 5.67396376959861e-008 
1.37526477999440e+005 -4.33281670507844e+004 -8.12386951522546e+003 5.34017339654751e+002 2.72958647428857e+001 -2.85787450026737e+000 9.19540587815783e-002 6.50027227889294e-003 -1.19454535703679e-003 5.48684188849891e-005 3.49558060234708e-006 -6.69390024983271e-007 3.31528235457975e-008 
-3.76847477191748e+005 -2.31640876614307e+004 1.87257202327581e+004 -1.60660453723253e+000 -6.70514019156491e+001 1.37725089081897e+000 -2.23821611897946e-002 -2.44629349588397e-004 4.44206508009703e-004 -3.66533108943381e-005 8.73161071013030e-007 4.01950307582987e-008 -7.07096922512527e-009 
3.40366444957515e+004 -1.44894680011218e+005 -1.91803336469854e+003 1.18765631301260e+003 -9.93225347209719e+000 -1.69644250680363e+000 6.33241505350572e-002 -6.00630497776644e-003 2.99732054358920e-004 9.84308394354935e-006 -1.84425317183332e-006 1.08063498156705e-007 -4.71090131156629e-009 
9.09082100721891e+003 -7.87468907075563e+004 -5.55777291650553e+002 6.42730915777574e+002 -7.13557190752535e+000 -8.88838292199799e-001 3.38921264135172e-002 -3.24747240711508e-003 1.72968740457425e-004 4.41919425791463e-006 -9.77146422147223e-007 5.94777944144064e-008 -2.71783992593600e-009 
-2.85008511233371e+005 1.10289965638752e+005 1.31183776930715e+004 -8.69667688582372e+002 -4.13262208839530e+001 1.41464356466869e+000 2.53788232379528e-002 4.50136505147979e-004 -1.66557597553509e-004 2.43943253122964e-006 9.00935093951382e-007 -1.44212690379923e-008 -1.57652853829579e-009 
-2.29359000296162e+005 -1.08176648900590e+005 1.04206064092453e+004 8.02785946590273e+002 -3.65962134350840e+001 -1.12599196526552e+000 1.86029260004456e-002 1.11785855141800e-003 1.85121356354598e-005 -1.31429280890618e-005 2.47811118078589e-007 3.54358211251043e-008 -6.67399738362321e-011 
-1.30571216540099e+005 -5.54540234535193e+004 5.97133997570387e+003 4.10872068183958e+002 -2.09677753456834e+001 -5.72891879730473e-001 1.10002201851106e-002 6.15811027630436e-004 5.65423133574015e-006 -7.03511943312362e-006 1.57815806202761e-007 1.88037961556496e-008 -8.11661175108417e-011 
1.08191485873970e+003 1.64604750200976e+005 -2.52022906514286e+002 -1.27492672026700e+003 -7.95412107272936e+000 1.84779405770825e+000 1.27256063240825e-002 1.01687766356994e-003 2.42621870656753e-004 8.76965753132934e-006 -7.26715563466468e-007 -3.72762419292489e-008 -4.25478985873652e-011 
-3.39871221864261e+005 2.25570042583101e+003 1.58983709354790e+004 6.88054075654045e+001 -5.31596658044682e+001 -5.40055028478534e-001 1.55459384508034e-002 -1.52850939314720e-003 -7.30171624890560e-006 1.48073270987056e-005 7.22935173625771e-007 -1.30736206150586e-008 -1.90962468839584e-010 
-1.82622799814976e+005 5.58000766710059e+003 8.56901960323434e+003 2.01182990839245e+000 -2.90050371323525e+001 -2.37897751958869e-001 9.05609978078764e-003 -7.95119197883918e-004 2.62963572784002e-006 8.22441653399327e-006 3.69668164442897e-007 -8.16989133018756e-009 -1.07924743671529e-010 
2.80290651040716e+005 1.02262173205986e+005 -1.49741611448405e+004 -1.06343880726860e+003 3.91063480193222e+001 3.36860646210257e+000 1.34339210419058e-001 4.02252994531772e-003 -5.24641079604215e-004 -7.16777420964619e-005 -3.39087723594849e-006 3.11301615914301e-008 2.06293868153191e-008 
-2.16252431802048e+005 1.17549763396282e+005 1.13062574151842e+004 -8.54913754673086e+002 -6.11288483555295e+001 -5.18682908930655e-002 7.99314477621305e-002 1.04512020000531e-002 7.46246941178916e-004 5.63823873268045e-006 -3.18510102547748e-006 -3.08501566550002e-007 -1.44950074625661e-008 
-1.08607071487644e+005 6.60323995134852e+004 5.67900692955295e+003 -4.91382595547750e+002 -3.18809848973636e+001 7.45990694554173e-002 4.70309094001421e-002 5.73224579694484e-003 3.86543436095005e-004 9.78122809977679e-007 -1.81236208140428e-006 -1.65124133040483e-007 -7.20600092133374e-009 
-5.20605522510977e+005 8.76203248927608e+003 -4.85218447185989e+000 -9.40372107400581e-003 1.47251087909750e-003 -6.86492328658291e-004 -9.79021060568852e-005 -6.51461608401214e-006 3.37231871299853e-007 1.78791446912345e-007 2.52639215663448e-008 
-7.66925407012053e+005 -3.64113199034425e+002 2.30608607900983e+001 -3.60201405220553e-002 6.59161277366474e-003 4.51364986361542e-004 -2.16923353746772e-005 -9.29414359635276e-006 -1.29797446782537e-006 -9.91556552870345e-008 7.47871586943690e-009 
-3.09774970458960e+005 -3.37400572720295e+002 1.00452061456388e+001 -1.72590766723860e-002 3.45252226477089e-003 3.07266763436234e-004 -1.45935109281706e-006 -4.28807535313838e-006 -7.28306893084789e-007 -6.88814100137195e-008 1.37657319852338e-009 
-5.03121470586619e+005 8.72145514070612e+003 -5.56941710748501e+000 -1.57809431040559e-001 -1.17119507576019e-002 2.33900713226697e-003 4.27611994896012e-004 -4.50840896082172e-005 -1.42050951679960e-005 7.47902660583668e-007 4.65369618907939e-007 
-7.67469319771495e+005 -1.79725316015788e+002 2.31062544361858e+001 -1.30099091015487e-002 -1.54016093604634e-002 -1.99415472582566e-003 3.09358030740439e-004 6.69200997755871e-005 -5.99586010377063e-006 -2.22249805542416e-006 8.74856721026919e-008 
-3.10369329208546e+005 -2.56845840283820e+002 1.01606279893044e+001 1.09545123005844e-002 -7.02907548705135e-003 -1.31240716297281e-003 1.20980433594224e-004 4.04225230892139e-005 -1.73078554733259e-006 -1.26215263358521e-006 -1.49501594460383e-009 
1.35040293853435e-005 -9.50315543305952e-007 -4.70590613314658e-007 1.88642309106170e-007 7.24255973318417e-008 -1.61183946331962e-009 -3.71564504734384e-009 -6.70976426196292e-010 5.92221390380348e-011 4.67669011936329e-011 
4.35355358678518e-005 -4.61003850186827e-009 -2.90532604082596e-007 -1.08786738382141e-007 1.52197673530032e-008 8.55501332098089e-009 6.30325114856489e-010 -3.35033070519716e-010 -8.73107258006943e-011 6.17216464874435e-012 
1.44502482100120e-005 2.25726087198886e-006 -2.40542399503634e-007 -3.59632186885097e-007 5.16667238750385e-008 2.10198326100625e-008 -5.28634565434451e-009 -5.24930857303866e-010 3.30514430307626e-010 -5.54696139203699e-012 
4.23946465126887e-005 -3.38132268498683e-007 4.21012476014139e-007 -4.97078960969497e-008 -4.27403105778879e-008 7.47535208553878e-009 1.79960862084477e-009 -5.78696698762148e-010 -3.83647235220572e-011 2.80101888047032e-011 
1.51466936650928e-005 -7.61044232345903e-007 4.44271264453014e-007 1.49632035823513e-007 -3.14752121044720e-008 -3.08633426078646e-009 5.39593144695212e-010 -4.58641447471764e-012 4.24167158752284e-012 1.92640071132503e-012 
4.18737023096344e-005 -7.92968772857431e-007 -2.22783792002227e-007 6.35495640830860e-008 1.12452228248275e-008 -2.36654658623522e-009 -1.51772878529721e-010 4.82980907420660e-011 1.10492366671237e-011 -3.94891723999083e-012 
1.67311064663423e-005 1.47671447702330e-006 -4.73939567391902e-007 -1.45053039084778e-007 2.63125752422988e-008 6.40327673426438e-009 8.33168191176344e-011 -4.70906598428774e-011 -1.24110619897671e-011 3.94476185167913e-013 
4.08368235149042e-005 1.63885029699855e-007 2.06348211198905e-007 -6.83529954321749e-008 -1.63807112556006e-008 1.31143187995442e-009 3.10532335999710e-010 -1.94374749177527e-011 9.57452091861515e-012 5.48240364154396e-012 
1.65204817092380e-002 7.55295692729578e-005 5.29821069124909e-004 -1.55824646107164e-005 -1.33679533189870e-005 1.02460499634225e-006 2.94730090220371e-007 -7.14797010031536e-009 -6.67787740550839e-009 -8.38247583763044e-010 
3.82934737301608e-001 8.12837186722479e-004 2.13144732028843e-007 -3.37239652356079e-005 1.88963454187838e-006 7.10069440374380e-007 -4.98601773836175e-008 -1.72994272808589e-008 -7.48884054149512e-010 3.02841283201172e-010 
4.73408285749193e+003 9.19805882984011e-001 -5.08697292672687e-004 1.47699588664253e-005 1.27942189861925e-005 -9.13266897168321e-007 -2.75338974506347e-007 5.23775969322098e-009 6.01376883328054e-009 7.92266332824935e-010 
1.92580557236327e-002 2.18457303592917e-003 -1.77163123674812e-005 -4.43044477087453e-005 -2.92442515342856e-006 -8.45381142290418e-007 2.37702176531792e-007 3.19501203912779e-008 -1.08166260933857e-008 1.13766095119791e-010 
3.83841314035020e-001 -2.21706671342588e-005 -1.49135864603548e-004 -2.27616267709581e-006 2.36959021513421e-007 3.62280579268764e-007 7.76312947131443e-008 -2.02635210360557e-008 -1.04829071429390e-009 7.59032871464677e-010 
4.73592001403888e+003 9.17821892576866e-001 3.09089172542199e-005 4.32886782282748e-005 2.23801102727502e-006 7.72135418857703e-007 -2.07790384531241e-007 -3.07927871010423e-008 9.77979490060926e-009 -3.88265582679489e-011 
2.15441295983329e-002 -3.63762496619305e-004 -5.34884714570925e-004 8.59773552172560e-006 1.31939360365092e-005 3.35829571278594e-007 -1.77708347625585e-007 -5.95139704020184e-009 1.21139153070800e-009 6.31388535087530e-011 
3.82904841054942e-001 -7.56810653857546e-004 4.07640640116988e-005 3.48935987833346e-005 2.84128173172599e-007 -6.06231813663585e-007 -1.88060048590160e-008 6.25410852722181e-009 1.67307995309095e-010 -1.75122836553016e-011 
4.73775771739525e+003 9.20307750688773e-001 5.05308850858177e-004 -9.77724600578602e-006 -1.22812623385245e-005 -3.03879510414748e-007 1.63856347101291e-007 5.70107519739788e-009 -1.13136376678565e-009 -5.97414468431264e-011 
1.88345043200969e-002 -1.54773904654770e-003 3.69837594958362e-004 7.51974227704284e-005 -1.08660266821747e-005 -1.26961627429217e-006 1.56577041635846e-007 1.55078585595241e-008 -7.21395569714654e-010 -2.68457153022400e-011 
3.82568327284987e-001 5.31971512303923e-004 1.65373889736576e-004 -2.59039070599335e-005 -3.81364920395343e-006 5.25652567371215e-007 5.49891397659455e-008 -4.76272586561343e-009 -4.65525980873970e-010 -4.09014165482002e-012 
4.73960017396677e+003 9.21390117359695e-001 -3.55702900249296e-004 -7.12575891657892e-005 1.01759069391097e-005 1.19013102058669e-006 -1.43936790583223e-007 -1.41696261043782e-008 6.86993981838607e-010 2.17279306130021e-011 
