6.21515587333788e+006 1.32900008078502e+007 -8.58707371916109e+004 -2.77634440824198e+004 -2.95457430568221e+002 -1.46154156176982e+001 -5.16261916442020e-002 8.15761410361655e-003 6.64354171489597e-004 4.23443633179212e-005 1.58428295896280e-006 6.54701310407477e-008 1.45648507847739e-009 1.75111721408382e-011 
-6.00889433066459e+007 2.76593225967545e+006 7.27692292663061e+005 2.06629914101795e+002 -3.30527586986449e+002 -1.03124064365900e+001 -7.45095217401741e-001 -1.75110083071404e-002 -7.48205272484267e-004 -7.54897411043510e-006 1.82474983423636e-007 3.77689260988504e-008 2.39765735083353e-009 1.13401317588774e-010 
-3.27264309022153e+007 1.01126722525287e+005 3.97645126757215e+005 2.98706011503518e+003 -1.45960954520041e+002 -3.99473770425332e+000 -3.92695492757542e-001 -1.01999715136977e-002 -4.68542252268826e-004 -8.42026657154356e-006 -6.66714856148462e-008 1.33933173785642e-008 1.12997027325053e-009 5.87620108718101e-011 
3.09819183639496e+007 1.11680127810760e+007 -4.56893590925477e+005 -3.47520834491107e+004 -5.61155446564772e+002 -8.70405793934396e+000 8.29059838460505e-001 7.27625557949362e-002 4.17275289103043e-003 1.75789869308869e-004 4.66230578696072e-006 -3.56929724052950e-008 -1.52594188389756e-008 -1.23376185929433e-009 
-4.88060850052701e+007 8.48446565231410e+006 6.87910852282461e+005 -7.92052313919283e+003 -7.69765889890405e+002 -3.68499773361534e+001 -1.56751613237634e+000 -3.78823037154549e-002 5.37041369860783e-005 1.00904366241158e-004 8.10883065031353e-006 4.48012887075133e-007 1.78615586876751e-008 3.91397277500512e-010 
-2.92640053688938e+007 3.37594845292490e+006 4.14836154664386e+005 -6.30507982516223e+002 -3.53080884894687e+002 -1.87841335402627e+001 -9.23300240118921e-001 -2.77766743721803e-002 -4.03664222410220e-004 3.56908936532467e-005 3.84882014411626e-006 2.43035661719429e-007 1.11230828415707e-008 3.36926716937943e-010 
4.82330986133605e+007 5.69075577909196e+006 -9.27302973485164e+005 -4.29937276913170e+004 -2.65219177301427e+002 5.73491821930972e+001 5.80081272557036e+000 3.12489127355735e-001 8.62703804919308e-003 -3.12389174926017e-004 -6.05411687644225e-005 -4.52118503011090e-006 -1.95529283204337e-007 -8.81871577894735e-010 
-2.68288721755755e+007 1.33273656204475e+007 4.87203905553256e+005 -2.84594712458710e+004 -1.94155380355568e+003 -8.01625758487854e+001 -1.31164610212523e+000 1.38258338243196e-001 1.64200827783679e-002 1.01363794922556e-003 3.38264074848031e-005 -6.48847878250805e-007 -1.94118564406923e-007 -1.61278834099693e-008 
-1.93097247128038e+007 6.53064132043818e+006 3.56355377098996e+005 -1.07488760739494e+004 -1.00973637527704e+003 -4.87666027032836e+001 -1.30175078735321e+000 4.14822187909264e-002 7.87805582777925e-003 5.73873300767003e-004 2.43436281149081e-005 1.21828909243257e-007 -8.34424945715916e-008 -8.52446151476015e-009 
5.06095764786288e+007 -3.71136218685947e+006 -1.39765147561421e+006 -2.73503107834653e+004 3.00128193189783e+003 2.93921656304507e+002 1.06529352121099e+001 -5.21913909344549e-001 -9.87666474716925e-002 -5.81106948610293e-003 3.99275755712408e-005 3.76075322900017e-005 3.20790668031835e-006 6.72297587671691e-008 
2.18946993216745e+006 1.52104240207181e+007 -9.19299352422382e+004 -7.11966109301261e+004 -3.08135471635766e+003 3.05763666607858e+001 1.54610906237555e+001 1.13179589725837e+000 1.74281596140570e-002 -4.58913040278345e-003 -5.07627299792395e-004 -1.91569515061347e-005 1.29892422907965e-006 2.38295238861927e-007 
-4.05270872541807e+006 8.51079735227256e+006 9.57051097090957e+004 -3.52007786505155e+004 -1.95709483458063e+003 -1.41197951254687e+001 7.15583234105407e+000 6.58705241186060e-001 1.95440394710660e-002 -1.84949858698741e-003 -2.75321617709519e-004 -1.41306759320612e-005 3.61528311398162e-007 1.20336128839063e-007 
-4.87240042553116e+007 -2.15191333283223e+007 6.18190438538135e+005 4.60231893940791e+004 -6.57821968107185e+002 -3.14009545350092e+001 2.94876813972773e-001 1.26152608150534e-002 -8.34836796800013e-005 -4.74989687863943e-006 
8.44576750352039e+007 -1.05598724929133e+007 -1.09533141271412e+006 2.22972487177863e+004 1.19542751001821e+003 -1.45246493738433e+001 -5.88362120227187e-001 4.99232663769885e-003 2.18516929485790e-004 -1.31307623819372e-006 
4.10782674348696e+007 -3.39041430901909e+006 -5.32010381972730e+005 7.12243532062989e+003 5.79563593556675e+002 -4.54982208880281e+000 -2.83416339424875e-001 1.44839517029262e-003 1.03618943162803e-004 -2.90306165198216e-007 
-8.52237119027128e+007 -1.45880881464229e+007 1.08814956089617e+006 3.09711341847949e+004 -1.18865633830009e+003 -2.05353711552273e+001 5.87071589714679e-001 7.52878625874672e-003 -2.19967461531348e-004 -2.36264311458571e-006 
5.56345797431807e+007 -1.79538705903030e+007 -7.24912494228076e+005 3.83938773967756e+004 7.78864585393248e+002 -2.62443523365403e+001 -3.62305840001812e-001 1.06084841349459e-002 1.15959219382854e-004 -4.04316709661938e-006 
3.04172708628405e+007 -7.15620092877537e+006 -3.95049670032808e+005 1.53182048697465e+004 4.25687746666161e+002 -1.05110512553580e+001 -2.00176113045280e-001 4.29758486576853e-003 6.60998000334123e-005 -1.67021621098018e-006 
1.56533328300751e+007 -2.07402156999999e+007 -8.13273751695724e+004 1.71550786574557e+004 4.52983225702527e+001 -4.82693869400440e+000 -1.76400886609428e-002 1.04311211131579e-003 4.86461503287192e-005 7.72979580191028e-008 -8.64738722309220e-007 -1.97298078428027e-007 -4.05011084559681e-008 
1.32913084624952e+008 2.02191485604351e+006 -6.65500032954417e+005 -1.94026093760348e+003 2.87399858530519e+002 8.08543230587509e-001 -6.13576298130742e-002 4.91445488799317e-005 -3.68085120177508e-006 -1.28066580685355e-005 -1.16502440464299e-006 4.31027517894148e-008 5.52571662536459e-008 
5.76336615034216e+007 8.76461728085217e+005 -2.88464887776131e+005 -8.41145434910094e+002 1.24573458274861e+002 3.50184992990901e-001 -2.65236823651716e-002 5.37899838581181e-005 -4.19445813149465e-006 -7.05941193742529e-006 -5.73679322170341e-007 4.07745770053547e-008 3.06186033001592e-008 
-2.58220256153180e+007 -2.05625031143196e+007 1.25650928997944e+005 1.70950092709746e+004 -5.30446973534296e+001 -4.90541272702621e+000 1.01623609455296e-002 1.21930696790731e-003 1.76930608160820e-006 -7.35346996895818e-006 1.51234802922593e-006 -1.17292778924718e-007 -8.17581603513411e-008 
1.31614842244673e+008 -3.31634513294211e+006 -6.60923643586968e+005 2.70539237460078e+003 2.88324299120366e+002 -7.31551044825301e-001 -6.30665167202855e-002 1.92720153540344e-004 -6.08361177191367e-005 6.45007806183290e-006 1.08876382147406e-006 -6.55979659404758e-007 1.31262515099710e-007 
5.70710274527870e+007 -1.43744474495022e+006 -2.86482834624660e+005 1.17253236218871e+003 1.24975043558607e+002 -3.16972512440425e-001 -2.71992930599952e-002 7.33013508006045e-005 -3.34984335357399e-005 3.88796028606226e-006 5.33245107297277e-007 -3.40646762469634e-007 7.21402642142434e-008 
-2.23446591779367e+008 1.38747738228805e+007 1.00412658417122e+006 -5.73609677375571e+003 -3.54193767067293e+002 -3.55698148352291e+000 -2.98539897514686e-002 9.99087948573366e-004 3.50229757681975e-005 6.85213913480350e-007 1.01252222352565e-008 
-8.53441913940127e+007 -2.54162008404754e+007 3.82272212119066e+005 2.08357755380352e+004 2.56625276038634e+001 -2.62048965758662e+000 -8.03525693428237e-002 -1.52613008479401e-003 -7.26917719628666e-006 3.07510747279448e-007 1.54221621076585e-008 
-3.31028915785187e+007 -1.20315682818829e+007 1.48277252261458e+005 9.71161876216318e+003 2.13175895195860e+001 -1.10608477146376e+000 -3.60497696560721e-002 -7.26897577333614e-004 -4.26881214574355e-006 1.23372247618466e-007 6.51162302449170e-009 
7.11134962133536e+008 -5.19828755989511e+006 -1.10975749037058e+005 1.37188618456814e+002 1.64670284696575e+000 -1.58314328307549e-003 -1.55048403097244e-005 -2.15584921116664e-008 
1.93652593373708e+008 1.66840381771056e+007 -3.02925228219099e+004 -4.33327330056231e+002 4.61899856880102e-001 4.83330384463515e-003 -5.53166542191948e-006 -1.48674415800906e-007 
6.56969030334433e+007 7.27763119045359e+006 -1.02829554792943e+004 -1.89073775674957e+002 1.57907001595644e-001 2.11084730592780e-003 -2.03375537956205e-006 -7.73010283861930e-008 
-6.86304554508338e+008 -1.22404661478976e+007 1.74123908484096e+004 4.96065752794279e+001 -5.17448430682466e-002 -7.58226632127259e-005 2.29376221646782e-007 
1.07097852788916e+009 -6.46580341203485e+006 -2.71988337569207e+004 3.08103345146775e+001 6.04597420652850e-002 -7.29332133149201e-005 -2.77487243081172e-007 
4.71927709616233e+008 -2.14349204096397e+006 -1.19847621901038e+004 1.05898356780603e+001 2.72067806071730e-002 -2.67982723871282e-005 -1.12804901298491e-007 
-3.92285859697966e+008 -9.39251842613766e+006 1.10219233761663e+003 4.49348730527989e+000 2.67462751860082e-004 -6.74613340302474e-007 
2.56084914393660e+009 -1.65030122725677e+006 -7.20921064392611e+003 2.36299262779712e-001 1.77483636097899e-003 4.57033685942936e-008 
1.12711956631952e+009 -5.90029816813952e+005 -3.17300810617354e+003 4.02361539880882e-002 7.72264749403526e-004 3.06582091445869e-008 
4.16788666118313e+009 -2.72633862618344e+006 -2.97668300825613e+003 3.14719608095713e-001 1.93800854377186e-004 2.85927356415537e-008 
1.51029733768331e+009 6.51494887490150e+006 -1.07875321073972e+003 -7.77907020972668e-001 6.87347175038405e-005 6.53586774796969e-009 
5.14407977850500e+008 2.73447633936793e+006 -3.67430259805927e+002 -3.26214458729285e-001 2.32691597341977e-005 1.67161492674560e-009 
4.10019453519866e+009 5.40316449678215e+006 -1.44830360524623e+003 -1.02173667176698e-001 7.62361813839257e-005 -2.08323490543447e-008 
-3.17505497571271e+009 4.20933393557651e+006 1.12153363228322e+003 -4.15247671897022e-001 4.93565479088313e-005 1.21112080232353e-008 
-2.22621390493634e+009 -3.14344593049312e+005 7.86385275397164e+002 -9.89064681105627e-002 -7.77931689465911e-006 1.32175366615052e-008 
-1.43071832971082e+005 1.52863384484893e+005 6.58360416051871e+003 -1.16048074954530e+003 -2.36109898011412e+001 1.69169973659216e+000 3.61357765145564e-002 -1.18416181603594e-004 -1.65063489603212e-004 8.51493084214828e-006 7.18163968972585e-007 -2.20687000346889e-008 -2.18633190143454e-009 
-3.43369533170253e+005 -5.57931472137484e+004 1.56755415106850e+004 4.37196100255575e+002 -5.14598795931234e+001 -8.73265111126025e-001 2.42849852408105e-002 2.00939695709522e-003 -5.97239658277912e-005 -1.11946795181543e-005 5.44987339077432e-007 3.69862779707403e-008 -3.13724593886803e-010 
-1.12689960256088e+005 -2.13675566474271e+004 5.10881378913087e+003 1.66440071730643e+002 -1.66114893768285e+001 -3.20483187333417e-001 7.16389166235915e-003 6.70869068633853e-004 -1.69973469394982e-005 -3.87951206512094e-006 1.68355034430035e-007 1.26958193573231e-008 -6.19375030052136e-011 
1.68560643220638e+005 1.46252284161404e+005 -8.35782471006861e+003 -1.22733387436569e+003 1.72258009133042e+001 2.32686481312184e+000 2.57763762568869e-002 1.65495398510004e-003 2.14144894292320e-004 -2.39261645179995e-006 -1.41371315758140e-006 -4.86759151068112e-008 9.38958427896183e-011 
-3.23521488648834e+005 7.55465085928422e+004 1.55444542814485e+004 -4.81747207390224e+002 -6.04826633420913e+001 8.14392989014437e-003 3.67090226880829e-002 -3.39725467165437e-005 1.44825566713844e-004 2.19133178429582e-005 4.36959772214100e-007 -4.74123429654552e-008 -1.90466680782879e-009 
-1.11687738598518e+005 2.25707005472697e+004 5.34258655420774e+003 -1.37012107229115e+002 -2.04036000464108e+001 -4.53594865147185e-002 1.14430745873215e-002 -4.34163094411470e-005 4.44448792923586e-005 7.36515894393164e-006 1.73445236487297e-007 -1.47828830812221e-008 -6.34756737875013e-010 
3.53411589385494e+005 2.90355517627830e+004 -1.97224412641326e+004 -5.21776309637650e+002 7.56227710482734e+001 3.70750876932274e+000 5.49976577137110e-002 -7.35531643094371e-003 -1.24997125396033e-003 -7.07094598524268e-005 1.18837659613284e-006 4.79436676592241e-007 3.76865201801541e-008 
-7.77467331839186e+004 1.60720138055686e+005 4.16009324353458e+003 -1.38178655654612e+003 -4.58113014327478e+001 2.10045803791540e+000 2.05703283514133e-001 1.34553938738000e-002 2.33125131683014e-004 -6.54034055461313e-005 -6.84345515202533e-006 -2.34399571902030e-007 1.62280387039866e-008 
-3.29015911855935e+004 5.32341270392275e+004 1.77106879981055e+003 -4.50071633319775e+002 -1.67661157865391e+001 6.20154157600445e-001 6.74816134426436e-002 4.65375356776073e-003 1.03405075360833e-004 -2.04106608150879e-005 -2.30978895707428e-006 -8.80984694195643e-008 4.65092820036959e-009 
2.51957435928259e+005 -1.27860079298562e+005 -1.64696492507651e+004 1.18624815506299e+003 1.18820493797039e+002 -2.52204753168242e+000 -6.83981677198246e-001 -2.04913776932102e-002 3.66824560607569e-003 3.55671382014973e-004 -1.03002585012385e-005 -3.49874038253078e-006 -1.04915492021708e-007 
2.19207318576948e+005 1.20692557775483e+005 -1.42761960068542e+004 -1.41352598390395e+003 6.45559994288235e+001 8.49907231897090e+000 2.63919077233852e-002 -4.90000501594977e-002 -2.87721862542755e-003 2.20168035056928e-004 3.48685224945168e-005 7.33891845754404e-008 -2.91864802009269e-007 
6.85159405894244e+004 4.29500332883253e+004 -4.43993705562992e+003 -4.95239187611641e+002 1.90971372282580e+001 2.88505979904180e+000 2.29135619553511e-002 -1.59409419007764e-002 -1.03592573610282e-003 6.62900866969547e-005 1.18569545230005e-005 9.57581818678367e-008 -9.53615790152717e-008 
-7.36445112265087e+004 -1.79690372591045e+005 4.83594862785034e+003 1.90839975281326e+003 -5.36824382158881e+001 -9.35320686916579e+000 5.25813753112729e-001 4.84599587982541e-002 -5.16471461855993e-003 -2.70793215147632e-004 5.07715849403191e-005 1.15910517962958e-006 -4.93702571455357e-007 
3.12169837246918e+005 -3.32023499977759e+004 -2.07042945560380e+004 5.18326618876164e+002 1.29181910234596e+002 -5.10138485558719e+000 -6.19284872928231e-001 4.97776721639604e-002 3.43479537365293e-003 -4.88155879067469e-004 -1.76609293806374e-005 4.78025450755254e-006 4.26687354404997e-008 
1.06236142012610e+005 -7.42035654367227e+003 -7.01508534442342e+003 1.34057813915503e+002 4.41494306878191e+001 -1.51252283377680e+000 -2.17268254858626e-001 1.56378069346314e-002 1.25191086987953e-003 -1.57542603982773e-004 -6.93063996826802e-006 1.57322294417122e-006 2.42860490664195e-008 
-3.38124913568143e+005 -7.28636126461911e+004 1.90750377486949e+004 3.67105935013001e+002 -9.68451723243773e+001 2.94804152417177e+000 1.29307267642259e-001 -2.93014235638479e-002 1.59804713555954e-003 6.10069648706343e-005 -1.51189234745981e-005 8.61853567096800e-007 3.37414276101671e-008 
1.17787554446285e+005 -1.49244255464952e+005 -6.65816723914103e+003 1.46781834804235e+003 -5.51478566556571e+000 -4.38000709826177e+000 3.39048058891450e-001 -6.52671168397926e-003 -1.68282932758410e-003 1.71429406110219e-004 -3.04058883890066e-006 -9.03405570471227e-007 9.87946052362108e-008 
4.66846518883140e+004 -4.83954747679844e+004 -2.62308366571187e+003 4.81591102523592e+002 1.13533524937983e-001 -1.51724626373091e+000 1.10696273733718e-001 -1.59155924637791e-003 -5.94432299435102e-004 5.60229570352366e-005 -7.09691124671446e-007 -3.19258863780566e-007 3.23196754057085e-008 
-3.32842039456479e+005 7.56344107945001e+004 1.61644417991730e+004 -7.17796221652179e+002 -4.42928781824057e+001 1.58662611909945e+000 -8.13039883247124e-002 5.25013269955942e-003 2.45908150491684e-004 -3.02397836728385e-005 1.60626568444177e-006 -7.23778610145540e-008 -2.38714486295980e-009 
-1.82158844659041e+005 -1.37885505143798e+005 8.66273848739418e+003 1.00685577323597e+003 -3.96024930031508e+001 -4.32365990864169e-001 6.02114548242380e-003 -6.69285443550187e-003 5.11289169919545e-004 -7.07955097596728e-006 -5.88251398505779e-007 1.02646872407554e-007 -9.36839810001815e-009 
-5.37971350090278e+004 -4.77644823989694e+004 2.54150183435239e+003 3.50414284105386e+002 -1.22228437045283e+001 -1.71231217520927e-001 3.56493759810493e-003 -2.35004729681653e-003 1.65534304398901e-004 -1.75731815394181e-006 -2.28137060419358e-007 3.58049543806463e-008 -3.08163078998904e-009 
-8.67126481228579e+004 1.60449263168702e+005 4.15597394452941e+003 -1.22239361186461e+003 -1.87066026840422e+001 1.57924600275791e+000 6.73570384128662e-002 2.66052899202938e-003 -2.92963389644666e-004 -6.56407307433142e-006 6.04582634590579e-007 3.89224782668007e-008 3.07341886296132e-010 
-3.58492014622713e+005 -3.18263832449107e+004 1.65813037073747e+004 2.77789672014661e+002 -5.36465928977303e+001 -9.77926940899841e-001 -3.42219790058546e-004 4.38135038429135e-003 1.48495318979475e-004 -1.46539532081332e-005 -3.67180298001519e-007 1.28589877143709e-008 3.39309476599354e-009 
-1.18221407591543e+005 -1.42380895319774e+004 5.43771647606480e+003 1.19477312400420e+002 -1.73709582843910e+001 -3.59087143491891e-001 -1.88000896414771e-003 1.39948927985556e-003 5.59615898072553e-005 -4.72632183016539e-006 -1.35444822533176e-007 3.35121851559574e-009 1.12455592219236e-009 
-6.84776366536097e+005 4.51517220118632e+003 2.42078629205689e+001 -1.40970627233642e-001 2.54366257114752e-003 1.63493933902912e-004 -2.98712234346756e-006 -6.57946277090265e-007 -8.12776984396027e-008 -7.78432933297440e-009 -6.02757894240076e-010 
-6.74081617841754e+005 -7.18731486138141e+003 1.31680250510023e+001 5.73204221055260e-003 -2.48894555639128e-003 1.48318094470362e-004 1.32648773776017e-005 6.19513353258399e-007 2.95234275480093e-008 -2.58995156924812e-009 -5.31987234951492e-010 
-2.70379655536082e+005 -3.23175522477997e+003 5.11538037996404e+000 5.09926485257845e-003 -1.21231422513182e-003 6.41906907914699e-005 7.23202095438494e-006 3.98468283529686e-007 2.42364808674999e-008 -4.58987271585206e-010 -2.25102070961872e-010 
-6.75557121220985e+005 4.70291446819754e+003 2.28153885618185e+001 -9.43939119801329e-002 4.79748982386886e-004 -7.91428003111044e-004 -1.09408541032943e-004 -5.08074214486090e-006 8.82801775049406e-007 2.47758682173454e-007 2.87426685512007e-008 
-6.88350927097378e+005 -7.08200733596930e+003 1.31660270165868e+001 1.14300139544208e-002 4.31835855403652e-003 3.95248471540633e-004 -4.25621356186631e-005 -1.25011043798389e-005 -1.46332892015288e-006 -4.31428281719102e-008 1.86190432384112e-008 
-2.76802165704086e+005 -3.19073656556261e+003 5.14487662550916e+000 9.49880731407902e-003 2.63635317092397e-003 2.91110820482259e-004 -1.15569908784794e-005 -6.15078347782316e-006 -8.73162298122334e-007 -4.86121658851061e-008 6.96666264119884e-009 
-1.86034040111118e-005 1.39081399066468e-006 8.64108019550435e-009 -1.36622283689710e-007 -2.43129718375444e-009 4.23910168849158e-009 1.51650929401732e-010 -3.99478034541092e-011 7.05558349324662e-012 5.90931120797617e-013 
-4.70550569534317e-005 -7.98869436172874e-008 2.15570106303408e-007 8.31072806740327e-010 -1.19439806168452e-008 -4.55092008711767e-010 1.96587732946090e-010 3.62598993050556e-011 -7.88733906336989e-013 -2.86805242516761e-012 
-1.76213348704143e-005 -1.39363524985092e-007 3.60854127964853e-007 2.19675892770637e-007 -1.04138671892882e-008 -1.43067097250563e-008 -1.54424142718496e-009 3.29256171657129e-010 1.39877720364299e-010 1.01822183346367e-011 
-4.69273246992635e-005 -2.30561307461150e-007 -2.26394344804017e-007 3.18641577815547e-008 2.60779379261455e-008 8.49396345030994e-010 -1.14937842747821e-009 -2.20665027200444e-010 2.25649368881022e-011 1.30984483128870e-011 
-1.54574129581270e-005 1.10301099314475e-006 -7.34983866002170e-007 -1.37112938970742e-008 7.23208947006403e-008 -7.33192578845180e-009 -3.15356787197172e-009 8.67654471188085e-010 5.90146496152858e-011 -5.20336862474733e-011 
-4.69041971665363e-005 5.82646900607422e-007 6.00406974616513e-008 -1.03741793844606e-007 3.83742069986921e-009 6.95339820597124e-009 -9.69675634018332e-010 -2.60864453359750e-010 6.93257597501734e-011 6.20078094159506e-012 
-1.49133235793704e-005 5.73570184789399e-007 4.39337176641753e-007 -3.32237057398955e-008 -2.49617518141222e-008 1.20054965021939e-009 8.61337103754166e-011 3.95117251260715e-012 2.67702734554290e-011 8.57975613554481e-013 
-4.65423632414320e-005 -1.80761376223512e-007 6.29406433292799e-008 5.50151668451104e-008 -3.29254670870921e-009 -1.36543250005416e-009 -3.75910593946805e-012 1.21395678071179e-011 2.31920482603119e-012 -1.52544926060688e-012 
-1.23062072919731e-002 3.20515936072413e-004 -9.03519345785127e-005 -3.64821395971711e-005 2.58161529883054e-006 1.00517691810236e-006 -2.86511378435691e-008 -1.39507934413431e-008 4.58095163117697e-011 1.02599466038554e-010 
4.35599208119089e-001 -1.52452460675788e-004 -6.82198372540610e-005 7.16186982727561e-006 2.76750683685884e-006 -1.32560767468658e-007 -5.48493456547609e-008 7.95802114999116e-010 5.42534012672667e-010 -1.32656755941402e-012 
5.49945250516203e+003 9.19693191569196e-001 7.63973943289852e-005 3.13032397894660e-005 -2.30365520819557e-006 -9.07048267012110e-007 2.62327641055095e-008 1.27287173476969e-008 -3.23564349408548e-011 -9.21284524238479e-011 
-1.27464226457446e-002 -6.89035534802083e-004 -1.59047661409897e-005 3.38749912490782e-005 -3.26157888971288e-006 -1.41076961599451e-006 7.50130233431995e-008 4.14660855284395e-008 2.39774573179532e-009 -6.41540992076822e-010 
4.35224209819649e-001 -1.05074845724472e-004 5.82820901712014e-005 -3.90501065159856e-006 -3.01784557568896e-006 2.81071114781031e-007 1.08233632709508e-007 -1.85451478621989e-010 -2.47169713909871e-009 -3.27826943408963e-010 
5.50129277658017e+003 9.20503713563091e-001 -1.77874073081681e-006 -2.97660052645928e-005 3.36953466578405e-006 1.30440192340098e-006 -7.27796242698836e-008 -3.90165549072515e-008 -2.26023341868178e-009 6.08466231340040e-010 
-1.38925312455776e-002 -4.57957379219058e-004 1.61927439278938e-005 9.64070182764881e-006 5.74071147445061e-006 -5.21549403136635e-007 -2.51968706699769e-007 3.64026410387889e-008 4.25443518174210e-009 -1.61166260398164e-009 
4.35242957704582e-001 8.70370737268838e-005 2.15057826226696e-005 6.35742670786811e-006 -8.24590598186331e-007 -5.93627178137972e-007 6.17697433061350e-008 1.59214907608376e-008 -3.44753747333857e-009 -1.03575319548486e-010 
5.50313353801264e+003 9.20287077502250e-001 9.63279573435365e-007 -7.32252573021152e-006 -5.69854816528476e-006 4.81467773999036e-007 2.39557115806442e-007 -3.45348843994420e-008 -4.02171063404208e-009 1.52675716506081e-009 
-1.41335888692018e-002 3.02539154862356e-004 9.39692453664049e-005 -2.78944213754143e-005 -4.87012279274167e-006 6.13285492448227e-007 9.35891065967655e-008 -5.73048640793892e-009 -5.50520879412923e-010 -5.62725101469090e-011 
4.35487525255084e-001 8.42198515645964e-005 -5.86337051725344e-005 -1.03354734135758e-005 1.85742382489593e-006 3.24906201603699e-007 -2.95426370847166e-008 -3.70990015262339e-009 6.07349467874707e-011 7.39760226077346e-012 
5.50497361447069e+003 9.19702042698429e-001 -8.01134662647097e-005 2.34710244828281e-005 4.41318627565609e-006 -5.50031018397280e-007 -8.54458440371698e-008 5.35699629734161e-009 4.80977323154952e-010 5.12190440180072e-011 
