-1.87816728975228e+007 1.27538118260360e+007 2.20021756592400e+005 -2.52696407864756e+004 -3.27653582748432e+001 -1.20459457858838e+001 -1.49048535864695e-001 3.44155892121943e-003 -2.43182565123948e-004 2.09275932844619e-005 -2.51326048160951e-007 3.25166690862137e-008 -5.02953706093378e-011 2.54261763197793e-011 
-6.03962955736944e+007 -2.81275757789076e+006 6.98969553959457e+005 4.57493680086172e+003 -2.74101316607820e+002 3.78868155940949e+000 -5.48979420673929e-001 2.05506397757878e-003 -5.45950050107336e-004 -2.11210885270804e-006 -1.62317900221694e-007 -9.05803139833676e-009 6.28407421780437e-010 -1.48657608637668e-011 
-3.02196035465054e+007 -2.82360417099860e+006 3.50607480270848e+005 5.06223049411010e+003 -1.43035992886397e+002 3.27207972005404e+000 -2.77833563070609e-001 7.41269806105041e-004 -2.66462141967970e-004 -3.29667095282928e-006 -6.06742122099940e-008 -8.20807546913815e-009 3.40909812246306e-010 -1.05665178822558e-011 
7.50680085069681e+006 1.32726872185187e+007 -9.48687336822248e+004 -2.78898589532523e+004 -3.03264697370250e+002 -1.46478183929757e+001 -4.53076904148749e-002 8.74032052879050e-003 7.05963544241962e-004 4.40817433232338e-005 1.66275160924992e-006 6.73749169308089e-008 1.47942504201319e-009 1.43165257240247e-011 
-6.03079966020967e+007 2.92509623576045e+006 7.27701634461351e+005 6.22508160560964e+001 -3.36121326561307e+002 -1.07956356989933e+001 -7.58438263141591e-001 -1.81565827362815e-002 -7.55521150483054e-004 -7.33506391404935e-006 2.28488600219423e-007 4.09462056429884e-008 2.56069713555895e-009 1.20828060224379e-010 
-3.28952779308073e+007 1.87915639851550e+005 3.98582743503086e+005 2.92293821999373e+003 -1.48141892974009e+002 -4.24959752128801e+000 -4.00480044035356e-001 -1.06052536216026e-002 -4.76762021960221e-004 -8.48590056737159e-006 -5.02124359644897e-008 1.48939072085245e-008 1.21471729243027e-009 6.30667393049253e-011 
3.21606759345262e+007 1.10705698544972e+007 -4.68128982920261e+005 -3.49911218100174e+004 -5.65658712924015e+002 -8.15540555181832e+000 8.84878147756229e-001 7.64096967354689e-002 4.34496878647337e-003 1.80794259083672e-004 4.61072103285976e-006 -5.63165027410695e-008 -1.70520242612191e-008 -1.34001143185753e-009 
-4.87138706430567e+007 8.63437357673414e+006 6.85258006953568e+005 -8.25544803803121e+003 -7.89719165010390e+002 -3.78666968298665e+001 -1.59596658428180e+000 -3.78022975128771e-002 1.54785458956836e-004 1.09864191933113e-004 8.65070749882362e-006 4.71401660735537e-007 1.83957728306430e-008 3.69032977280955e-010 
-2.92549388000635e+007 3.46609271332623e+006 4.14582118059337e+005 -7.84792466236970e+002 -3.63277097781486e+002 -1.93842437699327e+001 -9.44283690616640e-001 -2.81116539023650e-002 -3.67488149172943e-004 3.99602877766077e-005 4.14370153258120e-006 2.57666684839756e-007 1.15939194424642e-008 3.35966570904299e-010 
4.91181220188999e+007 5.49226105777822e+006 -9.41116178294216e+005 -4.30969485304228e+004 -2.33471198039665e+002 6.11509033735357e+001 6.03788817762005e+000 3.19766319991077e-001 8.29585744101423e-003 -3.80054315636590e-004 -6.60192825160835e-005 -4.77394301008012e-006 -1.95955169491982e-007 2.73908871365049e-010 
-2.64757642867598e+007 1.34328100628110e+007 4.77855226196403e+005 -2.93003878754805e+004 -1.98462353325982e+003 -8.09714242420944e+001 -1.20281416500022e+000 1.52741071622209e-001 1.74151253595166e-002 1.04954734038611e-003 3.29218251539633e-005 -9.12317238481014e-007 -2.17420217925185e-007 -1.73188537295096e-008 
-1.91309340995794e+007 6.60748760725474e+006 3.52789453817835e+005 -1.11876134543111e+004 -1.03603945746305e+003 -4.95925672473231e+001 -1.26815340006871e+000 4.84668238351599e-002 8.44399445586624e-003 6.00065659298795e-004 2.44277232744606e-005 7.26679452385389e-009 -9.58458288708657e-008 -9.28053272932944e-009 
1.05132511286810e+008 -4.52668521524274e+006 -1.31389742194242e+006 8.54629580234998e+003 1.35227628833389e+003 -3.03666467052379e+000 -5.28965173830850e-001 -1.72807728070668e-003 8.23074179144437e-005 1.92607366914378e-006 
1.94180460482118e+007 2.13563222163818e+007 -2.55570548208340e+005 -4.43780610972459e+004 2.18648173479765e+002 2.70104899078594e+001 -1.29953273483498e-002 -7.02195291614124e-003 -6.22173530751781e-005 3.62065824843286e-007 
2.10426071707002e+006 9.89724906940186e+006 -3.18913691078841e+004 -2.05111384254186e+004 1.28481383279506e+001 1.23470421175558e+001 2.76146323946152e-002 -3.05060748235365e-003 -3.32053400132008e-005 4.11168369755971e-008 
8.61464573233274e+007 -1.42689773692156e+007 -1.08579211964998e+006 2.89968255276783e+004 1.16248984729117e+003 -1.59488645855513e+001 -5.29741253991357e-001 2.04365153917626e-003 1.51736271426713e-004 1.62789494156067e-006 
5.84685237852746e+007 1.72816815947455e+007 -7.49536867274861e+005 -3.66455902757776e+004 7.38742800333416e+002 2.41376924127575e+001 -2.33221912914360e-001 -8.47635871872128e-003 -1.79330102334560e-005 2.14362402676068e-006 
2.08790975729371e+007 8.67992687004721e+006 -2.68610335010125e+005 -1.83251683906979e+004 2.58900991513004e+002 1.18710979208556e+001 -7.14393111072605e-002 -3.94362310950119e-003 -1.76583255940870e-005 8.62733260715487e-007 
1.19159645396931e+008 1.22491036018517e+007 -5.45252185367228e+005 -9.69788062324062e+003 1.88916010467812e+002 2.29607851871953e+000 -1.29611271611654e-002 -3.37232123537885e-004 -9.25572683433515e-005 -5.83552675138076e-006 2.98678776825590e-006 9.39495839760054e-007 6.13187754622150e-008 
-8.57457342003677e+007 1.48332180805264e+007 3.87182468595002e+005 -1.10047763232978e+004 -1.53323274532388e+002 1.96179574933975e+000 2.26430638454242e-002 -1.90802960666342e-004 3.56667225849594e-005 1.41255372010859e-005 8.02754092601334e-007 -4.74807840844851e-007 -1.75973214369612e-007 
-3.71610567258335e+007 6.42914300423311e+006 1.67828590374509e+005 -4.76997411755661e+003 -6.64602909551173e+001 8.49903041524217e-001 9.83191875532449e-003 -4.34315036841977e-005 1.71194070562560e-005 4.27961698768224e-006 1.43308411345411e-008 -1.88059731809274e-007 -5.37667590421852e-008 
1.38965804523305e+008 7.47632958502872e+006 -6.42042869991926e+005 -6.32917819435273e+003 2.30771563720217e+002 1.86553484324182e+000 -2.16301177042766e-002 -6.32521950639688e-004 -1.23182532178839e-005 7.76156993320079e-006 -7.84623147300286e-007 1.72026784088983e-007 1.26977973222143e-008 
-5.34273688410813e+007 1.73639225950115e+007 2.41799059923226e+005 -1.31135295956428e+004 -1.08409404167226e+002 2.53353852313715e+000 2.29217046642995e-002 -1.30754544205128e-005 3.20228648723603e-005 -3.67099277946465e-006 1.24531240284886e-007 7.67887308726340e-008 -5.35006113110295e-008 
-2.31532559353187e+007 7.52611322023110e+006 1.04812482671808e+005 -5.68404793817466e+003 -4.69929811271359e+001 1.09806440595124e+000 1.00543323609624e-002 -2.37439322617711e-007 7.63363097386907e-006 -1.40504386051098e-006 1.47313682518350e-007 1.50594945770347e-008 -1.69676036174913e-008 
-2.41191659775717e+008 -6.39322873451530e+006 9.95568844272332e+005 5.55240891344914e+003 -2.38808957231761e+002 -1.00191476727913e+000 -4.31523457082371e-002 -2.33156453491452e-004 5.14447494249798e-006 7.68833448976623e-008 5.79291496189322e-009 
4.82370194109870e+007 -2.70469053794524e+007 -2.03276762358459e+005 1.83535876487746e+004 8.24334388448410e+001 -4.45404445052684e-001 -1.53684262168743e-003 -8.06863929195026e-004 -5.14284671345034e-006 -1.34371442665635e-007 7.57679737573720e-010 
2.86547347792035e+007 -1.22336017529656e+007 -1.20069783791733e+005 8.26887778142815e+003 4.42454004154800e+001 -1.77306980365993e-001 4.58701058388484e-004 -3.63800651907724e-004 -2.48948474801982e-006 -6.23574652495118e-008 2.27523539830571e-010 
2.47309489710183e+008 -1.72763373642870e+007 -3.62559479924278e+004 4.39570590819588e+002 1.66744657297701e-001 -4.34224646145524e-003 6.33353905026496e-006 6.38166504163053e-008 
6.58042206750160e+008 6.05387727640524e+006 -9.65519319177630e+004 -1.01743432173312e+002 1.35697779531716e+000 -5.22750819652073e-004 -1.00900368675934e-005 -3.71110327517636e-008 
2.76032121852953e+008 3.01526943833120e+006 -4.05019751556378e+004 -5.43083100723647e+001 5.77586402628266e-001 -1.18057291850195e-004 -4.50415323309207e-006 -1.92129466062189e-008 
-1.09121161220145e+009 -8.83600764766318e+006 2.66545795149288e+004 3.05432947484211e+001 -6.99033202052574e-002 -1.70653836209685e-005 1.16376698332091e-007 
7.54403281201327e+008 -9.97327152370933e+006 -1.84331791727505e+004 4.44439583376520e+001 2.83970825921429e-002 -8.83082361952111e-005 -2.10697259366484e-008 
3.58605260365062e+008 -3.73891856523990e+006 -8.76193521803339e+003 1.70436076743521e+001 1.47404921200694e-002 -3.57506710889858e-005 -1.33606620471435e-008 
-7.45028218295349e+008 -9.14679048873943e+006 2.13225941335296e+003 4.52407731316198e+000 -8.85308089847314e-005 -1.11859916520612e-006 
2.47739918681650e+009 -2.73886836930423e+006 -7.09320617955267e+003 7.85420393151891e-001 1.85928702637394e-003 4.15217580919320e-007 
1.09555660447604e+009 -1.07026201871121e+006 -3.13673802129962e+003 2.80062588183058e-001 8.15722355898219e-004 2.05799528920009e-007 
4.05576148263986e+009 -3.17300169421344e+006 -2.89827428847458e+003 3.72125359633363e-001 1.77406454964379e-004 -5.49125506284456e-008 
1.75458025565056e+009 6.33761707436010e+006 -1.25379714727811e+003 -7.57723003129015e-001 6.71428446636410e-005 2.77042096656166e-008 
6.17185682868275e+008 2.67301404140732e+006 -4.41028246299956e+002 -3.19424798072524e-001 2.29736339767514e-005 1.30239269091098e-008 
4.30131089915416e+009 5.18138301256744e+006 -1.46902516648068e+003 -7.98137670636029e-002 7.15321176803268e-005 -1.39020754045409e-008 
-3.01195164454299e+009 4.37270045769709e+006 1.02861907398952e+003 -3.99673247056774e-001 5.17568857212718e-005 -1.19871063954325e-011 
-2.23590975187215e+009 -1.96539425434720e+005 7.63616749346192e+002 -1.00673629412093e-001 -4.84069359684271e-006 3.90911665056239e-009 
3.55545671722690e+005 6.09722295323244e+004 -1.65745611281548e+004 -5.36483002264834e+002 5.30585947972936e+001 1.14929019762076e+000 -2.09758626000820e-002 9.89938023317610e-004 1.14419153878595e-004 -5.93646733382946e-006 -9.50280508019314e-007 -3.78074991427246e-009 9.95999658034792e-010 
-1.34017969421776e+005 1.45290443709443e+005 6.10122935683109e+003 -1.09588887633197e+003 -2.61800006107594e+001 1.51333640877593e+000 1.95551221114352e-002 -2.57673470432374e-004 1.15978355971418e-004 1.30757391997535e-005 -1.29285521790173e-007 -3.88085597390890e-008 -2.67096159405224e-011 
-7.16287288678320e+004 4.75622406220461e+004 3.28699042827601e+003 -3.53412997344235e+002 -1.28930863324115e+001 4.59339715779509e-001 8.38776717407682e-003 -1.55938814509162e-004 3.35358818673702e-005 5.05049115601654e-006 1.81819940236108e-008 -1.35424533996498e-008 -7.73222745708458e-011 
3.35771048955558e+005 -8.13139391659279e+004 -1.72158284463266e+004 4.80767200532587e+002 7.36089861498063e+001 9.36300746227066e-001 -2.50977969264490e-002 -5.74474245682193e-003 -7.07616473327264e-004 -3.12437978090436e-005 7.59973113347967e-007 1.83410762892450e-007 1.44678811650280e-008 
1.60343547199185e+005 1.36877468888630e+005 -8.45968899090211e+003 -1.23750496765386e+003 1.17993870179454e+001 2.62692584463093e+000 1.06983382175077e-001 6.23864443123607e-003 2.00432377193017e-006 -3.79949165758802e-005 -3.01918561798382e-006 -9.78604804498257e-008 3.25985190646875e-009 
3.43963748803401e+004 5.41651289873757e+004 -1.84757539662365e+003 -4.72615896539334e+002 -7.88918808964383e-001 8.71047306254906e-001 3.98323584136418e-002 2.60892780362541e-003 4.84191844280080e-005 -1.14122051041371e-005 -1.12579328935313e-006 -4.72156776937586e-008 1.83736241792956e-010 
6.83299739028427e+004 -1.75217214145912e+005 -4.14455735756632e+003 1.66833787626527e+003 5.83752718050471e+001 -4.35732605482478e+000 -4.78431251680266e-001 -1.34259296523924e-002 2.08727707219137e-003 2.49380868924985e-004 3.52734610700876e-006 -1.55148021467793e-006 -1.45570748315657e-007 
3.24996111329099e+005 1.81207456675500e+004 -1.98816489351899e+004 -4.54203876989046e+002 9.56852035447607e+001 5.19778043419465e+000 -7.76397867764279e-002 -3.34163313101633e-002 -2.12248726662034e-003 7.50150846171475e-005 2.06242827455760e-005 1.00338810562169e-006 -7.81128346218570e-008 
1.10987182658398e+005 1.82541950773340e+004 -6.79385410499760e+003 -2.74336990834159e+002 3.00968436559944e+001 2.14494510343049e+000 4.72699259176500e-003 -1.09873208797242e-002 -8.96358396664167e-004 9.85903434440247e-006 7.10159373033040e-006 4.61821951415375e-007 -1.79713345558329e-008 
-2.47456960997757e+005 -1.22874258342466e+005 1.67445482879595e+004 1.36959265623669e+003 -1.10712504579545e+002 -7.98517186332757e+000 6.04112354916133e-001 5.74680754300723e-002 -4.12104511849343e-003 -5.09240237925944e-004 3.16292605013603e-005 4.87965294533069e-006 -2.52486190988044e-007 
2.06961498845792e+005 -1.31315286845653e+005 -1.40589295333919e+004 1.43982512590166e+003 9.66483203216250e+001 -7.73873683437746e+000 -6.02028167945825e-001 4.72231304138347e-002 4.94819247215932e-003 -3.48576672938047e-004 -4.60574015033289e-005 2.76400503226692e-006 4.52000649948070e-007 
9.02633085480122e+004 -3.84513744603265e+004 -6.13323489242501e+003 4.19857675950940e+002 4.18832403720963e+001 -2.21348786127452e+000 -2.55067486088545e-001 1.29211346346251e-002 2.03914521345771e-003 -8.96579488888161e-005 -1.85253112488817e-005 6.54169817075022e-007 1.77892965069682e-007 
-3.32450643166118e+005 4.09461645200227e+004 2.04615412820757e+004 -7.04146634357881e+002 -9.74628760993172e+001 6.65913573323568e+000 7.53986102504822e-002 -4.50222928736799e-002 2.47421337271053e-003 1.69627913826129e-004 -2.95754978207337e-005 6.37503283929575e-007 1.95926879014675e-007 
-1.04110631837882e+005 -1.62416570580657e+005 6.40621066971684e+003 1.53109565575246e+003 -7.00754408349210e+001 -3.93357978819654e+000 5.44656316976581e-001 -1.35309694963862e-002 -2.87817928401905e-003 2.82846700804975e-004 3.35535237913510e-006 -2.42935162292355e-006 1.36317970077264e-007 
-1.47269616247025e+004 -6.05739682253590e+004 8.99984485413026e+002 5.92711138070306e+002 -1.83326863486452e+001 -1.85001363190651e+000 1.88635257074487e-001 -1.77481745041318e-003 -1.19113008516670e-003 8.91952205900305e-005 3.19051335021073e-006 -9.07500130831765e-007 3.52831498827941e-008 
-1.26132830109090e+005 1.53677647349823e+005 6.61990693471248e+003 -1.35468940764424e+003 6.17860839793689e-001 2.41784802191637e+000 -1.63166142845064e-001 1.05982715228024e-002 6.01072890940224e-005 -5.60906113116931e-005 4.47762353588022e-006 -1.59802112109298e-007 -9.40171530793076e-009 
-3.34625994399922e+005 -5.91265797011561e+004 1.71856343999983e+004 2.78845423248004e+002 -6.90973135498562e+001 1.64342588170533e+000 -1.88510983953083e-002 -7.75323719456713e-003 9.41602344909442e-004 -3.64205592573662e-005 -1.02632461472410e-006 2.80645081984630e-007 -2.31202874485234e-008 
-1.10682196955361e+005 -3.13944099333552e+004 5.67578795617792e+003 1.91182389349288e+002 -2.46385730859224e+001 4.19213801282567e-001 4.26484291272412e-003 -3.47203215489177e-003 3.31069031266163e-004 -9.17043682268327e-006 -6.67413390134408e-007 1.10636857018378e-007 -7.59292190208969e-009 
1.84657363872883e+005 1.44535584847232e+005 -8.41854156148553e+003 -1.08056098135967e+003 3.03919327806090e+001 1.29234508415055e+000 2.12906250833384e-002 1.07907386195941e-003 -3.20628662328534e-004 7.36552811698866e-006 3.38258820592486e-007 4.52998276555602e-010 8.12645987013221e-010 
-3.16625594447274e+005 7.51150228317734e+004 1.48153209326542e+004 -6.16346957803156e+002 -4.58009480193576e+001 8.21705672583311e-001 2.34481742486714e-003 4.15653318980851e-003 -2.55315087700059e-005 -1.36721958502694e-005 4.25769490837290e-007 -6.63934408771762e-009 2.14926286091798e-009 
-1.25144719238076e+005 1.70680110981278e+004 5.85106779986967e+003 -1.46421720517263e+002 -1.84091505508456e+001 2.02890189090592e-001 -5.38422993347152e-004 1.41145913232382e-003 1.26098709958074e-005 -5.36926297616793e-006 1.28363717436955e-007 -2.37428691981917e-009 7.11685646697637e-010 
3.72551328341621e+005 3.57116346612573e+004 -1.75382457279598e+004 -3.66305086352334e+002 5.91715131060529e+001 1.33939716648582e+000 -3.55502365108847e-002 -2.82421724407291e-003 9.17203537560080e-005 7.72127164719372e-006 -8.13593986332257e-007 -4.62760647655429e-008 1.39358981832602e-009 
-7.91460198030010e+004 1.53037110443965e+005 3.66835793967535e+003 -1.18132129181252e+003 -2.13229309381686e+001 1.85694232436922e+000 6.00096322350601e-002 -5.88522235822250e-004 -1.19606271177814e-004 1.08179962146762e-005 5.47015858356746e-007 -3.85257541872735e-008 -2.93053313927062e-009 
-5.30596531247116e+004 5.22080779022948e+004 2.49280837335535e+003 -3.96862397880498e+002 -1.16597658684630e+001 5.71330805954625e-001 2.39482046139407e-002 -1.55994206866335e-005 -4.88372498908557e-005 3.33595782360434e-006 2.50235864521068e-007 -1.06220750115053e-008 -1.14174103283982e-009 
-1.10937785732982e+005 9.73572617784437e+003 1.18368169177591e+001 -1.03538773539977e-002 -3.45582917387753e-003 7.25682793469629e-005 2.51234763935097e-006 -6.09906822614410e-008 -6.18282748072848e-009 -6.23858078943866e-009 6.79224155475201e-012 
-1.04075245327801e+006 -1.75884020839154e+003 2.33867887634510e+001 1.49390310432048e-001 5.91332520645706e-004 -5.59472744518205e-005 6.33304229879769e-006 1.77391520223330e-007 2.65687254464657e-008 -1.68795300363515e-008 -1.44236664923246e-010 
-4.44643318049888e+005 -1.03322331253332e+003 9.62791083785362e+000 6.52256957129531e-002 4.87289393971485e-004 -3.16522505363720e-005 3.18326189664282e-006 9.93897062070887e-008 1.48562336308368e-008 -6.88227479831574e-009 -6.15254791519757e-011 
-9.13726152168329e+004 9.82910598609757e+003 1.14336654560786e+001 -5.32209883315390e-002 -2.17856019780448e-003 -4.66997562584264e-005 -2.80903472334741e-005 -3.83500698621012e-006 -3.35756006553581e-007 -1.69425652217424e-008 1.85673792574723e-009 
-1.04407726177151e+006 -1.56442991581618e+003 2.52350842218093e+001 1.61677984794751e-001 1.91451887843607e-003 2.50761747148639e-004 2.03838703440552e-005 -6.13501406925036e-008 -2.21324512237215e-007 -5.62531284551765e-008 -4.10925719578537e-009 
-4.46630178360803e+005 -9.52948442635077e+002 1.04553275019374e+001 7.42326863053135e-002 1.18854347224570e-003 1.45547608772117e-004 1.38177540692365e-005 3.62433201488885e-007 -8.34278856645761e-008 -2.67543473385811e-008 -2.37308331559275e-009 
-5.22734034128772e-005 -1.65182658875158e-006 -4.91888722412226e-008 1.64063992004558e-007 1.10849374653412e-008 -4.57706139710932e-009 -5.18601872560953e-010 2.12057108947372e-011 1.52706264572569e-011 6.93523950263329e-014 
-3.21042751180892e-005 4.98598470146496e-007 -2.22488162058592e-007 -1.41308219076959e-008 1.33122337730112e-008 1.09184455088724e-009 -2.34497198333470e-010 -1.15593651337355e-011 1.12965961851210e-011 -7.96195503256494e-013 
-5.30502352534060e-005 7.01015174857047e-007 -3.30653634855487e-007 -2.75946864478317e-007 2.23769303971340e-008 2.22733539090189e-008 4.96492599674980e-010 -1.21209587065014e-009 -1.33652432086668e-010 5.03758660780998e-011 
-3.13879321735268e-005 7.30494740168981e-007 2.76650269481575e-007 -4.75308924740221e-008 -3.46076771312231e-008 1.25481357605483e-009 2.16413331697281e-009 9.62955883987702e-011 -9.59490632462738e-011 -9.24403424627841e-012 
-5.44437299586260e-005 -1.06028906667984e-006 5.32171705220964e-007 5.78871810178851e-009 -5.00864274645876e-008 6.05826719520110e-009 7.25151339569850e-010 -4.21696328997126e-010 9.23905341770413e-011 5.81212965387003e-012 
-3.03571090025431e-005 -4.90194987771281e-008 -6.03243648841261e-008 9.05271545095189e-008 -5.53918632208376e-009 -4.00466983717171e-009 1.00769262092768e-009 -1.61234515046873e-011 -5.54904762679652e-011 8.47004911874281e-012 
-5.58248577134303e-005 -1.32403401295437e-006 -5.16970369813321e-007 2.01015233347719e-008 2.88696973720314e-008 3.07209742936462e-010 -4.24714045164579e-010 -7.53121018245933e-011 3.53882196399293e-012 6.13546168009625e-012 
-2.96539253774756e-005 7.59847277493062e-007 -3.04215498505832e-008 -6.09205254520805e-008 4.63659482968735e-010 1.73608016052542e-009 1.66411761390553e-011 8.79606513699001e-013 3.52493200221315e-012 -1.79443118259273e-012 
-4.52140339065780e-002 4.72897002587372e-004 1.96293538023048e-004 -1.09830637027380e-005 -6.57392367886457e-006 -4.15970369645496e-007 9.63844102551930e-008 1.01260975801639e-008 -4.54954180442090e-010 -8.48118643976780e-012 
4.29145185455893e-001 2.25936473575448e-004 -5.23589002126103e-005 -1.69781242888117e-005 -3.14378053647949e-007 3.68354259302480e-007 3.40003810166278e-008 -3.26903490194824e-009 -3.38786426267743e-010 9.87470614255789e-012 
5.63930481833837e+003 9.19480601534221e-001 -1.89683825042391e-004 8.39979615502650e-006 6.08978216776379e-006 3.88459913565719e-007 -8.74452376171717e-008 -9.04113316092031e-009 4.33262489130779e-010 5.78397429827461e-012 
-4.41035394097571e-002 1.93355927184269e-004 -2.94530494872571e-004 -1.77324541686830e-005 1.19372209778734e-005 6.37901066448911e-007 -3.60635919853922e-007 -3.78087284154956e-008 8.52657379221265e-009 1.91829490839200e-009 
4.28870052754972e-001 -4.98979635219253e-004 -4.30674466430999e-005 2.62674627276406e-005 1.37739343098836e-006 -8.79439699322502e-007 -6.54230422577837e-008 2.37222390631474e-008 3.65720475745372e-009 -4.57733058246363e-010 
5.64114351628601e+003 9.19622336977219e-001 2.58538188231695e-004 1.88301733011613e-005 -1.05128007524322e-005 -6.17323001627850e-007 3.16526130031257e-007 3.43450315166448e-008 -7.38623977813499e-009 -1.71161750708759e-009 
-4.52806479995756e-002 -1.06291754296253e-003 2.86135238270759e-005 1.66727411983586e-005 -3.83986510156794e-006 7.18833374140289e-007 5.82765574856161e-008 -2.82363277885403e-008 2.75765789224958e-009 2.07432462436386e-010 
4.28187765754081e-001 -8.58708800862498e-005 7.52329094605490e-005 -5.86773726964921e-006 3.31527643348535e-007 2.66967165424473e-007 -6.97210371049563e-008 1.23570239873717e-009 1.41714828970048e-009 -2.86452593651629e-010 
5.64298421634892e+003 9.20821628476710e-001 -8.55839668174541e-006 -1.53149298547815e-005 3.18258799639222e-006 -6.24046887310317e-007 -5.34284592682716e-008 2.50164897082706e-008 -2.36298792633936e-009 -1.93688108238751e-010 
-4.66992293024519e-002 -2.18043003671939e-004 1.98972758010658e-004 1.82482936161243e-005 -1.61231958095631e-006 -7.52057236364972e-007 -3.58163403648237e-008 1.02726585928198e-008 8.39575218154496e-010 -4.22336435141795e-011 
4.28466167290887e-001 3.24319081838996e-004 2.11555875277874e-005 -1.05330761564884e-005 -1.81259432691071e-006 -2.85932710113992e-008 4.12351627487547e-008 2.63906525401974e-009 -3.25663410253226e-010 -4.42456910955919e-011 
5.64482531342906e+003 9.20135193922532e-001 -1.81022917665982e-004 -1.85848338747556e-005 1.49000630335023e-006 6.96495588031057e-007 3.24578490763151e-008 -9.43055389692877e-009 -7.67089217237732e-010 4.11033858083829e-011 
