4.78900730542161e+007 5.96726885966933e+006 -9.07614890843116e+005 -4.28258013751507e+004 -3.07674821926553e+002 5.21547059157105e+001 5.47224585513290e+000 3.01825605694311e-001 9.00803397093654e-003 -2.24820403204588e-004 -5.32258832973095e-005 -4.16636143678918e-006 -1.92740712188755e-007 -2.25197443288417e-009 
-2.70900897372550e+007 1.31786930677721e+007 5.00089745620731e+005 -2.72857927503526e+004 -1.88086009325083e+003 -7.89237622028676e+001 -1.45150937748086e+000 1.18906435335954e-001 1.50610399661768e-002 9.61706483845190e-004 3.46844457121377e-005 -3.18534076656094e-007 -1.63618499010224e-007 -1.44848333522969e-008 
-1.94813698278109e+007 6.42190214141691e+006 3.61204336559213e+005 -1.01387864931286e+004 -9.72900434238126e+002 -4.75664643104432e+001 -1.34245932631742e+000 3.22457240040426e-002 7.11240175225131e-003 5.37053324176561e-004 2.40441900682563e-005 2.61561231150818e-007 -6.74349276529727e-008 -7.50467721372659e-009 
5.09682243205544e+007 -3.29171051086833e+006 -1.38492751369477e+006 -2.91362588751088e+004 2.78047412050445e+003 2.84048139915547e+002 1.11610442240250e+001 -4.05745920470000e-001 -9.08122369125473e-002 -5.83441415523767e-003 -1.88114042459789e-005 3.18751283527364e-005 3.05507032825496e-006 9.32565364880388e-008 
1.78994446840972e+006 1.52370637381921e+007 -5.96485183241786e+004 -6.93188056771742e+004 -3.10114454245292e+003 1.68766265626345e+001 1.42677409343620e+001 1.10782618141626e+000 2.32824337269163e-002 -3.83950291676987e-003 -4.74188362001586e-004 -2.11653155843581e-005 8.54947419332354e-007 2.07840119996156e-007 
-4.37221207324346e+006 8.48094933107712e+006 1.11644078775560e+005 -3.40119384500536e+004 -1.94479110388124e+003 -2.04177344353638e+001 6.46550051602224e+000 6.33860147793139e-001 2.18478945761046e-002 -1.44654544583563e-003 -2.51368719438278e-004 -1.46097527337086e-005 1.40153896993784e-007 1.01367702373126e-007 
3.30464138949525e+007 -1.45367730436467e+007 -1.26176427813710e+006 6.38808266498341e+004 8.02567911017100e+003 -2.61970715741541e+000 -4.73842227310944e+001 -2.27469515724332e+000 2.23519662985864e-001 2.85436252378795e-002 -2.67569373243363e-004 -2.46483544803529e-004 -1.09517936357040e-005 1.51724537949536e-006 
2.86801737229228e+007 1.07841059950304e+007 -1.09170824486667e+006 -8.85919618068534e+004 2.56190887900450e+003 5.54738837342036e+002 1.04935923353479e+001 -3.14142412402958e+000 -2.31288361111896e-001 1.17835679417969e-002 2.43185590553496e-003 3.31268575119084e-005 -1.85480169992180e-005 -1.30141939718721e-006 
1.18500259394432e+007 7.26735425546269e+006 -4.52459026832203e+005 -5.39464877110811e+004 5.36975056019687e+002 2.96620647434114e+002 1.05158444184930e+001 -1.44248512516967e+000 -1.46718884645631e-001 3.33721357769904e-003 1.32685709041734e-003 4.32378101949928e-005 -8.77376721278823e-006 -8.52455471396202e-007 
-2.42176125796834e+006 -1.98067507852523e+007 6.66557083546444e+004 1.30432671909688e+005 -2.19081587503475e+003 -6.85563308446364e+002 2.82428465276842e+001 4.22062675382758e+000 -3.11460822428455e-001 -2.68444592450981e-002 3.26592081807805e-003 1.55751780706866e-004 -3.30744238752769e-005 -6.12626152674767e-007 
3.91446872973992e+007 -7.48876967204666e+005 -1.59488591175447e+006 1.99298420417585e+004 8.14299832750211e+003 -2.60343253461201e+002 -4.60242233152365e+001 2.84807873945313e+000 2.86373345471360e-001 -2.96456388352304e-002 -1.71182120520806e-003 3.00157062036317e-004 8.04852642615229e-006 -2.97465984876405e-006 
2.11156117311061e+007 1.65236371426596e+006 -8.58916394897377e+005 -2.86882749761870e+003 4.57711860662984e+003 -6.80399102429687e+001 -2.75133436538939e+001 1.08413570042399e+000 1.85258638112714e-001 -1.30554496571051e-002 -1.25289810421251e-003 1.44208840910374e-004 7.72685439297516e-006 -1.52562334940200e-006 
-1.06010660989411e+008 -2.87542848085101e+006 1.35048523243644e+006 5.41666711590432e+003 -1.45752672729724e+003 -1.85523950796457e+000 6.88029465750838e-001 -1.46066054048352e-003 -2.26600784280469e-004 1.94798341928857e-006 
8.65545308494440e+006 -2.19615478690247e+007 -1.10239332893178e+005 4.66810776853078e+004 8.34534822982085e+001 -3.11355516071728e+001 2.14728328541152e-002 1.15824326308753e-002 -6.21930763046556e-005 -3.65398116011036e-006 
1.05829438823754e+007 -9.70072994303812e+006 -1.35037854792516e+005 2.06633873993435e+004 1.29757108961994e+002 -1.38933372639651e+001 -3.38622107406786e-002 5.30440148236998e-003 -1.36513557552233e-005 -1.76763572860339e-006 
-1.01029911211340e+008 7.79488966220925e+006 1.27717313061890e+006 -1.73310528330779e+004 -1.33671354041120e+003 1.34291801096224e+001 5.59457002243834e-001 -7.15133522550847e-003 -1.19567476063101e-004 3.54428720907181e-006 
-3.43904154763278e+007 -2.06266895343399e+007 4.37774815663287e+005 4.31674576016809e+004 -5.09456946894379e+002 -2.70592683516304e+001 3.01331678413952e-001 7.94672163547161e-003 -1.49288574400647e-004 -1.05179119692906e-006 
-9.10264930348787e+006 -9.77505635297309e+006 1.16201149172405e+005 2.05213240245391e+004 -1.44689553853299e+002 -1.30259464698558e+001 1.00203982786623e-001 4.02823566027192e-003 -5.96108268710078e-005 -6.96125060788675e-007 
9.99881183932218e+007 1.49905999714500e+007 -4.57347174672239e+005 -1.15929215884930e+004 1.55949153375506e+002 2.49887739511344e+000 -1.16603961780964e-002 -2.24941771915625e-004 4.37235251212163e-005 -1.34764022992276e-007 -7.85530208697757e-007 4.01134100714681e-008 -1.90953843507676e-009 
-1.03395357250837e+008 1.24718054120086e+007 4.70376384228928e+005 -9.18241863851436e+003 -1.77582603805767e+002 1.57299599670980e+000 2.28938155134188e-002 2.86917480973069e-004 -1.88715420085948e-005 -5.60970098262853e-006 7.49145728422275e-007 -6.71570877880687e-010 1.99185818454617e-009 
-4.47993094751734e+007 5.40611760473276e+006 2.03895584224268e+005 -3.98018332178928e+003 -7.69780008763217e+001 6.81522768022267e-001 1.00137244616610e-002 1.42788200274957e-004 -1.31753844230868e-005 -2.87779553947069e-006 4.66968698439379e-007 -1.33622626361069e-009 3.86084103925531e-011 
1.25902391561054e+008 1.08214763678329e+007 -5.79893060979777e+005 -8.71382809823663e+003 2.02940874843704e+002 2.17879868083150e+000 -1.82905891354602e-002 -3.62147404167817e-004 1.31451720830675e-004 1.23722399507626e-005 -8.71602148785376e-006 -1.32569762985091e-006 5.78357040864104e-007 
-7.50700612207172e+007 1.57483485589709e+007 3.44277167364710e+005 -1.17413491460704e+004 -1.40486809906047e+002 2.13355111316844e+000 2.42440815046653e-002 3.99015536668505e-004 -2.04592585304135e-005 -2.63749476063058e-005 2.05703778034362e-007 1.87105418761330e-006 8.00959586351462e-008 
-3.25211985742751e+007 6.82641848873793e+006 1.49236703307416e+005 -5.08941685254140e+003 -6.08987038910797e+001 9.24791273053559e-001 1.06604934051666e-002 1.78132920992049e-004 -2.17987374787194e-005 -1.22462139803610e-005 9.74825722959094e-007 9.11298546367799e-007 -2.52660896709362e-008 
-1.35595831154536e+008 -2.66014743736622e+007 5.81866155387526e+005 1.70889666474993e+004 -2.51041140625991e+002 8.18167587672825e-001 5.95074925414713e-003 -1.19718129398523e-003 1.99205423429333e-005 8.63985557625614e-007 4.03694005171654e-007 
1.83602117928729e+008 -1.44817596390219e+007 -7.91814413786137e+005 1.31076415228647e+004 1.54302383158481e+002 -2.64225852875287e+000 6.00576300355330e-002 -6.62631302279361e-004 1.36108273393518e-006 5.51662177891403e-007 -2.31140150071818e-007 
8.78721401687125e+007 -5.92520276680262e+006 -3.78872660644142e+005 5.55152587376402e+003 7.75436300879759e+001 -1.23396416915652e+000 2.73827410065983e-002 -2.73412189620329e-004 -4.77419437302931e-007 2.24281382027419e-007 -8.07081642474707e-008 
3.68911264928487e+008 1.56141270777704e+007 -5.18664883526235e+004 -3.93959783386206e+002 3.12710613988671e-001 3.66553938792854e-003 6.20529955472834e-006 -1.08746799554886e-007 
-6.14620153977755e+008 8.90881862912860e+006 8.62820365195548e+004 -1.61276007923763e+002 -1.19251959657961e+000 -1.77205234432733e-004 7.94204591977454e-006 -1.55514977695716e-007 
-2.72414455816800e+008 3.43841187323684e+006 3.82449593695800e+004 -5.95374344118309e+001 -5.18761126261690e-001 -1.65639427123186e-004 3.37162871571339e-006 -5.67557914944523e-008 
4.21094065250888e+007 -1.40668640415292e+007 -1.10082410962209e+003 6.05525732110743e+001 4.67407719738895e-003 -1.17377802357284e-004 9.50304589229561e-008 
1.24668017286334e+009 1.40932022383569e+005 -3.22248873829988e+004 -1.27554241545664e+000 8.07003992256076e-002 7.06943842756452e-006 3.77392360507805e-008 
5.13126227398868e+008 6.64132884728943e+005 -1.32631112843486e+004 -3.13638893640560e+000 3.31330186846613e-002 7.98486987975397e-006 -4.91904660692299e-009 
1.18530428727722e+008 -9.47516677455661e+006 -3.26593490094645e+002 4.30314973262019e+000 5.89105877088405e-004 -5.37243720633768e-007 
2.60789211441415e+009 -9.36815123892958e+004 -7.16359130955396e+003 -5.10023313340259e-001 1.66023771921141e-003 3.62098585399004e-007 
1.14050287008992e+009 9.29069119428817e+004 -3.13296304087679e+003 -2.83847184239138e-001 7.20066457684397e-004 1.63624559033160e-007 
4.29756352316926e+009 -2.07330875815421e+006 -3.06564457810180e+003 2.35726914422902e-001 1.78678746504231e-004 -7.85683515845562e-009 
1.15269344611883e+009 6.72040849967029e+006 -8.22268890474806e+002 -8.03281644946189e-001 4.36889977590125e-005 4.45263984140682e-008 
3.64810465096086e+008 2.80231430706466e+006 -2.60236603054310e+002 -3.34671873144129e-001 1.34635508089201e-005 1.81305498919506e-008 
3.80004691813914e+009 5.71201798087708e+006 -1.40945670601852e+003 -1.39143182772863e-001 9.56315583932215e-005 -2.95694731203729e-008 
-3.39555338790911e+009 3.95231598986958e+006 1.25931130194049e+003 -4.34834897626470e-001 4.44922110903814e-005 -6.02794795184889e-009 
-2.20459145089604e+009 -4.87612977113755e+005 8.17658603140263e+002 -9.35813617292750e-002 -1.47885376920539e-005 8.36351864044985e-010 
3.04964487658620e+005 -7.98641398525356e+004 -1.79633994030550e+004 9.96139181007799e+002 6.62153162501361e+001 -5.41062284868460e+000 1.12396655794222e-001 1.30421432490310e-002 -1.91982438263651e-003 8.04273339382398e-005 5.67678140833035e-006 -9.68436856972433e-007 4.53102897608152e-008 
1.67803756235036e+005 1.47843838258150e+005 -9.75671294710872e+003 -1.26146383349445e+003 7.36449322702788e+001 1.56151371320071e+000 -3.00953790581889e-001 1.91222358002183e-002 6.61040572772882e-006 -1.24714294980337e-004 1.00659033354570e-005 -3.74112786617874e-008 -6.15831087289018e-008 
7.48162261829309e+004 4.75049564748841e+004 -4.36498378692549e+003 -3.86542035622246e+002 2.92859914797652e+001 2.48692740881863e-001 -9.91638238876108e-002 7.40043683508224e-003 -1.01210707742420e-004 -3.92910021360945e-005 3.82678890079377e-006 -6.52970879802285e-008 -1.91000523725196e-008 
4.74259829858509e+004 -1.64775259641846e+005 -2.62697286935705e+003 1.37393331361129e+003 -8.76400427920097e+000 -2.36639057388186e+000 7.28521875477023e-002 -3.95499693337128e-003 2.52107929524482e-004 6.69892369660449e-006 -1.92649933433212e-006 9.41551497193779e-008 -1.75163213131135e-009 
3.52086804884184e+005 2.98886610532225e+004 -1.76350959992743e+004 -7.32495136168168e+001 6.69273333282758e+001 -1.13716277264823e+000 -1.82326652801822e-002 1.07757671933773e-003 -2.83068667938914e-004 2.86507957840368e-005 -6.33487745898976e-007 -5.95104571612252e-008 5.20446134440422e-009 
1.25739111625995e+005 1.82580904855630e+003 -6.28957957693657e+003 4.79556603223435e+001 2.28073423226775e+001 -5.27405603933279e-001 -2.20463156535134e-003 1.67716620523021e-004 -8.57357695580381e-005 1.03736184120442e-005 -3.24967050715797e-007 -1.56814132162257e-008 1.72650077319970e-009 
-2.54671433100279e+005 -1.25328230695088e+005 1.16997785109466e+004 9.27880910081876e+002 -4.32877809251809e+001 -1.16972440631309e+000 4.53294277670016e-002 -1.66758131919487e-004 -9.72467586327153e-005 -8.81553005406257e-006 6.84984608028992e-007 2.34174462766726e-008 -2.06292993099491e-009 
2.79620466191977e+005 -9.83753003003746e+004 -1.29109400838438e+004 7.93578227970123e+002 4.01269515476451e+001 -1.52931563945127e+000 -1.00330420324988e-002 1.29925853713621e-003 6.15718193620200e-005 -8.48077670879686e-006 -5.61808412976996e-007 3.81319364148560e-008 5.62931780392235e-010 
8.47337270618009e+004 -4.08081719469186e+004 -3.88347807621441e+003 3.25031155096670e+002 1.15920490927837e+001 -5.94025672652202e-001 -8.48168587864355e-004 4.41582234047139e-004 1.63792521502277e-005 -3.41151963177921e-006 -1.59365880248086e-007 1.45118027614477e-008 8.43544288817986e-011 
-3.85735733118074e+005 -4.00296133324824e+002 1.80745463122525e+004 9.76125240794390e+001 -5.84804350527497e+001 -5.72996645765210e-001 -8.81702506270295e-003 -2.53063945478319e-003 1.17418376245735e-004 1.89772977474891e-005 5.74561077173386e-007 3.58480033524288e-009 7.05894190362874e-010 
1.58949005453445e+004 -1.55003854419004e+005 -5.53838008103507e+002 1.18971844947395e+003 9.72826466542581e+000 -1.46810884089221e+000 -4.46086877875495e-003 -2.84996840535222e-003 -2.82600802789974e-004 -3.04595916770948e-006 6.21729606258001e-007 2.45302859716937e-008 1.90558821103542e-009 
-1.39613635605738e+004 -5.40120920732380e+004 7.44546640680721e+002 4.17972117086511e+002 2.68161480114915e-001 -5.35352544464749e-001 -1.75808411360431e-003 -1.12302820968936e-003 -9.21232286039215e-005 -8.09103107526166e-008 2.44526213940821e-007 8.61966011253927e-009 6.97876602175166e-010 
-2.50115403205452e+005 1.31973476868677e+005 1.31897164061044e+004 -9.48066433015989e+002 -7.23547758501614e+001 -4.27574192861980e-001 1.03921471457709e-001 1.54916433083167e-002 9.49840533303379e-004 -4.24519444479273e-006 -5.14739199263024e-006 -4.60356779612790e-007 -1.58167246837112e-008 
-2.53086359647928e+005 -1.02158113965476e+005 1.35523964462545e+004 1.06024092484195e+003 -3.19527047577464e+001 -3.38550784024880e+000 -1.68276949160001e-001 -4.13347548034868e-003 7.08642085832295e-004 8.31770040719143e-005 3.59498391812049e-006 -1.01842399553999e-007 -3.11870250113449e-008 
-1.00685920083573e+005 -2.88235960958453e+004 5.38327493082743e+003 3.18503983716805e+002 -1.47912867939147e+001 -1.18939562329042e+000 -5.30294306853210e-002 -6.54913105556889e-004 2.93707901761856e-004 2.86067585636668e-005 9.85282376169371e-007 -5.85550124157475e-008 -1.16089772298790e-008 
7.01118899519223e+004 1.73446581345567e+005 -4.47132854042773e+003 -1.85270188274229e+003 -1.18462347250246e+001 8.26149695353246e+000 4.69287227105201e-001 -2.27305908191521e-002 -4.72895894306790e-003 -1.05082038518833e-004 3.12733828098397e-005 2.75277641060834e-006 -9.61803286248088e-008 
-3.19047175425858e+005 4.20185637912940e+004 2.03516669545885e+004 -1.66463512400443e+002 -1.23539880877444e+002 -3.40619072495914e+000 4.44020956238087e-001 4.77210096016865e-002 -2.89200092179657e-004 -3.81431570147009e-004 -2.02951986144384e-005 1.90506830577638e-006 2.88488438251338e-007 
-1.07425487994135e+005 2.33409042683481e+004 6.83262891870308e+003 -1.52438014927078e+002 -4.33660805286244e+001 -7.58205093208537e-001 1.77485680756771e-001 1.53815872335217e-002 -3.39563184243515e-004 -1.37508005958423e-004 -5.45071138761699e-006 7.99607316845874e-007 9.51217129311409e-008 
3.18036360387506e+005 5.99014755343991e+004 -2.16232461256578e+004 -5.72441085507463e+002 1.49727922246095e+002 1.60439361330335e+000 -9.07217157797754e-001 5.23744510989923e-003 6.89705350156263e-003 -1.68812395510597e-004 -5.76638425295783e-005 2.60902984831998e-006 4.93070161009768e-007 
-1.02300801242026e+005 1.63413282367914e+005 6.95140336768627e+003 -1.83827032349904e+003 -3.48625157601851e+001 1.07101169475332e+001 4.55896169117371e-002 -7.33782170538582e-002 9.82890980834571e-004 5.95889106052985e-004 -1.94854478032106e-005 -5.08815289712568e-006 2.77836035127419e-007 
-1.97390399699941e+004 5.96822036227012e+004 1.31528535120227e+003 -6.65852403223253e+002 -4.42249777943352e+000 3.79164469459674e+000 -3.03896684758095e-002 -2.51639546428014e-002 6.90372078945960e-004 1.97983885792528e-004 -9.67485081608398e-006 -1.63151368999735e-006 1.21271709312918e-007 
2.69535046722189e+005 -1.03554739560129e+005 -1.60192705129728e+004 1.23532505225652e+003 5.07671529488437e+001 -6.42008417703602e+000 2.26228500816637e-001 1.55485050772665e-002 -2.81007002766245e-003 1.15394164205715e-004 1.01229892380641e-005 -1.63560389050674e-006 6.14836075919175e-008 
2.12948683819242e+005 1.35347410849631e+005 -1.25906038775270e+004 -1.10194092271646e+003 8.95805816808606e+001 3.67828765205602e-001 -3.58655294265972e-001 2.87428182325331e-002 -3.91425533523826e-005 -1.91565768677247e-004 1.53459633235496e-005 1.05113818764303e-007 -1.21321628662954e-007 
8.71201240827160e+004 4.17149768763108e+004 -5.16531403075282e+003 -3.18380088442271e+002 3.36186004067376e+001 -2.02934311098892e-001 -1.12879796619893e-001 1.07582374579770e-002 -1.56028821593263e-004 -6.05591232903518e-005 5.83291167405233e-006 -4.64242229658344e-008 -3.89435537791249e-008 
-5.85701663367464e+005 -5.26754738637906e+003 1.10423963776050e+001 1.19061573220991e-001 9.01201058802634e-004 -8.11469647041507e-004 -1.06918927298295e-004 -5.57147069729387e-006 7.19499814806426e-007 2.37084830408258e-007 2.83486684234139e-008 
6.19005774831697e+004 -4.35821091706622e+003 -1.95790185301049e+001 -6.16094787634445e-003 7.41119750847275e-003 4.19924972680731e-004 -3.72758378503216e-005 -1.16276436070015e-005 -1.43016500868887e-006 -7.19853298695710e-008 1.53446384837363e-008 
4.67315659022581e+004 -1.77237611007071e+003 -8.61289165406058e+000 -4.09220063579539e-003 3.91539042047604e-003 3.01854222194001e-004 -8.88643294302669e-006 -5.63236490124837e-006 -8.38563490100394e-007 -6.04527171583756e-008 5.26220530263422e-009 
-5.96144912011289e+005 -5.17505149208943e+003 1.17882532219389e+001 -3.40883912244369e-002 -8.72202880167293e-003 2.81663238015055e-003 3.44938486757076e-004 -6.67729881579885e-005 -1.18819574070551e-005 1.65985765263698e-006 4.12345349957870e-007 
5.30285023499330e+004 -4.51350309618605e+003 -1.91964842424938e+001 5.03576803057118e-003 -1.66317430727544e-002 -1.53757528023396e-003 3.96729456758708e-004 5.34766642315567e-005 -9.94937610841141e-006 -1.86021412493753e-006 2.53268748354620e-007 
4.31185112011037e+004 -1.84043718551664e+003 -8.34710535746745e+000 1.74598406439120e-002 -8.06936793814041e-003 -1.12021319569765e-003 1.76214360706904e-004 3.54889805761492e-005 -4.08389642541139e-006 -1.16318212904612e-006 9.25719183841679e-008 
5.45258515270375e-005 4.00203765422789e-007 4.19431216109943e-007 -1.21760734113144e-007 -2.83705041961327e-008 7.56067181066622e-009 4.88249734347790e-012 -9.62381506028270e-011 1.41415703410853e-011 -8.39192587560214e-012 
-3.74577649888432e-005 -1.44108461002782e-007 1.45586897524639e-007 6.06108016383517e-008 -1.51816335077346e-008 -1.09666988766353e-009 4.80730337110875e-010 -7.96811832628886e-011 1.12587143577367e-011 3.99350584787712e-012 
5.43124866181391e-005 -1.33763447228134e-006 -3.60976330970141e-007 1.07875536269942e-007 1.91491894896418e-008 -2.57924800419121e-009 -1.38154461332754e-010 1.51503379090982e-011 -1.63418843403468e-011 -2.32207221517187e-012 
-3.67278666480661e-005 5.77096158590276e-007 -1.54037303392148e-007 -4.04100002108842e-008 8.21123425238149e-009 1.11143036794142e-009 -4.56997227332173e-011 -8.79197863521543e-012 -1.00010402380335e-011 5.37966820155317e-013 
5.29138746134814e-005 6.31832629821489e-007 3.13657330842818e-007 -1.88940600152681e-007 -4.37082612877827e-008 4.86593313569863e-009 2.47034426582361e-009 3.51419109076142e-010 -3.71496606436687e-011 -3.21288349375728e-011 
-3.64068822073102e-005 1.08239122652675e-007 2.42146834360965e-007 5.04844254601523e-008 -1.74356876903309e-008 -5.15770510588920e-009 -1.99592718572605e-011 2.55732204734261e-010 4.67660961097793e-011 -6.74579370399153e-012 
5.20652796068807e-005 -1.54359356990784e-006 2.76229119643253e-007 2.10851752449317e-007 -5.54433994726120e-008 -1.11178954291763e-008 4.79959348730854e-009 9.02489760476321e-011 -2.80911776414996e-010 1.93419535882840e-011 
-3.57444691510675e-005 -1.47234978740182e-008 -2.58268042519403e-007 6.99708522362355e-008 2.36091320397816e-008 -7.25563093860555e-009 -7.69516495392591e-010 4.62782111711200e-010 2.27316072239423e-012 -2.03860197323008e-011 
3.48786265635199e-002 8.93013665395931e-004 4.27012379812096e-004 -3.53960679973075e-005 -1.23627698944337e-005 4.11169451537035e-007 2.12541219881188e-007 -1.26123930800291e-008 -1.38854522648618e-009 2.76708453048505e-010 
4.31898344260776e-001 7.23952927418515e-004 -1.03792029949801e-004 -3.30702796596321e-005 1.57254481450326e-006 7.20530966555089e-007 -2.53419124001164e-008 -9.28017215737460e-009 8.71730533554438e-010 -2.02443270918643e-011 
5.30071453359558e+003 9.19057324037540e-001 -3.71309660922939e-004 3.14548176384697e-005 1.10204762629808e-005 -3.49902848130591e-007 -1.94892138950569e-007 1.14366615877201e-008 1.32025152018339e-009 -2.63559997349248e-010 
3.74576939020193e-002 9.33239083028332e-004 -4.23844882964554e-004 -4.01478863048624e-005 1.12980895346713e-005 4.00204835474349e-007 -1.54703870014154e-007 -1.63190653438321e-009 1.10061689075175e-009 -2.15938665019371e-011 
4.31996129683597e-001 -6.30363771386401e-004 -1.08755957949730e-004 3.24823026030616e-005 1.85693440831669e-006 -5.99869708794474e-007 -1.16833321613174e-008 6.14424708754920e-009 -1.91969612754222e-011 -3.19962675585634e-011 
5.30255200989760e+003 9.19087031959853e-001 3.83021303056696e-004 3.45686562944917e-005 -1.02625519304622e-005 -3.59223785646145e-007 1.40605836842769e-007 1.59714829969895e-009 -9.89378594320172e-010 1.93562853342149e-011 
3.62589989815438e-002 -1.83327824182933e-003 -1.00495300210790e-004 5.03718685271520e-005 -3.51695597660447e-006 -3.95886238285539e-007 2.15104830862448e-007 1.83656427714294e-008 -3.39225922500004e-009 -9.21569096364126e-010 
4.30949918232109e-001 -1.90472212773569e-004 1.52945432222317e-004 1.29202568229012e-007 -2.04413410946410e-006 4.57529068578647e-007 2.75372474951217e-008 -1.31395431329717e-008 -1.91797071107505e-009 3.88936103868215e-011 
5.30439288923996e+003 9.21507258834236e-001 7.35493220597296e-005 -4.54804220705914e-005 3.60188050483342e-006 3.95805921575981e-007 -1.98037551425812e-007 -1.79746949705036e-008 2.94069595947764e-009 8.49094369869048e-010 
3.33968238324786e-002 -6.09023190535797e-004 4.09601900673568e-004 3.89066311365560e-005 -6.51766401343744e-006 -1.85154063525775e-006 1.01494236306422e-007 5.84134529880560e-008 -6.84870211661825e-009 -1.22120677310737e-009 
4.31627338513850e-001 7.94826661654468e-004 5.72887280321479e-005 -2.49642650303360e-005 -3.70920251434222e-006 2.57867008812185e-007 1.42953538600197e-007 -1.02507494334704e-008 -3.74935309060700e-009 6.62957499477493e-010 
5.30623511288781e+003 9.20363402821230e-001 -3.57995811844058e-004 -3.31037908503630e-005 5.45015809708196e-006 1.66961829468908e-006 -7.93336241471381e-008 -5.42223382710191e-008 5.93793576962857e-009 1.17854894748404e-009 
