-4.92455520429351e+007 7.52089646870852e+006 6.78211019104811e+005 -2.76707333291872e+004 1.73532040927748e+002 2.71895796148309e+000 -1.05550680712163e+000 6.06552037758099e-002 -2.92479923910578e-003 1.01655011276312e-004 -1.90947934629212e-006 -7.08044444264308e-008 1.06200426337557e-008 -7.28766079027373e-010 
-3.92104897837982e+007 -1.02505472341698e+007 5.42934358728920e+005 1.48388128590330e+004 -7.25777942729014e+002 3.03072966114304e+001 -1.09135841032919e+000 1.90297286344098e-002 3.82188176424472e-004 -8.07772363071363e-005 5.45225873759697e-006 -2.77352886231104e-007 1.03218935238472e-008 -2.19165523242789e-010 
-1.58956837573736e+007 -6.25589026153192e+006 2.19694699070681e+005 1.07958026587312e+004 -4.05685381308715e+002 1.59072613431633e+001 -4.73517012985267e-001 3.87603921052354e-003 5.07362875017184e-004 -5.36911358264632e-005 3.11116742621125e-006 -1.40832887874754e-007 4.40661373589620e-009 -4.10179299470639e-011 
-2.97977825237856e+007 1.16630079895253e+007 3.61360239771859e+005 -2.54107175682753e+004 6.97636631976594e+001 -9.99828457128845e+000 -2.30414983754459e-001 9.98999777876224e-003 -6.67776604543175e-004 3.19970020613145e-005 -9.62832876915420e-007 3.85159922332645e-008 -3.95528538397066e-010 -4.40848015174400e-012 
-5.49184808112357e+007 -5.35448430004408e+006 6.67220727024375e+005 6.83503347410881e+003 -3.38680307062606e+002 1.02534321252876e+001 -6.27192754868029e-001 9.95655185656998e-003 -5.20720308892869e-004 -1.96590349534857e-006 2.16635164117098e-007 -3.14760692260320e-008 1.58788822762991e-009 -7.59970775238385e-011 
-2.63039886250832e+007 -4.07005505719185e+006 3.18940816888405e+005 6.28603480195995e+003 -1.88149185908794e+002 6.51386681026534e+000 -3.11136141055284e-001 4.28231834325271e-003 -2.08886588187931e-004 -4.36755411672849e-006 2.15423658767373e-007 -2.07979879210264e-008 8.88747157038532e-010 -4.07067911990727e-011 
-4.54413814009549e+006 1.33363385140045e+007 5.57377280761293e+004 -2.61313880590772e+004 -1.71526283913423e+002 -1.37108831991745e+001 -1.11841651498305e-001 2.67235278132518e-003 1.63204634884868e-004 2.40791237952071e-005 5.79373997255814e-007 4.14167028985599e-008 7.83014639361490e-010 3.37146903348527e-011 
-6.00878479742647e+007 2.29844473646949e+005 7.21021850377989e+005 2.29909734387371e+003 -2.71507022027731e+002 -3.39036326194860e+000 -5.91162309725799e-001 -7.90619950098635e-003 -6.28920544065878e-004 -6.62208087569300e-006 -1.97555441321057e-007 6.88936043401165e-009 8.35774374060559e-010 3.38741801807044e-011 
-3.16848734866691e+007 -1.26056855020639e+006 3.79371089840126e+005 3.93776877436400e+003 -1.27246856115855e+002 -3.89313760454222e-001 -3.04184626441312e-001 -4.50020935226529e-003 -3.52877823305979e-004 -6.03523198586260e-006 -1.65581514609775e-007 -6.10761667639892e-010 3.65301379024972e-010 1.45793140900435e-011 
2.15343073034001e+007 1.24597025909339e+007 -2.83704921319371e+005 -3.11667042887531e+004 -4.59164241974018e+002 -1.38421101189872e+001 2.23242280283685e-001 3.07000058929436e-002 2.02793584733947e-003 9.98937881538774e-005 3.65063709422129e-006 9.32077999217909e-008 -6.12337328813306e-010 -2.45635424696199e-010 
-5.38316324443152e+007 6.02381367318815e+006 7.17500676551621e+005 -3.47765307040812e+003 -5.11910923657316e+002 -2.27502730970531e+001 -1.13233303143043e+000 -3.16383564354965e-002 -7.45122750073310e-004 1.59878775072564e-005 2.44564490048352e-006 1.72557270790564e-007 8.67251498528375e-009 3.37815003501608e-010 
-3.10480423589393e+007 1.92531696754208e+006 4.12688027479924e+005 1.37409564830489e+003 -2.25837487441181e+002 -1.07171926976221e+001 -6.28008424255321e-001 -2.00838385644740e-002 -6.08309423577165e-004 -1.81720097757698e-006 9.27842090862862e-007 8.25064275528035e-008 4.69627400962111e-009 2.05938276956321e-010 
-8.18133658981405e+007 1.52180312819478e+007 1.03568130470773e+006 -3.26470279943915e+004 -1.04631511966285e+003 2.24135347860680e+001 3.74988083487501e-001 -8.93977924790652e-003 -2.05739314016562e-005 3.17047114318985e-006 
-6.35711807982214e+007 -1.66081084629007e+007 8.10476105975577e+005 3.41569791452395e+004 -8.86222635329125e+002 -1.98723005768184e+001 4.34156308974769e-001 3.99633607302612e-003 -1.48007745652272e-004 5.02267692976899e-007 
-2.34356114431243e+007 -8.43552378568793e+006 2.99097686342732e+005 1.74334554306801e+004 -3.32501293271329e+002 -1.03590137486509e+001 1.71567232502873e-001 2.36706229943382e-003 -6.48134241181078e-005 -1.26388727159107e-007 
-4.45091317029359e+007 2.16886480791196e+007 5.59614275093317e+005 -4.53982603942087e+004 -5.28347499098301e+002 2.84177185978818e+001 1.28398529649085e-001 -8.30469907523363e-003 5.02557098345331e-005 1.12164359661701e-006 
-8.91932812394561e+007 -8.75219395597717e+006 1.12408215997407e+006 1.73927579783837e+004 -1.17305076690262e+003 -8.61409730731107e+000 4.85242597457848e-001 -7.90777678355171e-005 -9.90952884878273e-005 1.74479273390072e-006 
-3.73246526139302e+007 -5.31057406894461e+006 4.70318303277539e+005 1.06980893613721e+004 -4.94325899275440e+002 -5.67383357231082e+000 2.10196944027642e-001 4.89798006959377e-004 -4.77570856019130e-005 7.15209160131910e-007 
-2.20411147281227e+007 1.99781942329603e+007 1.00945660859628e+005 -1.51203388033749e+004 -2.68972433566302e+001 2.97259185960391e+000 -3.64602246945103e-003 1.46928618535242e-004 5.80996082305191e-005 -1.50789206335781e-005 -3.33419833261571e-006 8.71403900591360e-007 2.25253073945659e-007 
-1.36600680942971e+008 -2.84273849035473e+006 6.22354008809731e+005 1.88900494440137e+003 -2.24976722228260e+002 -1.43443038920316e-001 2.43532464637658e-002 3.15817981683435e-004 -7.93409090243450e-005 -2.63495658459560e-005 4.91501855266274e-006 1.66376844328759e-006 -2.78371863258988e-007 
-5.92359239130504e+007 -1.23232538601415e+006 2.69812256314209e+005 8.18959405952340e+002 -9.75352078987775e+001 -6.18943057861651e-002 1.04611804985685e-002 1.04386246319145e-004 -2.61567675050081e-005 -9.17621569780060e-006 1.60108582869886e-006 5.77280540612764e-007 -8.95558378780676e-008 
1.81460640341245e+007 2.00571595214212e+007 -8.11316606632763e+004 -1.50791735287145e+004 3.17591987739901e+001 2.88055412971275e+000 -5.39975589322887e-003 6.48646096094318e-005 3.55364502041310e-005 -7.72011896747546e-007 -1.20337889162104e-006 -1.84002356489393e-007 2.85690820981488e-008 
-1.37278755983436e+008 2.16555529034775e+006 6.23429334779057e+005 -1.70314407784886e+003 -2.22350740879342e+002 3.91824961395818e-001 2.25457748910833e-002 1.91705974810138e-004 -3.90082172308532e-005 -1.12186303522870e-005 -2.12332968293281e-008 4.08421804982980e-007 6.46029757141310e-008 
-5.95296902984026e+007 9.38945700009139e+005 2.70278512300654e+005 -7.38373244520910e+002 -9.63967791524217e+001 1.69830169409329e-001 9.64500559260539e-003 7.68224822008227e-005 -1.04778893546949e-005 -4.19730840453912e-006 -1.60709223798264e-007 1.32779187114622e-007 2.73047316441603e-008 
1.99981991550588e+008 9.02236413065055e+006 -1.43480654343093e+006 -8.82110057374227e+003 1.10887371051766e+003 2.53928137522952e+000 -7.55728580174167e-001 1.19636369874340e-003 6.00128730400066e-004 -3.47394628799095e-006 -5.01305733179400e-007 
-4.07903542705298e+007 3.21949961047587e+007 2.97846720924875e+005 -3.87911922686406e+004 -1.47268363284907e+002 2.58120814744613e+001 4.01592686332234e-003 -1.90487172061594e-002 7.67794406889575e-005 1.58529306012705e-005 -1.36498604975436e-007 
-2.41375725892617e+007 1.45228497864646e+007 1.75379234405786e+005 -1.75540887761738e+004 -9.75044833195568e+001 1.17706142929774e+001 2.22591140888957e-002 -8.76910655855057e-003 1.90654907785763e-005 7.37367536538302e-006 -4.83417132591631e-008 
-1.92119633316127e+008 1.73013611734347e+007 2.42649158949428e+004 -3.52306823365321e+002 -4.98323088786978e-001 1.29577964491485e-003 4.55939786336957e-006 1.16665138585205e-007 
-7.09975741454191e+008 -3.07724154487684e+006 8.96735283612384e+004 1.08581294196685e+002 -8.08730599789983e-001 -1.57620452917353e-003 1.37987096921187e-006 9.45764300864096e-008 
-2.99646353865238e+008 -1.74030811424886e+006 3.78460735796897e+004 5.51186456543397e+001 -3.34518232159165e-001 -7.06755485949667e-004 5.09814320008580e-007 3.13555486957122e-008 
-1.14548234888638e+009 -8.14250456893270e+006 2.77175184551919e+004 2.69904098723012e+001 -7.05469500135624e-002 -1.12149964715793e-005 4.51633042676773e-008 
6.91128805376118e+008 -1.04138712608859e+007 -1.67133004208289e+004 4.55291775944456e+001 2.28877766587838e-002 -8.60829011925968e-005 1.30594670142184e-007 
3.34774063141837e+008 -3.95081718109035e+006 -8.09640266730211e+003 1.76430467792557e+001 1.24867004975048e-002 -3.50994704336151e-005 5.01154404507709e-008 
2.91290392305809e+009 2.24892734992196e+006 -6.80843182124819e+003 -8.29123814567770e-001 1.12294025830624e-003 -6.79937503994837e-008 
-6.62742686514297e+008 7.96769751069924e+006 1.54867659271582e+003 -3.11732585103591e+000 -2.31995161810215e-004 3.06727719140191e-007 
-3.31463822156458e+008 3.45784756633786e+006 7.74575931613290e+002 -1.35359100599711e+000 -1.17511033840179e-004 1.32574009696417e-007 
3.45344701573685e+009 4.75944709556188e+006 -2.41441867377325e+003 -5.73247875256122e-001 1.30878319483746e-004 5.97941054868072e-008 
-2.63116925510237e+009 5.42851853976505e+006 1.83978823804255e+003 -6.19327460687685e-001 -1.08283777032512e-004 3.43480654671959e-008 
-1.16292966858346e+009 2.10343001896123e+006 8.13143476045266e+002 -2.39239063417210e-001 -4.76062042732802e-005 1.33573095805504e-008 
-1.99187248534208e+008 7.64406633745514e+006 1.23276834645760e+002 -8.02070483446716e-001 1.37949796985456e-004 7.29551510462072e-009 
-4.48203032532176e+009 -7.70163712371145e+005 2.77270370568580e+003 -2.57609457920588e-001 -2.04277723001088e-004 3.93024924814174e-008 
-1.33868881020190e+009 -2.54347931816109e+006 8.28097569972233e+002 1.61552042615255e-001 -1.03566550985287e-004 8.45972066952522e-010 
2.99142323952459e+005 8.84808604915518e+004 -1.74525924714717e+004 -9.98662690474568e+002 6.85525391846572e+001 4.41203612258519e+000 -4.78279488211008e-003 -7.50800020541029e-003 -6.74416646367229e-004 -4.57440142975413e-005 7.74360699275389e-007 3.46094441191423e-007 1.85589637940703e-008 
-1.76477926345824e+005 1.31018309438712e+005 1.00801020353357e+004 -1.11962729479607e+003 -6.42819015413896e+001 1.97015089989222e+000 1.96506906639600e-001 6.31095983252884e-003 9.97301657544652e-005 -3.26877232509184e-005 -4.28656099915193e-006 -1.07130316809531e-007 1.44553740394449e-008 
-8.48059522274976e+004 7.31311716883360e+004 4.84258669000019e+003 -6.35127324749995e+002 -3.23046429899334e+001 1.21107507303715e+000 1.05592507367264e-001 3.12604413104241e-003 3.03376245704986e-005 -1.90738343201360e-005 -2.27518005436842e-006 -4.59099375180210e-008 8.39109313375182e-009 
3.15744492507328e+005 -7.43383757706679e+004 -2.02895686149099e+004 6.72220638917607e+002 1.23222534555056e+002 -1.07776052457041e+000 -5.15367643787022e-001 -1.50567540854548e-002 2.04319434169911e-003 2.01452307395045e-004 -4.13599250934574e-006 -1.63811558001608e-006 -4.71897272399871e-008 
1.14483568702293e+005 1.45333477016862e+005 -7.26926021515838e+003 -1.53498321484718e+003 2.99070738768295e+001 7.05908233263764e+000 5.91665526991669e-002 -2.89255052685475e-002 -1.72651848252686e-003 9.53790531754632e-005 1.67227428620990e-005 1.16985524155936e-007 -1.15379138812072e-007 
7.17048670766951e+004 7.54441662383781e+004 -4.57801103920052e+003 -8.02502422045073e+002 2.02323842325112e+001 3.76003415354872e+000 1.42699394575450e-002 -1.60516429925784e-002 -8.57893702575770e-004 5.80230990792708e-005 8.83934543781279e-006 7.55755135441810e-009 -6.35426679502903e-008 
5.01255420306046e+004 -1.76855181399079e+005 -3.23687830759048e+003 1.83854739036571e+003 -3.55147303318859e+000 -8.46836648612634e+000 2.13534702510600e-001 4.08838865552295e-002 -2.18059903388081e-003 -2.35398012865589e-004 1.98875189999707e-005 1.37780980715255e-006 -1.79820932154270e-007 
3.00840312557705e+005 3.12956047030944e+004 -1.87710422570884e+004 -1.62373868573530e+002 1.12980262069529e+002 -1.29842967992736e+000 -5.04794319414514e-001 1.91884431220987e-002 2.73411712424868e-003 -1.80578232752976e-004 -1.62252266899952e-005 1.65449867003909e-006 9.26981200852933e-008 
1.62687760060636e+005 1.07963121073431e+004 -1.01854245282242e+004 -2.51448788318823e+001 6.06332648267312e+001 -9.82462164025237e-001 -2.64139232624940e-001 1.16832252624018e-002 1.39501603377332e-003 -1.04907016157340e-004 -8.04255349015294e-006 9.34819685839452e-007 4.37150907479552e-008 
-2.66905517977331e+005 -1.25337889708887e+005 1.44208315538245e+004 9.11419637006326e+002 -8.12735573545336e+001 4.86577732773020e-001 2.16385936050809e-001 -2.17951045156685e-002 3.10303824275143e-004 9.76749757902167e-005 -8.49426814270031e-006 5.21551254977008e-008 4.94259494825760e-008 
2.25585752921333e+005 -1.00878088260210e+005 -1.21367581463391e+004 1.04787164874808e+003 3.02694150250439e+001 -4.04669596107731e+000 1.79519564192506e-001 5.59400189623633e-003 -1.46143011816278e-003 6.49925383644462e-005 3.46143775475870e-006 -6.41917195990950e-007 2.60685802858319e-008 
1.11541127070555e+005 -5.83901629999957e+004 -6.01964627367811e+003 5.94549996553243e+002 1.35465965834176e+001 -2.16152201769582e+000 1.03557423484270e-001 2.27506633583787e-003 -7.74400512964727e-004 3.81852450106885e-005 1.57353689014968e-006 -3.42911759011155e-007 1.56597810249308e-008 
-3.82072704200739e+005 1.33793473409894e+004 1.83238196364335e+004 -1.93854104300023e+002 -5.64084892575164e+001 8.91199695989172e-001 -7.06979077691408e-002 7.87869621988278e-004 4.71857443530162e-004 -1.85551278815650e-005 7.33034005769439e-007 4.96951877030740e-009 -6.86088275964024e-009 
-3.07388768678904e+004 -1.44089878227007e+005 1.41216231019778e+003 1.10635676257227e+003 -1.25816972063843e+001 -9.24266312481859e-001 2.73677045664332e-002 -7.58469779494264e-003 1.85033153491907e-004 9.81981071392401e-006 -7.96462011450077e-007 9.40159052699810e-008 -3.10185056000946e-009 
-2.98379787192874e+004 -7.67713786311996e+004 1.40051085931992e+003 5.88297229780288e+002 -8.74479371107588e+000 -4.72746624931847e-001 1.23213851675633e-002 -4.03926785010924e-003 1.15628391657561e-004 4.67094902474520e-006 -4.03172193057716e-007 5.05825819641197e-008 -1.89951753712238e-009 
-2.26320864401695e+005 1.36216932903292e+005 1.09523149483230e+004 -1.01412434067157e+003 -4.70090676399604e+001 6.90284703917936e-001 8.72516300466870e-002 7.90923675263150e-003 -7.17477183048217e-005 -2.54276117518581e-005 -8.97601980182841e-007 2.78558052538571e-008 6.93451208670450e-009 
-2.68958380833664e+005 -8.45809619335457e+004 1.28249549677757e+004 7.35909361104544e+002 -3.71836974659216e+001 -1.89910186538150e+000 -6.19272756413941e-002 2.64117247124642e-003 4.54012602754128e-004 4.21622601801560e-006 -8.73615074024644e-007 -8.10948401236728e-008 -4.07668605403375e-010 
-1.52003380817535e+005 -4.04767988590012e+004 7.27699946480288e+003 3.59402149195154e+002 -2.17409931471094e+001 -9.98579123415017e-001 -2.98749914376796e-002 1.70733618048462e-003 2.41414576049508e-004 1.33756743034008e-006 -5.02996120562217e-007 -4.25152055221043e-008 3.34789083841713e-011 
8.75184219239696e+004 1.64472335880298e+005 -4.73778042017177e+003 -1.48350098450591e+003 3.43029149212015e-001 4.25228402427589e+000 1.30299629766445e-001 -8.38530875402893e-003 -6.25635372140647e-004 2.61036242606944e-005 2.72584451463111e-006 -1.01919289080730e-007 -1.60273242603808e-008 
-3.16783649868410e+005 4.00575831042358e+004 1.67079840434150e+004 -1.90672485908410e+002 -7.62856541195969e+001 -1.08914196543652e+000 1.61962967060252e-001 8.73901195176058e-003 -3.71402286419467e-004 -3.51915361394282e-005 1.43010177215073e-006 1.83456963352670e-007 -4.55391046747330e-009 
-1.66333001862846e+005 2.74466503499908e+004 8.79704222242377e+003 -1.56587217696534e+002 -4.10383955666220e+001 -4.28206372417486e-001 9.19939747795916e-002 4.38849944146591e-003 -2.22556065375343e-004 -1.79646219109810e-005 8.67831275384284e-007 9.48338345356744e-008 -3.03306120519751e-009 
3.26900842193610e+005 6.25144001077939e+004 -1.94324017000271e+004 -7.32707616150631e+002 9.11558915304520e+001 3.53384448719041e+000 -1.85860719686885e-001 -8.53408575190357e-003 2.94697878939012e-004 -1.50588689179148e-005 -1.72765869683860e-006 2.31393493332977e-007 1.39509552305982e-008 
-1.24950798008267e+005 1.43816864886593e+005 7.21009596011282e+003 -1.32431993892826e+003 -4.90506309940810e+001 3.84293588098602e+000 1.74935907010603e-001 -6.10061061010736e-003 -1.60864233906510e-004 1.66924064316105e-005 -2.19006781069700e-006 -1.49426506214055e-007 1.46137362497857e-008 
-5.47494544926869e+004 7.94050397028929e+004 3.15359346851727e+003 -7.38752117637985e+002 -2.30096512738890e+001 2.19948811419137e+000 8.72652334329962e-002 -3.60227797319362e-003 -7.62823575505071e-005 8.41228933329434e-006 -1.23821357417344e-006 -7.16817915764975e-008 8.36606616611135e-009 
2.13313609589850e+005 -7.33972896102600e+003 -1.09864843706445e+001 2.02331094240650e-001 2.27260603916541e-003 -3.51846465931991e-005 4.48159946643126e-006 -5.86315086463677e-007 5.78554035678481e-008 -6.94222408427145e-009 2.85173223749286e-009 
6.42780322935294e+005 2.77164826270582e+003 -2.44782833459871e+001 -1.16521502890363e-001 4.22741630924445e-003 -5.31434500403802e-005 7.66265377783334e-006 -3.97983383965402e-007 -1.75036214896424e-009 -1.41067520413663e-008 5.87746924310339e-009 
2.63775811874338e+005 1.32360640458648e+003 -1.01825484791530e+001 -6.28161860862867e-002 1.87820983354202e-003 -3.20370211117350e-005 3.69384519202704e-006 -1.46018686116562e-007 -4.57170246789623e-009 -5.41588972168489e-009 1.93020478472422e-009 
1.98554363635754e+005 -7.41732208636749e+003 -8.35298986979417e+000 2.36057489651293e-001 2.04063088595275e-003 -1.45261696245428e-006 -1.08836267419832e-007 -2.10460058983972e-007 -3.49657223306878e-008 -6.38085978444530e-009 -1.83252954563341e-010 
6.48124157102066e+005 2.57135067629591e+003 -2.54799284501251e+001 -4.96054035556331e-002 4.54783324376237e-003 8.27133813003267e-005 7.19754057118044e-006 4.12298435762292e-007 3.23373424505376e-008 -1.79640214535425e-008 -2.44529576421119e-010 
2.66339522500289e+005 1.23961943622583e+003 -1.07641604767648e+001 -3.39500784427808e-002 1.94553643789620e-003 3.89673776268491e-005 3.95250423386615e-006 2.42497282072539e-007 2.08390368139098e-008 -7.21384064215750e-009 -9.62230307960982e-011 
2.37402569530854e-005 -3.16998177425950e-007 -5.65584140368368e-008 3.17355862631541e-007 2.77994607595572e-008 -1.73974749781892e-008 -2.55426520132538e-009 3.26475149417520e-010 1.13246855420835e-010 8.07345701339570e-012 
3.95893785132721e-005 -1.59804616814397e-007 -3.93321031658859e-007 -2.94195139213787e-008 3.78868431071182e-008 4.19285583964381e-009 -1.28390774757074e-009 -2.82179219628935e-010 8.13918415230041e-012 1.14840966596741e-011 
2.64789738199526e-005 2.40231085353928e-006 -6.57525717781942e-007 -2.08365535631793e-007 7.46002342526161e-008 5.25505252918479e-009 -4.37193007638006e-009 3.28053302047025e-010 1.71454155626993e-010 -3.23035322346532e-011 
3.89742031318847e-005 3.03864485498853e-007 2.99268185310946e-007 -1.04426470099453e-007 -1.87557480798911e-008 8.32893526061154e-009 -3.60107573459169e-012 -3.94000254025787e-010 4.06314281748570e-011 1.30629243707844e-011 
2.77486673466555e-005 1.27273546726854e-007 6.02200552458712e-007 1.02411589606330e-007 -3.27913020142331e-008 -2.80091950252334e-009 1.28399626354421e-010 -1.03130486497162e-011 1.75281622055827e-011 4.64039749040372e-012 
3.90878866883481e-005 -5.66182514800965e-007 -1.24989917736841e-007 7.67309671315635e-008 8.05112975652418e-009 -1.86434050840770e-009 -1.21085771075411e-010 4.28046392630051e-012 -1.72984053727670e-012 -1.92032855893904e-012 
3.03482351066270e-005 1.14185444568832e-006 -7.80664038350341e-007 -6.02980284868392e-008 6.76850624634895e-008 6.81040312511061e-009 -2.13762624879560e-009 -3.22629701024824e-010 3.55897249555838e-011 8.83452273245382e-012 
3.90597667719601e-005 7.38190511185426e-007 4.86194842787916e-008 -1.24417765617737e-007 -9.86106106148872e-009 6.08429196506980e-009 7.12031292729630e-010 -1.57756818275735e-010 -2.23988816807526e-011 3.99016025888290e-012 
2.14038952393198e-002 9.78500944878464e-004 4.07329754760997e-004 -5.32181774305057e-005 -6.64526315836518e-006 1.93442375799724e-006 7.98808361365549e-008 -4.47330877987920e-008 -3.50501639701408e-009 5.12753068751789e-010 
3.83855888166491e-001 6.90893914030740e-004 -8.28468953763789e-005 -2.25576975963216e-005 3.97335859771472e-006 2.39671538997783e-007 -1.17172884301707e-007 -6.09645472830082e-009 2.06802639249986e-009 2.69016560997302e-010 
3.18867493459512e+003 9.18903992019248e-001 -3.88579506377012e-004 5.07836020146882e-005 6.43158582633109e-006 -1.79162103972589e-006 -7.77645579215315e-008 4.07465795821679e-008 3.23736225463070e-009 -4.56477755769379e-010 
2.45992180905229e-002 1.73941907313769e-003 -1.66243582205996e-004 -4.06109488491679e-005 -2.60137790410813e-006 -2.01201265938845e-008 2.46621904366615e-007 -4.92819048565700e-009 -6.81069631282950e-009 7.88036035223145e-010 
3.84281375700379e-001 -2.87967484729043e-004 -1.20741577387381e-004 3.78340491207203e-006 1.04427774597568e-006 4.14946120466306e-007 4.63896817764224e-009 -1.66997572703727e-008 1.06339198745707e-009 3.51161152937655e-010 
3.19051158927870e+003 9.18215290751420e-001 1.67932807368810e-004 3.83130883587593e-005 2.03509039469324e-006 2.71903121411418e-008 -2.21788308357412e-007 3.73557631696429e-009 6.21594422599431e-009 -6.99958907485785e-010 
2.54337550706440e-002 -1.12230799813109e-003 -3.92371844450252e-004 4.58741408793880e-005 1.14232507866082e-005 -3.16911386302331e-007 -1.63117419142655e-007 -2.14080250322743e-009 6.05721457729301e-010 6.90948709161884e-011 
3.83279739247206e-001 -5.11251370376781e-004 1.15946304539328e-004 2.78624428831844e-005 -1.72869867222716e-006 -5.54631885444594e-007 3.02235525872527e-009 4.95001230343812e-009 1.56160031208867e-010 2.01501288542234e-011 
3.19235055742638e+003 9.20942817131805e-001 3.64489099876022e-004 -4.42903188647698e-005 -1.05692861171716e-005 3.02833123827755e-007 1.51205314824994e-007 2.14378630720251e-009 -5.81123782379179e-010 -6.60057429737741e-011 
2.29213702703530e-002 -6.04799390537097e-004 4.90032653919945e-004 2.60948294035176e-005 -1.47097782456797e-005 -2.05765122409764e-007 2.98630378102740e-007 6.36235321045243e-009 -4.84309886293535e-009 -2.27727798067823e-010 
3.83530017980975e-001 7.24609051628795e-004 7.20438547209571e-005 -3.43255280135500e-005 -9.82666150814005e-007 7.99980061611437e-007 1.19858525341751e-008 -1.45536838940190e-008 -5.52084232686393e-010 2.10948973780399e-010 
3.19419264431385e+003 9.20405347447460e-001 -4.66050335074582e-004 -2.40423418393514e-005 1.38291582963521e-005 1.91421514655192e-007 -2.77698515698212e-007 -5.80079169807618e-009 4.49202440363990e-009 2.05872630872774e-010 
