-5.85791478971069e+007 2.63387233843332e+006 9.36605219175847e+005 -2.86683724330049e+004 -9.62514511463067e+001 3.94972437538497e+001 -3.35063109391242e+000 1.65884343951008e-001 -5.33095167907763e-003 -1.26682433401259e-005 1.69988330592743e-005 -1.50370522811759e-006 8.41262260411133e-008 -2.91577772425558e-009 
-2.19758163840993e+007 -1.30307144562171e+007 3.57426518343285e+005 2.71025167594859e+004 -1.34823329369778e+003 5.17996162743984e+001 -1.05961999765110e+000 -4.58447181360304e-002 6.60326731142774e-003 -4.52069225393523e-004 2.04630448305559e-005 -4.62317089987582e-007 -2.28298068210868e-008 3.61211903125621e-009 
-5.79455407146985e+006 -7.23348370308763e+006 9.38595871080324e+004 1.74495768673063e+004 -7.10248316113679e+002 2.35774606096697e+001 -2.18759335590127e-001 -4.16838936250217e-002 4.08000436423319e-003 -2.40181845148007e-004 9.16942962637982e-006 -9.11121681981348e-008 -2.09151551269906e-008 2.23172320619123e-009 
-4.69007602287796e+007 8.76260321187169e+006 5.98785649787306e+005 -2.70033716911718e+004 1.74146478701152e+002 -2.37330130723750e+000 -7.13390632430554e-001 4.12180614250451e-002 -2.12787198897219e-003 8.13769447943977e-005 -2.17463644927538e-006 9.90715721605581e-009 4.08762511894761e-009 -3.48225579985976e-010 
-4.43611387050827e+007 -9.16828783349226e+006 5.82455097812618e+005 1.22843420012502e+004 -5.93879409547012e+002 2.43645526123108e+001 -9.58529712327576e-001 1.98268336743240e-002 -1.30375315449185e-004 -4.03454530283189e-005 3.07673154956960e-006 -1.74448006988159e-007 7.38624606849113e-009 -2.32817495219000e-010 
-1.89621988923446e+007 -5.80540930334474e+006 2.49084206897945e+005 9.36115048824352e+003 -3.35299695610652e+002 1.32615062230238e+001 -4.38103553175006e-001 6.31927339757679e-003 1.50904724194175e-004 -2.99871124162890e-005 1.86898481395421e-006 -9.42168022436652e-008 3.52204755326486e-009 -8.82777316393843e-011 
-2.55832315368324e+007 1.22959326028889e+007 2.87686996235633e+005 -2.52438476778449e+004 1.86648383914067e+001 -1.11749938616547e+001 -1.77626260049322e-001 5.80474771148411e-003 -4.23815608143408e-004 2.45943054490146e-005 -5.76223615143518e-007 3.43801465027923e-008 -2.88921248758656e-010 1.65366730601068e-011 
-5.76654679489341e+007 -4.05075841184391e+006 6.85356757713419e+005 5.59978463587916e+003 -2.97630153472377e+002 6.77820848500313e+000 -5.73699407041988e-001 5.88274953050084e-003 -5.33151729597465e-004 -1.19316989892736e-006 -3.58288667221156e-008 -1.72172926957711e-008 9.35680643207887e-010 -3.74373315367529e-011 
-2.82778605871071e+007 -3.43784998451304e+006 3.36299188842913e+005 5.60789615713477e+003 -1.60928225676253e+002 4.77918272180900e+000 -2.88058984031744e-001 2.54089860334800e-003 -2.40881341917525e-004 -3.18656470976446e-006 4.05848189802887e-008 -1.27609247189998e-008 5.29785629712224e-010 -2.17129915036208e-011 
3.42421945684867e+005 1.33725054392234e+007 -2.14677390255824e+004 -2.69276652280751e+004 -2.39099045383634e+002 -1.42900289876097e+001 -8.69438449404688e-002 4.83971937667333e-003 4.04526978183334e-004 3.20040233577404e-005 1.07698426348795e-006 5.29340918935838e-008 1.19908101669805e-009 3.11198231126499e-011 
-6.01246692207812e+007 1.62550691224756e+006 7.26099805030513e+005 1.19461443935210e+003 -2.96663184897278e+002 -7.01633444263890e+000 -6.61759809758856e-001 -1.30082631237698e-002 -6.93002360341829e-004 -7.95321328190586e-006 -6.04258285272595e-008 1.99141558608895e-008 1.47515322978078e-009 7.00983347945570e-011 
-3.22776810358387e+007 -5.17174430362866e+005 3.90107634350719e+005 3.42918495445966e+003 -1.33694874746517e+002 -2.26698336823692e+000 -3.44500165443001e-001 -7.45064938139116e-003 -4.12130567081022e-004 -7.56580124193632e-006 -1.43908193219489e-007 5.15157329122657e-009 6.63744536375497e-010 3.42211592527501e-011 
2.69189149064592e+006 -2.41189167291271e+007 -5.16348048337365e+004 5.11652999606961e+004 9.54615458908131e+001 -3.38426387843413e+001 -1.12933066345282e-001 1.22333242051954e-002 9.83095633083056e-005 -3.59993301006422e-006 
9.71581717974109e+007 1.55647240483676e+005 -1.24174285783821e+006 -9.97097583363497e+002 1.33451421086876e+003 2.31594530758528e+000 -6.20081532214990e-001 -2.87419157752886e-003 1.94935349925416e-004 2.28725554164002e-006 
4.34907137255830e+007 1.59622505744994e+006 -5.55465726055463e+005 -3.68583304944968e+003 5.94437808562090e+002 3.18327207674407e+000 -2.71866689334262e-001 -2.06725786755661e-003 8.14934114571741e-005 1.25692448696492e-006 
-4.40305587645360e+007 -2.21018944394770e+007 5.49029885397374e+005 4.72517688691629e+004 -5.79476710803951e+002 -3.22219027544904e+001 2.51268845592631e-001 1.29242217560127e-002 -6.27454612294222e-005 -4.84704139269471e-006 
8.77528217541494e+007 -9.46498301779685e+006 -1.12672782446031e+006 1.99032130295050e+004 1.22939473426682e+003 -1.27692035101873e+001 -6.04612022873105e-001 4.13633871319288e-003 2.24024516114689e-004 -8.89040184081621e-007 
4.22152016032961e+007 -2.86027285662469e+006 -5.41717079061808e+005 5.96606872034446e+003 5.89840924704876e+002 -3.70698137820731e+000 -2.87948583069576e-001 1.04348860445589e-003 1.04771809699859e-004 -9.33643757817343e-008 
1.07458592841817e+008 1.39063006663704e+007 -4.95794350672677e+005 -1.08473980370100e+004 1.70009276277557e+002 2.42377402601908e+000 -1.28993069817771e-002 -5.76371034875695e-004 5.29211235350166e-005 2.77371793367563e-005 -1.77561968913665e-006 -1.90236310379049e-006 -4.38099079050321e-008 
-9.58633483257842e+007 1.35028765424875e+007 4.37579783433263e+005 -9.97307823183103e+003 -1.68109810933471e+002 1.72929069580040e+000 2.24493943509120e-002 4.29533009519487e-004 5.47629453592656e-005 -2.22281967490042e-005 -4.56508751234108e-006 1.04919119082720e-006 3.89290690624583e-007 
-4.15241853455949e+007 5.85344236576510e+006 1.89689610780203e+005 -4.32321365854190e+003 -7.28752258228235e+001 7.50051301892042e-001 9.72238644485101e-003 1.41552791876499e-004 2.35354399617979e-005 -6.50757129467167e-006 -1.80902250423954e-006 2.66796363332455e-007 1.42750907610415e-007 
1.30927634210260e+008 9.46907914341258e+006 -6.08101662591653e+005 -7.75780284206148e+003 2.15051554387859e+002 2.06023187287612e+000 -1.97988924448451e-002 -4.79821485003078e-004 3.50743893287230e-005 7.49754543308110e-006 -1.74950130390515e-008 -2.16199583298137e-007 -4.05255580318432e-008 
-6.57663510100682e+007 1.64819118700928e+007 3.03006541103730e+005 -1.23549728400103e+004 -1.27794517260016e+002 2.29870028481660e+000 2.39276181380696e-002 2.10372867021222e-004 6.21005071150717e-006 -4.79821361029402e-006 -5.97485548269276e-007 -1.18427988048567e-008 3.26469912376195e-008 
-2.84772515408242e+007 7.14485006949111e+006 1.31353534896946e+005 -5.35576192376658e+003 -5.53980274819807e+001 9.96694553953337e-001 1.02785547509566e-002 7.29931504019809e-005 6.90296893499264e-006 -1.27795549906618e-006 -3.02644820615006e-007 -2.97140566458528e-008 1.06816863996913e-008 
2.02823003201023e+008 -5.46216113398153e+006 -1.40420889387075e+006 1.22904414882834e+004 9.17828800141635e+002 -1.60088735037408e+001 -3.86120235875784e-001 1.63562724720098e-002 7.17054431634554e-005 -1.41724017306266e-005 1.38788076299110e-007 
4.05320957944395e+007 3.22459214713161e+007 -2.76649341098730e+005 -3.56634602087130e+004 4.27112382906216e+002 1.75349365414075e+001 -4.79635465161332e-001 -5.92963305685865e-003 4.47139388091820e-004 -1.38301931239254e-006 -3.57654321994477e-007 
1.31106100417716e+007 1.49385882092576e+007 -8.90051843115745e+004 -1.66897178032268e+004 1.71142869457439e+002 8.47491080181750e+000 -2.09582600742837e-001 -3.16126408235152e-003 2.03164247821196e-004 -2.51524902097220e-007 -1.67909357424148e-007 
7.40052860325936e+008 -1.02683802068237e+005 -1.15203393587818e+005 -1.42033604243795e+001 1.70135485855367e+000 7.32429941528031e-004 -1.62060580754964e-005 -7.21344381929595e-008 
2.55110514052939e+006 1.73766564355348e+007 -3.84845853012276e+002 -4.50521149482188e+002 -9.28560625590674e-002 4.97309645294102e-003 2.53028144118020e-006 -6.88102608147827e-008 
-1.69201433355152e+007 7.45070524052424e+006 2.63913679567608e+003 -1.92760007389051e+002 -8.12120951500482e-002 2.11374424022355e-003 1.48958153131214e-006 -2.77201077084981e-008 
1.15630092839595e+009 7.54136753127500e+006 -2.28340565351187e+004 -2.90837528953195e+001 2.51745893172688e-002 3.69060767827161e-005 -3.59424686665546e-008 
-8.27988417231995e+008 9.77296578145139e+006 1.63675135368835e+004 -2.92248182973342e+001 -3.21181323843167e-002 5.59514482562959e-006 -1.20956956476462e-009 
-3.91804787987420e+008 3.71190081525078e+006 7.74452576520519e+003 -1.08213540040876e+001 -1.43620415566556e-002 9.00662928308576e-007 2.10155403175633e-009 
2.05772065669799e+009 -6.80336191040095e+006 -5.11377809548480e+003 2.49946831956421e+000 1.16986926943645e-003 -1.52074097196305e-007 
1.94014090980683e+009 5.58909593185846e+006 -4.82215814869915e+003 -2.62046766051739e+000 6.77415585832584e-004 5.80683320634143e-007 
8.20625437735565e+008 2.54408777771212e+006 -2.03965525552884e+003 -1.18316360211104e+000 2.79632137697167e-004 2.57681420506845e-007 
4.44443942668594e+009 7.97862949189838e+005 -3.15093991581059e+003 -1.12374857918255e-001 2.00738694517389e-004 -3.59500059246006e-009 
-4.26339397561491e+008 6.95942433630058e+006 3.02149580264993e+002 -8.19337483856819e-001 -2.74822080461280e-005 -8.16756399217028e-009 
-2.85152534987797e+008 2.82866779169466e+006 2.02113337940210e+002 -3.32554966910798e-001 -1.62851759238820e-005 -4.01147457809304e-009 
2.35998800758918e+009 6.87069740183750e+006 -1.08212028535908e+003 -3.56000212322247e-001 1.42476336556508e-004 -1.66948717805280e-008 
-4.14422555835579e+009 2.51724238121666e+006 1.90058519662246e+003 -4.90208462587008e-001 5.91271187204407e-006 4.63618435554489e-008 
-2.00434421098642e+009 -1.28457488836456e+006 9.19213532727463e+002 -4.58575811895745e-002 -4.19109220208237e-005 2.47369649853951e-008 
-3.62499332496963e+005 3.84104236399021e+004 1.92750463987985e+004 -1.12341397382131e+002 -8.11930417861204e+001 -1.66892258437630e+000 4.39251962776949e-002 5.09481938119497e-003 5.92989308948458e-004 3.55542708574444e-005 -5.46228639079041e-007 -1.99625553070668e-007 -1.30409694983621e-008 
-6.78391619057997e+004 -1.46778088831908e+005 3.83746559068721e+003 1.30827842029256e+003 5.46214125927107e+000 -2.81858514922068e+000 -1.11833661740288e-001 -4.56950845833916e-003 -6.69610866761372e-005 3.03997818428284e-005 3.04652601694224e-006 8.42621762113910e-008 -4.87544550222869e-009 
-7.71844241887515e+003 -7.69440023784822e+004 5.10264227464393e+002 6.70959498448708e+002 8.83671358094742e+000 -1.30899880027500e+000 -6.01084231695356e-002 -2.68175636774407e-003 -7.70530072036375e-005 1.27818174564845e-005 1.58317405098457e-006 5.73607470484307e-008 -1.51621564960266e-009 
-1.52513206781759e+005 1.63401956466814e+005 9.46305489272234e+003 -1.52517923891373e+003 -7.88864769649263e+001 3.65024449137520e+000 4.65181619648357e-001 1.39817046339887e-002 -1.75091049643386e-003 -2.21619925643631e-004 -3.22394481151322e-006 1.33956836993104e-006 1.17655058383249e-007 
-2.83454033050834e+005 -5.71893196771880e+004 1.76446775293528e+004 7.72425240866158e+002 -8.19894969497549e+001 -5.45158239043173e+000 4.59145293986050e-002 2.84209857848418e-002 1.85739861466190e-003 -5.76940054538941e-005 -1.69806674508023e-005 -7.71244424059205e-007 6.75267267510620e-008 
-1.32033511357193e+005 -4.08647277447566e+004 8.23192809470696e+003 5.04172189705619e+002 -3.57407701428165e+001 -3.03538372961716e+000 -1.08068995144810e-002 1.33830491922327e-002 1.06918100959766e-003 -1.29919085445327e-005 -8.36539476560974e-006 -4.88838446394420e-007 2.55845367082963e-008 
1.82999352110785e+005 1.53855694461422e+005 -1.21159627366303e+004 -1.65088602125683e+003 8.23283320491053e+001 8.65054482587110e+000 -4.49582771346773e-001 -5.46930333781439e-002 2.92055801137464e-003 4.39257898171543e-004 -2.13798920815479e-005 -3.85669346225016e-006 1.65433989332576e-007 
-2.47305496703970e+005 9.24488703899672e+004 1.65201349644184e+004 -1.03135367205210e+003 -1.05705198700330e+002 5.63589965654663e+000 5.75704412885712e-001 -3.33532378873299e-002 -4.22487321520592e-003 2.33924256113073e-004 3.58991479757175e-005 -1.78767696507918e-006 -3.23660031522968e-007 
-1.38212719553635e+005 3.55820508278139e+004 9.25436076203404e+003 -4.01047628731186e+002 -5.96661112090983e+001 2.21856150628512e+000 3.24854397009527e-001 -1.28817710295465e-002 -2.35458196058450e-003 8.62847070089267e-005 1.97517177751795e-005 -6.22774655672854e-007 -1.76065011538617e-007 
3.52225752107562e+005 7.97305326492896e+003 -2.09563872453708e+004 2.27557736754264e+002 1.05246005046937e+002 -4.89385765319260e+000 -1.76423393714132e-001 4.03084411109912e-002 -1.44780701902285e-003 -1.84937077310320e-004 2.17395679189254e-005 -5.39979163475092e-008 -1.61321109554316e-007 
1.76589430704262e+004 1.57616468586759e+005 -1.05876134287752e+003 -1.51390557314815e+003 3.99670204332896e+001 4.52671555837032e+000 -4.34037912033913e-001 3.70289991203690e-003 2.61738236759247e-003 -1.86451402236459e-004 -6.64319367348404e-006 1.79134753760747e-006 -6.69257467961661e-008 
-1.63590501935272e+004 7.92633058488927e+004 9.93714999597542e+002 -7.84540056354876e+002 1.24676665659140e+001 2.65596185322385e+000 -2.06731064182541e-001 -1.08701965870974e-003 1.43188773821005e-003 -8.08644648968115e-005 -4.95939732862869e-006 9.11228879504450e-007 -2.20686157657831e-008 
2.24392090339762e+005 -1.27660506444712e+005 -1.13481897944462e+004 1.15745672281983e+003 2.06745096412763e+001 -2.40946424360901e+000 1.48979106272657e-001 -7.45511356920134e-003 -3.33522071128568e-004 5.34524685037596e-005 -3.19950270934488e-006 5.71168034041179e-008 1.31774608201748e-008 
2.77146310314096e+005 9.11488204688957e+004 -1.38974308629184e+004 -5.87110374343810e+002 5.88617499402409e+001 -7.98246330132494e-001 -9.00411356072755e-003 9.02513917721830e-003 -7.42646826161226e-004 1.47105772644551e-005 1.60970546050812e-006 -2.40984484965225e-007 1.48296056323615e-008 
1.24375415482127e+005 5.54304863391279e+004 -6.22851481118818e+003 -3.83380137772537e+002 2.83530294613752e+001 -2.21195684434483e-001 -1.54721993190518e-002 5.11248387797422e-003 -3.51817523239865e-004 3.51465384331437e-006 1.04981355802661e-006 -1.26197974566499e-007 6.54548224180489e-009 
-7.56147317463727e+004 -1.60048376541112e+005 3.35417616771778e+003 1.22005616609344e+003 -9.90584427865250e+000 -1.44102440634437e+000 -4.66907938345826e-002 -3.50915170805159e-003 3.20203918588606e-004 5.28642309661421e-006 -1.64082983609686e-007 -1.56523283422957e-008 -3.07364948745532e-009 
3.36567173608707e+005 -3.32334095218163e+004 -1.57212071117123e+004 2.60743311042782e+002 4.99564161568953e+001 -4.82075301175568e-002 1.07203808227870e-002 -4.46034157407161e-003 -1.56187626180880e-004 1.22585311918235e-005 1.07952538260106e-007 2.58007644065243e-008 -1.89645631361233e-009 
1.76077048492234e+005 -5.39679943382844e+003 -8.23450842550949e+003 4.33366713411695e+001 2.61999219845370e+001 8.52500023052125e-002 8.58932960173260e-003 -2.01707332849542e-003 -1.02821105153840e-004 5.84701201313735e-006 6.86290726341202e-008 1.42025028152670e-008 -7.41768832318795e-010 
-3.26158623581692e+005 -8.00086312102196e+004 1.58576088043869e+004 7.58883391145180e+002 -5.15157885280690e+001 -2.51202913547414e+000 3.99352647445379e-003 6.10449494328007e-003 1.12293623709754e-004 -1.96272044871707e-005 -2.46696466687661e-007 8.28307242767697e-008 3.61311979846893e-009 
1.63697826261475e+005 -1.33114186798399e+005 -7.91114720612329e+003 1.01937497969326e+003 4.04293930538269e+001 -1.40238199230430e+000 -1.09915212993886e-001 -1.58589746123607e-003 2.95308684523792e-004 2.89191422466474e-006 -1.14564629523154e-006 -2.66040641451688e-008 4.61997992434911e-009 
1.06147121835908e+005 -6.19768895319105e+004 -5.16924808135872e+003 4.64280804499883e+002 2.44084662617491e+001 -5.33165847031548e-001 -5.65526987280354e-002 -1.25130311363805e-003 1.42364770670231e-004 2.90488656654798e-006 -5.65742131707420e-007 -1.95499735312049e-008 2.09444561232115e-009 
-3.42686390829529e+005 6.57732494617166e+004 1.85373165603272e+004 -4.04160963969192e+002 -8.72522578405436e+001 -4.89434596326534e-001 1.49048305967477e-001 3.69232251489777e-003 3.17171972915916e-005 2.13806175101052e-005 1.95422576217893e-007 -1.70270276668158e-007 -7.40975593095221e-009 
-1.21314867215567e+005 -1.39541348438234e+005 6.81432149454662e+003 1.30090347426058e+003 -1.27485161507577e+001 -3.69492709791495e+000 -5.95236169885369e-002 3.06998545751437e-003 -1.36092673104061e-005 5.11250699657193e-006 2.11911863940477e-006 5.68818899942981e-008 -8.15653399528912e-009 
-3.76815314816145e+004 -7.57179459272059e+004 2.14380209427583e+003 6.92772766007896e+002 -1.72303165218021e-001 -1.85384132281566e+000 -4.13299817466678e-002 1.30522446433804e-003 -8.50157354469557e-006 1.09270012487720e-006 1.06636007426228e-006 4.12320253501746e-008 -3.63101249570666e-009 
-1.35549892371484e+006 -1.00264789809075e+003 3.04506288729898e+001 -5.16824843107870e-002 -1.16429830105111e-003 7.82420274174935e-006 1.82449326682027e-005 -1.98297196984893e-006 1.66307420795652e-007 -4.42359815249196e-010 -4.24306794682763e-010 
1.81602292433010e+005 -1.00325387252598e+004 4.52468798149662e-002 6.41416499379844e-002 -3.05594821131061e-004 -2.11307901003602e-004 1.38690411973634e-005 -1.51425393168141e-007 -7.48206700622115e-008 1.35880098428584e-008 -1.62773157840655e-009 
1.11277425936149e+005 -4.23315860643278e+003 -6.35964196985618e-001 2.90445141851307e-002 1.08231263748420e-004 -1.10066919885017e-004 5.41226227449358e-006 1.23091812063361e-007 -5.71806764251622e-008 8.03210680183885e-009 -8.37475473106978e-010 
-1.35726273455208e+006 -7.61735241848033e+002 2.97681236358270e+001 -5.65965028952185e-002 9.23942263263452e-004 1.41346048858469e-004 8.19128576153588e-007 -9.07415889690889e-008 1.49094265632590e-009 5.55741751654117e-009 -1.46526493182060e-010 
1.61539809135324e+005 -1.00293992416451e+004 6.96711770517575e-001 4.05791398985738e-002 -1.90038488223869e-003 2.35788692903554e-005 7.42487841075498e-006 5.42102640604634e-008 2.42117122277713e-008 -8.45042450587539e-010 -4.67169515384579e-011 
1.02807063246492e+005 -4.23694563220242e+003 -3.27745595259596e-001 1.98083755163354e-002 -9.16172084174262e-004 -1.41093854459986e-006 3.74563525586875e-006 3.80266296999255e-008 1.28048247394450e-008 -3.29271451639362e-010 -1.98581408733912e-011 
-5.58915320193276e-005 -1.16359701040349e-007 8.25288424140598e-007 1.41166088065273e-007 -5.69343560864403e-008 -1.23843833784946e-008 5.09497098558709e-010 4.08281185150549e-010 6.89397295099815e-011 2.91628900190416e-012 
2.96643903507437e-005 -1.29435356967316e-007 -1.40484418930146e-007 1.08003880794106e-007 2.10951548945691e-008 -3.46752382734744e-009 -1.16947174371900e-009 -9.60915978735754e-011 2.42680470293926e-011 1.07501694762467e-011 
-5.44711357525354e-005 -3.47659913633971e-007 -8.98655425573125e-007 1.85201647754909e-007 8.21818174428693e-008 -2.00593943198680e-008 -3.47912038866886e-009 1.35182464271609e-009 8.92955982216837e-011 -6.70365751445966e-011 
3.06646393361493e-005 1.10236913413332e-006 -1.95419915753967e-007 -1.33128202491279e-007 2.89122097313282e-008 8.19552278942648e-009 -2.22723648991707e-009 -2.95887554881590e-010 1.15641950364279e-010 7.92712802055418e-012 
-5.51817185938368e-005 7.06775760510192e-007 2.70505957840259e-007 -1.62953017829900e-007 -1.23367574836428e-008 4.66510270614985e-009 -1.87324126455421e-010 1.48675741690232e-011 9.88469193735753e-012 2.51171213121467e-012 
3.13844825239266e-005 1.02026302703527e-007 2.44532499327031e-007 3.92699746695752e-008 -1.52021424546760e-008 -5.77242292908618e-010 9.29710909094729e-011 3.20995816651431e-011 8.63731468687717e-012 -5.17504892539474e-012 
-5.58996835693148e-005 -1.88858902719766e-006 -1.76904097770126e-007 2.19614714882897e-007 2.62757010898161e-008 -7.36899587681189e-009 -1.21810405736456e-009 5.14434330671526e-011 1.94702540069023e-011 2.87320204393033e-012 
3.25474301604072e-005 5.38675315763666e-007 -3.11923740690542e-007 -4.12393829719062e-008 1.99156375276566e-008 3.08409117933592e-009 -3.55001331531622e-010 -1.15041568168902e-010 1.86243514649934e-012 3.48712748861344e-012 
-5.22624706567597e-002 8.04219789406557e-004 -7.92365100619999e-005 -4.38110438467938e-005 3.93026879773174e-006 1.55188514163384e-006 -3.71472920071678e-008 -3.33538930517297e-008 -2.42877987181487e-009 1.93557761990184e-010 
3.91588008929426e-001 -1.64801370088761e-004 -7.48555437575644e-005 8.09114959294205e-006 3.36377385402130e-006 -2.05074892983666e-007 -9.47911208540216e-008 -1.98707839181854e-009 1.35222982489044e-009 2.04934591677735e-010 
4.46186103424570e+003 9.19097487837438e-001 5.74507173285787e-005 4.06336582439317e-005 -3.34887498392556e-006 -1.40693535973274e-006 3.44388457662661e-008 3.01812266068772e-008 2.13684663531533e-009 -1.81253620560998e-010 
-5.16388333154425e-002 -1.00772249886815e-004 -1.67305937815438e-005 1.47763055826833e-005 -6.86475261611712e-006 -1.80506164048018e-007 3.59588404245643e-007 -1.59518339750718e-008 -1.10590744172272e-008 1.27352162759891e-009 
3.91127911615341e-001 -1.95635557018771e-004 3.13975581148837e-005 -6.11482531880585e-006 -9.02274896085318e-007 6.69878697931428e-007 -7.04010593477993e-009 -2.50890694531720e-008 1.87792785635595e-009 6.85991484585213e-010 
4.46370007729250e+003 9.19895670170195e-001 2.68106518014880e-005 -1.11856279376137e-005 5.95908689955671e-006 1.24215932616430e-007 -3.20628275209171e-007 1.51860171950353e-008 9.84479827045714e-009 -1.16768801820394e-009 
-5.20066800404057e-002 -2.79577124899009e-004 -2.82762703923673e-006 2.28299750738552e-005 4.03301920598028e-006 -5.59745591779890e-007 -9.60934401895047e-008 7.55708117121820e-009 1.75297011205002e-010 3.32444609310670e-011 
3.90917384808755e-001 -7.65238570994109e-007 4.48598203489165e-005 4.61017202771285e-006 -1.41235891767168e-006 -2.85153329263768e-007 2.75498240554246e-008 3.01602992811411e-009 -1.70451821448252e-010 2.37371317245820e-011 
4.46554013450956e+003 9.20169543703459e-001 1.06764721085035e-005 -2.29265577331566e-005 -3.75729408584134e-006 5.31383606296112e-007 8.73470973081458e-008 -6.81279192661938e-009 -1.69060320853559e-010 -3.32412867660326e-011 
-5.17452275342282e-002 6.79267538772718e-004 1.36882921538511e-004 -3.18553219711139e-005 -6.54103804187197e-006 7.48944024716229e-007 1.73455242147590e-007 -6.10893962266857e-009 -2.66671985047494e-009 -4.26225625091400e-011 
3.91097923304858e-001 8.84576240070916e-005 -5.90318471525819e-005 -1.23638649312736e-005 2.08282032388059e-006 4.35811701054055e-007 -3.10103033032444e-008 -8.83119891067638e-009 4.80005821325980e-011 1.06695901981838e-010 
4.46737971413617e+003 9.19266435464355e-001 -1.37250309707186e-004 2.84788988560642e-005 6.16462432459122e-006 -6.84449486081682e-007 -1.59674293983227e-007 5.71494720084884e-009 2.45763844586296e-009 3.73912843146876e-011 
