-2.11833053113369e+007 -1.81724833763153e+007 7.40139713031659e+005 9.29646452453480e+004 -6.56719696581565e+003 -1.69711776764849e+002 4.64326790590553e+001 -1.38566547302850e+000 -2.46625948513127e-001 2.41086418628493e-002 5.07675378342444e-004 -2.21537998540162e-004 8.92860377358767e-006 1.32040719676485e-006 
3.48990481502346e+007 -6.54168023075642e+006 -1.31990247563482e+006 6.87560381676151e+004 3.87919189105598e+003 -5.12876527503272e+002 3.74598318134112e+000 3.10003450300310e+000 -1.96447669445325e-001 -1.17073455795171e-002 2.18218876119936e-003 -3.44690434353834e-005 -1.57978250925224e-005 1.24335061009802e-006 
2.08533272728741e+007 -1.60899780924904e+006 -7.81803032868713e+005 2.70853530838833e+004 2.75321088752095e+003 -2.56358068890288e+002 -2.81464223455309e+000 1.79962997855248e+000 -7.93569196071659e-002 -8.75396229277585e-003 1.11299039902509e-003 4.56399153483311e-006 -9.36459635856008e-006 5.27209594504972e-007 
-4.93172143502105e+007 -9.53784633293103e+006 1.25507418379713e+006 1.20496047762481e+003 -3.62806158176252e+003 2.44944361107285e+002 -5.35769399826300e+000 -6.57344802875577e-001 8.29932480506915e-002 -4.04198109035618e-003 -7.64828537726161e-005 2.94886168143380e-005 -2.32557425952141e-006 4.90134311757724e-008 
1.41766145431935e+007 -1.34018248873197e+007 -3.96896354143966e+005 6.98537133162522e+004 -2.17836737299361e+003 -6.82362803146242e+001 1.43037749050356e+001 -8.97078617125091e-001 8.77311849344369e-003 3.80863466151488e-003 -3.93650143870152e-004 1.53022026914840e-005 8.13224701057401e-007 -1.66079180290618e-007 
1.27032454321910e+007 -6.16894013236051e+006 -3.42172926629022e+005 3.71882275202198e+004 -7.87329158259080e+002 -6.18527836349667e+001 8.19618711089677e+000 -4.11011034429920e-001 -3.92109048863049e-003 2.45362776127751e-003 -2.02340775236885e-004 5.11554490909979e-006 6.75582548241316e-007 -9.37964353656216e-008 
-5.87955223083502e+007 -1.14208258993796e+005 1.05258327038928e+006 -2.71243120957407e+004 -4.84001974757310e+002 7.46926263945385e+001 -5.21280465318106e+000 2.15621516904068e-001 -2.84383463237599e-003 -4.62613520289823e-004 5.23446409354531e-005 -3.23549820117587e-006 1.13199649454958e-007 1.34323757553712e-009 
-1.35806854326058e+007 -1.38360233383620e+007 2.27555902012454e+005 3.55943853922314e+004 -1.72825942538879e+003 5.73668565262093e+001 -1.37651344083403e-001 -1.56980237624369e-001 1.40951814428860e-002 -7.54980558197908e-004 2.05375042378109e-005 7.82773392192677e-007 -1.50098967976812e-007 1.13983631234386e-008 
-1.13940059649217e+006 -7.37821500929100e+006 1.23863481672281e+004 2.18262695563827e+004 -8.72973913803460e+002 2.28967033360737e+001 4.67099892945739e-001 -1.06215310104814e-001 7.82404808118311e-003 -3.55303533375430e-004 5.54161073592197e-006 7.53686225846544e-007 -9.19172673308257e-008 5.94926273324085e-009 
-5.16743517580427e+007 6.95127987343446e+006 7.12842047622809e+005 -2.79458891147645e+004 1.64683729159932e+002 5.58692878763361e+000 -1.24647845022755e+000 7.09943589493723e-002 -3.31713942224459e-003 1.08652089224963e-004 -1.44241527009571e-006 -1.34948290792115e-007 1.51698087013511e-008 -9.63552756009491e-010 
-3.83576330440498e+007 -1.06957328631670e+007 5.23597311049994e+005 1.61010978316045e+004 -7.91446661708046e+002 3.30830587419395e+001 -1.14368283623057e+000 1.71785190224031e-002 7.30698198241798e-004 -1.06186578345298e-004 6.83568124435907e-006 -3.31380744755466e-007 1.13690072293899e-008 -1.58050107746246e-010 
-1.51116184919681e+007 -6.43356664272540e+006 2.05755470261230e+005 1.14989026025827e+004 -4.39840401195951e+002 1.70922807031494e+001 -4.81637677246557e-001 1.81317564981704e-003 7.34336807746235e-004 -6.79893042960488e-005 3.80095587854638e-006 -1.63015290166423e-007 4.49960717570033e-009 1.55071587551586e-011 
9.53874485842288e+007 1.05853510859391e+007 -1.19025540793961e+006 -2.20429781636349e+004 1.18807676233676e+003 1.35867516977431e+001 -4.07222034470533e-001 -3.74098123957919e-003 1.80488165543384e-005 3.62085304751913e-007 
-4.20691889926939e+007 1.97912123767496e+007 5.12650833865226e+005 -4.05001759309260e+004 -5.32459571444270e+002 2.31402716099165e+001 2.16348273049043e-001 -4.38462373717085e-003 -4.11249466354378e-005 -7.72305326249306e-007 
-2.49731370460477e+007 8.23434506928309e+006 3.05962206733054e+005 -1.68254711401033e+004 -3.14736103069962e+002 9.55063593260322e+000 1.23103593508030e-001 -1.73576437252127e-003 -1.96471459843570e-005 -3.70717847888463e-007 
1.06437921553888e+008 3.45432375487981e+005 -1.33356260447461e+006 -1.42508887316989e+003 1.35401364753994e+003 2.64237337157437e+000 -5.00204203193029e-001 -2.71390375223510e-003 5.33949968731521e-005 1.56307761253494e-006 
-2.58896342130366e+003 2.18403684908684e+007 -8.40215891278360e+003 -4.50797057718861e+004 -2.85491691914681e+001 2.66860591884402e+001 7.12351243084067e-002 -6.09837002813853e-003 -6.28290896516211e-005 -2.43544362594848e-007 
-6.74637329753361e+006 9.80428400272723e+006 8.06167201668063e+004 -2.01905822237272e+004 -9.85351914666697e+001 1.18384737949795e+001 6.37041893380048e-002 -2.57182383249662e-003 -3.16453864790624e-005 -2.08459629922363e-007 
8.59232924621980e+007 -1.69290603603210e+007 -4.25643804165046e+005 1.34650190236882e+004 1.97367549237196e+002 -3.23782021347831e+000 -5.15436391883533e-002 7.49870112607019e-004 4.28636738747577e-005 -2.40684846267801e-005 -7.44493813971267e-007 1.27594384417036e-006 -5.45420255121266e-008 
1.08513122488089e+008 1.10184750811965e+007 -5.36267452546121e+005 -9.47538627888216e+003 2.13891782834059e+002 3.00182196673953e+000 -3.29146359002915e-002 -3.88010034514053e-004 -7.06439733258039e-005 -1.80758327208464e-005 4.24121125065974e-006 7.18420808061877e-007 -2.65037714398098e-007 
4.70724056488696e+007 4.77685175669570e+006 -2.32499437293187e+005 -4.10806551434119e+003 9.27320917797659e+001 1.30118853689736e+000 -1.41351753813026e-002 -1.41249043579880e-004 -4.12222884136481e-005 -9.42913198952541e-006 2.47214140823473e-006 3.70313405779262e-007 -1.51021204063880e-007 
4.92060850082044e+007 -1.96395351857013e+007 -2.47455433265625e+005 1.60431023903797e+004 1.21473155166412e+002 -4.30147521945934e+000 -3.62962968282313e-002 9.16882736128974e-004 1.99914508750925e-005 -3.05666761035823e-006 1.24211728477764e-007 -1.47223777429122e-007 -3.26563176072013e-008 
1.25943746450904e+008 6.33594426478788e+006 -6.27615902545668e+005 -5.62304274487080e+003 2.64273625301907e+002 1.95839196971530e+000 -5.12163990183020e-002 -3.69095009838905e-004 -2.69527534311355e-005 -4.47326284677772e-006 -1.96238553513437e-007 -1.55745624318903e-007 3.12111185254348e-008 
5.46290305310332e+007 2.74673451217961e+006 -2.72103679083293e+005 -2.43787796741568e+003 1.14575029883970e+002 8.49126777796596e-001 -2.20744537302023e-002 -1.63155118058970e-004 -1.78395617400142e-005 -1.97104547068202e-006 -2.43017800593875e-008 -6.76883744519121e-008 1.96806184226049e-008 
-2.40333546941889e+008 -7.23682711677084e+006 9.88416251202844e+005 5.97704417379228e+003 -2.36869097919869e+002 -9.08234368532823e-001 -4.23591111364823e-002 -2.78471743111215e-004 -7.17032013835722e-007 2.48655419477854e-006 8.91264215767741e-008 
5.43781891311644e+007 -2.68746022698762e+007 -2.26865528816772e+005 1.82177723726864e+004 8.40191510587758e+001 -4.43984028709145e-001 5.76405078962386e-004 -8.05946946428998e-004 2.09095689566662e-006 1.56117212411529e-007 -4.88211061562789e-007 
3.14618581992388e+007 -1.21305183244872e+007 -1.30779451443383e+005 8.19430689801565e+003 4.49394052270585e+001 -1.79067776933537e-001 1.42174985338197e-003 -3.65391715312805e-004 4.73708429196802e-007 2.76953713504209e-007 -2.21476808891025e-007 
3.08204438875216e+008 -1.66971408735983e+007 -4.58133726477807e+004 4.34090974528451e+002 3.30255985706117e-001 -4.62327442884744e-003 4.42727163560063e-006 -5.80015445543821e-008 
6.33306922020413e+008 7.44409906093311e+006 -9.40406581803571e+004 -1.41889476996254e+002 1.37921894910931e+000 -2.39679648654230e-005 -1.22402375813111e-005 -1.01643090977964e-007 
2.63952424395388e+008 3.59741100126220e+006 -3.91949766955898e+004 -7.13855288411934e+001 5.83216061290167e-001 1.02645274633596e-004 -5.40029504005254e-006 -3.72849524965802e-008 
7.28929729148244e+008 -1.19818608294225e+007 -1.83203326336270e+004 4.71632771042376e+001 5.66004985945880e-002 -6.70281320397838e-005 -2.06679581027970e-007 
1.07554096686642e+009 6.38843676222890e+006 -2.69781520928063e+004 -3.04668485550353e+001 5.79055771602253e-002 5.37752369688733e-005 -1.40352857834533e-008 
4.12861280346705e+008 3.15428450427046e+006 -1.03510256502726e+004 -1.46278828106073e+001 2.13452243424526e-002 2.65733819138054e-005 5.15458668004621e-010 
2.28496061273980e+009 5.98794939350635e+006 -5.45198470234373e+003 -2.17765939225988e+000 1.08182079651328e-003 8.00064129795280e-008 
-1.74734019828157e+009 6.23111990031621e+006 4.16771671320851e+003 -2.63673911044792e+000 -5.61132693575344e-004 2.25771673295578e-007 
-7.97609014389294e+008 2.64437396413618e+006 1.90251486588449e+003 -1.12401874204308e+000 -2.61392028309929e-004 9.51989734302483e-008 
2.63912231273801e+009 6.04005678393932e+006 -1.83320817130964e+003 -7.13280205405318e-001 1.00028244682671e-004 3.43768312249171e-008 
-3.35477442893687e+009 4.17042257258708e+006 2.33057302968906e+003 -4.65555126078050e-001 -1.35852854748717e-004 3.56569876663903e-009 
-1.43883173030372e+009 1.55660526902788e+006 9.99542913986543e+002 -1.72783404690671e-001 -5.80889271493391e-005 1.78505188343328e-010 
-1.32892579832896e+009 7.34090824057071e+006 9.03229129512751e+002 -9.07636775273452e-001 2.69152262449995e-005 8.88434128806278e-008 
-4.23913437218319e+009 -2.47948110907923e+006 2.88124307049261e+003 3.54371619636736e-002 -2.91567681050524e-004 3.59053177057537e-008 
-9.22502500734443e+008 -2.98555241072127e+006 6.26945341506314e+002 2.84706046261715e-001 -9.82184177987740e-005 -1.69280013213529e-008 
3.28240640755183e+005 -7.93108983137604e+004 -1.85202701917434e+004 5.03130370662073e+002 1.00756184226856e+002 1.50388865829612e+000 -3.07532855036009e-001 -2.57305597865213e-002 4.30304253251328e-004 1.71842553229258e-004 5.74105108871313e-006 -8.05423483223372e-007 -7.98240202671400e-008 
1.44321273951640e+005 1.41559471025702e+005 -8.15071921782490e+003 -1.41723633671224e+003 1.25528299146437e+001 5.46717740712970e+000 2.26195213823175e-001 -1.42358428995393e-002 -2.04078866743864e-003 -1.31825487475196e-005 1.17257331169372e-005 6.79319424961828e-007 -4.32617073896407e-008 
2.81078114122268e+004 6.42130401234068e+004 -1.56256977482900e+003 -6.15657016250744e+002 -4.37436545376988e+000 2.05630506606864e+000 1.19663093047997e-001 -3.33228346186266e-003 -8.60334512512975e-004 -2.12548490078396e-005 4.18069653818514e-006 3.47835818355402e-007 -9.98496619626485e-009 
5.92596753070223e+004 -1.77088422524655e+005 -3.56261347350737e+003 1.80791642466253e+003 2.91031358838851e+001 -8.03688455404371e+000 -1.39306861169659e-001 3.92272319862620e-002 3.64480765977963e-004 -2.53362629825980e-004 9.59413024988644e-007 1.81234594286464e-006 -2.81224067367353e-008 
3.16795389688118e+005 2.08451689003685e+004 -2.00190205348370e+004 -2.85229946696004e+002 1.16839651969227e+002 1.75441819642890e+000 -5.05122672990474e-001 -6.17296317269957e-003 2.88351135315820e-003 -6.23911695501287e-007 -1.98091395152472e-005 2.52707667215672e-007 1.43304882303561e-007 
1.22273319568380e+005 2.47385987320385e+004 -7.71971033338587e+003 -2.82838055052562e+002 4.42106318005166e+001 1.45434743656324e+000 -1.89924181871655e-001 -6.12598346876987e-003 1.12490929407798e-003 2.32539891676179e-005 -8.05125650530690e-006 -6.65397048525067e-008 6.02141203620051e-008 
-2.56916251665407e+005 -1.22642759866359e+005 1.59235014664259e+004 1.11989150393734e+003 -9.54722122594646e+001 -2.52905677410312e+000 3.39460503038531e-001 -8.31514716679607e-003 -6.51085276055348e-004 1.10175782029567e-004 -3.81978775377861e-006 -5.08150813316183e-007 5.22461379320126e-008 
2.09192628783763e+005 -1.22487200551362e+005 -1.29920660682267e+004 1.29551830824903e+003 5.66040081565446e+001 -5.57445903254492e+000 -1.27598403187276e-002 1.58116623268656e-002 -1.11236472817856e-003 5.14915637905767e-006 7.64433796768980e-006 -5.08220288559560e-007 -1.78629587067520e-008 
1.08164582455358e+005 -3.79836464062293e+004 -6.71073585267512e+003 4.16263529687146e+002 3.16537976279467e+001 -2.00090509404164e+000 -3.67114630920094e-002 7.11432829710804e-003 -3.86699184056256e-004 -8.12889730164179e-006 3.42770296964747e-006 -1.57150859790626e-007 -1.20285239533161e-008 
-3.51583012076057e+005 3.11179182867018e+004 1.97170451059662e+004 -4.58516562208819e+002 -8.53747620914611e+001 2.67257858641303e+000 1.21674596256060e-001 -5.15431656941747e-003 -5.04841836821707e-005 -2.53371156839383e-005 1.41591373734260e-006 1.74189372695971e-007 -1.21021274439945e-008 
-8.49662775793433e+004 -1.56923325609744e+005 4.52237748711605e+003 1.38508816384310e+003 -3.79300811276786e+001 -3.36812103928040e+000 1.38834436121261e-001 2.29663775423568e-003 3.57091672638710e-005 -8.66048549319909e-006 -2.34046867627894e-006 1.48373990377624e-007 7.86817347606002e-009 
-1.64516263317477e+003 -6.61894947396746e+004 -2.26586318873861e+001 6.00007044218802e+002 -7.22474528776594e+000 -1.60210710292335e+000 4.42217522209790e-002 1.40383601882468e-003 1.98235444475212e-005 -1.13549052586616e-006 -1.07485324832641e-006 4.34280097298717e-008 4.29553586205822e-009 
-1.62268094929606e+005 1.48438729371355e+005 8.14208488211500e+003 -1.29594992950688e+003 -1.69009538833963e+001 3.39609182990471e+000 -7.08713972195087e-002 -6.11989253161339e-003 3.26780369583157e-004 2.21096589291154e-005 -1.28058466389643e-006 -9.15357182338225e-008 8.56133530675632e-009 
-3.19859528894177e+005 -6.84267238100126e+004 1.59155540793171e+004 4.37381965047616e+002 -6.85015007451733e+001 2.92614063799435e-001 1.27384820204508e-001 -5.43384128298758e-003 -3.01824224251380e-004 1.79234788414205e-005 1.33765408755072e-006 -1.00603109658692e-007 -4.38747989086082e-009 
-1.14122633089913e+005 -4.15323764215435e+004 5.64783753755563e+003 2.98006274271802e+002 -2.59259985241543e+001 -2.02034507019795e-001 5.77481141501362e-002 -1.60798039142441e-003 -1.52214113488244e-004 5.12579705512069e-006 6.59138796577742e-007 -3.18911773116538e-008 -2.57002892837106e-009 
1.50166530216129e+005 1.51151550924762e+005 -7.18554099150308e+003 -1.14712344221704e+003 2.78277601488431e+001 1.13740957029086e+000 -5.84501399675370e-002 5.95181749532695e-003 1.81478908446145e-004 -1.62035699058077e-005 1.80423019076461e-007 2.04768957855340e-008 -4.63946446538605e-009 
-3.25132370182450e+005 6.24796870628593e+004 1.51511416885015e+004 -5.07616300538519e+002 -4.68917227186574e+001 1.17595509239240e+000 -4.01431630659566e-002 -2.85420667332129e-003 3.50675319266000e-004 5.26255876427767e-006 -5.24792961285705e-007 4.70087967149263e-008 6.89422067121946e-010 
-1.45616248687795e+005 1.09799275431000e+004 6.78705788577852e+003 -9.57332788609886e+001 -2.14813405815185e+001 3.62379217406823e-001 -1.07806871102658e-002 -1.70763343124255e-003 1.24012584974895e-004 3.65120880100576e-006 -2.27304272638857e-007 1.70290996072857e-008 7.14726839795615e-010 
3.57752104014425e+005 4.77146745745640e+004 -1.76067679534244e+004 -5.34169949935220e+002 5.12740746843915e+001 1.87768979186918e+000 1.04349534052006e-001 2.11062498967904e-003 -5.54587310599079e-004 -4.01162749292773e-005 -1.65934014103072e-006 1.70962792664290e-008 1.24722633040708e-008 
-1.06316330253231e+005 1.47979236282388e+005 5.14876200802733e+003 -1.12490983939800e+003 -3.24313684033621e+001 6.35265356615802e-001 5.48741933607085e-002 1.01205536884358e-002 4.20462871081697e-004 -8.44079249870353e-006 -1.93159166193670e-006 -1.85888083068166e-007 -7.32165042852505e-009 
-7.68438055540594e+004 5.52541530367060e+004 3.74740013599942e+003 -4.02466016008775e+002 -1.79710700041746e+001 7.29499375126829e-002 1.22660258039083e-002 3.88896937796203e-003 2.22619798048085e-004 4.35501457631360e-007 -6.21835756577395e-007 -7.67403321076182e-008 -4.14698362912370e-009 
3.04245921990505e+005 -1.01209306804484e+005 -1.74888105084577e+004 6.87358309705247e+002 1.01939609772320e+002 1.63089332736036e+000 -3.02788394124098e-001 -3.29531878746609e-002 -3.70596564886794e-004 1.89072969412478e-004 1.54460104179659e-005 -2.19141161036462e-007 -1.28430563884741e-007 
1.83123999868393e+005 1.28334259530611e+005 -1.05082362336474e+004 -1.35911256863533e+003 1.97694516769896e+001 5.65010825606652e+000 2.83695762421709e-001 -1.02366172831417e-002 -2.56179146596809e-003 -1.04127027795631e-004 9.87826653234241e-006 1.43222375592962e-006 3.13444580858265e-008 
4.51800804736607e+004 6.14754101291239e+004 -2.57740210937117e+003 -6.13903115722185e+002 -1.79081128786155e+000 2.12435625395666e+000 1.43628779594511e-001 -9.85028669577992e-004 -9.99295948822136e-004 -6.01206198673587e-005 2.51402768662294e-006 5.99412826027722e-007 2.49273523030467e-008 
-7.48192963364982e+005 9.37975554811437e+003 1.60691383554692e+001 -9.75529582374628e-002 1.18588396040558e-002 -8.95925495882596e-004 -1.74031965899277e-004 4.33380042957714e-005 -2.24803856831144e-006 -7.32336267812433e-007 1.63001545894322e-007 
-6.58582880249038e+005 -4.88184743742899e+003 2.51584962069039e+001 4.37783345845681e-002 5.80776500259921e-004 1.55062901621042e-003 -2.17717734614405e-004 -3.95622711912809e-006 5.56609478069975e-006 -7.16822076832524e-007 -3.37472469980022e-008 
-2.58939395091922e+005 -2.33774168569658e+003 1.03554135973474e+001 1.40269250988864e-002 -1.13631398527085e-003 9.26582817820990e-004 -9.81564532235828e-005 -6.60910697709939e-006 3.20633728437540e-006 -3.06118162582668e-007 -3.49182882867524e-008 
-7.29307396516563e+005 9.50524310400268e+003 1.53560818007189e+001 -6.15308048026912e-002 -3.58773021788708e-003 -1.59252052583250e-004 3.11677108305210e-005 -2.99038885700305e-006 2.06566906293964e-007 -7.71515384756401e-009 -1.99364046112196e-009 
-6.68142876575613e+005 -4.67737087363510e+003 2.60907706749479e+001 1.11305326991259e-001 2.40730060092933e-003 -3.21299133468572e-004 1.14962438705719e-005 6.15644326740599e-007 -2.08857553058789e-007 1.70413500880638e-008 -2.89369078325716e-009 
-2.63531253632618e+005 -2.25385137008983e+003 1.06767600363460e+001 4.38647569663949e-002 1.56843381251265e-003 -1.47901748417862e-004 2.96769682460075e-006 6.37376158419433e-007 -1.32994173475836e-007 1.07870212002377e-008 -1.32520423472813e-009 
-8.71283256107581e-005 4.13470239464616e-007 8.42950712723329e-007 -7.82391908477332e-010 -7.84554491737310e-008 -5.17680546586478e-009 3.73438966527822e-009 4.98772566263842e-010 -1.34283632937433e-010 -2.66027402581346e-011 
-1.42406874423560e-005 -7.65112732740510e-007 1.61923586090709e-008 1.16168304908853e-007 5.32476134212376e-009 -7.13819319959349e-009 -7.45711062941474e-010 2.54593971467057e-010 4.48490599595951e-011 -6.64150344408637e-012 
-8.57910260219936e-005 -4.91758530214728e-007 -4.85317420282276e-007 2.12828897134451e-007 3.25108457133093e-008 -1.33694610984430e-008 -3.15478245189574e-010 3.78793200306042e-010 -2.26935757898276e-011 -3.43814517801718e-012 
-1.45267934162877e-005 2.01479786385442e-007 -2.35418522252971e-007 -6.63687490556114e-008 2.48054564552544e-008 2.14831864571210e-009 -1.02584108510076e-009 3.60114859795406e-011 1.72290391162627e-011 -4.60862190997551e-012 
-8.53008392293435e-005 1.51949355773405e-006 1.21396191168338e-007 -1.69186729182115e-007 1.12648616402573e-010 6.00315431253790e-009 -5.78964245861047e-010 -9.44891989167478e-011 3.42189839376972e-011 3.87902088367848e-012 
-1.51146049832945e-005 -2.93474290702253e-007 2.49027196119934e-007 1.33777065570738e-008 -1.54240206772375e-008 5.46747928345629e-010 2.62093525191616e-010 -6.40086806034620e-011 4.27139304886500e-012 2.73725572233186e-012 
-8.42913215376090e-005 -5.69838462535626e-007 9.01728511448756e-008 2.14737697036659e-007 1.74054211860498e-008 -6.31394331475628e-009 -1.53477064568621e-009 -2.14576029982954e-010 1.35899988788790e-011 2.06010530065790e-011 
-1.50184544475223e-005 -9.00775763881452e-008 -2.62760658721403e-007 -1.47497423825056e-008 1.89526226855804e-008 2.92661195256737e-009 -9.29632141636281e-011 -1.41629880756317e-010 -3.19974413839238e-011 1.44306035474802e-012 
-6.28640231892131e-002 1.31081154478609e-003 -4.08374943836861e-005 -7.54091569047896e-005 1.91372154291502e-007 2.05476630033290e-006 7.20498327881450e-008 -4.74853001665971e-008 -4.53906259367611e-009 9.72028354402908e-010 
4.18780985131699e-001 -1.67200641084248e-004 -1.56991269746513e-004 2.43320468327034e-006 5.30307193480927e-006 6.68883891062649e-008 -1.31252498959559e-007 -8.11252837814303e-009 2.86658743255511e-009 3.83307637577114e-010 
2.63682169107061e+003 9.18665491452700e-001 2.73702905972949e-005 7.02836050029951e-005 8.98113710125703e-008 -1.89816626870427e-006 -7.11612901728629e-008 4.36101678633996e-008 4.29226001404791e-009 -8.87735903210356e-010 
-6.20904232878269e-002 -6.83325602437522e-004 -2.23059153484570e-004 3.79769600637823e-005 -2.81590251544515e-007 -1.07501191839536e-006 1.67792365534107e-007 1.44980306042142e-008 -4.02257547415096e-009 5.42510838654616e-011 
4.17867150331750e-001 -5.37401938569735e-004 7.25445289203699e-005 9.60286802878468e-006 -2.82734415198814e-006 2.75085104405134e-007 5.73038428993951e-008 -1.19754541165091e-008 -3.30545352867787e-010 1.79963811231700e-010 
2.63866070258520e+003 9.20498200603080e-001 2.15290256868388e-004 -3.37584073378543e-005 6.82455128159695e-008 9.82224143810521e-007 -1.53065693465229e-007 -1.34651384487156e-008 3.72569068324817e-009 -4.86269973025643e-011 
-6.41071166829110e-002 -1.06692911924230e-003 1.09148821248583e-004 3.12747709398292e-005 2.18836503600666e-006 -2.33929674747671e-007 -1.15342244177108e-007 4.51375134414992e-009 1.54080952300626e-009 -1.70051776240432e-010 
4.17488606414350e-001 1.71407661821377e-004 9.12316546771918e-005 -1.93922921847802e-006 -1.25502546348401e-006 -2.71215253263243e-007 9.25117538264688e-009 6.03272878070108e-009 -3.87723700165381e-010 -5.19522943154646e-011 
2.64050238499428e+003 9.20935589540471e-001 -9.42956358286874e-005 -3.03047054105695e-005 -2.08807932225885e-006 2.28951700130990e-007 1.05766115055499e-007 -4.29145329749096e-009 -1.40705420427664e-009 1.58742174668783e-010 
-6.43654531069137e-002 9.71229121460434e-004 2.76586121164954e-004 -3.80513041191290e-005 -9.74868845803166e-006 1.39673150647288e-007 1.70467662987595e-007 1.48910807342776e-008 3.76852618336962e-011 -3.18092541033863e-010 
4.18128946073749e-001 3.02273352509499e-004 -1.03438500212347e-004 -2.35457909177940e-005 1.57856265782548e-006 5.88455483508848e-007 2.01592211718930e-008 -5.81567803906826e-009 -1.11565695326803e-009 -1.26779410663697e-010 
2.64234251789602e+003 9.19031837746843e-001 -2.66989916440758e-004 3.39323586894768e-005 9.12675004017527e-006 -1.02516883156320e-007 -1.54087528904989e-007 -1.38164707118385e-008 -1.35884483579410e-010 2.80477945567696e-010 
