4.20831766545524e+007 8.90043915869238e+006 -6.79592250328323e+005 -3.94141785324294e+004 -5.71324354995530e+002 9.79423718302651e+000 2.45852141374334e+000 1.69015593421152e-001 7.94168168045181e-003 2.13165462180759e-004 -4.52326717093164e-006 -1.06032266450899e-006 -8.30885468591654e-008 -4.27666178560700e-009 
-3.88185396552299e+007 1.11151930957183e+007 6.18175210745246e+005 -1.58592982556903e+004 -1.24460723391580e+003 -5.85890235348565e+001 -1.98539016914050e+000 -1.12981844019770e-002 4.11521940891555e-003 3.97658289352399e-004 2.30706846120308e-005 8.74873738369193e-007 7.38706027289321e-009 -2.12224375470560e-009 
-2.50129639604818e+007 5.01424100027317e+006 4.00683627594968e+005 -4.38411646483042e+003 -6.05579538713110e+002 -3.23120138538090e+001 -1.31548623986308e+000 -2.35624504385921e-002 1.37464992535700e-003 1.90310294521866e-004 1.27926012834398e-005 5.77278145900487e-007 1.25621546073924e-008 -6.90096010138777e-010 
5.28690528935381e+007 1.46242231608617e+006 -1.18480139093511e+006 -4.16076317996812e+004 7.59446341179441e+002 1.56075076128415e+002 1.06282201688702e+001 3.14941938400041e-001 -1.55236895196533e-002 -2.80270695069248e-003 -1.91725953093319e-004 -5.01222662948614e-006 4.49468078689964e-007 6.86128993618902e-008 
-1.25528736368329e+007 1.48563107785976e+007 2.62197795983284e+005 -4.73311538939881e+004 -2.75717911079139e+003 -7.40663823424675e+001 3.27649927412978e+000 5.70028971735567e-001 3.74019510329452e-002 9.51608036583785e-004 -8.14547505429432e-005 -1.22459612505556e-005 -7.85045189085303e-007 -1.58816014148510e-008 
-1.21014980862109e+007 7.78396139571092e+006 2.62924341837107e+005 -2.09678659410348e+004 -1.55155015226398e+003 -5.57492317145573e+001 6.48020965667734e-001 2.71829825945064e-001 2.15886783426880e-002 7.98965593081909e-004 -2.36274739050501e-005 -6.02158168156605e-006 -4.65958731234680e-007 -1.55989965893538e-008 
4.50966151670635e+007 -9.47424919478369e+006 -1.46115338136987e+006 9.66970721602030e+003 6.28102315564505e+003 3.21375190468083e+002 -1.07647937708459e+001 -2.60411031935624e+000 -1.20828291876345e-001 8.15344727342915e-003 1.44323390151005e-003 5.27196337859498e-005 -6.45241892138518e-006 -9.02946085231625e-007 
1.68949410173354e+007 1.38840148613117e+007 -5.84909244867533e+005 -9.12589806236188e+004 -1.52285590449588e+003 3.04365748854341e+002 2.81140063246163e+001 2.15452655405145e-001 -1.58678694803895e-001 -1.31443837669879e-002 9.56461366212428e-005 1.00591183449469e-004 7.09494493453443e-006 -1.91232699840449e-007 
4.43431129021470e+006 8.39875652864609e+006 -1.60913204482484e+005 -4.97502614367333e+004 -1.46482018845045e+003 1.29254361381329e+002 1.61338953239814e+001 3.85141834922694e-001 -7.22305143368083e-002 -7.86682576275420e-003 -9.85771004382952e-005 4.82652479334578e-005 4.45901707671202e-006 -8.51192285236462e-009 
1.62165862936993e+007 -1.87249268575644e+007 -6.47033767490070e+005 1.22029148989740e+005 4.41655511200050e+003 -6.43920298837814e+002 -3.56793297994824e+001 4.16837314795802e+000 3.27392328182639e-001 -2.98697818241054e-002 -3.18385450672290e-003 2.21731847054973e-004 3.18330256126871e-005 -1.63584869385447e-006 
3.66520339074652e+007 5.06615565390325e+006 -1.53366384659477e+006 -4.18492945914356e+004 7.89319685923558e+003 3.15874629863257e+002 -4.68204739209887e+001 -2.82107171447661e+000 3.25793022239359e-001 2.72042404023095e-002 -2.42315710065078e-003 -2.72450957422646e-004 1.83160884366982e-005 2.79931449617795e-006 
1.79825776595246e+007 4.64787243581336e+006 -7.52132807173978e+005 -3.50092950907788e+004 3.75826953151536e+003 2.35506139947341e+002 -2.13098618459425e+001 -1.93919472431664e+000 1.40076041787707e-001 1.76291784716557e-002 -9.64193194430184e-004 -1.68528410474776e-004 6.48265327972129e-006 1.66494211867885e-006 
-1.05294750824517e+008 -2.23204465635349e+006 1.35368964746621e+006 4.04912875426109e+003 -1.45882556543379e+003 -8.84031977894167e-001 6.84866551020791e-001 -1.88968709954693e-003 -2.22080165894067e-004 2.12563104350327e-006 
5.55002352416599e+006 -2.19948093724518e+007 -7.74031143789598e+004 4.67385118794005e+004 4.68987309534368e+001 -3.10814545892448e+001 4.05964267732018e-002 1.14480321701454e-002 -7.00502413240921e-005 -3.52940436014874e-006 
9.18889381304845e+006 -9.75410027154739e+006 -1.20493829862130e+005 2.07713195468943e+004 1.13423124030029e+002 -1.39275636116515e+001 -2.50785389417152e-002 5.27009850705769e-003 -1.74600957105399e-005 -1.72248439894808e-006 
-9.90528691542845e+007 8.39934427093568e+006 1.26445972722081e+006 -1.85718282442798e+004 -1.32021448763384e+003 1.42015554460832e+001 5.47059615430608e-001 -7.36355306591398e-003 -1.11644957641346e-004 3.53405437853299e-006 
-3.73043630461374e+007 -2.04042113179642e+007 4.67902875535794e+005 4.26718786246937e+004 -5.40771341243161e+002 -2.66148769566895e+001 3.13989637802952e-001 7.65104479352704e-003 -1.51250981105585e-004 -8.86311601030310e-007 
-1.04861114997290e+007 -9.71131673967045e+006 1.30485371737555e+005 2.03733391091921e+004 -1.59741082365658e+002 -1.28727571563473e+001 1.06642545021967e-001 3.90813175333634e-003 -6.09889268046174e-005 -6.21605623249238e-007 
1.43962049499817e+008 5.68892914448488e+006 -6.65345921170617e+005 -5.03787486765789e+003 2.42841735217547e+002 1.67347565610419e+000 -2.50059072840086e-002 -8.12856812362780e-004 -1.75446940976146e-005 2.29606243265310e-005 -6.18935394163938e-007 -7.69682809612260e-007 6.50944331587894e-008 
-4.08420383924838e+007 1.79566225357907e+007 1.86992062345984e+005 -1.36569945055375e+004 -9.05231554996875e+001 2.72789685121024e+000 2.23404708108256e-002 -2.98628077896489e-005 5.79306013843827e-005 -5.75567726616634e-006 -2.09715748100554e-006 3.53621122685927e-007 3.19771963945683e-008 
-1.77136259013314e+007 7.78473454918469e+006 8.10689982903220e+004 -5.92088309253591e+003 -3.92450125992886e+001 1.18308785000001e+000 9.69857141839624e-003 -5.39339250694261e-005 2.52018154326382e-005 -2.50323007951222e-007 -1.02575583625911e-006 7.32078388732391e-008 2.24959545200310e-008 
1.49873853254326e+008 1.92701109668430e+005 -7.01503337865191e+005 -9.22268515969046e+002 2.69232021764798e+002 9.34589710678502e-001 -3.58198379476550e-002 -8.03045757450200e-004 -5.56386167304086e-005 1.20340175587128e-005 4.56173873236146e-006 3.39399560668313e-007 -2.19305914104305e-007 
-3.96634904688064e+006 1.87767389827081e+007 1.63138208813975e+004 -1.46394635767668e+004 -3.05849373973333e+001 3.25041376152196e+000 1.84002717369873e-002 -3.05167749404331e-004 3.38423609634425e-005 8.01427410174457e-006 -2.59881714442740e-007 -5.23822116159403e-007 -9.63903027966532e-008 
-1.72689600924735e+006 8.14029029280518e+006 7.07285495241542e+003 -6.34681875601571e+003 -1.32594007893367e+001 1.40956704744724e+000 7.92756407026460e-003 -1.68849751881810e-004 1.56232649950362e-005 5.40267530190592e-006 1.23711184791626e-007 -2.76971883952897e-007 -6.73364972290666e-008 
1.98991250776269e+008 9.77287497084884e+006 -1.42843726519045e+006 -9.93106461510216e+003 1.10704818116689e+003 3.64344013964100e+000 -7.59527458649602e-001 2.51132175678363e-004 5.98066360807056e-004 -9.36749348854451e-006 -1.83788979516492e-007 
-4.59198867891259e+007 3.20520144275588e+007 3.27241983755127e+005 -3.86648318025165e+004 -1.79466698840570e+002 2.58600685572635e+001 3.80007638905601e-002 -1.93732539459341e-002 1.65467215498108e-005 1.91543629902464e-005 1.15733587457359e-006 
-2.64225842152546e+007 1.44368005783629e+007 1.88699294700166e+005 -1.74663826776052e+004 -1.12244492215243e+002 1.17663699192513e+001 3.78509599742269e-002 -8.91812823047595e-003 -5.28764051172099e-006 8.48539662468682e-006 5.18444786045194e-007 
-7.00561266371916e+008 -9.07703433878312e+006 8.53475256957516e+004 1.51649657932483e+002 -8.68612019933286e-001 1.88919918868756e-004 1.21143959381144e-006 -2.06493382872910e-007 
3.55856458856938e+008 -1.37657242200201e+007 -4.33695299445472e+004 2.96171138812304e+002 2.27057274580886e-001 -1.55121046132362e-003 1.32273560514532e-006 4.19427792372885e-008 
1.69587867039943e+008 -5.67949389667412e+006 -2.06675800141391e+004 1.23257263128515e+002 1.18465359123963e-001 -6.68514487760962e-004 5.41487428090385e-007 7.70254746907101e-009 
-1.32448348504223e+008 -1.40006902280550e+007 3.39150091633142e+003 6.01587488578404e+001 -9.77475438960554e-003 -1.16053216789993e-004 -3.26689846728970e-009 
1.24012304382247e+009 -1.46019075935765e+006 -3.19370867942204e+004 6.65943544650357e+000 7.94606175680629e-002 -1.36654369479762e-005 7.40873526868981e-008 
5.17920760427849e+008 -3.85250991522852e+002 -1.33375422993838e+004 1.60793006735561e-001 3.32561134127173e-002 -7.21999056778210e-007 1.82270414439206e-008 
2.62139007709933e+009 4.49442682223523e+006 -6.17970492180554e+003 -1.60850769765759e+000 1.13064679714060e-003 -8.94245826511333e-008 
-1.31724377756442e+009 7.16401999197537e+006 3.10433271507408e+003 -2.89023522869383e+000 -4.27403266622703e-004 2.41042155005276e-007 
-6.13996111840452e+008 3.07409491204428e+006 1.44704843192846e+003 -1.24319393048397e+000 -2.03159325580993e-004 1.04061504329563e-007 
3.00993427309029e+009 5.53658086632313e+006 -2.09659910284827e+003 -6.57183759388876e-001 1.16159922284949e-004 -1.48408216888637e-012 
-3.06928190221362e+009 4.74302210303591e+006 2.13839831626692e+003 -5.35151815938078e-001 -1.33446266953016e-004 3.62779916383881e-008 
-1.33120978901163e+009 1.80350547014067e+006 9.27449774504806e+002 -2.02653654880676e-001 -5.75216592743275e-005 1.38298901869140e-008 
-8.52655265346352e+008 7.52786091929961e+006 5.59098717354124e+002 -8.80147067480210e-001 8.04214357386240e-005 9.40028176544798e-008 
-4.37421911083869e+009 -1.74251495143153e+006 2.86736188450114e+003 -1.04133044501849e-001 -2.49792800826842e-004 6.34566081626480e-008 
-1.10815673490381e+009 -2.81190087675708e+006 7.26375616139560e+002 2.32716698111415e-001 -1.03412172743510e-004 -4.81133084801622e-009 
-3.24392417849340e+005 6.30408677073628e+004 2.02194184928026e+004 -5.87998191098230e+002 -1.16212995763967e+002 2.30620536139328e+000 4.25303325615055e-001 -1.42248585553932e-002 -1.58127993055592e-003 1.26261132066375e-004 5.94321537979211e-006 -1.00886405219746e-006 -1.55394216065180e-008 
-1.17081334506766e+005 -1.47969464261449e+005 7.48312775979820e+003 1.51689939317958e+003 -3.82300011343902e+001 -6.33343540732989e+000 1.62253711038960e-001 2.26137327295891e-002 -1.25758918211482e-003 -8.38124538367184e-005 1.04904045551894e-005 2.69504717974247e-007 -7.77118611638107e-008 
-3.26214731049625e+004 -7.85799321400367e+004 2.10285107199913e+003 8.02620614114293e+002 -9.63133994838986e+000 -3.34155496330587e+000 4.63139572608794e-002 1.24043496929442e-002 -4.97902649240985e-004 -5.18589686882890e-005 4.73963510677259e-006 2.15228414073034e-007 -3.74089296494921e-008 
-7.71771344834687e+004 1.71174493635698e+005 4.82884557857361e+003 -1.70730612566787e+003 -1.20354635642603e+001 6.05435781825914e+000 -7.09398776559511e-002 -9.59481022951057e-003 5.40485550019577e-004 -3.97158597506609e-005 -7.11691456943238e-007 4.09502489664134e-007 -1.36830253367323e-008 
-3.07904464959429e+005 -3.32490110206864e+004 1.88884066759706e+004 2.27562281255425e+002 -1.00451104253506e+002 3.48483434750685e-001 2.50631337638872e-001 -7.00454798486312e-003 9.65354709724266e-006 2.44553186946988e-005 -4.37050197238941e-006 7.60378853419009e-008 2.41764692118406e-008 
-1.47151590654821e+005 -3.01193726159884e+004 9.02289708342579e+003 2.50893156151130e+002 -4.90861901447184e+001 -3.18757239967749e-001 1.30622830426607e-001 -2.69784470149097e-003 -3.91204903792919e-005 1.53180098062494e-005 -2.11720021890379e-006 4.98616984938762e-009 1.31353209024578e-008 
2.42081025618024e+005 1.32821439247121e+005 -1.33141088392233e+004 -1.09372359780925e+003 7.60031596076200e+001 2.14215708476237e+000 -2.26806988038564e-001 -1.70618684983506e-003 4.59065177686680e-004 2.40097344577632e-005 -1.32767998074691e-006 -2.06369924300142e-007 9.32108360348264e-009 
-2.32443541627442e+005 1.03790806484665e+005 1.30880968815559e+004 -1.06163266342451e+003 -4.87604154904506e+001 4.04108182636999e+000 4.46706132548832e-002 -9.57007493075105e-003 -1.45766403060942e-004 1.98218045965303e-005 2.17211780392698e-006 -1.05063770382930e-007 -1.30604889133865e-008 
-1.34799361506512e+005 4.12473593295306e+004 7.59100529129026e+003 -4.41539960175039e+002 -3.04790156476491e+001 1.84074611632403e+000 4.07467950571119e-002 -4.63686596032002e-003 -1.10080965534408e-004 7.99023648762681e-006 1.19016317646653e-006 -3.58967718379698e-008 -7.26184807709119e-009 
3.75212163030540e+005 -4.12383444493890e+003 -1.86483191971967e+004 1.87429216807703e+002 7.03541434784003e+001 -2.01648290519520e+000 -5.98502341538535e-002 1.00264263305439e-002 -1.32193418522649e-004 -3.31112434374216e-005 1.17308607320283e-006 9.99249076997584e-008 -9.16816334840399e-009 
3.41511659292645e+004 1.50344770990651e+005 -1.72300650917722e+003 -1.22581827027932e+003 2.22756289344203e+001 2.29781739351461e+000 -1.39806023214750e-001 5.24650071303446e-004 5.26933879283107e-004 -1.25218512490377e-005 -1.60596060489085e-006 9.95538452030978e-008 4.20050422937707e-009 
-1.22852694676533e+004 7.54047859050226e+004 6.27543388034183e+002 -6.27343785297827e+002 5.40323995686512e+000 1.31020308049766e+000 -6.47658055503141e-002 -5.45547647969325e-004 2.73664403598757e-004 -3.58368787415445e-006 -8.96012573805383e-007 4.16561398731494e-008 2.83138378639123e-009 
2.36314818609461e+005 -1.28347548182077e+005 -1.10115784244423e+004 9.89111132397853e+002 3.27240665560213e+001 -1.26097179453799e+000 6.19501946830118e-002 -2.45828799873074e-003 -3.97877337761796e-004 5.61852983948862e-006 -1.27191593127811e-007 -2.48262185007668e-008 4.44111148401882e-009 
2.80391128960148e+005 8.62257058938013e+004 -1.32892512554825e+004 -6.52714082857133e+002 4.30445385627222e+001 3.82005273342436e-001 4.53902323990958e-003 6.01681350131286e-003 -1.42835917933925e-004 -1.16441036290111e-005 2.46679389678472e-007 -4.94926581915787e-008 -1.70542464548614e-009 
1.21731443942733e+005 5.32611585616118e+004 -5.76872448234624e+003 -4.06241865118845e+002 1.88652874235727e+001 2.97849748629461e-001 -2.52722807962071e-003 3.20031823918167e-003 -3.94451273005777e-005 -6.28838730344300e-006 1.31623562839803e-007 -2.27606764100065e-008 -1.20763229443768e-009 
-6.56656484647250e+004 -1.61667655543382e+005 3.30709331210747e+003 1.34457630904376e+003 1.00812808442102e+001 -1.86241121237327e+000 -1.53314094328124e-001 -1.08166543376284e-002 9.88286299761206e-005 4.90891187236000e-005 3.63860042563016e-006 1.02320403537043e-007 -1.19881383397811e-008 
3.30537580235768e+005 -3.88623612189797e+004 -1.65952521254019e+004 1.45857428193117e+002 6.10018597764571e+001 1.56894312417281e+000 3.50995352100112e-002 -7.32557277327318e-003 -8.06187424269946e-004 -2.32909252007999e-005 1.21124837948388e-006 2.45438308272450e-007 1.57077524046816e-008 
1.70654378384386e+005 -6.69418007498888e+003 -8.57555378857409e+003 -3.49035751900605e+001 2.98006507290161e+001 9.41115537607958e-001 2.97168304516458e-002 -2.82014529041017e-003 -4.12462618173168e-004 -1.56081792517324e-005 3.19350943320854e-007 1.15082309625073e-007 8.83635935558230e-009 
-3.12435788437851e+005 -7.24420931217039e+004 1.83317947104746e+004 9.41565939318746e+002 -7.64223526924356e+001 -6.34279953818920e+000 -5.75692790316237e-004 3.48670242220935e-002 1.93753842130746e-003 -1.26322734542124e-004 -1.97496296359480e-005 -1.91280138903411e-007 1.33950235499873e-007 
1.38721306849159e+005 -1.45917601032816e+005 -8.12684697025312e+003 1.29517110770432e+003 6.92214274780736e+001 -2.73206548675505e+000 -4.34235964924241e-001 -1.10817497370380e-002 2.11114026858190e-003 1.82396201497055e-004 -4.55779776155109e-006 -1.53442513690896e-006 -5.17932161682485e-008 
9.40046947208929e+004 -6.74412553562496e+004 -5.53249519333034e+003 5.74486917014106e+002 4.08853537835390e+001 -8.64823900847036e-001 -2.18106041763042e-001 -8.33843310431948e-003 9.05689749258906e-004 1.01607630101599e-004 -7.17307394337542e-007 -7.55007457976614e-007 -3.66453884939677e-008 
-2.94794471752200e+005 9.08147137383999e+004 1.91126113266662e+004 -9.33622664158096e+002 -1.20286943173051e+002 4.61150489309108e+000 5.73094805096305e-001 -3.03785543423002e-002 -3.26556907888662e-003 2.62365283394957e-004 2.09394061986697e-005 -2.36184422428585e-006 -1.36992612410060e-007 
-1.60566676017297e+005 -1.37569420812247e+005 1.05640188888058e+004 1.47261487643359e+003 -6.35962736139339e+001 -7.22742079552028e+000 3.35614134540637e-001 3.69241128458476e-002 -2.60438948863228e-003 -2.24053983673420e-004 2.29235157442448e-005 1.44506276873923e-006 -2.05368557612911e-007 
-5.75220448041337e+004 -7.62143669574560e+004 3.78485570143562e+003 8.13748897757701e+002 -2.23009951100323e+001 -3.99738378978602e+000 1.22693287242981e-001 2.09544370301068e-002 -1.04716459886506e-003 -1.33322914597486e-004 9.84001163525740e-006 9.13077264261548e-007 -9.21838522279998e-008 
4.30928094964238e+005 6.16028108980733e+003 -2.09586416129915e+001 4.12450747296102e-002 3.28249231718162e-003 -3.42967582103420e-004 -6.53057362614281e-005 -6.41853102135049e-006 -2.83093990367489e-007 5.50006361437229e-008 1.16896129188171e-008 
-4.85025445987341e+005 6.44130777036399e+003 1.20639114555891e+001 -6.74088983881818e-002 5.36698002955369e-003 4.76652946081860e-004 9.38761246162524e-006 -3.55464142030178e-006 -7.38053724244964e-007 -9.00280794900164e-008 -4.08602478954160e-009 
-2.17153403645599e+005 2.57019427160192e+003 5.74749367224173e+000 -3.15593005735263e-002 2.57983147057464e-003 2.84165947848406e-004 1.17425341841634e-005 -1.23066123304929e-006 -3.64861180851764e-007 -5.20392151552973e-008 -3.40665733862102e-009 
4.43082384072071e+005 5.99423958897539e+003 -2.07277957029138e+001 -6.14329250091798e-002 -1.66263433035175e-002 3.95558672608063e-004 4.63509256467803e-004 2.84638527862297e-005 -1.01604553913143e-005 -1.64156974345162e-006 1.49122511786228e-007 
-4.72047584912548e+005 6.53641146218530e+003 1.18757488564550e+001 1.09672741030836e-002 -6.76854972216144e-003 -2.58201435784548e-003 -2.95212108932961e-005 6.39136497407972e-005 6.36927384721549e-006 -1.26175998987724e-006 -2.95859221392672e-007 
-2.11967520414743e+005 2.61567750148691e+003 5.72879253384857e+000 2.08154158339195e-002 -1.96264017409918e-003 -1.42642979279111e-003 -6.38085345209356e-005 3.11908883383257e-005 4.45592037518526e-006 -5.02047800228224e-007 -1.73518323202999e-007 
-6.33843974397388e-005 -2.12085792906972e-007 8.62835274341616e-007 -2.19435560065702e-008 -8.93259178521979e-008 2.72213017934571e-009 3.84365459209795e-009 -2.58246104988052e-010 -9.18586974651819e-011 1.47618650982890e-011 
2.83311728243267e-005 -2.64763135013037e-007 -1.39080451858642e-008 1.43848945536123e-007 -1.40494503367902e-009 -9.01895572162705e-009 3.23407626546977e-010 3.11221019378894e-010 -2.75887915820916e-011 -7.22613866454898e-012 
-6.36147387569972e-005 -1.54148371133721e-006 -6.32011739093054e-007 1.77886346226721e-007 3.48745618807561e-008 -1.03138907096285e-008 -4.18417136040316e-010 3.00393292452836e-010 -7.64023565805824e-012 -4.13872465807853e-012 
2.91085801336248e-005 7.93967832851605e-007 -2.21845629945589e-007 -7.61498083007663e-008 2.06895711011512e-008 2.19905861799425e-009 -9.08920453934421e-010 3.46231645607173e-013 2.83041891997062e-011 -4.73509145053588e-013 
-6.58732579792042e-005 2.24533916058705e-007 4.00037989003785e-007 -1.39794290136297e-007 -2.57375630277543e-008 2.58388835399249e-009 4.20892853633570e-010 4.77875764250738e-011 -7.54590495210607e-012 1.48470116100110e-012 
2.93101870589048e-005 -1.56213520902894e-007 2.24520768360601e-007 5.46640792480150e-008 -1.14867981103938e-008 -1.75074172945368e-009 3.37109897046415e-011 -1.07226457147395e-011 -4.08994324562632e-012 1.14182459909940e-012 
-6.70325559140102e-005 -1.91287984931307e-006 -1.05379421231269e-008 3.23480002857315e-007 2.36290791372022e-008 -2.25520401794552e-008 -2.88270224681253e-009 1.00377107348102e-009 1.90602400976491e-010 -3.73415547076585e-011 
2.99052551091995e-005 1.46382915536909e-007 -4.02313932195807e-007 -2.84063284181741e-008 4.09666871954071e-008 4.34186225234530e-009 -2.03401826463639e-009 -3.28489175006656e-010 7.26443155917120e-011 1.56440579104824e-011 
-5.58819838725089e-002 1.44954271156966e-005 -3.19331199696760e-004 -1.31900595775838e-005 1.06286160258558e-005 1.07132097439642e-006 -2.71498869947418e-007 -2.86932613488682e-008 6.29935901225154e-009 3.29157229603420e-010 
3.93724805726081e-001 -5.43153648124551e-004 -8.91858375524970e-007 2.42108743746085e-005 1.73454214410278e-006 -6.60470160218112e-007 -7.24493856865511e-008 1.61900054725536e-008 1.31511578244844e-009 -3.53980399804691e-010 
2.87230575119228e+003 9.19797915536659e-001 2.97054042229512e-004 1.41120813612708e-005 -9.89099680389648e-006 -1.00909015854417e-006 2.53317604450117e-007 2.64380203875066e-008 -5.87538057166782e-009 -2.96230353360863e-010 
-5.71934982940987e-002 -8.46698012623199e-004 2.04634707843792e-004 3.80068550415351e-005 -8.95968344162964e-006 -3.10088458604267e-007 2.14078804783779e-007 -7.99934261065444e-009 -3.06784564773026e-009 3.17927832774104e-010 
3.93271951253772e-001 1.74654894261222e-004 9.27733329166395e-005 -1.81485457895910e-005 -1.67089729595897e-006 5.65571755357035e-007 -2.80434950063960e-009 -1.03239504749885e-008 6.96731889008499e-010 1.17804329431339e-010 
2.87414665034731e+003 9.20666721405574e-001 -1.77252871373547e-004 -3.56717971540753e-005 8.09296278963502e-006 2.89504171694919e-007 -1.96504714707874e-007 7.45049719623530e-009 2.81450150546797e-009 -2.95303573787555e-010 
-5.71284507247722e-002 8.06509231355186e-004 1.06144659904859e-004 -1.99986118559277e-005 2.43097981314778e-006 1.40799050193501e-007 -9.73348464961086e-008 -2.50266431682154e-009 1.73863411246031e-010 2.42700124890156e-011 
3.93744119963268e-001 1.68661332146354e-004 -5.77224448410172e-005 -1.39554867050255e-006 7.41513038344565e-007 -2.48794829750952e-007 -5.47832396384046e-009 3.37120907090633e-009 1.38762026503157e-010 3.61919782251866e-011 
2.87598640585653e+003 9.19170550997061e-001 -1.04300100920777e-004 1.66875634555787e-005 -2.17998867326935e-006 -1.14274555972844e-007 9.03975938455814e-008 2.44690645082681e-009 -1.55322561898462e-010 -2.57362830424070e-011 
-5.52744866291186e-002 8.59958604113690e-004 -1.38605979160254e-004 -4.36312365136808e-005 -2.90211036766345e-006 1.29732585112629e-006 2.83108588420512e-007 -2.37368689839141e-008 -1.06318517095593e-008 1.07390148288843e-010 
3.93555381294635e-001 -3.78202761373086e-004 -7.84854996684974e-005 3.52769354128698e-006 3.07064211513536e-006 4.35713220978720e-007 -7.36573110813952e-008 -2.17126255110277e-008 9.68855671734386e-010 7.27912080527192e-010 
2.87782443810255e+003 9.19032092673861e-001 1.19039795250627e-004 4.23688909055470e-005 2.95880031505348e-006 -1.23471841448915e-006 -2.68551828092621e-007 2.25096532532401e-008 1.00433149405798e-008 -1.06715456270174e-010 
