-5.19783949469842e+007 -7.20578261573637e+006 1.24245944006090e+006 -1.03972398023914e+004 -2.56812460822216e+003 2.06607346226619e+002 -7.94577511475139e+000 -1.63753230028284e-001 4.92056784808898e-002 -3.73779253236868e-003 1.09821826693388e-004 8.34766174823862e-006 -1.36749635563534e-006 8.86512189722332e-008 
8.56198467973475e+006 -1.39730027554034e+007 -2.12389634401991e+005 6.13665685450209e+004 -2.34047325347317e+003 -3.48370180482374e+000 8.85638543151152e+000 -7.48194975182897e-001 2.77586836277313e-002 9.28227152417584e-004 -2.20806583407101e-004 1.62397284560231e-005 -4.16886473398246e-007 -4.49356749305789e-008 
9.98492055425052e+006 -6.71743291211328e+006 -2.42260648358620e+005 3.38590696285230e+004 -9.84014352650454e+002 -2.32797104170098e+001 5.55469123610150e+000 -3.82699536388117e-001 9.72721637583170e-003 8.83339204275415e-004 -1.29337006973508e-004 7.80965137882375e-006 -8.09283378154676e-008 -3.31943859693841e-008 
-5.71734451677111e+007 1.78380502429718e+006 9.74615942720635e+005 -2.83978260919164e+004 -1.95260110290415e+002 4.91749683101803e+001 -3.89598310393806e+000 1.84448910032502e-001 -5.09576178434207e-003 -1.06868339993026e-004 2.55415117159541e-005 -1.99628632231552e-006 1.00227825502433e-007 -2.60385107526306e-009 
-1.91739070811230e+007 -1.33212656912188e+007 3.19395911001791e+005 2.96101705134576e+004 -1.46615029792673e+003 5.43696339756574e+001 -8.74516297231761e-001 -7.28828953760451e-002 8.60272908624704e-003 -5.47321996858258e-004 2.22957636012045e-005 -2.73766389228902e-007 -4.91503721025550e-008 5.53305936564917e-009 
-4.29317558128374e+006 -7.30122861978591e+006 6.95791475502028e+004 1.87613335903304e+004 -7.62955241410763e+002 2.39456023837981e+001 -6.32624115116014e-002 -5.80546702692715e-002 5.12373342862132e-003 -2.81293099546961e-004 9.26223652230337e-006 6.07104293825161e-008 -3.66459721734845e-008 3.22562411117612e-009 
-4.68925275577490e+007 8.21361978177749e+006 6.35087923110478e+005 -2.73112833569739e+004 1.76934115415979e+002 -2.76809253751088e-001 -8.54539293957184e-001 4.94006158400172e-002 -2.47291180899475e-003 9.10306043418997e-005 -2.15737457231957e-006 -1.81226366624984e-008 6.51554439545559e-009 -4.94654331269509e-010 
-4.23688990896408e+007 -9.67018667808746e+006 5.65208393074651e+005 1.33963358604632e+004 -6.51011455979279e+002 2.70048171808222e+001 -1.02037346403582e+000 1.99491900978442e-002 6.22803885370724e-005 -5.61236750891389e-005 4.03392144421269e-006 -2.17527808883243e-007 8.76319227740270e-009 -2.42161304937690e-010 
-1.77499684879150e+007 -6.01744668282532e+006 2.36087460377538e+005 9.98748117839792e+003 -3.66104157799625e+002 1.44543009213167e+001 -4.56480483070332e-001 5.53527708582581e-003 2.89633269484311e-004 -3.94175473884214e-005 2.37851879502997e-006 -1.14321667268468e-007 4.00572009946956e-009 -7.80790589017261e-011 
-2.63921759592769e+007 1.20256458592267e+007 3.21516725349388e+005 -2.52964591860837e+004 4.28815778837132e+001 -1.06724261032257e+001 -1.98417357898631e-001 7.49668831193165e-003 -5.28117545674275e-004 2.75373854768956e-005 -7.48624105960514e-007 3.61401355673826e-008 -3.66442676011258e-010 1.01379735360887e-011 
-5.67813739073544e+007 -4.64926623875100e+006 6.77473427854947e+005 6.14843760584872e+003 -3.14425424235169e+002 8.33884357959597e+000 -5.94927016261890e-001 7.77019234729608e-003 -5.28314813099072e-004 -1.24857054102171e-006 6.18706181670200e-008 -2.28662415846558e-008 1.18918799090618e-009 -5.04240018367901e-011 
-2.75747026420047e+007 -3.73052985345744e+006 3.28565603550917e+005 5.90687557732873e+003 -1.72407437857100e+002 5.56089282564243e+000 -2.97232310914170e-001 3.37355209225585e-003 -2.27469389430560e-004 -3.52174426130009e-006 1.10659256295872e-007 -1.59614486761363e-008 6.73236512595000e-010 -2.79868281580511e-011 
6.51055253131347e+007 1.90752606342460e+007 -7.98389503521882e+005 -3.90554347072036e+004 8.04177942367922e+002 2.24174426034150e+001 -2.87718146656375e-001 -4.38108681332483e-003 2.44810709124686e-005 -8.41986811815551e-007 
-7.68230937933945e+007 1.35498921192266e+007 9.50602864981194e+005 -2.78204653711809e+004 -9.51127536061657e+002 1.61839650012395e+001 3.30731750594293e-001 -3.42631105099833e-003 -2.34310963997176e-005 -3.73469307185559e-007 
-3.86778286756816e+007 4.88955822823288e+006 4.78228657182635e+005 -1.00459607172648e+004 -4.78839074837052e+002 5.86146808202224e+000 1.66979025628860e-001 -1.25180338176069e-003 -1.10428924041209e-005 -1.69411053778841e-007 
9.55600301711401e+007 1.10636553908921e+007 -1.17638426536104e+006 -2.30174060870515e+004 1.17389724012239e+003 1.41071397687179e+001 -4.02466097080697e-001 -3.83231363659870e-003 2.09332584713772e-005 5.83261971133703e-007 
-4.33404023465660e+007 1.95878590401842e+007 5.37434406696611e+005 -4.00520582133618e+004 -5.56319296858593e+002 2.28769253963018e+001 2.22918098446019e-001 -4.33347697660284e-003 -3.73732017386264e-005 -9.80904983638869e-007 
-2.55398403574223e+007 8.11319884288932e+006 3.16247988915989e+005 -1.65645312162685e+004 -3.24608561823685e+002 9.40172513426224e+000 1.25888512055858e-001 -1.72210836495607e-003 -1.87014800291388e-005 -3.06836175959070e-007 
1.03608628356248e+008 1.46843795632432e+007 -4.69108921789087e+005 -1.13798720630892e+004 1.60187365812306e+002 2.47857829545923e+000 -9.55225391076985e-003 -2.32447986607020e-004 -1.00065509095801e-004 7.74428055066732e-006 4.14006278686476e-006 -8.53857947537101e-007 -8.48771178060271e-008 
-1.01246009405870e+008 1.27992264670687e+007 4.60970101238751e+005 -9.42194047466747e+003 -1.74895899858064e+002 1.62424067603514e+000 2.19753330157934e-002 -2.62878483824284e-004 6.24786736695638e-005 1.39898817945266e-005 -4.39913582728543e-006 -1.60814269048058e-007 2.58246358613185e-007 
-4.39170835434364e+007 5.54849800434438e+006 1.99836560672154e+005 -4.08463699627484e+003 -7.58151682174107e+001 7.05222375149689e-001 9.41653180882883e-003 -1.12353672006427e-004 3.68397506560727e-005 4.93107057643347e-006 -2.37382058619136e-006 3.94013880685582e-008 1.21707077329803e-007 
1.28825257617221e+008 1.04325123510062e+007 -5.88704481057157e+005 -8.43652931218980e+003 2.06625435721331e+002 2.14264831369804e+000 -1.57063175760544e-002 -2.14676075602143e-004 -6.38421855155528e-005 -7.20977548098753e-006 1.21388344795164e-007 3.04312160230192e-007 1.13705321374550e-007 
-7.23496631865206e+007 1.59898200884393e+007 3.32283386522658e+005 -1.19309229719041e+004 -1.36896369297474e+002 2.19012581824734e+000 2.38398945076755e-002 -2.11813909210765e-004 2.67417149346031e-006 6.37223452182252e-006 9.46360344420047e-007 1.22061765931703e-007 -3.96094723879043e-008 
-3.13904098863138e+007 6.93165961926972e+006 1.44048941079629e+005 -5.17211829910395e+003 -5.93315853516616e+001 9.48448097276423e-001 1.01510656985308e-002 -6.35158943838075e-005 7.66100589877812e-006 2.45698939921369e-006 2.44795861468228e-007 1.81407104934277e-008 -2.22175909708634e-008 
-9.01118416854899e+007 -2.96999546999533e+007 4.04942292342322e+005 2.03084883742364e+004 -2.61009308342305e+002 4.24364843016650e-001 3.79967992140770e-002 -1.79933713385268e-003 2.90369438704543e-005 -1.33316988586742e-007 -4.94242213606204e-008 
2.02262555887986e+008 -9.10672747151579e+006 -9.05111344625541e+005 1.08502150135457e+004 2.05288110231332e+002 -3.88968838469435e+000 7.28772613500037e-002 -4.61794068758388e-004 -1.37853967018762e-005 3.00327057180671e-007 1.55511175458065e-008 
9.51922274217771e+007 -3.37558997993260e+006 -4.26084948349456e+005 4.42841746838683e+003 1.01207351423833e+002 -1.79554056770220e+000 3.24006203753404e-002 -1.62662684933887e-004 -7.24473656757294e-006 1.61027640566610e-007 8.14734969612723e-009 
-7.11480120051435e+008 -8.65831656051741e+006 8.63611649278258e+004 1.43325411438691e+002 -8.63781506811857e-001 1.84803039168118e-004 1.48481755934714e-006 -8.72421246271356e-010 
3.39653471601106e+008 -1.39688452382080e+007 -4.11945924613863e+004 2.97820996579499e+002 2.09585519135946e-001 -1.49127844487221e-003 2.29177982437795e-006 4.96305758442760e-008 
1.62894095253780e+008 -5.77661934861951e+006 -1.97595250679383e+004 1.24165556284500e+002 1.10862897862574e-001 -6.43603156364144e-004 9.13508833198084e-007 2.24087690504234e-008 
-6.55492600422310e+008 1.12677901116389e+007 1.24565102586184e+004 -3.71704067825794e+001 -1.05827083457522e-002 2.54017423702734e-005 -8.16123288961230e-008 
-1.25091654935108e+009 -5.27532979706998e+006 2.37734852583898e+004 1.39373531315386e+001 -3.48670399360918e-002 2.20473461398770e-006 -6.46704816108387e-008 
-4.88472583884185e+008 -2.66409816776299e+006 9.28328520418244e+003 7.35729610596532e+000 -1.39508873955855e-002 -1.94550665298341e-007 -1.94308026828739e-008 
2.84981125817816e+009 -2.92177098517463e+006 -6.76296705847093e+003 9.26118154838757e-001 1.21967052485338e-003 1.61958022246717e-007 
8.44830467804743e+008 7.80083872201366e+006 -2.00500810909118e+003 -3.15228742585325e+000 1.99368061548645e-004 3.09180545272044e-007 
3.29707034738419e+008 3.45788198480805e+006 -7.82513731438277e+002 -1.39373971538292e+000 7.00879606466218e-005 1.34896055863713e-007 
4.15828664579027e+009 2.75545308079649e+006 -2.93007749038318e+003 -3.43110459776156e-001 1.74687591777732e-004 2.02071208594020e-008 
-1.51111700623481e+009 6.51880125219072e+006 1.06498264913182e+003 -7.58141448381524e-001 -7.20087730842922e-005 4.33479316566867e-009 
-7.22034045119055e+008 2.59958101628519e+006 5.08853740230839e+002 -3.01756766950046e-001 -3.37952175107881e-005 8.47332125323585e-010 
1.21190161225757e+009 7.43367876462987e+006 -6.43756412371133e+002 -5.62806579008338e-001 1.69489537803002e-004 -1.27805354478729e-008 
-4.44170006839304e+009 1.15213788152302e+006 2.35926437374706e+003 -4.51461854654513e-001 -6.97269033759633e-005 8.07915742072642e-008 
-1.75125976764800e+009 -1.88020434499181e+006 9.30198104948757e+002 2.86896055766970e-002 -7.33918663046156e-005 2.75535677533669e-008 
1.77927166755961e+005 1.50314521388999e+005 -1.12617154738863e+004 -1.65651967121042e+003 4.38560653628389e+001 8.82180418174701e+000 3.79244189794307e-002 -4.94856215712878e-002 -1.68654039316635e-003 3.03864459503973e-004 2.07870302591363e-005 -1.77217435482136e-006 -2.16144962654130e-007 
-2.80495602024992e+005 9.42609106201001e+004 1.76205599535850e+004 -8.04593167738827e+002 -1.16855296966818e+002 1.28639513279497e+000 6.13462599442910e-001 1.18841281073223e-002 -3.67260044951657e-003 -1.84169795636534e-004 2.22963375576560e-005 2.04776898045570e-006 -1.19983242550346e-007 
-9.23583171469547e+004 3.17770630720780e+004 5.77751258008774e+003 -2.72599234021024e+002 -3.83566990760023e+001 4.60050752601060e-001 2.02591032037991e-001 3.72814243953888e-003 -1.21966611136455e-003 -5.96237779263316e-005 7.44775871641813e-006 6.69433919263763e-007 -4.04939643022234e-008 
3.41582542585600e+005 4.09021628992764e+003 -2.21811402455737e+004 6.93795264027651e+001 1.32472936078467e+002 -2.39069824485556e+000 -5.22885006864840e-001 3.14000810599633e-002 1.77881583200126e-003 -2.94980367676604e-004 -7.28833468934657e-008 2.23121919724235e-006 -9.57227031209660e-008 
2.80528949440496e+002 1.71521393104678e+005 -9.85675370236506e+001 -1.79810507670287e+003 1.59061459612702e+001 8.00883697192903e+000 -2.75762624812010e-001 -3.01838222642714e-002 2.97721089657038e-003 7.32074060506582e-005 -2.49741172077019e-005 5.25718265417930e-007 1.69726912966436e-007 
1.14263397747694e+003 5.67368488683268e+004 -1.15968647182270e+002 -5.93060281495035e+002 5.80525436983792e+000 2.63184657886285e+000 -9.32772208398424e-002 -9.83737295806367e-003 9.90796320264268e-004 2.29966655971352e-005 -8.25091243377019e-006 1.82590489928632e-007 5.56906272869133e-008 
1.96168645147014e+005 -1.40472856840181e+005 -1.15498264160434e+004 1.43759297656580e+003 3.13231897437602e+001 -5.05810294702628e+000 1.30506177542353e-001 3.03267906232813e-003 -8.87387539284020e-004 7.78015535689906e-005 -8.45391459110608e-007 -3.88830775717512e-007 3.32318942833036e-008 
2.83384844498551e+005 9.78986235731511e+004 -1.63805604902810e+004 -7.33432100515597e+002 8.99378534946075e+001 -4.11297806756853e-002 -1.96596224298341e-001 1.29430865663454e-002 -5.14846734648945e-004 -3.17585365586497e-005 6.23616468389368e-006 -2.82909968300467e-007 -1.15891047903499e-008 
9.42685948418000e+004 3.19106089212484e+004 -5.44519494949129e+003 -2.36259307501648e+002 2.97701356658196e+001 -3.72166305662711e-002 -6.42650895798966e-002 4.29496749059303e-003 -1.73879591931462e-004 -1.01918801835122e-005 2.05678735741796e-006 -9.50062244833396e-008 -3.69346949756975e-009 
-1.20900080049846e+005 -1.61923665225975e+005 5.92151173020252e+003 1.29788289403567e+003 -3.95481933317685e+001 -2.18330579660348e+000 1.03254052643811e-001 -2.26388185954476e-004 6.27829481701649e-005 -1.49045581037000e-005 -5.50711721212690e-007 1.15223817538475e-007 -2.08891985773978e-009 
3.36731517677114e+005 -4.51488958066623e+004 -1.71541010293345e+004 5.30753569216000e+002 6.14422708719617e+001 -2.22481143402452e+000 -3.54963142150489e-002 2.49661981095568e-003 4.82744883071804e-005 1.05324773355412e-005 -1.52819206076736e-006 -2.86448860485668e-010 5.65502754015390e-009 
1.10980879926614e+005 -1.53404953013351e+004 -5.63527896569151e+003 1.79457388728080e+002 2.00531825195609e+001 -7.42139710299895e-001 -1.11158436587011e-002 8.19000972015099e-004 1.58823616180217e-005 3.43741344723007e-006 -5.05894844030862e-007 3.32435149105105e-010 1.85496951960247e-009 
-3.57295293159657e+005 -6.54703423932574e+004 1.66848200858886e+004 4.46131469047443e+002 -5.97861881374238e+001 -7.84189779824462e-003 5.74547830773092e-002 -4.09080938265445e-003 -1.14470699981051e-004 1.14964543551278e-005 5.21694764763124e-007 -4.49488789599324e-008 2.20176740503205e-010 
1.38829802735364e+005 -1.43740823538738e+005 -6.43012916371375e+003 1.13929274393099e+003 1.51425738759243e+001 -2.06772622918675e+000 4.60629849467911e-002 1.59139487039661e-003 -2.20182056556583e-004 -8.79794597416820e-006 6.12185066407300e-007 1.54508081751305e-008 -3.12830899415387e-009 
4.51111923269777e+004 -4.75323295206652e+004 -2.06893991137031e+003 3.76153861495595e+002 4.74201462598453e+000 -6.78807051997403e-001 1.54942185701680e-002 5.07876910795248e-004 -7.27507588929960e-005 -2.85501474809233e-006 2.02949395426451e-007 4.92474676166786e-009 -1.02978371999504e-009 
-3.49109105093257e+005 7.34314980605794e+004 1.64244281423059e+004 -4.77492543197491e+002 -5.56742620628094e+001 3.41506103257568e-002 -3.39792030872068e-002 2.93137374069602e-004 4.02856459979205e-004 1.62939305428214e-005 2.54418842508798e-007 4.60870701328005e-009 -3.24571562736703e-009 
-1.55711835388663e+005 -1.39120546637594e+005 7.52706353242276e+003 1.10955322886906e+003 -1.62888964665753e+001 -1.34948458465627e+000 -2.30334917998610e-002 -6.10039374755158e-003 -1.45865828206811e-004 1.18072752112340e-005 7.33569479564476e-007 5.40353273437029e-008 3.81991612633067e-009 
-5.18964474839835e+004 -4.56368952535642e+004 2.51785661728458e+003 3.63058987444576e+002 -5.52318537138723e+000 -4.39301812676287e-001 -7.58299063578568e-003 -2.00843839586726e-003 -4.69165110518146e-005 3.90905879488809e-006 2.40607605237785e-007 1.77638661801101e-008 1.24912612839572e-009 
-9.97455868336681e+004 1.66673205722147e+005 5.31515486216142e+003 -1.37101366439575e+003 -5.26344706176639e+001 1.29981873720536e+000 2.32251417837579e-001 1.90788974519039e-002 2.57859276508767e-004 -8.48465949098447e-005 -8.60928053404132e-006 -2.86418300170616e-007 2.80235355534643e-008 
-3.36359073542093e+005 -3.26223956420369e+004 1.81257468712841e+004 5.43636146742294e+002 -6.24707007655590e+001 -3.73030252690432e+000 -1.19010694481331e-001 7.72703534898432e-003 1.47479874568823e-003 7.54134585038879e-005 -1.62048234464115e-006 -5.94963029279545e-007 -4.52442014679105e-008 
-1.10832340412265e+005 -1.03999480178775e+004 5.96847221136262e+003 1.75051487024697e+002 -2.06057066975683e+001 -1.21892187739176e+000 -3.86883283673160e-002 2.57066651551453e-003 4.84640047177336e-004 2.45882775448174e-005 -5.48164105051386e-007 -1.95843036909308e-007 -1.47991750517513e-008 
2.16935890985455e+005 1.33786593414006e+005 -1.39389269550229e+004 -1.56225254168142e+003 5.72976812845244e+001 9.36971249426410e+000 7.33408295274039e-002 -5.57763945185529e-002 -3.05797278617324e-003 2.95504102073167e-004 3.77816416599343e-005 -7.58583567650770e-007 -3.60785580388890e-007 
-2.51815923342932e+005 1.15623954851262e+005 1.61554425708027e+004 -1.02408982290782e+003 -1.17004206425088e+002 1.70692192572590e+000 6.84552358742574e-001 2.08953539345791e-002 -3.98410269033494e-003 -3.37280544884291e-004 1.71323091144961e-005 3.60170347750195e-006 1.75801220015674e-008 
-8.24545853942155e+004 3.82343171355836e+004 5.27737356492272e+003 -3.39521739089458e+002 -3.82555167149606e+001 5.79001175223539e-001 2.24723595493779e-001 6.75050497919601e-003 -1.31359734130140e-003 -1.10140894717486e-004 5.69676412017424e-006 1.18084859138712e-006 5.07585219804383e-009 
5.25127884097133e+005 2.51555743184032e+003 -1.86894528849490e+001 1.42788745314850e-001 5.27543320455941e-004 -6.84735086176799e-004 7.16437210186645e-005 -3.71654526627254e-006 -3.35587956987491e-007 1.32071067425422e-007 -1.62928704959453e-008 
6.76475008689334e+004 6.98551857260967e+003 4.65373759786007e+000 1.56425899625118e-003 8.13375049031186e-003 -2.91417475675983e-004 -2.31030925083303e-005 7.05293750303130e-006 -9.21757516506007e-007 5.46355143034671e-008 3.49649577078707e-009 
4.12575821993449e+003 2.95376343810765e+003 2.45233066369280e+000 -1.26853244966515e-002 3.91670689208848e-003 -8.38572054158864e-005 -1.96619891661688e-005 4.15218363518033e-006 -4.57593814629457e-007 1.71046299381770e-008 3.54649742057864e-009 
5.30014597578941e+005 2.37242688908142e+003 -1.71715872458667e+001 1.00554540626064e-001 -3.78315690891376e-003 -4.48249199879378e-006 5.44039823059576e-006 -4.66264303832692e-007 5.35901402274743e-008 9.21849613997767e-009 1.60041847268398e-010 
8.16570807550104e+004 7.02457014060829e+003 5.25414322120644e+000 8.53069044953529e-002 2.95889538682734e-003 -1.51289079296099e-004 7.57775490353319e-006 -3.16830841619883e-007 1.78429156831893e-008 -3.63055097900465e-009 -1.74459591771318e-010 
1.00530532389342e+004 2.97365533829534e+003 2.59621831450679e+000 3.07203730124646e-002 1.64095056231871e-003 -7.70439140668564e-005 3.58240873545728e-006 -1.21835047117755e-007 3.96315898839674e-009 -1.32937896988732e-009 -1.19806407214803e-010 
1.14681435091165e-005 -5.37678509503387e-007 -6.00658028306476e-007 1.22481486222322e-007 6.82464688261203e-008 -9.39822055520082e-009 -4.11382591095099e-009 5.25577411634292e-010 1.90631930286149e-010 -2.70914536874259e-011 
-4.54316754240831e-005 7.41308048397138e-007 -1.48973883070891e-007 -9.40723757696557e-008 1.62927162892763e-008 6.97918774126808e-009 -8.77480351109588e-010 -3.29939797080778e-010 3.62174454730593e-011 1.20219085550737e-011 
1.08535781824388e-005 5.73107971510144e-007 5.03059201557388e-008 -1.83385060106626e-007 2.24611956278365e-009 8.15492717842395e-009 -6.85619509299555e-010 -1.26354186595120e-010 2.09773345635673e-011 2.09781002236541e-012 
-4.48778199672370e-005 2.36666777778617e-007 2.30298420611907e-007 8.21788319136309e-009 -1.84725833882717e-008 9.01542122613038e-010 4.25042844586442e-010 -4.82403510702287e-011 5.19136855235879e-012 -9.47251640715072e-013 
9.58860593911692e-006 -1.84945046615380e-006 3.66539869141826e-009 1.40831536706903e-007 -1.02749450303271e-009 -3.23444383735598e-009 7.42895040945672e-011 -6.40511795491296e-011 -8.80231385777840e-012 7.59277142807907e-012 
-4.39097998374999e-005 3.18213662347021e-007 -1.99756288238953e-007 2.77624071041546e-009 1.07228156667094e-008 -1.06490604481139e-010 -1.13359207412628e-010 -5.93883458848082e-012 -1.02421696170844e-012 1.71319547970684e-012 
8.09406180776025e-006 2.18945994261762e-007 -1.98327078539716e-007 -2.13313072900998e-007 -3.33649070605277e-010 1.24882813181898e-008 2.06854022289462e-009 -2.01103882385283e-010 -1.66520295026309e-010 -1.64975219361263e-011 
-4.34966218669433e-005 5.14969598623288e-007 2.32449263684173e-007 -2.40628274401127e-008 -2.53843084186105e-008 -1.54825832684296e-009 1.10373765933015e-009 2.49390491217323e-010 -2.10694421474351e-011 -1.36401253899568e-011 
3.36663982383926e-003 -1.31911355211210e-003 3.31826480357942e-005 5.16010264237671e-005 5.24088453803071e-006 -1.21910680600299e-006 -3.03924574833819e-007 3.02387350322100e-008 1.03109887134908e-008 -8.98368486519039e-010 
4.35476957075318e-001 1.41713635612491e-004 1.15659836248579e-004 4.07124337695781e-006 -3.33090753034507e-006 -5.99012856856088e-007 7.65563502556616e-008 2.42173066170772e-008 -2.06813255549686e-009 -7.58716717639588e-010 
3.87308444122575e+003 9.20988724627541e-001 -3.26998583050784e-005 -4.39791475384584e-005 -4.69998752448770e-006 1.04502925611615e-006 2.76045536269927e-007 -2.58584459993039e-008 -9.40044631442299e-009 7.66625855351967e-010 
2.43867994917026e-003 5.75674692583649e-004 2.29454732260767e-004 -5.01156775283215e-005 -5.12458658179072e-006 1.43237423101011e-006 2.42251707296500e-008 -2.35012102378872e-008 1.12275384018704e-009 1.03998522480535e-010 
4.36193059823072e-001 3.79139773911170e-004 -9.92058860368478e-005 -1.63710218825689e-005 3.78333532462456e-006 2.14345648567900e-007 -8.41359433968304e-008 1.20738519108544e-009 9.15978637773044e-010 -6.96438421364818e-011 
3.87492492635890e+003 9.19343809619076e-001 -1.93306961904304e-004 4.50864391414232e-005 4.45694424860186e-006 -1.28994534787068e-006 -2.25278341382893e-008 2.13733556237542e-008 -9.98412639576628e-010 -9.91492359426573e-011 
3.65226647843095e-003 2.66729332175660e-004 -1.99381807288099e-004 2.49193785262930e-007 3.50348875953252e-006 -6.24088307934723e-007 -1.99574585052710e-008 1.00663961061324e-008 -2.95612124872460e-010 -3.20657628007316e-011 
4.36151836590452e-001 -3.52905659281963e-004 -3.02825734872222e-005 1.30051054937528e-005 -1.08917806080781e-006 -1.33501490832477e-007 3.97586869360137e-008 1.28667027573310e-011 -3.20722584559299e-010 3.14669823029941e-011 
3.87676363382774e+003 9.19685797718927e-001 1.78587819001987e-004 -2.21851299138284e-006 -3.17290336071316e-006 5.78156053491751e-007 1.80624621799404e-008 -9.13901580331719e-009 2.81875731664723e-010 3.06205696593036e-011 
2.78978283264868e-003 -1.07448227322384e-003 -1.35174705908454e-004 9.25013866320626e-006 3.91689670974930e-006 1.06625871253163e-006 1.10472146537400e-008 -3.58978861618744e-008 -5.18864881146579e-009 2.76934992784083e-010 
4.35530775092859e-001 -1.94631218885896e-004 6.44230630545348e-005 1.05693188503460e-005 1.14448533258573e-006 -1.50736570405927e-007 -9.34613447923567e-008 -7.16341094555737e-009 1.76011161541364e-009 4.74106754429507e-010 
3.87860419265717e+003 9.20811323340283e-001 1.06620533321278e-004 -7.70761014827740e-006 -3.15707480440343e-006 -9.45151231553968e-007 -1.43615974856161e-008 3.12960389751958e-008 4.63852432199761e-009 -2.22306815136947e-010 
