3.88872049420386e+007 9.53525768977340e+006 -6.22227311459180e+005 -3.82819772621793e+004 -5.87885067021281e+002 3.31521098918750e+000 1.92754236703119e+000 1.39709373686807e-001 6.97342656326236e-003 2.23751671305189e-004 4.72129030506224e-008 -6.44648857456175e-007 -5.86422702090972e-008 -3.38361053365198e-009 
-3.99638106711569e+007 1.04939386354285e+007 6.40032409235505e+005 -1.35393937724528e+004 -1.10771250701884e+003 -5.28339324345129e+001 -1.92420887732988e+000 -2.44424513404133e-002 2.58593888597044e-003 2.95588516926105e-004 1.85307008884459e-005 8.00575675241287e-007 1.68630920312040e-008 -8.99258585123937e-010 
-2.55253496285082e+007 4.61607283507793e+006 4.06416895052095e+005 -3.26126636173655e+003 -5.30709305706432e+002 -2.85653176313688e+001 -1.22776164645435e+000 -2.75475265183719e-002 6.57988539302126e-004 1.34684026413863e-004 9.89350544585008e-006 4.94487646494740e-007 1.50874904031090e-008 -1.29585840399808e-010 
5.14312060568601e+007 2.59009455772372e+006 -1.12281944352898e+006 -4.27845808549355e+004 4.11539696565252e+002 1.26445977527198e+002 9.47591184545231e+000 3.55127368050229e-001 -5.06710246213453e-003 -1.93737150506767e-003 -1.59875503865106e-004 -6.57277222657488e-006 1.02005988429828e-007 4.07695255310242e-008 
-1.46459908218331e+007 1.45665583324570e+007 3.28392806931968e+005 -4.20998246559111e+004 -2.56736923880769e+003 -8.12280113439543e+001 1.55254195048611e+000 4.32411597643140e-001 3.25768106318839e-002 1.21317511657093e-003 -2.69656386149552e-005 -7.99728583025489e-006 -6.48684979401812e-007 -2.57913497729611e-008 
-1.33033787340409e+007 7.51187304109235e+006 2.91878082259396e+005 -1.80498821929216e+004 -1.41405641405043e+003 -5.65038674963411e+001 -1.53586089064936e-001 1.94138732306782e-001 1.79264399557813e-002 8.48959753978855e-004 2.18043735919966e-006 -3.58972888291022e-006 -3.57076461594363e-007 -1.80093708992291e-008 
4.62661944364716e+007 -8.05064234203512e+006 -1.46759942530032e+006 -1.87891568958341e+003 5.47024876777084e+003 3.41358411936716e+002 -2.69926327683682e+000 -2.08345619316895e+000 -1.42809669130264e-001 1.90550922240958e-003 1.08898635132493e-003 7.53877067572624e-005 -1.42652702382700e-006 -6.57517672093120e-007 
1.49666135505085e+007 1.43943228282189e+007 -4.53385240270558e+005 -8.76798567755740e+004 -2.17313879665950e+003 2.23959159962552e+002 2.64899442559090e+001 7.26932235222275e-001 -1.01621276172158e-001 -1.25128621616619e-002 -3.32805172973011e-004 5.79581353219734e-005 7.07910317395556e-006 1.76892093496774e-007 
3.04955714437317e+006 8.52359762351205e+006 -8.99484579482363e+004 -4.66395648282536e+004 -1.72819307970744e+003 8.42208487563494e+001 1.44296474154552e+001 6.04400678605909e-001 -3.94681000479395e-002 -6.88143834073658e-003 -2.90725910246536e-004 2.31390641221448e-005 3.92929195132235e-006 1.62685704005689e-007 
1.96561550201591e+007 -1.80200640652826e+007 -8.18639140464287e+005 1.12015516657833e+005 5.84417356062839e+003 -5.21582572015557e+002 -4.74865954955077e+001 2.68957998264639e+000 4.21340194598352e-001 -1.23746932222262e-002 -3.84133326322805e-003 1.95802010737011e-005 3.49455082040693e-005 6.55194191513981e-007 
3.67398915655278e+007 6.52292124846208e+006 -1.46192190387940e+006 -5.63958867387925e+004 6.97317615602330e+003 4.36888387545606e+002 -3.53662218634236e+001 -3.83193462872220e+000 1.86701634664651e-001 3.51326058072173e-002 -7.77657842231545e-004 -3.25182175351193e-004 -5.94340576185075e-007 2.99462444767192e-006 
1.74395076551234e+007 5.35315715497837e+006 -6.95975137780132e+005 -4.17429174227670e+004 3.11855060085620e+003 2.87466639793692e+002 -1.39653794104241e+001 -2.32581659316137e+000 5.60233447152177e-002 2.00497492672210e-002 -1.69433725253328e-005 -1.75727917614320e-004 -3.94220952580490e-006 1.53162662371659e-006 
1.01780366927239e+008 7.12252008470852e+006 -1.26853641640445e+006 -1.51499155620176e+004 1.27100714706898e+003 1.00286629274671e+001 -4.42965022157646e-001 -3.54527103228228e-003 1.91341648588381e-005 7.48774033306315e-007 
-2.61729060212669e+007 2.09849445250732e+007 3.36968482974818e+005 -4.30198058293975e+004 -3.64769424500404e+002 2.47767665274839e+001 1.71290260073044e-001 -4.92154991474420e-003 -4.93089783702305e-005 1.81422366971962e-007 
-1.82548445692683e+007 8.98944250307778e+006 2.31883206228438e+005 -1.83944954844945e+004 -2.44544929120669e+002 1.05117256416232e+001 1.05076777678568e-001 -1.99635060785988e-003 -2.37788378050110e-005 2.33059695860799e-007 
1.05553039977198e+008 -3.39592203986599e+006 -1.32365824515585e+006 6.18150865119520e+003 1.35786798854759e+003 -1.65982992110529e+000 -5.23862879138599e-001 -2.01830878182644e-003 7.29983283382155e-005 2.92573464660497e-006 
1.68135330838993e+007 2.15553902429329e+007 -1.97346879401749e+005 -4.47186866047718e+004 1.59729513157158e+002 2.70379198767305e+001 8.07178399704394e-003 -6.83883957509268e-003 -5.98446664676897e-005 6.61552283999479e-008 
8.44194786798448e+005 9.91182349172830e+006 -5.00117861350509e+003 -2.05089143928344e+004 -1.40874294648748e+001 1.22687372552441e+001 3.68007836984333e-002 -2.95418521165801e-003 -3.10010091653802e-005 -5.39166786607013e-008 
2.82090343514330e+006 -2.08778163974896e+007 -1.66767392466657e+004 1.73109443743599e+004 1.47092958634155e+001 -4.92282705841683e+000 -7.76227032057118e-003 6.52265272619269e-004 -5.34744788376337e-005 1.95327622572842e-005 5.01591628184849e-006 -1.12720971369503e-006 -4.50663101700647e-007 
1.35331397020133e+008 3.57869473320513e+005 -6.70158103150070e+005 -4.91112011298826e+002 2.91210603980927e+002 3.38913154309473e-001 -6.60394128199395e-002 -4.53722598532579e-004 1.40284149448286e-004 2.64453997509397e-005 -7.60212815097710e-006 -2.38738359469814e-006 4.34718143791892e-007 
5.86863540524980e+007 1.55362702950808e+005 -2.90556085524908e+005 -2.12887958143656e+002 1.26258843900340e+002 1.47316914139827e-001 -2.87303538348465e-002 -2.41012712083454e-004 6.82021650957265e-005 1.51601088969348e-005 -3.65591939486608e-006 -1.32748216428500e-006 1.98529497077523e-007 
-3.84124543956467e+007 -2.01838146807371e+007 1.89206110356259e+005 1.67565994837108e+004 -8.35831254087612e+001 -4.79032765068189e+000 1.97573873379835e-002 7.91743405660602e-004 -1.84285497782734e-005 2.97408997048475e-006 2.64972162742443e-007 -4.77481900252818e-009 -3.20665908496680e-009 
1.30723110602245e+008 -4.94780019475443e+006 -6.48148254428376e+005 4.13731178941196e+003 2.82381550056018e+002 -1.21354600064849e+000 -6.42298225074690e-002 2.34683039173117e-004 6.11977080311543e-005 7.68013074018516e-007 -6.53025069771323e-007 -1.59731186440136e-008 8.81576490351031e-009 
5.66887780123524e+007 -2.14497997752279e+006 -2.81012933056958e+005 1.79382709179001e+003 1.22431437704312e+002 -5.26109044488137e-001 -2.79721761202615e-002 9.85611656629197e-005 3.21347695867367e-005 4.40768236606894e-007 -3.91963523160237e-007 -8.90405287338181e-009 5.16500015253301e-009 
1.10990850629821e+008 2.94220017010683e+007 -7.71338409591038e+005 -3.69453104486496e+004 3.23933852849410e+002 2.53600422779039e+001 8.36239550291332e-002 -1.67759550219291e-002 -2.80790295651335e-004 9.97787715734315e-006 2.38854415897895e-007 
-1.57647494640536e+008 1.91585172396151e+007 1.09540522494997e+006 -1.74825802902941e+004 -8.91147516961031e+002 2.70638069098265e+000 5.95115001128477e-001 5.59498046559709e-003 -3.80150108642427e-004 -9.80474345796153e-006 2.21329853396435e-007 
-7.53369577448068e+007 7.99176979597212e+006 5.23288173685157e+005 -7.01957418498643e+003 -4.17500117825116e+002 5.55483691586428e-001 2.70722198954938e-001 3.01927117197520e-003 -1.67303695243855e-004 -4.68137843459668e-006 9.08293743997683e-008 
-3.66494521875479e+007 1.78020793292800e+007 4.67736037017665e+003 -3.81721280827819e+002 -3.50338389147357e-001 1.88529542921901e-003 5.31417590343742e-006 -1.07803973987477e-007 
-7.23144739671400e+008 1.66285703356409e+005 9.36823350289711e+004 4.56966317762879e+001 -9.41277777863539e-001 -1.49593659378910e-003 -1.16085820463390e-007 5.14844030742062e-008 
-3.09075726305233e+008 -3.62421573133040e+005 4.00424015790017e+004 2.88880052983386e+001 -3.94944874750472e-001 -6.87642897920016e-004 -8.40650372113481e-008 3.38699168034096e-008 
1.42560675779199e+009 4.64737718745726e+005 -3.07552411574249e+004 -9.21069354478395e+000 5.17777594721439e-002 4.11500493008984e-005 -2.42116394572100e-007 
-9.46086628948685e+007 1.22774438528584e+007 2.05078935501274e+003 -4.36700643851555e+001 -1.98432301398337e-002 3.61767058824834e-005 6.93606914388197e-008 
-1.00386737529240e+008 5.05062047532587e+006 2.16974684458638e+003 -1.76405851626418e+001 -1.04209850948130e-002 1.31132723279519e-005 3.22831411820857e-008 
1.49108924574405e+009 8.05575784936437e+006 -3.67634875849435e+003 -3.10287896320020e+000 9.99228722122778e-004 3.75546337792225e-007 
-2.32663053040978e+009 3.99598511297604e+006 5.73522354822124e+003 -1.96812011096711e+000 -8.88323720334713e-004 1.72424473977857e-007 
-1.04009340480344e+009 1.63617621973511e+006 2.56393079868541e+003 -8.18063259476178e-001 -4.03924051512325e-004 6.32510118636192e-008 
1.92076664360841e+009 6.75000075522065e+006 -1.32813105502396e+003 -7.86869790127166e-001 7.55162406420923e-005 4.41195524525237e-008 
-3.76094879343856e+009 3.06248459181581e+006 2.60083699506101e+003 -3.34167161414012e-001 -1.52402857776960e-004 -2.99233315991256e-008 
-1.58719761568414e+009 1.08545638135259e+006 1.09756160736010e+003 -1.17163584710184e-001 -6.41126018854302e-005 -1.36287041859578e-008 
-2.12333735729737e+009 6.79955835019382e+006 1.51083177235829e+003 -8.82293390570244e-001 -9.69746988822361e-005 1.28013073006486e-007 
-3.88972134159537e+009 -3.75154804598063e+006 2.76747472648345e+003 3.04591393905298e-001 -3.08930097806174e-004 3.51581303458460e-008 
-5.74110272363196e+008 -3.21939685240544e+006 4.08372939490487e+002 3.61317517430260e-001 -6.79665908720910e-005 -3.92494223379402e-008 
-3.65932008206421e+005 -1.90051286706153e+004 1.91628579343870e+004 4.14876528716282e+002 -6.49904754068393e+001 -3.01092392004048e+000 -1.05865502533077e-001 3.05397306760121e-003 1.06591495197600e-003 7.20278047225308e-005 1.18225996638993e-006 -2.64819184912642e-007 -3.44821818313599e-008 
6.74255667016351e+004 -1.58141906516519e+005 -3.39927725107044e+003 1.28488999773996e+003 3.90977787852016e+001 -1.19489051030826e+000 -1.48757368997376e-001 -1.44734925535375e-002 -4.68045046856258e-004 3.67145277305652e-005 5.43573114998731e-006 3.39091011224621e-007 2.34648835281601e-009 
8.61497831317983e+003 -5.45837796494923e+004 -4.04967171998311e+002 4.51742470272612e+002 1.07401514905109e+001 -5.15906535396392e-001 -5.45217189854964e-002 -4.80811975438426e-003 -1.18383962395566e-004 1.52187971768853e-005 1.89241663873812e-006 1.05190054111246e-007 -5.18139310044269e-010 
-2.50623668095700e+005 1.31580362686965e+005 1.57717755651674e+004 -1.12107829787520e+003 -1.16038322835238e+002 8.75667489878138e-001 6.22080007662365e-001 3.47610469349676e-002 -2.29414235470540e-003 -4.09149256345849e-004 -7.32651333346291e-006 2.90840778302245e-006 2.51101181426644e-007 
-2.22136993776618e+005 -1.16799561748290e+005 1.39778374425350e+004 1.39143142448607e+003 -4.99281499538498e+001 -8.19692149070218e+000 -1.95647517571745e-001 3.88768121927102e-002 3.90255669852837e-003 -5.68488281422781e-005 -3.46165081621115e-005 -1.74590778763308e-006 1.81949112040411e-007 
-8.55049887436542e+004 -3.46817233831814e+004 5.35918405574998e+003 4.29113255749631e+002 -2.13581070636991e+001 -2.74757382222612e+000 -4.28609040231772e-002 1.45316376884243e-002 1.23872222910054e-003 -3.49346390277298e-005 -1.20448390904450e-005 -4.82360100137717e-007 7.14346510911397e-008 
7.83752475704544e+004 1.79519108310052e+005 -5.37667754618496e+003 -1.97888682648284e+003 4.57641088500252e+001 1.09013807648630e+001 -4.01058703374723e-001 -6.94953177102725e-002 4.20270155035737e-003 5.30119462646863e-004 -4.59277885945824e-005 -4.24601297282499e-006 5.07423301844483e-007 
-3.08366439999243e+005 3.66068412726574e+004 2.10247908944550e+004 -4.66852699542715e+002 -1.40966409748718e+002 3.79388666745743e+000 8.01676063438180e-001 -3.77057016206164e-002 -5.73799805111234e-003 4.09547958330610e-004 4.54232263549282e-005 -4.53319904674127e-006 -3.65645473983342e-007 
-1.02242901995002e+005 1.93075212447953e+004 6.94137661203469e+003 -2.34004832546564e+002 -4.60712177671711e+001 1.70499677338043e+000 2.56838941925005e-001 -1.54698518431523e-002 -1.78901451503633e-003 1.59458925208877e-004 1.36817848185594e-005 -1.70311655512439e-006 -1.04881139113519e-007 
3.35634615369180e+005 6.53088860407443e+004 -2.01748244673195e+004 -3.29886316413754e+002 1.11332990403241e+002 -3.13300409821117e+000 -2.28255354877354e-001 3.64224086913172e-002 -1.52436962376826e-003 -1.34694741238232e-004 2.13488940975079e-005 -7.44827378190610e-007 -9.95569249201004e-008 
-1.05231370871062e+005 1.54064017293718e+005 6.37082888916908e+003 -1.58785588863003e+003 4.67400230813335e+000 5.66975526482756e+000 -3.77195713524810e-001 7.27309168159742e-004 2.49264117236726e-003 -2.01527458895126e-004 -1.79771765783894e-006 1.60960998727055e-006 -1.19395613142093e-007 
-2.33260326322170e+004 5.49067616967983e+004 1.40569182968537e+003 -5.51053444873315e+002 5.85251511903343e+000 1.80111543530972e+000 -1.36997744805026e-001 1.64989259679594e-003 7.88807301923491e-004 -7.36549505741105e-005 2.06636432645405e-007 5.18593615337860e-007 -4.43952765751796e-008 
3.10106730150047e+005 -8.70859183153561e+004 -1.58080149853853e+004 8.84291087769181e+002 4.38550281548922e+001 -2.51199989573985e+000 8.36508660483187e-002 -4.34824515084283e-003 -2.31708988654897e-004 4.42532956514861e-005 -2.41516004131374e-006 4.80364747990206e-008 5.40218475904333e-009 
1.98346962672583e+005 1.35933209657510e+005 -9.84283673519446e+003 -1.00349998753691e+003 5.16974503435411e+001 4.67066333419543e-001 -5.00530410929642e-002 6.98267366503458e-003 -6.02175600625944e-004 1.20436677210912e-005 1.49947620953598e-006 -1.66512934835839e-007 1.12283908280397e-008 
7.91072308451015e+004 4.30637194104556e+004 -3.92657526887632e+003 -3.06888028953577e+002 1.91362073045238e+001 5.78718682745074e-002 -1.36490330834807e-002 2.21432489629459e-003 -2.13566515315975e-004 5.78146963681284e-006 4.16468209921415e-007 -5.47533890094626e-008 4.02679287673030e-009 
4.92898791618625e+004 -1.62503608446212e+005 -2.41060609551575e+003 1.24995776319058e+003 3.71856319550419e+000 -1.87423759481094e+000 -6.76832085489378e-003 -9.70612177655532e-005 1.90685216964613e-004 -9.21092013692639e-006 -6.29942723904379e-007 2.86942098634266e-008 1.08139662830002e-009 
3.63585540695602e+005 2.35658987488898e+004 -1.67219902515609e+004 -1.32289882968377e+002 5.60639995243483e+001 2.46300981892560e-002 -2.61881398830910e-002 -1.67179233323574e-003 4.67877837710820e-005 1.24802583906255e-005 -6.45941684106797e-007 -2.27477501502356e-008 2.90643565725612e-010 
1.25855859156850e+005 2.15638082017071e+003 -5.76098464243357e+003 9.21450121963159e-001 1.90432677943369e+001 -6.21512879164262e-002 -8.85850091181296e-003 -5.71328722076352e-004 2.28702527290829e-005 3.89646495764567e-006 -2.42007796639934e-007 -6.60963421971724e-009 1.34546378072081e-010 
-2.48686802034262e+005 -1.23656671470345e+005 1.16967286600826e+004 1.00719534182174e+003 -3.37362953110507e+001 -1.78305709348078e+000 9.76929640050199e-003 -9.23835492773069e-004 -1.85877168666359e-004 -5.29062708318814e-008 1.00663200004433e-006 2.04748322091743e-008 -9.18572403151936e-010 
2.82530022020149e+005 -1.01549358142636e+005 -1.30503528194474e+004 7.24922361402367e+002 4.83496225242395e+001 -7.93929418673989e-001 -2.74074522715112e-002 9.36643955831242e-004 -6.75662658694801e-005 -1.63619011400733e-005 -2.89048685867474e-007 3.62109282672905e-008 2.79007210190292e-010 
8.76517342130248e+004 -3.88944492897180e+004 -4.00934585577204e+003 2.81092231579716e+002 1.50820631902797e+001 -3.29985168147564e-001 -8.65500773278638e-003 2.86842214743548e-004 -2.94686383986428e-005 -5.54866823827039e-006 -6.24149016204350e-008 1.29246175744009e-008 5.82019398899360e-011 
-3.72415353064392e+005 6.37512886677771e+003 1.93617190738932e+004 1.76981430401859e+002 -7.14963649889529e+001 -2.21774470799895e+000 -3.56136307082496e-002 2.32918914601079e-003 7.06467098980891e-004 5.11728271107266e-005 8.14288686636614e-007 -1.38226557880885e-007 -1.74604731151625e-008 
1.09187685189319e+004 -1.59442184689035e+005 -3.51254618243269e+002 1.33317491030121e+003 2.44257196912240e+001 -1.91964714743226e+000 -1.15230951767958e-001 -9.11582138604652e-003 -3.53532713057191e-004 2.33113585721592e-005 3.49357636382206e-006 1.98836565514480e-007 4.05550361775988e-009 
-9.01259729148767e+003 -5.39516966153559e+004 5.55073252906594e+002 4.56834513449180e+002 5.75450464666307e+000 -7.19520618143929e-001 -4.00251242158202e-002 -3.01493364635706e-003 -9.60272866823924e-005 9.61567380586408e-006 1.20930031630225e-006 6.26658168115677e-008 7.90056206098360e-010 
-5.27985634922905e+005 -8.88024804375019e+003 4.64959581618136e+000 8.71387378140942e-002 -2.34564114700130e-003 -2.63116081481369e-004 -5.21236399437196e-005 -5.81215942410174e-006 -3.46952026054704e-007 1.95040118977267e-008 8.11356069217471e-009 
1.01459058958036e+006 -1.96942593163341e+003 -2.17958915095863e+001 1.37518402558273e-001 4.80980493921969e-003 3.30726355229452e-004 1.44219698766312e-005 -2.22008060504748e-006 -5.67117971162779e-007 -9.06852951186908e-008 -5.02884405134991e-009 
4.51499581547199e+005 -5.99202067767185e+002 -9.70524872071974e+000 5.55645205062782e-002 2.68989656149253e-003 2.09693423063322e-004 1.31718217744271e-005 -5.84350051838295e-007 -2.66908902693820e-007 -4.84233925618512e-008 -3.51738584497164e-009 
-5.45706751720574e+005 -8.84056603914140e+003 4.96817887107807e+000 -9.03964429095210e-002 -2.23272171760847e-002 -1.76968619984764e-004 4.06158560387012e-004 4.44785971917862e-005 -6.24713336922327e-006 -1.83086283030668e-006 -1.02672404169420e-008 
1.01048371982349e+006 -2.13560676886175e+003 -1.96064106280847e+001 2.05933759946388e-001 -6.25148390181249e-003 -2.59755587798609e-003 -1.25019001505156e-004 4.99672178493801e-005 8.36594362927179e-006 -5.69056764163961e-007 -2.93528748893357e-007 
4.50226346620227e+005 -6.73178171569010e+002 -8.68274972193777e+000 1.09552840363573e-001 -1.01854254899121e-003 -1.36228102057225e-003 -1.08879970858912e-004 2.20746742297019e-005 5.11667279739321e-006 -1.11951717902242e-007 -1.55711590560064e-007 
3.16499422922196e-005 -8.03171351359043e-008 4.63971449832727e-007 1.91890894311585e-007 -1.49129275045865e-008 -1.18283241947998e-008 -1.49092583859718e-009 1.45453599150284e-010 1.26947154125018e-010 2.07991989978457e-011 
-4.40082163562838e-005 -4.74766720244765e-007 -1.95078513607811e-007 4.37837177790102e-008 2.28189989834422e-008 6.67599694225002e-010 -9.67930617874178e-010 -2.35787493349889e-010 1.15536371655342e-011 1.36345619652547e-011 
3.39086126537489e-005 1.00217440475924e-006 -7.73376120299915e-007 2.18603600099134e-008 8.19023984147324e-008 -9.35443617077677e-009 -4.10431729223173e-009 9.91588157161557e-010 1.24754104269760e-010 -6.10717220171705e-011 
-4.42916150877683e-005 4.40930035924277e-007 7.79749468096160e-009 -1.12831032008763e-007 8.64605342289044e-009 7.89132433884549e-009 -1.20457777967452e-009 -3.24293488594443e-010 8.17764948744531e-011 9.42787684327464e-012 
3.47380251325866e-005 9.52386261850797e-007 3.83300484552473e-007 -8.51567440447295e-008 -2.18946592538932e-008 3.63219257265578e-009 1.44097752060889e-010 -4.98310941583184e-011 9.80960822020754e-012 2.77225163657146e-012 
-4.42943779693852e-005 -2.78716221595727e-007 1.31007370009050e-007 4.86107206222719e-008 -8.70362500020747e-009 -1.20689755605210e-009 1.73138120435837e-010 3.14176881678608e-011 -2.38713028350438e-012 -3.61423826814724e-012 
3.59821185581042e-005 -4.25101320223579e-007 -3.66946746600205e-007 9.92546311240488e-008 2.84774198556099e-008 -1.46105528452539e-009 -6.05368277237219e-010 -4.50501914761926e-011 5.85156580011851e-012 2.99244201890487e-012 
-4.38305404359868e-005 4.90179089916783e-007 -1.38957349235541e-007 -5.14847220777418e-008 6.99748821760156e-009 1.93175455122622e-009 -8.62573303253037e-011 -1.27051626558711e-011 1.22125894098333e-011 3.09492551883686e-013 
2.68524207549427e-002 -1.31004214402647e-003 -3.87026099925197e-004 6.17790072852374e-005 6.84581054882090e-006 -1.69132764448868e-006 -1.32054070024389e-007 2.63598321865170e-008 5.20047377400734e-009 2.19067460811661e-010 
4.33507445153937e-001 -6.52787773900663e-004 1.28412367406987e-004 2.39842128996946e-005 -4.57558773318311e-006 -3.30514879811527e-007 1.00198358648543e-007 1.12203020249914e-008 -6.91392606520040e-010 -3.56250675857768e-010 
2.22463217368365e+003 9.21087198370668e-001 3.33544402788205e-004 -5.61508718904732e-005 -5.87135040351040e-006 1.57731864918494e-006 1.20381453068804e-007 -2.51057702944535e-008 -4.93185533040597e-009 -1.97256067970767e-010 
2.34564260835544e-002 -1.54923405563459e-003 2.52349211063272e-004 3.69279307619784e-005 1.44139140608180e-006 4.54614033602101e-008 -2.98703304528165e-007 4.87479964230612e-009 1.08228559759870e-008 -1.13223912257861e-009 
4.33432250111977e-001 5.58205113712217e-004 1.18950494950799e-004 -9.78033113136239e-006 -9.70128566558861e-007 -4.88829531584104e-007 -9.72942007288318e-009 2.58771454845021e-008 -1.43737252040876e-009 -7.47373054806997e-010 
2.22647498029064e+003 9.21259065245444e-001 -2.16611380034893e-004 -3.08642068004864e-005 -1.75701195257761e-006 -7.12501623261420e-008 2.85427743570444e-007 -5.09357043489945e-009 -1.02219269644636e-008 1.09094438824644e-009 
2.32959148549616e-002 1.46655581538882e-003 3.16022073139997e-004 -6.24281518321943e-005 -9.50328861354698e-006 7.83590398178563e-007 1.42782563748087e-007 -7.52124166573048e-009 -7.96395998755020e-010 8.27620917755548e-012 
4.34753909119941e-001 5.16967642017156e-004 -1.66818425553386e-004 -2.54784921301060e-005 3.14730434258644e-006 5.41496577186049e-007 -3.28177154423286e-008 -5.63053749200509e-009 2.40116409840123e-010 1.08141898831508e-011 
2.22831495656458e+003 9.18643938885450e-001 -2.76580291455177e-004 5.48443571583393e-005 8.55910918475340e-006 -6.99581635331372e-007 -1.30241769130170e-007 6.96233478870536e-009 6.99739815070001e-010 -8.10882559305747e-012 
2.57882002366969e-002 2.87678002250425e-004 -5.19468748270173e-004 -1.34394124119619e-005 1.32472162519761e-005 8.24126625333394e-008 -1.82797894189658e-007 -3.35677180117796e-009 1.14037245145360e-009 3.47825710312491e-011 
4.34348950291223e-001 -8.13721780277219e-004 -4.27519282425699e-005 3.87842731559152e-005 4.04638447224558e-007 -7.01853084584129e-007 -4.90912191684267e-009 7.19823090963477e-009 1.82013109002093e-010 -1.15782769263232e-011 
2.23015265420004e+003 9.19704829740465e-001 4.59508746138669e-004 1.06604430584112e-005 -1.19445020538148e-005 -6.74288374290088e-008 1.67264655159457e-007 3.33460359417631e-009 -1.02579050864897e-009 -3.52662680351678e-011 
