3.61571487819636e+007 -1.31795553169525e+007 -1.34921326942840e+006 4.73507282214969e+004 7.86238242776228e+003 1.30913974828763e+002 -3.78374172121981e+001 -2.93423284164952e+000 9.23843753821720e-002 2.67680693751479e-002 8.99981525698749e-004 -1.55941838652694e-004 -1.68547813913666e-005 2.35824913440159e-007 
2.51821423431157e+007 1.18484014172031e+007 -9.50722017442754e+005 -9.25381060175210e+004 1.17853956233967e+003 5.06945894942905e+002 2.01055693415618e+001 -2.11084488006002e+000 -2.58939354126242e-001 1.49742839712752e-004 1.97607149127397e-003 1.19046554863472e-004 -8.66262996651765e-006 -1.53210184136039e-006 
9.68266149071526e+006 7.69606054949770e+006 -3.68038033470067e+005 -5.43416457280083e+004 -1.85319508044584e+002 2.57242562593975e+002 1.46620849591421e+001 -8.23496486365480e-001 -1.47900843007761e-001 -2.69438835797791e-003 9.62339646831440e-004 7.97572343799423e-005 -2.88067595254554e-006 -8.42890453664128e-007 
2.19421181676902e+006 -1.97606467421384e+007 -1.38570360808752e+005 1.33031474699691e+005 -3.25873821172851e+002 -7.47032854357424e+002 1.09935970810639e+001 5.19755656833631e+000 -1.51975140321920e-001 -4.04468014064098e-002 1.84276441279974e-003 3.32099156183596e-004 -2.12949381439918e-005 -2.80272079339093e-006 
3.85071659124209e+007 9.12203311004904e+005 -1.61213752561548e+006 2.50398474798733e+003 8.61662051326063e+003 -1.03998153534748e+002 -5.38462569820681e+001 1.41355823944337e+000 3.96975772110456e-001 -1.67781262464152e-002 -3.15927984544802e-003 1.91420761246585e-004 2.59880821935207e-005 -2.15843409246501e-006 
2.03222606391496e+007 2.53602393516692e+006 -8.46844168606319e+005 -1.24504112118458e+004 4.63678685090975e+003 2.18703768873648e+001 -2.99041986046420e+001 2.16420621269446e-001 2.27816887321574e-001 -4.77070402853644e-003 -1.87869248386923e-003 6.78346639685562e-005 1.60901075061860e-005 -8.62494630452837e-007 
-3.40284912419942e+007 -1.54456158072933e+007 1.06918569897803e+006 5.26879302377711e+004 -6.52665409487634e+003 1.52151462448541e+002 2.32266808266118e+001 -2.50523626836103e+000 3.72563080527864e-002 1.36470864450860e-002 -1.28754652976100e-003 2.26065721583623e-006 9.20876473202467e-006 -7.45711659932947e-007 
2.88728420716783e+007 -1.00026304779092e+007 -9.76699746311381e+005 8.14251649814988e+004 4.51097432039537e+002 -3.75449826884990e+002 2.28113615930810e+001 5.56942720480815e-001 -1.81316516711664e-001 9.79437945989455e-003 4.99337119249560e-004 -1.07739988410809e-004 4.73145165756240e-006 4.28718558099356e-007 
1.89311551941921e+007 -3.74192789427254e+006 -6.32570181283721e+005 3.80366059960151e+004 9.17431093203947e+002 -2.16335627428177e+002 9.77854708871570e+000 5.57174255149267e-001 -1.00721131896359e-001 3.81774731252660e-003 4.00193374137249e-004 -5.77895021719214e-005 1.57316923244978e-006 3.06308425760369e-007 
-5.54006437749476e+007 -5.80784171379441e+006 1.22079100562721e+006 -1.56321757288321e+004 -2.02095370574845e+003 1.79105922252375e+002 -8.22746268960567e+000 1.98223951354000e-002 3.19184385145122e-002 -3.02284611783633e-003 1.37958925737525e-004 1.10963310954050e-006 -7.76969475103676e-007 7.02514076545640e-008 
3.97662321059876e+006 -1.41690682914456e+007 -1.12227074911968e+005 5.60978584179110e+004 -2.31543303918744e+003 2.20707596651823e+001 6.14574525328519e+000 -6.16779137829808e-001 2.98657459859997e-002 -6.09656876703348e-005 -1.30204365151512e-004 1.26818781745299e-005 -5.91554757848573e-007 -4.97920524977098e-009 
7.84793761664300e+006 -6.96655215693166e+006 -1.86480772578651e+005 3.15877482775774e+004 -1.02744623440732e+003 -6.77316297074659e+000 4.13579937323314e+000 -3.31538830189674e-001 1.26461551078454e-002 2.80733053624553e-004 -8.38539969659911e-005 6.65966860218917e-006 -2.35481181580222e-007 -9.94098562493558e-009 
9.28115783883568e+006 -2.40132021659841e+007 -1.32079134006359e+005 5.08616237014077e+004 1.84025984503529e+002 -3.33943998472654e+001 -1.57119448247715e-001 1.18175933958895e-002 1.10801422655912e-004 -7.01321377957629e-006 
9.62150276934937e+007 1.46087640572316e+006 -1.23780942052956e+006 -3.79694299525257e+003 1.32537844786119e+003 4.26233342883508e+000 -6.07195705606472e-001 -3.72058425578659e-003 1.65027175005159e-004 2.39981849518634e-006 
4.26809239659868e+007 2.17704276479843e+006 -5.48615586659782e+005 -4.92636570244778e+003 5.84732513169403e+002 4.03050161613267e+000 -2.63317247122607e-001 -2.41849406099393e-003 7.02365787630436e-005 1.81883909845964e-006 
-3.78677507535806e+007 -2.26299321986625e+007 4.73543218946693e+005 4.83758288244884e+004 -4.93303687101428e+002 -3.29279775955315e+001 2.02600515943299e-001 1.31236712302392e-002 -4.23836680171443e-005 -4.13073303400272e-006 
8.93454481003507e+007 -8.26213920177818e+006 -1.15595419161382e+006 1.72767618740474e+004 1.26021833761886e+003 -1.08192495162105e+001 -6.17585251262467e-001 3.14693699403901e-003 2.28450319868839e-004 -7.58586750297060e-009 
4.25737283978392e+007 -2.28549704982378e+006 -5.50099585806949e+005 4.71334548044307e+003 5.98265611935276e+002 -2.78499733968431e+000 -2.90727130024379e-001 5.88806519603807e-004 1.05331267491960e-004 1.62993897143589e-007 
-2.66953540979770e+007 1.99191571767080e+007 1.16365386319002e+005 -1.50812386968579e+004 -3.19749688265118e+001 2.98272842426179e+000 -1.79523933350089e-003 -2.35807368256535e-004 -2.08378861333371e-005 7.07596404899835e-006 -6.51084853811783e-007 -1.95690152421076e-007 8.48012801621865e-008 
-1.37278126877833e+008 -3.27379748527127e+006 6.20352838577521e+005 2.19469483850998e+003 -2.24719926667463e+002 -1.81943631722041e-001 2.29659418156101e-002 -3.92110180355670e-004 4.37920870706260e-005 5.90942409002107e-006 -2.25458411693804e-006 3.24593213201718e-007 6.25189811110764e-008 
-5.94754991432936e+007 -1.41937905192105e+006 2.68913431702927e+005 9.51463307656623e+002 -9.74127249852810e+001 -7.92658243866774e-002 9.94254002659939e-003 -1.38849590392170e-004 1.80422230781380e-005 1.40098018026579e-006 -7.91522559016541e-007 1.43784247328592e-007 1.55900321240109e-008 
1.34976297132414e+007 2.01219916143196e+007 -6.57236904443546e+004 -1.51198774916765e+004 2.68446530227095e+001 2.89509533620117e+000 -3.59338058048530e-003 -1.99698423384097e-004 -6.22837238709383e-005 6.66244263876937e-006 2.86324002813156e-006 -2.94886960454297e-007 -9.83067596002321e-008 
-1.38822710756319e+008 1.73315837982358e+006 6.25089849767762e+005 -1.40090757398309e+003 -2.22995894149089e+002 3.55212901032155e-001 2.04955765604316e-002 -4.32705314587406e-004 6.72736753129196e-005 2.20946754028593e-005 -3.10314113497133e-006 -9.35765938684534e-007 1.45206374943985e-007 
-6.01455251973787e+007 7.51063915543710e+005 2.70967959420046e+005 -6.07182051676573e+002 -9.66664403660553e+001 1.53613542562139e-001 8.96422071303448e-003 -1.52575209913241e-004 2.35227277208162e-005 7.39865788911077e-006 -1.06241990967607e-006 -3.05669774581647e-007 4.96185905542299e-008 
2.05752671596103e+008 -9.36937936844229e+004 -1.45260759638092e+006 4.91322837474615e+003 1.04228373453486e+003 -1.04835196401221e+001 -5.82731677970856e-001 1.33051699239805e-002 3.24978968769438e-004 -1.40818956896600e-005 -5.56875763908879e-007 
9.34221544779264e+006 3.28966265888217e+007 -6.86697832295840e+004 -3.81573239739520e+004 2.39119455588422e+002 2.22585629996341e+001 -3.56672496154154e-001 -1.23872848765183e-002 4.05848714999745e-004 4.94203742893493e-006 -1.84961352943730e-007 
-1.24794237169338e+006 1.50919628807972e+007 7.69004148972665e+003 -1.76345639898399e+004 8.15571315012160e+001 1.04924749407474e+001 -1.47886491710513e-001 -6.04201126859867e-003 1.78366343219604e-004 2.49023990634259e-006 -8.57720750632854e-008 
3.65984616823435e+008 -1.59683271542274e+007 -5.48179531182109e+004 4.21053200334214e+002 4.88634481631992e-001 -4.69604877667401e-003 2.72801068611496e-007 5.59218839050261e-007 
6.05320884044965e+008 8.74447343135885e+006 -9.05029860083491e+004 -1.79668036401452e+002 1.36122490286932e+000 4.51714013947197e-004 -1.12497719348517e-005 4.42863661030364e-007 
2.50552438272804e+008 4.13689033774370e+006 -3.74577851380732e+004 -8.72595175634070e+001 5.71554297945923e-001 3.08363311622974e-004 -4.62688112605132e-006 1.38005740151853e-007 
1.38456338189191e+009 3.15873023273947e+006 -2.88706436572996e+004 -1.78867508696532e+001 4.18950206880241e-002 4.41348069163702e-005 5.36650152182562e-008 
-3.69228036187938e+008 1.18299403680096e+007 7.69498916868940e+003 -3.93145147330729e+001 -2.67771257531223e-002 2.26894205055561e-005 -7.55544545689567e-008 
-2.12144953469680e+008 4.75031489126054e+006 4.42173687264988e+003 -1.54696406066557e+001 -1.28558909903705e-002 7.53656609750570e-006 -4.00985469733857e-008 
1.75470832472651e+009 -7.60677866096341e+006 -4.43385203250090e+003 2.90153505301303e+000 1.23864209235756e-003 -7.35082483447499e-008 
2.15711172676702e+009 4.72527386181473e+006 -5.44999407454886e+003 -2.34942792981805e+000 8.91899586546993e-004 -2.06707289522047e-008 
9.19938025206435e+008 2.17711647460974e+006 -2.32426988338499e+003 -1.06999051562283e+000 3.73933857327214e-004 -1.21893954358605e-008 
4.46680475862389e+009 2.66592004567905e+005 -3.17101565282625e+003 -4.80211949073429e-002 1.83983658691488e-004 4.15383277864982e-009 
-1.33221186722144e+008 6.99277814931031e+006 9.45822827044386e+001 -8.27183644533437e-001 -1.36521731079819e-005 7.01679167866647e-008 
-1.65734430128380e+008 2.85554544802371e+006 1.17651871712160e+002 -3.37402347568789e-001 -1.01863643135458e-005 3.04016083898049e-008 
2.64463756038636e+009 6.68170063802901e+006 -1.16586068286087e+003 -3.08849714913442e-001 1.37906673188483e-004 -1.66678482725256e-008 
-4.03194121465009e+009 2.82618797211039e+006 1.77752637516948e+003 -4.85813318720798e-001 1.77242432421150e-005 5.02299279609633e-009 
-2.05506796452738e+009 -1.13121177056976e+006 9.06003123636711e+002 -5.86311463920999e-002 -3.53403235301620e-005 4.58463149444300e-009 
2.02385838950797e+005 -1.42065183907961e+005 -1.23935452721331e+004 1.49542850045497e+003 5.38979615950179e+001 -6.86332351152570e+000 -1.11266616226867e-001 3.07786323478297e-002 4.05053550793687e-004 -1.70317478901981e-004 -2.72962661875047e-006 1.09928809733288e-006 1.67390470491394e-008 
2.53364109015718e+005 9.30789402581832e+004 -1.52343386306342e+004 -8.13424661310691e+002 9.24699838983718e+001 2.14918092721816e+000 -3.94600261889296e-001 -4.78437724012712e-003 1.96624313871229e-003 2.74375945402688e-005 -1.19014320738870e-005 -1.80030373279777e-007 7.98767993939354e-008 
1.32030492251837e+005 5.36212249385692e+004 -7.96023929014292e+003 -4.75463198503143e+002 4.88986928072993e+001 1.32591325784929e+000 -2.11374541849523e-001 -3.30817742930236e-003 1.05598379082855e-003 1.88013367192174e-005 -6.38333381604665e-006 -1.22966244382114e-007 4.28744557926979e-008 
-1.20372501981682e+005 -1.64814781829074e+005 6.44793402015458e+003 1.37018204903775e+003 -5.30574392517677e+001 -2.22747988860382e+000 2.82284276756068e-001 -9.54353360956893e-003 -9.39082829861991e-004 9.38845241101351e-005 -1.40987577425968e-007 -5.03195875988256e-007 2.91821402647823e-008 
3.04682991863410e+005 -4.25193867884410e+004 -1.62154870434295e+004 5.61324904114140e+002 6.03888006665716e+001 -3.55366394746685e+000 1.49149175905535e-002 1.54213202729175e-002 -9.55335935359219e-004 -3.00956711945655e-005 6.37764952350109e-006 -1.92581975957044e-007 -2.62319913470223e-008 
1.67171519979182e+005 -1.92559961974610e+004 -8.92416141892445e+003 2.73198250836601e+002 3.40010582997007e+001 -1.87584337970191e+000 1.33541379584598e-003 8.57688236237232e-003 -4.95686853602779e-004 -1.84869647606873e-005 3.45805305485346e-006 -9.26115107575870e-008 -1.48846326135954e-008 
-3.57615328548997e+005 -6.34652691812652e+004 1.71996432895326e+004 4.15291976694371e+002 -5.80211469080559e+001 4.23837861103974e-001 -3.40056937940548e-002 -5.77861384855583e-003 4.98035544448870e-004 -3.43336641968379e-006 -3.89576862900420e-007 1.05592954001445e-007 -5.92713750481464e-009 
1.19655721438128e+005 -1.33676692136588e+005 -5.71479901776999e+003 1.06300169475898e+003 1.03311014237617e+001 -1.28509859412226e+000 7.23479246463936e-002 -6.21879155010718e-003 -1.78907321150244e-004 1.95748984867251e-005 -1.06638171169310e-006 3.97000997860929e-008 4.75321790278986e-009 
7.24696506824217e+004 -7.08580587108224e+004 -3.47128422139175e+003 5.67392582625205e+002 6.90713175857988e+000 -7.12560394828001e-001 3.98363762816454e-002 -3.23179248250145e-003 -1.08230491887527e-004 1.07094684126717e-005 -5.67402392761754e-007 1.90470342546891e-008 2.70950450614259e-009 
-3.42155600372491e+005 7.84937662247094e+004 1.66738163513295e+004 -5.13552218841993e+002 -6.19313929099513e+001 -6.24254827492720e-001 1.48239040343416e-002 9.17526032067313e-003 4.45854545828903e-004 -9.11997587456883e-006 -1.71308732181009e-006 -1.28604345057618e-007 2.69498063750898e-010 
-1.52134036231313e+005 -1.27219806190820e+005 7.31483561366432e+003 1.05259703845080e+003 -1.33671517004178e+001 -1.80350468930653e+000 -1.05022193227764e-001 -3.71435727537057e-003 3.96665066010226e-004 2.71944016550438e-005 7.42345838302884e-007 -6.04907587380309e-008 -9.07870611722412e-009 
-7.47338977705340e+004 -7.04292036167612e+004 3.60525645813692e+003 5.81555726728629e+002 -5.99011685032763e+000 -9.69570622775226e-001 -5.70071074685909e-002 -2.19509892130121e-003 2.05776300379360e-004 1.49227321900485e-005 4.35381870687699e-007 -3.01347328211389e-008 -4.92070400793401e-009 
-8.34141128251121e+004 1.70084069290035e+005 4.50378748641894e+003 -1.47884102341226e+003 -4.53706869189672e+001 3.46583390951380e+000 2.90298351399606e-001 7.20967660165371e-005 -1.38095908795375e-003 -4.69789784585531e-005 5.35626209803963e-006 4.46458675207369e-007 -1.37797341030327e-008 
-3.13010909741777e+005 -2.54730262433997e+004 1.70199943263494e+004 4.15266834533981e+002 -7.19036336066340e+001 -3.29863367180925e+000 9.00147973437135e-002 1.81290756151174e-002 3.08841821952951e-004 -7.79256065972738e-005 -4.18452261321774e-006 2.66689636799791e-007 3.38891305725738e-008 
-1.67094435739117e+005 -1.72849415420797e+004 9.11761614265933e+003 2.55229772357919e+002 -3.80908379318525e+001 -1.85728003924630e+000 4.30971399572398e-002 9.81733758537219e-003 1.95052798715250e-004 -4.12542369347522e-005 -2.37397464895262e-006 1.35391913488666e-007 1.86259048055295e-008 
2.32676538245838e+005 1.30143313316610e+005 -1.43042399618870e+004 -1.36192672056688e+003 6.83889969030188e+001 5.83510762118507e+000 -1.99621786772696e-001 -2.01097499793709e-002 1.03539928106465e-003 6.99443704651290e-005 -7.71400742477044e-006 -2.71726406178681e-007 5.39059717210999e-008 
-2.28152802947457e+005 1.07618152068850e+005 1.37414039987825e+004 -9.90393599014668e+002 -8.16846527495495e+001 3.23794300119227e+000 3.00734691904485e-001 -1.16575239508449e-002 -1.02390143302373e-003 7.90007979396828e-005 3.71723730450163e-006 -5.77231391470356e-007 -1.45521722635182e-008 
-1.27696839250620e+005 5.55332357002308e+004 7.72145194206950e+003 -5.09316153355675e+002 -4.56521589692024e+001 1.63977771515921e+000 1.67077088050393e-001 -5.91161439510535e-003 -5.75803759528480e-004 4.13502594336031e-005 2.16898710114952e-006 -3.06987447686452e-007 -8.96587026184484e-009 
3.44295395279046e+005 -2.45201163765535e+004 -2.14115870983147e+004 2.90926695108453e+002 1.13377424881926e+002 -1.61279327254527e+000 -2.91208164540917e-001 6.67613296216058e-003 1.35981788837522e-004 -1.42646706977563e-005 4.07234434287889e-006 -6.86701042984258e-008 -2.78918196505291e-008 
4.81200252179251e+004 1.54562395507766e+005 -2.96497744759787e+003 -1.53010585391177e+003 2.09222805633841e+001 5.39164185717758e+000 -9.75413700539315e-002 -9.39093043028556e-003 3.17200714677919e-004 -2.52175029094843e-005 -1.49805945640189e-008 3.29666905089701e-007 -8.71014182391389e-009 
1.93339307548640e+004 8.39820036904007e+004 -1.18807183697110e+003 -8.34712086287231e+002 9.11241733342344e+000 2.95755303875799e+000 -4.71087342741956e-002 -5.23843108800522e-003 1.69138918329571e-004 -1.33065061471441e-005 -8.85949362137358e-008 1.79752892069254e-007 -4.16590323705106e-009 
1.53832213685880e+005 -1.55572697523492e+005 -9.13278254875047e+003 1.54130337742509e+003 2.96368038845042e+001 -5.65459276731237e+000 -3.07793232443966e-003 1.50423687364973e-002 1.21674904031251e-004 -4.62784539734631e-005 -2.72736338339990e-006 2.36031832071609e-007 1.96020148729634e-008 
2.84043954246193e+005 7.00712706890462e+004 -1.63816246851453e+004 -5.35439997677769e+002 8.79593023652332e+001 6.54989802979157e-001 -2.58753395707277e-001 3.94946627216719e-004 6.95912459541418e-004 2.06737858247685e-005 -2.77821368462935e-006 -2.14994038227726e-007 1.60450738217574e-008 
1.50403349305876e+005 4.07692534558712e+004 -8.69514919653200e+003 -3.19687494690735e+002 4.71405373038593e+001 4.66447113819187e-001 -1.40375625712904e-001 -7.63896959880109e-005 3.75398725473127e-004 1.20584969120012e-005 -1.45440900187363e-006 -1.20886216453389e-007 8.32075700276459e-009 
-1.05936066463346e+006 7.27309967484583e+003 1.61614441899253e+001 -2.62055451561859e-001 -1.50305756031693e-002 2.33260950154848e-003 4.42518002794046e-004 -4.00393026206597e-005 -1.44714800653568e-005 5.28395179748965e-007 4.65293551924866e-007 
-5.53383494828111e+005 -6.23436432350007e+003 2.30126925554781e+001 1.00918932518274e-001 -1.86799291946734e-002 -2.13375782771736e-003 2.90539663318100e-004 6.89639377786848e-005 -5.07459097857036e-006 -2.24995383427127e-006 5.04353201689519e-008 
-2.07346810861865e+005 -2.81477983866152e+003 9.52780862836021e+000 7.41324183974934e-002 -8.22010027204719e-003 -1.37839979960792e-003 1.09240013495809e-004 4.09881990664848e-005 -1.21090040748862e-006 -1.25574569490207e-006 -2.12698412505401e-008 
-1.04469522662350e+006 7.38990582651991e+003 1.33015602847423e+001 -1.39448875817557e-001 1.24143796951122e-002 -1.17289314524596e-003 1.63666180593737e-006 2.30036150574427e-005 -3.81662592537573e-006 1.33381598872321e-007 5.97383126061835e-008 
-5.65668008855106e+005 -6.05059268518590e+003 2.25392290370680e+001 -1.09990131273646e-001 1.86826244716943e-003 7.26859906510148e-004 -1.78403431104755e-004 1.54822177079375e-005 1.06968609202111e-006 -5.22094984654291e-007 6.19948498368951e-008 
-2.12899268220235e+005 -2.73771404849557e+003 9.50896102137493e+000 -4.76623047942695e-002 -5.15023784497581e-005 5.10111398863328e-004 -9.56132646690483e-005 5.88534134458296e-006 9.67117844678901e-007 -2.91705498188000e-007 2.69399112844780e-008 
-2.00192390594374e-005 2.50047572696843e-006 1.82770543317701e-007 -2.98160961200096e-007 -5.61233595269044e-010 1.75461377484158e-008 -1.52316275224588e-009 -5.93689924231235e-010 1.12714997916532e-010 1.47457020572600e-011 
4.05711157571786e-005 -3.61948952157705e-007 3.72901710206151e-007 2.49131778835709e-008 -3.50842553801832e-008 1.29922836910456e-009 1.51797822891288e-009 -1.93233105639450e-010 -4.48403892229008e-011 9.67904019889862e-012 
-1.80983366942917e-005 -6.22505517076251e-007 5.99807808803396e-008 2.06704170011023e-007 -1.17681076830995e-009 -4.61285391331764e-009 -8.99277885585530e-011 -5.36727682251879e-011 -2.22076069273659e-012 1.23919257456176e-012 
4.07711511189147e-005 -8.50820383237427e-008 -2.93981239100475e-007 4.36567567053838e-009 1.68467513763068e-008 1.13506757781818e-010 -1.40204589328334e-010 -5.94597133669982e-012 3.05846490995482e-013 -7.15559351097617e-013 
-1.59188049921344e-005 2.49554151848971e-006 -3.37583121964119e-007 -2.88629788089803e-007 2.05965528186563e-008 1.81783692807302e-008 1.54492618793248e-010 -6.96882613466238e-010 -3.96804565167374e-011 2.15410983098994e-011 
4.04351149759926e-005 3.94294682723836e-007 3.56699103203239e-007 -5.00189943301377e-008 -3.49182302402312e-008 8.76762155385894e-010 1.63989722516073e-009 6.48301680756134e-011 -5.51205455189050e-011 -3.87010345417587e-012 
-1.39629516721783e-005 7.08776255105207e-007 8.14966500309431e-007 7.60096274815679e-008 -8.42184155860904e-008 -2.33241812282945e-009 3.47379594794650e-009 -1.27366826943586e-012 -8.10560786805738e-011 -1.04742923559601e-012 
4.08477805166517e-005 -4.91642684492374e-007 -1.12442662352830e-007 1.39086827110772e-007 7.86505765763338e-009 -8.28151252699635e-009 -1.04556097388842e-010 2.45517369408004e-010 2.53749289541441e-013 -3.57410143596599e-012 
-1.46033224686932e-002 7.43271110939585e-004 -1.98495419592213e-004 3.68636781562530e-006 5.97098974763543e-006 -1.20391932299403e-006 -6.89244152625744e-008 4.11493332863664e-008 -1.60295137232304e-009 -8.71644685656853e-010 
3.82918858570599e-001 -2.90314092819863e-004 -2.55607605177022e-005 1.40130577269116e-005 -1.60976555281586e-006 -2.78088010327981e-007 9.11454470636069e-008 2.11005481083073e-011 -2.31944929721812e-009 1.89535885868965e-010 
4.61636709473809e+003 9.19147417772854e-001 1.95589055790957e-004 -2.91649558857171e-006 -5.79538604543260e-006 1.11292438253550e-006 6.76884313280022e-008 -3.82790249674142e-008 1.40912705163761e-009 8.15615623135272e-010 
-1.43164115838429e-002 -3.68327415468227e-004 -1.00739817291903e-004 1.97169902137692e-006 1.32893366040715e-006 6.71391633177832e-007 6.10337709662588e-009 -8.63241421396718e-009 -2.69426861364743e-010 -8.75127035282869e-011 
3.82398384251967e-001 -1.85334085964614e-004 3.58094018058051e-005 5.31597292385993e-006 1.00024771385152e-006 -2.15627852195978e-008 -3.63526232286835e-008 -6.77107733311271e-010 6.61319961484051e-011 9.86959040783815e-012 
4.61820657230954e+003 9.20237802515432e-001 9.26451504224996e-005 -3.66090174660476e-006 -1.22980632502464e-006 -6.07493248724513e-007 -5.22484644345806e-009 8.10955833504431e-009 2.40216105544940e-010 7.86648646107841e-011 
-1.51295951329590e-002 -1.47939649164322e-004 2.43650237972422e-004 3.92294454361857e-005 -5.94551556230973e-006 -1.66047779550738e-006 5.21622377046855e-008 4.42528095425705e-008 1.23095350409848e-009 -9.10378808546692e-010 
3.82515450318664e-001 3.27933907534284e-004 5.52882690088652e-005 -1.57019919072110e-005 -3.25014464336370e-006 2.42578069244249e-007 1.05895078250664e-007 3.02410155403827e-010 -2.40063393619758e-009 -1.30563919332865e-010 
4.62004706078487e+003 9.19966103038420e-001 -2.37215701342022e-004 -3.55767599308289e-005 5.75871972784539e-006 1.52628356970861e-006 -5.20452132778316e-008 -4.08273777690288e-008 -1.06178803212586e-009 8.41604264886418e-010 
-1.37049379263510e-002 1.27932892301560e-003 -7.32841869285034e-005 -4.95734083984338e-005 7.08869026269979e-006 1.03006132109189e-006 -2.64850664286227e-007 -1.40469536142588e-008 5.57191786149749e-009 1.25702719088666e-010 
3.82924071652098e-001 -6.10964052400355e-005 -9.85147987364877e-005 9.89330984619474e-006 2.81094470234708e-006 -5.57989990750461e-007 -4.76506883081508e-008 1.54036547330705e-008 5.16947930535374e-010 -2.56962980539120e-010 
4.62188536295284e+003 9.18624282505636e-001 7.54208815021274e-005 4.72950644544129e-005 -6.70067447088888e-006 -9.64340770344274e-007 2.45510603903947e-007 1.29631660294966e-008 -5.12167617511896e-009 -1.15898479594377e-010 
