4.11612872408737e+007 -1.16700610047879e+007 -1.41417512625652e+006 3.06077019311227e+004 7.35802291226715e+003 2.36781197758494e+002 -2.61861229910039e+001 -3.07825134573494e+000 -2.41643839904739e-002 1.99228789014389e-002 1.51182202377357e-003 -4.76419570991082e-005 -1.50256486288922e-005 -6.76048693765372e-007 
2.25212073288398e+007 1.28199982730662e+007 -7.97384350143221e+005 -9.37539876033747e+004 -1.12185053669138e+002 4.30402708314058e+002 2.61126166955752e+001 -1.01017200646566e+000 -2.37057049519267e-001 -8.52503200385098e-003 1.15818966457010e-003 1.43324320154990e-004 8.65850882659263e-007 -1.08053888776382e-006 
7.78172911844833e+006 8.05780713824373e+006 -2.79347372194226e+005 -5.32552519611502e+004 -8.22723998671071e+002 2.05368988838161e+002 1.66637052081947e+001 -2.20504978724809e-001 -1.24127867982319e-001 -6.61931420051045e-003 4.61965730876837e-004 8.15008164367739e-005 2.02011147526556e-006 -5.07129416765980e-007 
9.10958774336351e+006 -1.94908240425340e+007 -3.56190624145298e+005 1.31463561979637e+005 1.73232505102608e+003 -7.49256043090390e+002 -9.53926893179966e+000 5.39803484372379e+000 6.14956423194484e-002 -4.44537573693048e-002 -4.20129365990438e-004 3.95691343347370e-004 2.85198513893391e-006 -3.72579202711084e-006 
3.87032048680005e+007 2.67729986814190e+006 -1.60047592678701e+006 -1.64621403574727e+004 8.65138824264739e+003 7.73833515876466e+001 -5.57368736916826e+001 -4.31926211711863e-001 4.32804306326599e-001 2.53162534412113e-003 -3.71470387809493e-003 -1.34500720119839e-005 3.38555323657975e-005 4.10687401805564e-008 
1.97481146299505e+007 3.45047111874091e+006 -8.18028520347747e+005 -2.24225154200935e+004 4.44187337097369e+003 1.19011453100465e+002 -2.87849971390657e+001 -7.90335080008163e-001 2.24823174653815e-001 5.96081880207834e-003 -1.94078988639107e-003 -4.82059134177651e-005 1.77895048329659e-005 4.08194416516568e-007 
-2.80617318057917e+007 -1.65615998027185e+007 9.69351865403149e+005 6.73664227481540e+004 -6.81397372979465e+003 5.91911684900229e+001 3.28901969861865e+001 -2.48713719861089e+000 -4.72755214777034e-002 2.02970706505301e-002 -1.07887215583718e-003 -7.40568067885347e-005 1.35407246753566e-005 -4.11725300419674e-007 
3.21132074266033e+007 -8.84497106764562e+006 -1.10885203022487e+006 7.91300730355797e+004 1.58152763460776e+003 -4.44498035140472e+002 1.89533953218264e+001 1.44380270848251e+000 -2.19058061918313e-001 5.09442828275508e-003 1.21311649054534e-003 -1.23842917458820e-004 -3.73701909780994e-007 9.94847645123243e-007 
2.00807270539859e+007 -3.00825184384414e+006 -6.92826546286126e+005 3.52864828236338e+004 1.55122714978017e+003 -2.43581395915884e+002 6.71497940665009e+000 1.02909874071099e+000 -1.12116997501800e-001 6.17208397500123e-004 7.59876366690971e-004 -5.84779164088737e-005 -1.60337629260195e-006 5.74117917818236e-007 
-5.20108376801947e+007 -7.16773774685853e+006 1.24197127144558e+006 -1.05565570411734e+004 -2.55200992002335e+003 2.05859877245188e+002 -7.96343977236787e+000 -1.57606767064510e-001 4.86789186201862e-002 -3.72048914903403e-003 1.11248496935019e-004 8.09126545942436e-006 -1.34948512040620e-006 8.83559010646132e-008 
8.53332452109713e+006 -1.39794307185803e+007 -2.09534622815505e+005 6.12205051533909e+004 -2.34069773439061e+003 -2.65577258945112e+000 8.77447858364183e+000 -7.44707113830674e-001 2.78880317274377e-002 8.93728815023139e-004 -2.18007682869842e-004 1.61603368757676e-005 -4.26032045383031e-007 -4.34763308303096e-008 
9.96682168297121e+006 -6.72486829621814e+006 -2.40684816188017e+005 3.37975932259133e+004 -9.85807053930437e+002 -2.27598923458022e+001 5.51277192414092e+000 -3.81474065407041e-001 9.85095241850549e-003 8.63116262149172e-004 -1.27989869389598e-004 7.79383354639874e-006 -8.76815829372408e-008 -3.23842307909662e-008 
7.09476934687265e+007 -1.81515083111967e+007 -8.90373003067238e+005 3.74044408408482e+004 9.76549304116626e+002 -2.19472768671847e+001 -4.84220697769767e-001 4.63604627322092e-003 1.96019125785689e-004 -4.21504446787364e-007 
7.48891040034136e+007 1.39673923926787e+007 -9.45812561940967e+005 -2.99799826550551e+004 9.59411760415967e+002 2.07019627589889e+001 -3.50327695770848e-001 -8.31200749812786e-003 3.24671834901840e-005 -2.55825424705633e-006 
2.92129557700641e+007 7.43289216584545e+006 -3.69220690051980e+005 -1.58558537424344e+004 3.69887239900642e+002 1.07030807955079e+001 -1.26934734484369e-001 -4.02825913087839e-003 -1.19754769632799e-006 -1.31868004717705e-006 
2.91061462275790e+007 -2.32506528405887e+007 -3.64152592319834e+005 4.89420860977318e+004 4.35242800255197e+002 -3.13715712324822e+001 -2.76244179746824e-001 1.00906258577152e-002 1.52515484546808e-004 -2.18556779376561e-006 
9.43209962688355e+007 5.25092861678207e+006 -1.20149558741310e+006 -1.18504398515577e+004 1.27133230208659e+003 9.67986946799093e+000 -5.56155599692510e-001 -5.70116756006763e-003 1.42614241803425e-004 3.07825463712994e-006 
4.06034021002564e+007 3.83365881758339e+006 -5.17558038593171e+005 -8.42869492264488e+003 5.44482247938979e+002 6.34027962819394e+000 -2.32756475824340e-001 -3.20316800167524e-003 5.44211174988487e-005 1.53614413834275e-006 
1.44111847519891e+008 -5.70946395733276e+006 -6.83784043775094e+005 3.74021444554993e+003 2.78110981138005e+002 -1.32337607282809e-001 -4.72909001924206e-002 -6.62857892667701e-004 6.96805193506565e-006 8.03451497827485e-006 -4.21940503466073e-007 8.06108183277858e-008 -2.39841880159121e-008 
3.58344988029403e+007 1.81260888990213e+007 -1.70174779638310e+005 -1.45497883954984e+004 4.25932061124824e+001 3.62833506702867e+000 8.47744792192146e-003 -5.10755009460164e-004 2.48799356451489e-005 3.31679177904240e-007 -1.86342725530900e-007 -6.89662185771434e-010 -2.33622693978782e-008 
1.55081299017105e+007 7.85781467713760e+006 -7.37688430563598e+004 -6.30747631461739e+003 1.84604662560379e+001 1.57309757453209e+000 3.80337208369732e-003 -2.32465278609381e-004 5.00461553398441e-006 6.88830179020706e-007 -5.81545489859827e-009 -4.47255314854673e-009 -7.98739208063599e-009 
1.27417774210783e+008 -1.09251835868754e+007 -6.12501522862636e+005 8.10321776055548e+003 2.63294922549436e+002 -1.36581147704016e+000 -5.44851538874855e-002 -6.81724873555962e-004 -9.23419738426501e-007 3.60310315595868e-005 2.49125372856340e-006 -2.21825388014792e-006 -3.45160945331836e-007 
7.01842331102837e+007 1.60834533771884e+007 -3.38263582564123e+005 -1.32806627682926e+004 1.16235454393339e+002 3.67886342353771e+000 -7.30055140754128e-003 -8.03448710472315e-004 8.63190492950895e-005 1.58257107596826e-005 -4.93491906041002e-006 -1.42038237807797e-006 2.37740803389834e-007 
3.03990595730938e+007 6.97234017640403e+006 -1.46637224218878e+005 -5.75733529009776e+003 5.03867537565080e+001 1.59524111686539e+000 -3.06117442183510e-003 -3.87117265746400e-004 2.78637684399925e-005 9.31376581471133e-006 -1.37904316075689e-006 -7.31595993461593e-007 4.19882206775617e-008 
-1.91099282350004e+008 -1.98505494586369e+007 7.95607381453973e+005 1.24054166056493e+004 -2.32658204177336e+002 5.18110136227629e-001 -2.28470450966357e-002 -5.34197746050789e-004 1.06790410231266e-005 -4.47133438873717e-006 -3.68742030922588e-007 
1.40186461960050e+008 -2.11471834255297e+007 -5.81770795298235e+005 1.55946390545304e+004 1.08829904026957e+002 -1.23372478880376e+000 3.59933200827511e-002 -7.25043204728341e-004 -1.14938014131552e-005 5.55110901513022e-007 9.98895626428440e-007 
6.94443139517825e+007 -9.16416863212166e+006 -2.88324099841857e+005 6.81795800975087e+003 5.62004893390660e+001 -5.79879236099993e-001 1.71209757999955e-002 -3.13005056047993e-004 -4.61907814002249e-006 2.28626604702902e-008 3.62033789194619e-007 
-7.43313403926895e+008 -7.25081179991338e+006 8.94703382909465e+004 1.15819385632183e+002 -8.54870636480431e-001 2.46682596184066e-004 1.90796372892739e-007 3.05420530181302e-007 
2.82540132838446e+008 -1.45703726168598e+007 -3.39739562574779e+004 3.03596829883803e+002 1.52057787795087e-001 -1.38867373610362e-003 2.95652844334332e-006 -8.03432894318875e-009 
1.39188831999113e+008 -6.06871496080834e+006 -1.67402413714372e+004 1.27310927202446e+002 8.59936871941630e-002 -6.01548816221555e-004 1.23479949163661e-006 1.96052171320248e-008 
-6.10032817197614e+008 1.14599360752180e+007 1.15604834787525e+004 -3.74934896695427e+001 -9.62905359149782e-003 2.29239836805154e-005 6.74580418396742e-008 
-1.27125346209619e+009 -4.89235054493872e+006 2.40946021205234e+004 1.28227357300655e+001 -3.47951485772323e-002 2.80507470442930e-006 6.84585992255884e-008 
-4.98829971822116e+008 -2.51418202790595e+006 9.45450157500283e+003 6.91066634380381e+000 -1.39617445663284e-002 1.80059399169355e-007 1.65137989435815e-008 
2.83790801030491e+009 -3.02979810277229e+006 -6.74027098461333e+003 9.65250964615535e-001 1.22475202906327e-003 -8.07532813216497e-009 
8.75968818085312e+008 7.76815377370418e+006 -2.08058506506885e+003 -3.14574524721029e+000 2.08540031574756e-004 2.14100942500136e-007 
3.43513148879963e+008 3.44509431544606e+006 -8.15935969042862e+002 -1.39142657922084e+000 7.40336901393851e-005 9.41302377575158e-008 
4.16921460408284e+009 2.70850632728648e+006 -2.93824502542710e+003 -3.37517959016723e-001 1.74711832444330e-004 9.93197256550139e-009 
-1.48500792512894e+009 6.53569526181025e+006 1.04675965090850e+003 -7.60438030392501e-001 -7.12855814881974e-005 3.16660931793895e-008 
-7.11619518682860e+008 2.60766466858856e+006 5.01598616214081e+002 -3.02835515864184e-001 -3.35223477865072e-005 1.31751181881670e-008 
1.24161557666907e+009 7.42327095554097e+006 -6.57198721001889e+002 -5.57386192045564e-001 1.69373248735081e-004 -4.58608111729202e-009 
-4.43701614155781e+009 1.18979928749621e+006 2.34840291926597e+003 -4.53644060819054e-001 -6.68557610873443e-005 5.66827533310275e-008 
-1.75875081116834e+009 -1.86531581898243e+006 9.30858611325231e+002 2.63578047258751e-002 -7.24115922373985e-005 1.96194059064343e-008 
8.52059509234124e+004 -1.66433662277641e+005 -5.06606312140366e+003 1.66054725046920e+003 -1.51449657135122e+001 -5.21707829089915e+000 4.03205089229183e-001 -6.47366712935918e-003 -2.15071293505862e-003 2.13436727686981e-004 -2.28829957157202e-006 -1.31798192043984e-006 1.27552875327635e-007 
3.27660124386606e+005 5.18524548768074e+004 -1.93073538314853e+004 -1.94290662871961e+002 1.00541428914418e+002 -3.38256745654968e+000 -1.50046262085705e-001 3.18726655459802e-002 -1.69865225132440e-003 -8.15639269778374e-005 1.80594584604055e-005 -9.08576989540367e-007 -5.65341483449925e-008 
1.07469830324411e+005 1.67784339059210e+004 -6.33087004346734e+003 -6.17934766230728e+001 3.28901250920636e+001 -1.11371945640292e+000 -4.85505294292208e-002 1.04288323841098e-002 -5.59089974520033e-004 -2.64363634539631e-005 5.91109855345390e-006 -2.99231227830219e-007 -1.83506065747006e-008 
-2.31443169916030e+005 -1.36500107630963e+005 1.13247483276213e+004 9.81049404657125e+002 -5.41403308768088e+001 -2.71726251421976e-001 3.01814890332512e-002 -6.67094662667949e-003 6.21960677286812e-004 -1.50281523270885e-005 -1.04432332240611e-006 1.41279662353454e-007 -1.13010512408171e-008 
2.85278658669881e+005 -8.99559493446488e+004 -1.42979636712417e+004 8.68441384897366e+002 3.75506209362232e+001 -2.13484391954123e+000 8.04985946230471e-002 -4.97390658018653e-003 -1.63370047250056e-004 3.64166783049148e-005 -2.10363585996669e-006 6.49297278529464e-008 2.73753861281734e-009 
9.31810649962407e+004 -2.96523261843385e+004 -4.67371898123039e+003 2.85299466824746e+002 1.22401856308131e+001 -6.97493517243189e-001 2.64279367685794e-002 -1.64003927998857e-003 -5.27839237049767e-005 1.19062936351807e-005 -6.90076531767866e-007 2.14544286377843e-008 8.81672364751322e-010 
-3.87181654607961e+005 -1.38728169568049e+004 1.77551284682334e+004 7.99135180051122e+001 -5.84167892509333e+001 -1.52732709060098e-001 2.15429457247701e-002 2.52872075148309e-003 -2.60449142630395e-005 -1.35285425590933e-005 5.04723496392041e-007 2.64766377010376e-008 5.59223296720600e-010 
2.93381237179467e+004 -1.55242452661649e+005 -1.47131195098287e+003 1.18557106502191e+003 3.30408685186880e+000 -1.70033198772053e+000 -2.02274597186245e-002 -4.45348776330557e-004 2.05207868853479e-004 -6.70482613510689e-006 -6.16360130093469e-007 1.41578072132206e-008 1.24885463392862e-009 
9.07229686888918e+003 -5.09332304258276e+004 -4.66728091206497e+002 3.88519959267335e+002 1.05843303547806e+000 -5.55511624329369e-001 -6.66853513965953e-003 -1.46380401939747e-004 6.72110508747632e-005 -2.20887103293592e-006 -2.01465939330771e-007 4.64338683636693e-009 4.09980420377640e-010 
-2.81043477229260e+005 1.16163063519202e+005 1.31489758268008e+004 -8.32686560293140e+002 -5.22828324651501e+001 8.61149199467474e-001 4.69079028417613e-002 -3.37912041608954e-004 4.63301780005985e-005 1.74305703888499e-005 4.08229428656490e-007 -4.85129653546889e-008 -1.50847401688409e-009 
-2.49031577437522e+005 -1.11943520539619e+005 1.18767529410991e+004 9.44984744922044e+002 -3.41331003349871e+001 -1.93312913050640e+000 2.21590335491391e-003 -5.64244148711782e-005 -1.51122939427329e-004 -9.83879325450255e-007 1.07037694118174e-006 3.30023668889368e-008 -1.32296327617967e-009 
-8.21495460210036e+004 -3.66248355561429e+004 3.90611799363564e+003 3.09498574201066e+002 -1.11883404663024e+001 -6.33268776941385e-001 6.26149928450174e-004 -2.22851749539141e-005 -4.95448215729421e-005 -3.08835606036607e-007 3.51444798611649e-007 1.08183083756682e-008 -4.32789708210491e-010 
1.59202829933980e+004 1.68894140082174e+005 -1.08084613921117e+003 -1.46290859268085e+003 -2.12350280651052e+001 2.60542570700783e+000 1.44063345745027e-001 8.71787450937178e-003 2.17088595994899e-004 -3.78683143508664e-005 -4.22908469633277e-006 -1.70624530247713e-007 2.81237048917636e-009 
-3.50494329007056e+005 1.61920367817319e+004 1.86539063802982e+004 8.49801103172347e+001 -7.41114435771510e+001 -2.13281018573634e+000 -2.58659830932771e-003 4.46754414334417e-003 7.39753899085662e-004 4.55435995487028e-005 -1.74826083477866e-007 -2.11777908799485e-007 -1.82562242216775e-008 
-1.15175474657318e+005 5.46826395641878e+003 6.12427110971466e+003 2.75029196795203e+001 -2.43152480854428e+001 -7.01801019112127e-001 -9.48651595228760e-004 1.47322768171398e-003 2.43422998354359e-004 1.49613939604224e-005 -5.84042687841657e-008 -6.96636666272252e-008 -6.00361432787643e-009 
2.89003279300245e+005 8.98062277647213e+004 -1.81467187151576e+004 -1.12983557237455e+003 7.91943524774652e+001 7.24261429502512e+000 3.86538137287675e-002 -3.57854434545385e-002 -2.83672909037119e-003 5.96743138625124e-005 2.49595302032221e-005 1.26678222928374e-006 -1.04295641207529e-007 
-1.81755148375188e+005 1.46537557071874e+005 1.14032985407235e+004 -1.34150394996509e+003 -8.95380129489719e+001 2.69174042458207e+000 5.07058771939442e-001 2.00545212693976e-002 -1.88513433005643e-003 -2.74335109823644e-004 -4.75735528510161e-006 1.73858579914428e-006 1.58556162302638e-007 
-5.94859408199914e+004 4.82446438754670e+004 3.73941514266783e+003 -4.40851911705350e+002 -2.94113066941697e+001 8.83571596829243e-001 1.66704233020435e-001 6.59028813080889e-003 -6.20460718876851e-004 -9.01867308012433e-005 -1.55787218034563e-006 5.71968863908920e-007 5.21052514489131e-008 
3.01876587937732e+005 -7.88578707921905e+004 -2.03365787727270e+004 9.15859229904005e+002 1.32520181677404e+002 -5.62099841779488e+000 -7.38322142880585e-001 3.94597925790827e-002 5.45549109228780e-003 -3.29826900409181e-004 -4.65247231930155e-005 3.02281605272118e-006 4.22928368893113e-007 
1.39862757189634e+005 1.57514989955225e+005 -9.35402511351255e+003 -1.70534769312195e+003 6.82857436648282e+001 9.12097343069718e+000 -4.34072266056309e-001 -5.85765884483102e-002 3.37580939157852e-003 4.73233292489295e-004 -2.97370127770524e-005 -4.18956444394555e-006 2.80147412138082e-007 
4.63210195184716e+004 5.17905583174958e+004 -3.08120022092097e+003 -5.60332458731202e+002 2.24359646810180e+001 2.99570304709492e+000 -1.42757585630170e-001 -1.92441398262081e-002 1.11111874591680e-003 1.55491765487838e-004 -9.78927112302189e-006 -1.37658448759266e-006 9.22257997929833e-008 
3.37402420097819e+004 -1.73717107807652e+005 -2.00033056301203e+003 1.70815759371556e+003 -3.05485837056074e+001 -5.41842941725694e+000 4.70836349708963e-001 -3.79553218125643e-003 -2.91422780827197e-003 2.25064244665186e-004 5.06365801939244e-006 -2.03291305638122e-006 1.09019571988824e-007 
3.34246253795707e+005 2.80680039958677e+004 -1.98567996484057e+004 3.24559385448956e+001 1.02263913562540e+002 -4.24742957079565e+000 -1.73676416241626e-001 3.82695071891682e-002 -1.56875246295402e-003 -1.58081724532532e-004 2.21555351404146e-005 -4.18818377881134e-007 -1.40289353145681e-007 
1.10197371412178e+005 9.19326446654952e+003 -6.53329440311072e+003 1.03950405394409e+001 3.35729914355800e+001 -1.39545001787977e+000 -5.68308112541315e-002 1.25774183704744e-002 -5.16624327424662e-004 -5.18999416343872e-005 7.28509067934898e-006 -1.38313745356477e-007 -4.60900740685123e-008 
5.43062656399677e+005 1.97849960007873e+003 -1.71578892977019e+001 -2.33460151708740e-001 -2.03645209973120e-002 1.56631821436501e-003 4.90698259048917e-004 -8.96968353937198e-006 -1.43225713365685e-005 -6.07541185521958e-007 3.88987663245113e-007 
1.24281535805245e+005 7.20281079532442e+003 1.03352190604308e+001 1.69305444006322e-001 -1.54555160772580e-002 -2.54811840682050e-003 1.55487032591599e-004 7.41836326657067e-005 4.11956406074573e-007 -2.11407324929452e-006 -1.48660980998392e-007 
2.81225668658004e+004 3.05820037118336e+003 4.94793454887185e+000 1.01957063301223e-001 -6.11276727576205e-003 -1.51596679725975e-003 3.21818739525355e-005 4.05553886716033e-005 1.70486559878934e-006 -1.06495531636191e-006 -1.19754711291080e-007 
5.46872234248506e+005 1.82845507076695e+003 -2.02322049702100e+001 -1.87147286898331e-001 1.11668231708213e-002 -1.11722230911575e-003 -4.96987424455324e-005 3.13895029356758e-005 -3.89884171273823e-006 -7.40382932835057e-008 1.02982411144214e-007 
1.38772562355087e+005 7.28841206027366e+003 1.06170423726165e+001 -6.75267615299270e-002 -3.20928586095599e-004 9.82119917790892e-004 -2.03429470860333e-004 1.14390272545010e-005 2.52094791650791e-006 -6.59389421917603e-007 4.87167927167157e-008 
3.42805904845748e+004 3.10007963397705e+003 5.27296779062155e+000 -2.76581082457184e-002 -1.15194034098225e-003 6.47102545533155e-004 -1.03589853690256e-004 2.85407712916026e-006 1.75090819320953e-006 -3.43268549903455e-007 1.53281294375306e-008 
-2.49700892234485e-006 -1.84892822097683e-007 -2.95538464463783e-007 -1.41613848694328e-007 3.16149308083804e-008 2.17603379532368e-009 -9.94084209403742e-010 2.21839788809805e-010 -4.67770404730519e-011 -6.91256040356647e-012 
-4.25847577310703e-005 7.22904268341202e-009 1.97408329398321e-007 -4.40408942058647e-008 -1.12304806211082e-008 3.24902178354919e-009 -2.85708962987967e-010 -5.97652606804007e-011 4.08167614856416e-011 -4.06490614693093e-012 
-5.27492101081887e-006 -1.99102012350553e-006 3.22298606915545e-007 1.12754363807435e-007 -1.52423712441811e-008 -3.40572475318009e-009 1.56510503555648e-010 5.13233966309775e-011 -3.93649968056073e-012 -3.01307058622517e-012 
-4.27493600722045e-005 -5.03244016919223e-007 -1.62108283167047e-007 3.39519641734451e-008 9.13521550754637e-009 -7.10055336198218e-010 -1.36483516665113e-010 -2.21559076965567e-011 -3.56721694134117e-012 2.50779234383365e-012 
-6.84850998134262e-006 -2.76643253790208e-007 -4.29926525928846e-007 -1.29633541217565e-007 3.23433410022104e-008 9.84068478820508e-009 1.31799125006738e-010 -2.50589154216635e-010 -6.95625527757947e-011 -8.85505437766118e-012 
-4.34612700999220e-005 8.35177014079148e-008 1.23119286540836e-007 -6.73565756658660e-008 -1.73533412191053e-008 1.60801802854658e-009 9.05279504683216e-010 1.18264530737908e-010 -1.84437435457246e-011 -9.78034552720702e-012 
-8.33073322434391e-006 -2.21771313331479e-008 6.09169566072970e-007 -1.29496580940105e-007 -6.20160486931130e-008 1.45533169913428e-008 2.76417733378997e-009 -1.09868602501155e-009 -7.03527092013411e-011 5.96830926408938e-011 
-4.41325899070026e-005 -8.04490497401330e-007 9.97350438665323e-008 9.80855779732607e-008 -1.77435523696694e-008 -6.25674920025563e-009 1.50297137561032e-009 2.29655264165644e-010 -8.21041379479301e-011 -5.84402054876423e-012 
-6.81426988710148e-004 5.91079198350758e-004 1.24676962782664e-004 -5.04655728010709e-005 2.37217402395290e-007 1.21144084949925e-006 -1.12712839597582e-007 -7.08328246138531e-009 2.32333896678763e-009 -3.75862752557920e-010 
4.36221373665982e-001 2.43854336846451e-004 -1.01342429930319e-004 -5.22450079260419e-006 3.59030841116190e-006 -1.82277516087905e-007 -5.45976640107826e-008 8.00850797247365e-009 -3.86789623046782e-010 -5.38504472402096e-011 
3.88780600467145e+003 9.19357812900220e-001 -9.53690808680153e-005 4.50500620369429e-005 -4.55667541361216e-007 -1.07194069267939e-006 1.00184638408257e-007 6.28553942161930e-009 -2.01124170859252e-009 3.27509785782770e-010 
2.18690123813612e-004 8.95564964588494e-005 -1.41690551793801e-004 3.05288271528305e-006 2.12088169127555e-007 -5.59839669221684e-007 4.34662382196743e-008 1.08045303683253e-008 -4.82918147237538e-010 -1.09754521019301e-010 
4.36090226294488e-001 -2.95325365184989e-004 -1.62483266495998e-005 6.20474456264394e-006 -1.02587376863347e-006 8.93099780183445e-008 3.68968198735678e-008 -2.25946231780907e-009 -4.70176019620202e-010 1.76161760074646e-011 
3.88964506267465e+003 9.19881970117423e-001 1.25973152494789e-004 -4.76384782218077e-006 -1.50745416263876e-007 5.18769426640171e-007 -3.97208756553096e-008 -9.86535505158090e-009 4.44511460723193e-010 1.01784889445847e-010 
-7.31603351229227e-004 -1.03963001753154e-003 -1.26505417235578e-004 1.81263333343337e-005 6.59624120181090e-006 5.71251751855420e-007 -1.32496450143614e-007 -2.88628509264460e-008 -9.71375130773551e-010 4.22418243161633e-010 
4.35582023726831e-001 -1.44147328627127e-004 7.05131327889039e-005 1.31742330700819e-005 6.14242806583811e-008 -4.49598624755033e-007 -6.37617006919661e-008 3.76471051798344e-009 1.71593474561181e-009 1.99382524072418e-010 
3.89148577254722e+003 9.20816110996563e-001 9.87101236750152e-005 -1.61292351554866e-005 -5.69314007973962e-006 -4.94476281769967e-007 1.20585700764610e-007 2.55829271029269e-008 7.49990450251998e-010 -3.88310006469618e-010 
-2.36919760377067e-003 -2.10113833695968e-004 2.87419790853993e-004 -1.07111144812558e-005 -1.11027142302355e-005 8.92449953071395e-007 2.99841279455516e-007 -4.90600693230601e-008 -5.64875641319095e-009 2.09163591039372e-009 
4.35928535100408e-001 4.20203412560977e-004 -1.29517249402355e-005 -2.51350254142174e-005 1.45409111593268e-006 7.82618768882390e-007 -9.11744357552732e-008 -1.81328317370580e-008 4.32259332903934e-009 2.33611227262596e-010 
3.89332694494674e+003 9.20029209796019e-001 -2.48648540846718e-004 1.21175593450973e-005 9.68044644994806e-006 -8.44755222519225e-007 -2.60083272016460e-007 4.45540600515635e-008 4.73848365125338e-009 -1.86953151839248e-009 
