-4.94175479809836e+007 7.68820626272303e+006 6.67992999821277e+005 -2.75872066320043e+004 1.75050820089444e+002 1.95335429161361e+000 -1.00427141304109e+000 5.78273486246792e-002 -2.81410368839881e-003 9.93110091035747e-005 -1.99592189331146e-006 -5.62407795753584e-008 9.51304154761395e-009 -6.64798819191382e-010 
-3.99198364640563e+007 -1.01197497250356e+007 5.48409758164143e+005 1.44841597766218e+004 -7.07356417553783e+002 2.95085523089960e+001 -1.07502973062402e+000 1.93710382043101e-002 2.96114786744410e-004 -7.42732643089636e-005 5.08469027083074e-006 -2.62365934276468e-007 9.98748851011344e-009 -2.29803138497958e-010 
-1.63025716840608e+007 -6.20290395088386e+006 2.23685410941196e+005 1.05975420882082e+004 -3.96002082076602e+002 1.55601760262185e+001 -4.70124933070951e-001 4.35156528386710e-003 4.49968573045024e-004 -4.99722348415625e-005 2.92303378408582e-006 -1.34319150848108e-007 4.34880640152802e-009 -5.38132652224121e-011 
-2.97139974068831e+007 1.17521582355896e+007 3.51942903191248e+005 -2.53793660351587e+004 6.35683271261051e+001 -1.01668948897779e+001 -2.22020906188293e-001 9.34815832409207e-003 -6.32753572770700e-004 3.08420971803082e-005 -9.11093308637179e-007 3.79762449466249e-008 -3.97028351067809e-010 1.95123349702544e-012 
-5.53330818601588e+007 -5.19297147388454e+006 6.69750404688325e+005 6.66825874942352e+003 -3.32513948628938e+002 9.79129789971055e+000 -6.18900616602275e-001 9.44493891597372e-003 -5.22897345825295e-004 -1.72191748854981e-006 1.75963835164216e-007 -2.92330610340817e-008 1.48492779306347e-009 -6.40081751631967e-011 
-2.65789754704048e+007 -3.99251300364412e+006 3.21273249142144e+005 6.19356346039469e+003 -1.84211837856875e+002 6.28440850933376e+000 -3.07581317720011e-001 4.07588092095390e-003 -2.13722649022101e-004 -4.11805896492730e-006 1.88507654007054e-007 -1.95516366248346e-008 8.34269139378405e-010 -3.43874052412542e-011 
-4.35752727899531e+006 1.33497622525906e+007 4.60140148908072e+004 -2.62193851864093e+004 -1.79994570726135e+002 -1.37921236631102e+001 -1.09338247206232e-001 2.85313148477473e-003 1.90636077504688e-004 2.48356758946801e-005 6.36253057930888e-007 4.25769181105670e-008 8.34749260417365e-010 3.37725571435064e-011 
-6.01647732799066e+007 4.04609941030398e+005 7.21858631072243e+005 2.16286687697525e+003 -2.73788911205531e+002 -3.83279984771096e+000 -5.98281758623472e-001 -8.52808472243954e-003 -6.36299661410060e-004 -6.85285340375916e-006 -1.87423070322363e-007 8.16837771732173e-009 8.94398629433358e-010 3.78195371113273e-011 
-3.17890922507141e+007 -1.16806420725033e+006 3.80829413626237e+005 3.87398709908962e+003 -1.27589345394402e+002 -6.17442777738001e-001 -3.08257603884522e-001 -4.85153316263002e-003 -3.59638444665876e-004 -6.23287394734400e-006 -1.65976529312314e-007 -5.52797800344085e-011 3.90138202324989e-010 1.66127681116255e-011 
2.16649485740906e+007 1.23887245642012e+007 -2.95330540771051e+005 -3.13959213338550e+004 -4.67559727937655e+002 -1.36592478808711e+001 2.51095041815990e-001 3.27713188628916e-002 2.14117516920561e-003 1.04424264782304e-004 3.77449298549386e-006 9.20824689762813e-008 -1.03288473074567e-009 -2.82673919006185e-010 
-5.35584479441451e+007 6.19734931284807e+006 7.16144115350668e+005 -3.73690789760004e+003 -5.26308043063866e+002 -2.35999011644873e+001 -1.15981414460646e+000 -3.23513142055365e-002 -7.24875320067452e-004 1.92042136112792e-005 2.69163996424832e-006 1.85802136125874e-007 9.20646600983741e-009 3.51350168265975e-010 
-3.09583369648897e+007 2.02593331009337e+006 4.13169964633450e+005 1.25916624211891e+003 -2.32665792764875e+002 -1.11903801678559e+001 -6.45568162323683e-001 -2.06777191767539e-002 -6.09229604205113e-004 -5.80613538354005e-007 1.04593350684023e-006 8.97735305601158e-008 5.03318898038846e-009 2.16829750749856e-010 
-5.29932679394725e+006 2.38646866446378e+007 6.07819405204790e+004 -4.92420854838773e+004 -2.30255793450261e+001 2.91146226914885e+001 -5.44571541752830e-002 -6.61980545791220e-003 6.25227544464914e-005 -2.68835881663482e-007 
-9.74002235256014e+007 -5.37412678878982e+005 1.21782343901902e+006 4.61434183385377e+002 -1.23574194814718e+003 1.29046998058716e+000 4.55511845244351e-001 -2.11382501739783e-003 -4.82283316497108e-005 1.32154868362462e-006 
-4.35250912251226e+007 -1.75209402754877e+006 5.44074673426520e+005 3.32365259116253e+003 -5.54527878995854e+002 -1.26168483694294e+000 2.08385514514788e-001 -5.31650614397460e-004 -2.56084773541100e-005 6.14679221561719e-007 
4.10693828589715e+007 2.20245550053528e+007 -5.13510708748174e+005 -4.50823036032597e+004 5.32288521750235e+002 2.57936238259472e+001 -2.14610622578473e-001 -4.95615338734832e-003 3.79626974125299e-005 -6.27620634730130e-007 
-8.89485331289613e+007 8.89691157464556e+006 1.10744376953446e+006 -1.85327399573480e+004 -1.10614365699279e+003 1.13752130569485e+001 3.80517360383822e-001 -3.07980004702812e-003 -1.65243168194873e-005 5.42126895853484e-007 
-4.26570235698276e+007 2.60902371690163e+006 5.30754014560374e+005 -5.48542061616553e+003 -5.31356712282463e+002 3.48597696803802e+000 1.84787550392235e-001 -1.07666359202987e-003 -1.06353541828172e-005 2.92669644487623e-007 
-8.44032247998187e+007 1.67108918534891e+007 3.85737708550888e+005 -1.30898377614086e+004 -1.26084789633094e+002 2.96297734517948e+000 3.86271731550780e-003 -4.38310260495526e-004 2.37442846214813e-005 5.90333486428963e-006 7.85598359640755e-007 7.65817327966466e-008 -5.79265687109960e-008 
-1.14133774103756e+008 -1.05867280530080e+007 5.26625046021187e+005 7.64881621123311e+003 -2.03823481631371e+002 -1.17120619372527e+000 2.75431734347950e-002 -8.10175507939378e-005 5.32072501713420e-005 4.17338398273748e-006 -3.03530623709295e-007 -3.04287511758515e-007 -9.17253908354299e-008 
-4.94822645851860e+007 -4.58954611944005e+006 2.28304715466098e+005 3.31598222687836e+003 -8.83622513369608e+001 -5.07662943857114e-001 1.20600475590280e-002 -4.31201814676340e-005 1.68784821951106e-005 1.61219720730882e-006 -3.07280617352908e-008 -1.00435719444066e-007 -3.23123720075251e-008 
-4.84141781443242e+007 1.91387128482282e+007 2.18522280539745e+005 -1.46297855093472e+004 -6.62631833724079e+001 3.00269862380410e+000 -1.74689359029222e-003 -1.69634224668603e-004 6.21750482358499e-005 -4.83566919582514e-006 -1.47981072160274e-006 4.38590893882273e-007 -4.53362276589716e-008 
-1.30843733529044e+008 -6.06356820283915e+006 5.98188721693748e+005 4.23659857356730e+003 -2.20609569958906e+002 -5.26777268207844e-001 2.43626470799137e-002 2.29914626744850e-004 2.58167560556784e-005 -1.70152035640068e-005 1.12536599691685e-006 3.59657477533568e-007 -1.22471934203841e-007 
-5.67263213757748e+007 -2.62864482055161e+006 2.59329803414206e+005 1.83671189035814e+003 -9.56396534794814e+001 -2.28009342078770e-001 1.05762147078784e-002 6.30178192866267e-005 1.24292320444164e-005 -5.68123921318971e-006 2.60690408774197e-007 1.31021947238192e-007 -4.05420783168224e-008 
2.05663619821223e+008 2.84778141449566e+006 -1.46110043931942e+006 6.00947829051232e+002 1.08643027575513e+003 -6.73348627581574e+000 -6.67513855841177e-001 1.03696401452424e-002 4.39272128998028e-004 -1.24000747638933e-005 -2.65498944399392e-007 
-6.22628003925697e+006 3.29211876520403e+007 4.85671930540415e+004 -3.88995024660556e+004 1.22232101758858e+002 2.41495600283687e+001 -2.59986181231819e-001 -1.54164034082718e-002 3.35836999593819e-004 1.00450986873202e-005 -3.74684093678383e-007 
-8.43865526304574e+006 1.50233150482674e+007 6.17455028831186e+004 -1.78584779967421e+004 2.67188431771165e+001 1.12586787358490e+001 -1.01222342858634e-001 -7.35104102366718e-003 1.42220637900214e-004 4.94893025752742e-006 -1.63904053655853e-007 
5.32834792142522e+008 1.26043499896248e+007 -7.77050034376447e+004 -3.45534932779981e+002 7.62561724147712e-001 4.13505662636512e-003 3.25513221974596e-007 -2.07029153079271e-007 
-4.89365575374855e+008 1.25875653975878e+007 7.13849476693153e+004 -2.69900993271015e+002 -1.14463619331692e+000 1.17315246040687e-003 1.02595057842628e-005 6.14467966920480e-008 
-2.22739664413308e+008 5.08846690881723e+006 3.24896527426314e+004 -1.07275083767536e+002 -5.09190209252638e-001 4.03326750025750e-004 4.45112762166051e-006 2.37254938659311e-008 
-1.38934908383880e+009 -2.82914097660483e+006 3.15907391714285e+004 2.76001735083942e+000 -6.38522404561482e-002 3.32470221967988e-005 -5.06121112202634e-008 
1.84192804613906e+008 -1.22598233413708e+007 -4.17987658451794e+003 4.75006345708740e+001 -9.68648567055698e-003 -5.96575973456459e-005 1.27902833134407e-007 
1.35887538464523e+008 -4.94200964958779e+006 -3.08656780251171e+003 1.94997806755460e+001 -1.25182542371751e-003 -2.61252005761995e-005 5.56305670537288e-008 
2.98524552547174e+009 1.03443926081233e+006 -6.97516577908413e+003 -4.32584937207663e-001 1.15378035085043e-003 3.26296566649072e-007 
-3.07236380278174e+008 8.16729096177115e+006 7.16793756211360e+002 -3.17699522499766e+000 -1.00159946841789e-004 3.60018197318202e-007 
-1.76783990666765e+008 3.56244085210323e+006 4.12577663827605e+002 -1.38545177879003e+000 -6.07411758152611e-005 1.56104515511628e-007 
3.65332273624202e+009 4.32156598627329e+006 -2.55926868302072e+003 -5.22484863133925e-001 1.56253558762371e-004 3.90977420919267e-008 
-2.38540508499923e+009 5.73764333977234e+006 1.67135741746264e+003 -6.56721010717896e-001 -1.09050128162738e-004 -3.17928648517371e-008 
-1.06731321420634e+009 2.24085749589799e+006 7.47808834339651e+002 -2.55771193176061e-001 -4.83662748828439e-005 -1.36585951545649e-008 
1.37359767645185e+008 7.64750888249755e+006 -8.19743406527069e+001 -7.52335248908160e-001 1.47742579667107e-004 3.60652112775397e-008 
-4.50527536865122e+009 -2.88686543024666e+005 2.69575975823996e+003 -3.22626027864166e-001 -1.60565233087520e-004 1.06757484320236e-007 
-1.44734352608570e+009 -2.39426067168730e+006 8.66004028942631e+002 1.26036334214494e-001 -9.67374229517066e-005 2.16983308946631e-008 
-1.22868425662711e+005 1.55176890557145e+005 5.83641861279107e+003 -1.27079980609747e+003 -8.82834368436209e+000 2.56089989477349e+000 -9.07627837408315e-002 -1.60274263732122e-003 4.30104457301697e-004 -2.48002038548537e-007 -1.23483157911940e-006 4.31359152845823e-008 3.87560442409821e-009 
-3.20555290410632e+005 -5.76932309695531e+004 1.53973735272041e+004 3.67376351868605e+002 -5.89578427357761e+001 4.02628092350444e-001 6.86222606188674e-002 -6.34702935559176e-003 -4.36854876022060e-005 2.07645400994933e-005 -2.08148879385040e-007 -6.38072810219900e-008 3.86233803821206e-009 
-1.67589664200816e+005 -1.55469586646597e+004 8.07499555607823e+003 7.49678497367695e+001 -2.99054712870463e+001 4.14032343280235e-001 2.65375217232603e-002 -3.26822789314091e-003 1.43467048821656e-005 1.02349273588526e-005 -2.05911676433101e-007 -2.79270734201991e-008 2.22805210199757e-009 
1.86289714391837e+005 1.41621933323024e+005 -8.93348668676256e+003 -1.11048479539435e+003 2.41023518149940e+001 1.16454116159613e+000 1.42119347409071e-002 6.94034136738443e-003 4.74655021164553e-005 -1.36200957525929e-005 -3.51403336096164e-007 -5.81378652617231e-008 -3.14362666130339e-009 
-3.09526636043245e+005 6.79922658298756e+004 1.45465045703592e+004 -4.77669309650609e+002 -4.71723802912060e+001 3.21554809775184e-001 -4.23622158356913e-002 5.45874782123099e-004 3.79881814003364e-004 7.46271066636957e-006 1.85715932040794e-007 1.26993895479597e-008 -3.52894417099927e-009 
-1.36504689259026e+005 4.52333769932542e+004 6.41418678634738e+003 -3.29288484603528e+002 -2.12535923972087e+001 2.62858564107165e-001 -1.95148936473916e-002 8.46465865936054e-004 1.91138025127517e-004 2.50541906965340e-006 5.99184622114726e-008 1.37288199271272e-009 -2.00042201695359e-009 
3.61929781545074e+005 2.56113704002150e+004 -1.89456741902847e+004 -4.58748333643537e+002 6.46824764550218e+001 3.31299700628993e+000 1.03142653637928e-001 -7.63455824349099e-003 -1.29145969484865e-003 -5.67021441991665e-005 1.70956023000146e-006 4.73685436795762e-007 3.22384604158861e-008 
-8.42000594293486e+004 1.48873221548896e+005 4.40034117090479e+003 -1.20293257279118e+003 -4.14764009655996e+001 1.10653945010619e+000 1.77506069503261e-001 1.47481203013751e-002 1.53960187817134e-004 -6.17090626617864e-005 -5.79455197025721e-006 -1.76657439293074e-007 1.93905619139235e-008 
-1.11023005993305e+004 7.52883629612722e+004 5.67605754130112e+002 -6.31261648670491e+002 -1.48855972202501e+001 8.30708998909811e-001 9.58859856557274e-002 6.59292211419265e-003 -3.41316305605720e-005 -3.51453006167572e-005 -2.70083811011522e-006 -4.65196189843481e-008 1.22644355331011e-008 
2.59995912446977e+005 -1.25214334491796e+005 -1.60437920741225e+004 1.07474868779380e+003 1.12122568723764e+002 -1.57315359753722e+000 -6.05225597974696e-001 -1.95093084679961e-002 3.15753596052896e-003 2.74538632949355e-004 -1.15168172830529e-005 -2.62826681390002e-006 -2.63774365841603e-008 
1.97498932264763e+005 1.18838876414273e+005 -1.22166170168026e+004 -1.34871777447987e+003 4.55796511612697e+001 7.47000261513185e+000 9.00899338441052e-002 -3.93764872265431e-002 -2.37415682862767e-003 1.77653291693117e-004 2.52735000637213e-005 -2.48790434342905e-007 -2.12526179544695e-007 
1.18656324942681e+005 4.77859288548734e+004 -7.36233293950382e+003 -5.71920571460772e+002 3.19958558372338e+001 3.53821034925244e+000 -7.39025313225583e-003 -2.10079856912054e-002 -8.97962078936855e-004 1.10624354119723e-004 1.14384816979745e-005 -3.45563572732066e-007 -1.06654506422453e-007 
-6.11605887480989e+004 -1.78873412694975e+005 4.13541223397591e+003 1.89932339613308e+003 -3.58036232283615e+001 -9.06576019178726e+000 3.33841524174359e-001 4.29085584474300e-002 -3.43056232088216e-003 -2.11015995343379e-004 3.28948500069862e-005 7.28448893795204e-007 -2.93518638748235e-007 
3.01639698401623e+005 -2.11967193566191e+004 -1.98523193604992e+004 2.83675418063089e+002 1.23053340261210e+002 -2.68445976114888e+000 -5.62688737926728e-001 2.91464937318815e-002 2.85640572622117e-003 -2.98510428994338e-004 -1.33274545770725e-005 2.80132590836368e-006 2.72316120729463e-008 
1.42626806747864e+005 -2.55578055721028e+004 -9.39907742138608e+003 3.01325474113126e+002 5.74675803712010e+001 -2.09315573501301e+000 -2.48279915199435e-001 1.79742002344493e-002 1.11232670863470e-003 -1.64605349566127e-004 -3.75449469972436e-006 1.43825807048642e-006 -1.15494348004527e-008 
-3.27169169849948e+005 -7.42561801402496e+004 1.94608086630035e+004 4.85186884546777e+002 -1.05286670669746e+002 1.35453810715117e+000 2.25460528250492e-001 -2.09348763214628e-002 7.67821486939474e-004 6.70887432972223e-005 -1.03338256085104e-005 3.70469923723290e-007 3.42326007100440e-008 
1.30172011327808e+005 -1.40084643807993e+005 -7.85301192302941e+003 1.42849765274146e+003 1.37747490078017e+001 -5.06206537198145e+000 1.95007066319345e-001 2.98155585542077e-003 -1.31466554559988e-003 9.84127702733759e-005 6.70024997519901e-007 -6.60912241786923e-007 4.71599756076692e-008 
3.59431218857693e+004 -7.50194897479206e+004 -2.19279485598350e+003 7.43687268881350e+002 -2.22680599010566e+000 -2.37683737945828e+000 1.15083476991526e-001 -3.04326398811427e-004 -5.80941631577997e-004 5.40445355643113e-005 -5.48280805286342e-007 -2.93290802025585e-007 2.60787335941431e-008 
-3.19674865404951e+005 7.92978425033552e+004 1.66175915712607e+004 -8.29963155492263e+002 -5.50985322951767e+001 2.82503672657372e+000 -5.40596203080524e-003 -8.53439694434230e-004 5.28866741717674e-005 -2.38723847012278e-005 1.78056353983490e-006 1.33626322786531e-008 -5.93840390412955e-009 
-1.59969096567407e+005 -1.36711274944633e+005 8.04762538849204e+003 1.07301979902343e+003 -4.65697633070317e+001 -1.45340160771729e+000 9.25058828115293e-002 -2.36333388715574e-003 2.21585002058051e-004 -1.10215911614250e-005 -1.11066168546979e-006 1.17705269847996e-007 -2.55305455853239e-009 
-1.05633690845702e+005 -6.02087230299499e+004 5.37810524683061e+003 4.55959044579366e+002 -2.76638344824643e+001 -4.74023361664572e-001 4.52282068442732e-002 -1.23526934784991e-003 1.12975380352644e-004 -7.43930457063948e-006 -3.93495011088900e-007 5.90013457719170e-008 -1.76157857523637e-009 
-6.74828620775570e+004 1.61614287861048e+005 3.18345179171470e+003 -1.27686333635767e+003 -2.53647469224921e+000 2.25658868236197e+000 -4.79157145858874e-002 -1.46176300337880e-003 1.30004332838193e-004 1.17923414708096e-005 -3.93470421567364e-007 -4.26765187275205e-008 2.75003465661052e-009 
-3.38185373655554e+005 -3.49917000219479e+004 1.58448087706659e+004 2.01892154366656e+002 -5.66493070505009e+001 3.06672777697270e-001 5.14199895010662e-002 -2.55639751139916e-003 -1.12552472911846e-004 4.80943430526270e-006 7.60415958334998e-007 -2.96821121699744e-008 -1.61840222906746e-009 
-1.71269783075288e+005 -3.20028191574375e+003 8.05012060538495e+003 -1.13630113232011e+001 -2.81018191689253e+001 3.46606143578172e-001 2.12862518302906e-002 -1.38491675728361e-003 -4.39397236422210e-005 3.38583791908934e-006 3.39274569080121e-007 -1.82670307314323e-008 -5.58562544206513e-010 
-4.24151202547673e+005 -5.92566283818218e+003 1.46104667767420e+001 2.36965098135552e-001 3.16084180829191e-006 -4.96041917183036e-005 5.26305847561295e-006 -5.52143994313042e-007 6.17526999344292e-008 1.18745011168566e-008 1.98858478895351e-010 
5.56113904384603e+005 -4.48493917882343e+003 -2.19563125973299e+001 -6.24443020238036e-003 5.00341767642342e-003 -9.86861438130529e-005 7.47442194769210e-006 -3.46400044927112e-007 1.52632972574974e-008 -1.12651217697125e-008 -2.25646928526668e-010 
2.38664135001614e+005 -1.81049382136550e+003 -9.83944344206905e+000 -1.64246502967217e-002 2.38472950729047e-003 -5.14678927421245e-005 3.55337533085644e-006 -1.28081490498765e-007 1.75656451521481e-009 -4.58816722264417e-009 -1.52092360948494e-010 
-4.35876670133970e+005 -5.79744981660625e+003 1.74358384187333e+001 2.33203999005078e-001 -3.08903713381656e-004 4.59332062625722e-006 6.11554746027694e-007 -2.40685967720265e-007 -3.74243410215550e-008 1.25088478007878e-008 -2.45444103972522e-010 
5.46969032884511e+005 -4.65962651876614e+003 -2.15904806479793e+001 6.57431645057772e-002 4.41361177520670e-003 3.96999950358673e-005 7.62856249938983e-006 4.33871799545311e-007 3.22446866900444e-008 -1.23737527886286e-008 -8.72192252914924e-011 
2.34964230165638e+005 -1.88940171501183e+003 -9.82893100495206e+000 1.73354457614425e-002 2.05018347855322e-003 1.94318794867575e-005 4.11941334231012e-006 2.56169287777178e-007 2.10768628128994e-008 -5.29712588063299e-009 -2.84523318445490e-011 
6.27822546691747e-005 1.36136767218690e-006 -1.79329889220251e-007 -1.69490253892334e-007 1.52715298835547e-008 4.26155010613245e-009 -5.38070036920855e-010 6.01422687118321e-011 1.70433159857871e-011 -6.12877718193743e-012 
2.42503734514394e-005 -2.89649331930404e-007 2.71659418454873e-007 -2.93263402651443e-008 -1.50636802856031e-008 1.18915107513614e-009 1.99484274023198e-010 -1.11157981956471e-011 -4.20525974716285e-012 -1.82257368421277e-012 
6.30122624212070e-005 -4.81840989455967e-007 5.77178687182895e-007 2.52603548980790e-007 -1.92229415602916e-008 -1.64544561295063e-008 -1.76653309802183e-009 4.45096573282407e-010 1.74082066987610e-010 4.25082068112961e-012 
2.36167316506255e-005 -8.86534290581336e-007 -2.85201136902912e-007 5.85866540299697e-008 3.15775095017757e-008 4.83066788500411e-010 -1.50117211656014e-009 -2.71024330853748e-010 3.88341040824729e-011 1.62701748809892e-011 
6.53537669102291e-005 1.19584892793818e-006 -9.40963232499966e-007 -7.61898193221487e-009 9.68431639370518e-008 -6.79075757720072e-009 -4.19970728547217e-009 7.50533195695506e-010 8.39032114208209e-011 -4.18506201922912e-011 
2.25992906971541e-005 2.37808676399109e-007 2.97456876901213e-008 -1.46458051189122e-007 6.34014460445030e-009 9.37898330998550e-009 -1.10278110910265e-009 -3.11345271458738e-010 7.64579385669815e-011 5.58173658533052e-012 
6.62794014525621e-005 1.23368546128141e-006 5.71937962638030e-007 -1.09336099788981e-007 -3.40911699083400e-008 5.73987983391389e-009 4.20738916188850e-010 -9.21664685270690e-011 4.62844665955960e-012 -2.37079955897912e-012 
2.18272136001405e-005 -8.27586978110606e-007 1.64137450786943e-007 7.31041937312178e-008 -1.34108590882364e-008 -1.88956773927951e-009 4.78905168227823e-010 1.97158554078425e-012 -1.56359392849415e-011 -2.09661988191055e-013 
5.86744015064596e-002 -1.23130768039661e-003 -6.79342418130810e-005 5.91471905792327e-005 -2.65214305008961e-006 -9.10064685710968e-007 1.02169061358144e-007 5.17351043666006e-009 -1.05243124389082e-009 8.84779265228904e-011 
3.94137353796738e-001 -9.87968313836156e-005 1.30762590884754e-004 -3.31965963098376e-007 -3.05327819520144e-006 2.50958203129784e-007 3.17511523568974e-008 -4.53063012641798e-009 4.47334096400326e-011 2.43536484106818e-011 
3.35054033775977e+003 9.21055004869440e-001 6.30183344860668e-005 -5.64630467799316e-005 2.40057133994044e-006 8.53741327139189e-007 -9.40810490958152e-008 -4.83846667248676e-009 9.87252320782542e-010 -7.98582870648124e-011 
5.70728445272484e-002 -1.25360817810717e-004 2.37441106695835e-004 5.65034283399114e-006 1.39100026423985e-006 4.03018244806669e-007 -1.63121206643018e-007 -2.98999692742159e-008 1.00940694410615e-009 9.33398125973385e-010 
3.94685508363551e-001 5.50711268020753e-004 2.32465236457795e-005 -7.77032710049049e-006 1.26476793715903e-007 -3.27095081503408e-007 -4.92905729174724e-008 7.80111936448977e-009 2.24044430437225e-009 1.07009880700789e-010 
3.35238159107569e+003 9.19958140989051e-001 -2.35026717307064e-004 -5.02224409930987e-006 -9.23526521926209e-007 -3.49052621146533e-007 1.47217069433850e-007 2.65836430193296e-008 -9.97321047726331e-010 -8.42083803337169e-010 
5.86800602276343e-002 1.59722661566016e-003 4.50821573814745e-005 -7.14045821076156e-005 -5.48444991334140e-006 1.88028839793798e-006 1.70817708104303e-007 -5.38599304389954e-008 -7.76936582767991e-010 1.41474814718399e-009 
3.95493823386779e-001 1.06784909704032e-004 -1.47740756223536e-004 -8.17079991791150e-006 4.53464992809432e-006 4.34493477512362e-007 -1.23775653390412e-007 -7.51631414681855e-009 3.52171276978746e-009 -1.28235998673262e-010 
3.35421973087749e+003 9.18329305953484e-001 -3.19540896264371e-005 6.78491149738703e-005 4.75289599676623e-006 -1.74298480542112e-006 -1.50108867607354e-007 4.88626748550037e-008 5.84858504185870e-010 -1.26655933321642e-009 
6.01493666191315e-002 -4.62364609552872e-004 -3.30475515350198e-004 4.18375908424271e-005 6.90501045886283e-006 -1.22543935381807e-006 -5.20546429865599e-008 1.86941341364771e-008 -1.20620445925123e-010 -1.49735307070197e-010 
3.94972868169615e-001 -4.31297430142785e-004 6.91392419107238e-005 2.11036295911380e-005 -2.98985260227230e-006 -2.64237913949569e-007 6.37326874534946e-008 6.44037576793505e-010 -6.88581648261052e-010 1.22010064685960e-011 
3.35605808270230e+003 9.20330962416246e-001 3.14827922247562e-004 -3.99831209167352e-005 -6.49372459526903e-006 1.13649122264439e-006 4.86549466347870e-008 -1.71436771981076e-008 8.63584182048538e-011 1.37890526159700e-010 
